512
0.28151147779358277 0.4000030197381564 0.28150180648858686 | -0.001960173304117324 0.005182598049896772 -0.0019597993612582854
0.22492830802117025 0.02636091166260733 0.40010982467827577 | -0.02266014727540972 -0.1403011980982466 0.137869357367316
0.2591136244002619 0.06501925368814286 0.4000001571703201 | -0.0029082789759361655 0.004834273732527411 0.0035126441567511144
0.07729693512931791 0.019869662940814162 0.4218356620143238 | -0.16150336019447822 -0.09448567348621947 -0.11947493120316721
0.21422478879121556 7.640005716893009E-5 0.46994119306583054 | -2.496259165675953E-4 0.0056080914187144814 0.0026020504826212497
0.29275532873996846 4.938892564570776E-6 0.6020573221287536 | -0.00753915532769451 0.00306798582780547 8.554374660238432E-4
0.3693072466251989 1.7539472688450492E-4 0.6488690262306096 | -0.004693194377469227 0.0024422876432432083 0.005008832991232629
0.2790853238797243 5.24599534159657E-6 0.7184093516613584 | -0.00422937036362828 0.014350154510659732 0.002173735541296322
0.4006426433149238 0.03203372318649846 0.22275139124012705 | 0.16434233465680387 -0.13491695817865057 -0.03555473823813069
0.3439022857921188 0.4000093623358199 0.3438965147977949 | 0.004728965302413763 0.003284784902155094 0.004732939684865326
0.40315584506182317 0.012471642230429264 0.4074256457867234 | 0.04607309991734344 0.039029620966664944 0.0025573768526385783
0.18589660896015972 0.02402458708290659 0.47975528833504194 | -0.17465447068779705 -1.19598396108886 -0.0055685736765483706
0.2803678505913348 0.041743815646204795 0.47145764887703473 | -0.03110176360270648 -0.17347980262385104 -0.006257525588916202
0.2266589665083983 0.011916485576516169 0.5382263774380189 | -0.11538521524211752 -1.3606909545200536 -0.09126107408004534
0.28086918488327933 0.03792481300571374 0.6640937044968525 | -0.014715716615982971 -1.1019049936638659 0.13405077377175198
0.27803520831067197 0.01871176212485183 0.7245648277914325 | -0.012726955508333545 -1.1714249813497435 -0.05627940155220333
0.4000004492860806 0.0650601427776213 0.25912792652188527 | 0.006315127160424272 0.003078612211283233 0.0029759289723413013
0.40001882993917987 0.0015156919527157353 0.3515503920857312 | 0.004393090034587764 -0.0036035776910738446 -0.009705839775146824
0.4181071713240994 0.07828965512120396 0.41771616980554316 | 0.06732357569276792 -1.2228945328378087 0.05125473593720857
0.3672905950745865 0.03005836775630559 0.5186752484413956 | -0.0032039529465375523 -1.3992864217251961 0.109459457123489
0.3758567355444381 0.0415265892525913 0.4957913278429064 | 0.03182379699696191 -1.1193972001803298 -0.013554814335977525
0.3469192331363317 0.003743976262073775 0.5752563068142421 | 0.0023852574504690457 -0.18992005610477306 0.008267613685648056
0.3623497414773546 0.010506753228786104 0.6610892780796048 | -5.25133050641705E-5 0.21203910291058573 -0.04559985884624805
0.3658677544265638 0.038739295398683975 0.6775613541333833 | 0.030586042571799 -1.0958316621241413 -0.03512885152763391
0.4225496451978956 0.019542948480172437 0.07625342695463863 | -0.11884064245407269 -0.04441864561762848 -0.16513424530974186
0.47868548159393154 0.025741354644570457 0.18621681145806337 | -0.006445685338424903 -1.172737588978765 -0.1697162961356004
0.511915282086339 0.029642732008446252 0.36643703589146676 | 0.06434178890508588 -1.3351436311750264 -0.017277252106442247
0.42518688991891 1.5880178985309235E-4 0.4250740420676215 | -0.004243221744494278 0.004131989429708385 -0.004400278478580371
0.46326726439368443 0.0025717358561661648 0.4615530762647733 | 0.011186272352394238 0.20356922846112863 0.015902638703523344
0.4231682619662602 0.003952584567743014 0.6210795520965503 | 0.0027922207754427285 -1.4411200948169476 0.09566569408639025
0.4380321473812633 6.708505062724771E-5 0.6387210625352706 | 2.0633187744239633E-4 0.006382308517684853 -5.034688511976447E-4
0.45023214124547006 8.949322442199825E-4 0.6685225082468476 | 0.007171320129537332 -1.500350332460304 -0.03564177779478273
0.47056625145456243 1.359981554853883E-4 0.21420925811224611 | 0.0020245954453774785 0.006001244897966437 3.458559802120479E-4
0.4682454111253342 0.04369952260115784 0.27990963501881555 | -0.02016397309879237 -0.14365628704251726 -0.03323147411123002
0.4995999751346845 0.03738378111775083 0.37246985551244366 | -0.0017447429209128695 -1.1444002925698515 0.017409111184823495
0.4604138349808921 0.001378172553731686 0.4646105419676936 | -0.04193459742676884 -0.5232021804019078 0.07249587589141857
0.5178688111067085 1.8125491047621238E-4 0.5165620484082759 | -0.003588727585346816 0.004494428035081718 -0.003430069296966338
0.5008925595007823 0.017339774609976207 0.5821244564890505 | -0.0933403385253324 0.21203351787957755 -0.1362668223587524
0.5178955785693785 1.3280465148739562E-5 0.6549730770294492 | 0.004433701352707005 0.0028492685801922387 0.004391824009426847
0.5137548466695231 0.002921102765229256 0.6654930143513605 | 0.06224887689677487 0.6577322492260587 -0.04241137191598073
0.6012060509722025 1.806927995196667E-5 0.2920098947115258 | 5.243336516940753E-4 0.0030448685380791755 -0.007265622079536123
0.5371690739342735 0.01244173594992846 0.2273083526690831 | -0.09013645286392202 -1.346966000865379 -0.11445834609883405
0.5756082942920937 0.0071667825221389606 0.3468546003030797 | 0.004208801924741721 -0.09299163134133746 0.009957683225228916
0.6199008987064278 0.005056608995730955 0.42166439831311586 | 0.09679352709376082 -1.4503116985004825 -0.002939388633712059
0.6019473067056763 0.014888264883357349 0.5082682122244139 | -0.040912259211220825 0.31567131558087147 -0.07104792247612382
0.5896681125663602 1.1985219935639465E-5 0.589756911165231 | 0.002251208820740818 0.004315020637790398 0.004973656419213047
0.5927578661830909 1.7361504094642878E-5 0.6830521467194162 | 0.014051330023708869 -0.027504400947287178 -0.018258400122220457
0.5899942907394814 0.014180030414414596 0.6912537954777525 | 0.06952207953925853 0.26402965770056014 -0.0270640537916695
0.6501151710121821 1.0317673530929979E-4 0.36965349370452477 | 0.004568355492866804 0.0026110320481762795 -0.004755461891467822
0.6649841230852617 0.03812821224746152 0.2809220920205846 | 0.13374123359024534 -1.0996382994713811 -0.014668625358127145
0.6617226579873476 0.008270315507212037 0.3625955842017867 | -0.04565910301975478 0.23423091903723645 -0.0034518337152629865
0.6389561757687403 2.422531000497775E-5 0.4385168201809247 | -3.839215927851056E-4 0.006350158455322515 -0.001234445486617397
0.653891774365932 1.6490699824383637E-5 0.5173114526355811 | 0.005227185214018058 0.002656812534686956 0.004382598643087314
0.6830257338528402 7.892385196708984E-6 0.592255735301998 | -0.01875957468336312 -0.008491871025987929 0.014315251405884123
0.6810407839367887 0.006432653466338003 0.6808533731496843 | 0.04974114423468899 -0.3181425658441294 0.049651287728751985
0.6808909975675831 0.011623837893204788 0.680727973411593 | 0.0541465561503079 -0.20621088845005078 0.05465499234852991
0.7190529628770649 8.356385351307848E-5 0.27972896495805044 | 0.0010181085631811263 0.005811229486485322 -0.0020053434297137825
0.7248261645643055 0.018878555998232766 0.27803833310402204 | -0.05590626092015894 -1.1709704383315875 -0.012993811844786702
0.67518186824427 0.04081777859310641 0.36483537881693406 | -0.04224387311005566 -1.1044292656412147 0.03234527641004472
0.6683733210560243 9.768185677827535E-4 0.4495428362415479 | -0.033910254457766166 -1.4999268109493396 0.009984031203388491
0.6679647168546834 0.0028895650369868903 0.512611057693709 | -0.024806725103670244 0.6617995364814963 0.058510137287699424
0.6910624401071311 0.014188748827566284 0.5895739280846015 | -0.02751807400671021 0.26568746633074586 0.06677370601450332
0.6809159455185935 0.011626925685968615 0.6807024963095588 | 0.054816023195353156 -0.20619702671861953 0.05398500837527641
0.7385878615877856 0.003798445893242177 0.7385981550490924 | 0.006610892541053533 0.06635275153896952 0.00672503420781465
0.2809784801992638 0.4000044860753599 0.28096827759643067 | 0.003547578043322228 0.004328497750379926 0.00355333941086044
0.1957695138065498 0.08550552939347962 0.484698049882923 | -0.04756643509820425 0.8664592710892126 0.14271021596893435
0.2601906215291758 0.14167515205524622 0.40000000750880454 | 8.983139667161242E-4 0.006216319590936313 2.566362093578178E-6
0.2290298265176045 0.011614865659757482 0.4000447861371314 | -0.0018298199378395177 -0.01008947403084868 0.009829169300578984
0.2232125266033332 9.510259404423843E-5 0.46896155694461317 | -9.849358336141702E-4 0.005399285902545204 0.0019680676730015503
0.270682840584874 1.4437770243842582E-4 0.590409914614578 | -0.003791510567187181 0.005118446846572186 -9.404254054091378E-4
0.30916970733967875 3.545723672794383E-5 0.6544749202856317 | -0.006404513185750329 0.003089685816624764 0.0021188916677087493
0.25475302225148544 5.910347989393475E-6 0.7043735668962 | 0.008871493908610367 0.008020867285891197 0.011562904209025017
0.4835876943571942 0.07902248170160768 0.19487960704559176 | 0.1277982552414107 0.8762744396161308 -0.0557069503688674
0.3437227636690865 0.4000050056401913 0.34371698798490674 | 0.005069373807601306 0.0028964288317480996 0.005072733307912647
0.3919525321004137 0.07484055504409601 0.4183705364385234 | 0.12743694167451242 -0.39639011834344023 0.02601002347322659
0.1939790159861449 1.089601587045267E-5 0.48219264699687475 | -0.0039883634941694735 0.004572463296431132 -0.004220656032366582
0.2802213884086093 0.04454321160759963 0.47134493968411745 | -0.0370386828280685 -0.15762947937278354 -0.007526794987839766
0.22243939924254041 0.021035903476663547 0.5411353103436615 | -0.06679951097221859 0.12662139264774153 -0.015540620596150318
0.21400499039373405 0.011805011614374432 0.6427016150137966 | -0.0052034384442082434 -0.5679575796632723 -0.02389317433359022
0.2995574647376415 0.019115965455799317 0.8773192628081633 | 0.03834136768216958 -0.3740579094739713 0.2097614117041794
0.4000000924987839 0.10549217860217888 0.25617803522288646 | 5.614899094239827E-4 -0.01518750596239656 -0.006407424679786871
0.41198436482170936 0.0679609519408926 0.3999214546783369 | 0.02567876339465293 -0.40959869324117487 0.09675300330752075
0.46246448135741375 0.01648745725685485 0.46368469534369233 | 0.029897872575021838 0.49300458165446065 0.016560824434479843
0.3314901415905129 0.0032672480777460444 0.4000644038042483 | -0.007384869396019725 0.0025085329635445896 0.0025599681057294705
0.371795045776813 5.726279144448366E-6 0.48261919270090925 | -0.0027194007993570674 0.006008052524588991 -0.003023336972840121
0.3469578542127852 0.005479775063421821 0.5752348185940052 | 0.0033641041142938536 -0.1930549277352306 0.00714138033088255
0.3622888324379839 0.0030802331649450333 0.6587394482373359 | -0.002480340336551717 -0.23985507700169398 -0.008308707925978936
0.37446434732264294 0.011982914789625822 0.8268253513174343 | 0.022950178177789455 -0.441689579802364 0.07348591380214801
0.40005920879969925 0.01148355638710696 0.22692164564399628 | 0.010861685459017252 -0.005659366729241759 -0.001121869605605304
0.48023514316130084 0.003971172475234177 0.1863098291682664 | -0.012464203547059663 -0.15994575894653162 -0.06711563681139489
0.40008460711805544 0.010311524263908845 0.33645640077827055 | 0.0027551211686014172 -2.4105870623925435E-5 -0.008922515648131861
0.43894524496259185 2.2916595770584156E-4 0.43920693670678135 | 0.0035996216795006163 0.0044418317933939385 0.003957593862966508
0.4620446593023503 0.0028054065511701376 0.46227196738750737 | 0.006995115956759152 -0.14685961149625112 0.011860200860813531
0.4274599651541325 0.025797014164424502 0.6252819658593107 | 0.03972210544802405 0.13984682132758314 0.08827758108221037
0.4372985878487971 3.267007052605781E-5 0.6385781703785653 | 0.0015435934440820194 0.0062701599348221875 -7.678978680767858E-4
0.43772239790712963 1.4877850475932138E-5 0.6350248182522431 | -0.0012857789274435068 0.005959574652517327 0.0035600241125562475
0.46820903354786453 6.170400682128035E-5 0.2225076458355843 | 0.0019844436931433455 0.005668728570648911 -5.86226344330893E-4
0.46799880427673574 0.04317904427560644 0.2796067439732022 | -0.022680789775356425 -0.11556572069623341 -0.03589509372632167
0.4850918306567465 8.38714140975414E-5 0.37046472954773085 | -0.0011500150828135237 0.006185126582782408 -0.0017821856017674028
0.4610015443560106 0.004289322867513891 0.46387508411886114 | 0.006089272717343783 0.1519244422293657 0.015729564900103174
0.5895905379329279 4.752527592853277E-6 0.5896817062192415 | 0.002798860897617852 0.004021030345398155 0.005259494205282571
0.5021141862703079 0.02091687509450447 0.583853327194609 | 0.0036397496258334864 0.12139577717445013 0.04887149971515545
0.5154566228503241 1.0434062294976E-4 0.6494376906315522 | 0.004867160205373837 0.0017992974945728027 0.006000286005362666
0.5192210744881606 7.61760965109215E-5 0.6451656261608604 | 0.002121030477345152 0.0017637778217170458 0.0076420239564262814
0.5903091089121223 2.7730019097962233E-6 0.2706286360138392 | -9.303049515675756E-4 0.004696986546447441 -0.0034182955105797174
0.5397886503476504 0.02170766391403003 0.22365595687734738 | -0.013937244967848372 0.1397403914521899 -0.06228538462722066
0.5755277949426157 0.0067474002671231844 0.34687330913825176 | 5.805378755135127E-4 -0.16357027410074837 0.009288735146664142
0.6245539417309066 0.02312393968591569 0.42656740304502977 | 0.0921880756824361 0.20019815005014807 0.03879521702846513
0.5835195239801964 0.020531789950005853 0.5020835059419491 | 0.05573617848714292 0.1490126574021958 0.01192151538553254
0.5896503691840942 1.8422729666667983E-5 0.5897430139603727 | 0.002382779849644693 0.004269709092597055 0.005000847684841234
0.5914556215224603 0.019344950388760617 0.6855818486570607 | 0.08428074491252362 0.0981324134085013 -0.008061362536607672
0.5946338175901087 2.3073181546827377E-8 0.8091600853147114 | -6.596130458130297E-4 0.004105129334315767 0.005892994738780516
0.6544524048907809 9.392009027859444E-5 0.3092411009280494 | 0.002093407979605228 0.002917154782823302 -0.0062963392290282015
0.6427284897159308 0.012551303127770152 0.2140280415363794 | -0.024080921654113033 -0.5659117638111083 -0.0049710294593822354
0.6584609319375795 4.410628991270886E-5 0.3636573264464051 | 2.753632092765662E-5 0.005024844878193997 -0.0022098870607510125
0.6383877119865613 1.7126476975128405E-5 0.43676714325724086 | -9.022144497501753E-4 0.00617718260847039 0.002132854824083156
0.6481046083904763 1.9722642605484407E-5 0.5148879107701242 | 0.0062767381463604095 0.0017986426450021435 0.0048191777927501945
0.6852693207773761 0.02163647014677249 0.5909188804520915 | -0.00801812950286732 0.07676518594315755 0.0833533144557156
0.681154860604435 3.903673665952808E-5 0.6809686596716608 | 0.027777472087493836 0.23350073233611784 0.026854602821060062
0.6553906103937461 2.915950979409884E-4 0.8895979723609373 | 0.03140215090272252 -0.0546606058859494 0.03916246249762211
0.7043533171068791 4.2486142737958076E-7 0.25474518850527306 | 0.005740625544224027 0.0035139940486417836 0.004361603301156112
0.8773268547377501 0.01910903002048821 0.29959059105124675 | 0.20967703993546002 -0.3738445812036265 0.03837774917457572
0.8265141158574103 0.011730216596367863 0.37433093398766 | 0.07259300582997061 -0.4431882563238764 0.02233256452674175
0.634782804173303 5.917295015972192E-5 0.43766452083453744 | 0.004063621766001326 0.005722048049800859 -0.002080343383073862
0.6451187459843902 4.3553618982990265E-5 0.5191816832878187 | 0.007687430468919767 0.0018933482964457685 0.0021626892167747242
0.8093429529920939 7.344885901538005E-6 0.5947152903733287 | 0.005922224434035604 0.004082504543199985 -6.903230927384274E-4
0.8895968552407122 2.989334498912365E-4 0.655380224418924 | 0.03916573726856744 -0.05467718584269631 0.03139949530128886
0.6807490116569276 1.5941352358814573E-4 0.6805300820696412 | 0.025883837151263626 -0.0344428407337175 0.025303460017661296
0.17348883906394627 0.40000173494126046 0.17348892167062982 | -0.006381573986154526 8.744309860173918E-4 -0.0063815626540842324
0.223567179433235 0.4000045133371587 0.3464327864315845 | -0.004466592249661934 0.003437642691247536 0.004715171241351056
0.24129502733578215 0.17010782840520294 0.4000095833679245 | -0.003570333008688617 -1.0373333574318104 3.1642948964924334E-5
0.20403873281329757 0.10629375272253946 0.40000099599318656 | -0.008324231129620305 0.0014184104725135378 3.499631373775015E-4
0.2643879005339651 1.0603285336112313E-4 0.4550085923037501 | -0.0015074449693230642 0.005346887677177916 -3.8988142850723004E-4
0.2676397642352873 8.776908226312816E-5 0.5822247664363336 | -0.002726324722618118 0.0048280317066457055 0.004058063783137274
0.28414741122905596 1.4394448612253795E-6 0.6455556024904783 | 0.002255771287887461 0.00408232965514827 0.005845503466344262
0.14874765909144066 5.10443095525194E-6 0.7927996122337446 | -0.006395286366540558 0.0010322008851278038 0.006192405040000478
0.3465404444866517 0.40000080530260607 0.22359285397942383 | 0.004576243698700147 0.003470490688212636 -0.0045446042682143585
0.3435883744063473 0.4000159403219293 0.34358258596317864 | 0.005232376333268156 0.0026937749493583236 0.005235428653892229
0.3246756894337607 0.017789514232146142 0.40006108151025316 | -0.005013575756162301 -0.009759593157297583 0.00885032965001113
0.22515354490212164 0.013310809244658725 0.4000388543207027 | 0.001274829468482654 -0.010342627910315568 0.009745223993535864
0.2807963703051221 0.04321425900734565 0.47179332371721594 | -0.028628725551104274 -0.24700865486943727 -0.0026492006563772538
0.2573492081922988 0.01980299914605931 0.5726671368439801 | 0.02637264246957592 -0.16262971694989561 0.022697028810692948
0.214040667796759 0.01247839587401384 0.6427981986896385 | -0.004916780887529065 -0.5390515458267681 -0.021451588081508086
0.33111097284051527 1.6170425060758946E-5 0.8460604820377323 | -2.883507519419782E-4 0.005502167581558255 -0.0023449370012991627
0.4000418830037927 0.14690259375309536 0.2397932530183829 | 2.8625005107397544E-4 -0.9172253019072634 0.003900607678389182
0.40008244824449585 0.02167238682336368 0.3254852110311707 | 0.006414274681420092 -0.010492631495592387 -0.006879977086272683
0.46217195579590753 0.020964821218196185 0.4639004453929346 | 0.05736450530119738 0.4290209495142259 7.918906127548121E-4
0.4244692493209317 0.019055968073979853 0.4021716653762439 | 0.05705442791400603 -1.2158445844912835 0.00915624379031495
0.3728908069636511 5.241978479425031E-5 0.4860566923076323 | -0.0033046534496192935 0.0043724305628584075 -0.00698963693958042
0.30427625707699874 0.034228982587451294 0.5933753368886977 | -0.3513933674452799 -1.4157263491758738 0.203899931138089
0.28236315345813856 1.358926041088718E-4 0.6558445563752633 | 0.004124969467348415 0.004951249378119478 0.003353807286731959
0.3652065615956096 1.4265317493943551E-4 0.6441618336578193 | -0.0019402927417126574 0.00246209458618276 0.006895150915867981
0.40000005706474967 0.10679918547354969 0.20322035879594036 | 2.9635656782889117E-4 4.533971532392998E-4 -0.009378056117924239
0.40000306618936043 0.014754036025177508 0.22310274570199004 | 0.010600068963988187 -0.006250968404231596 0.0023330530924507396
0.4106653610278641 0.00715560952780126 0.4099519650413505 | -0.03244843005732022 0.5954287511488762 -0.003635939978392845
0.4092065145506078 1.4510119820994256E-4 0.40765157433315335 | -0.002379802074682255 0.0057184799036792255 -4.31098716436128E-4
0.4255051115274571 7.0520431035064035E-6 0.550952715209486 | 0.0025310754302018037 0.0026394849899531616 -0.00753808296885028
0.41845256946137566 0.026718958107936765 0.6174643310514243 | 0.025153153600542103 0.40081098254363107 0.0980682320359603
0.4564828238790159 0.024872578826529414 0.6837646100846679 | 0.026877487636982278 0.4161443407461736 -0.0346515642380373
0.4404051219072851 2.3334822190006145E-5 0.6327170787308392 | -0.005176520462900752 0.004395429224788534 0.005285573557975327
0.4553119771652968 2.475543940739551E-5 0.26419246026134124 | -3.135757968467575E-4 0.005250465995838594 -0.0017187690977103361
0.46884109051425465 0.04515241924166868 0.28048864606200136 | -0.01315549740041433 -0.22465184541942068 -0.028542555838376584
0.4876619562620926 4.196874238228938E-5 0.37158369392684165 | -0.005286629819892522 0.004743940144764387 -0.0028815081936447388
0.5509873166429795 1.0628903466833362E-4 0.4257082721213753 | -0.0075373866613016715 0.0025157964555138396 0.002913407052655555
0.5896950882863002 1.6340217685586607E-6 0.5897865674173997 | 0.002055462631898646 0.004408455237716161 0.004872875792789365
0.5005185837403174 0.009326256194757148 0.5825149719090039 | 0.046425784402940685 0.5765305158742826 0.08005268210935983
0.517648689240517 1.1532087902819621E-4 0.6564277097415021 | 0.004789547000346845 0.003071637474628177 0.0032994019184581316
0.5154874786881641 3.190698816093893E-5 0.6339595915587165 | 0.00294526962752424 0.001517313408892956 0.007322636839154094
0.583386454084728 2.0803949741938134E-5 0.267979117458948 | 0.0032392030130911653 0.004646742041048044 -0.002504270655656094
0.5733145093582646 0.020540363193717447 0.25820736083850165 | 0.023295444548355693 -0.18800041736640474 0.02850676902148517
0.5968026841127833 0.03646416760157607 0.3069521545015826 | 0.21644214368775855 -1.3673844733618667 -0.30369464416093583
0.6176185587352422 0.025216310916001034 0.41868321254700097 | 0.09854976545970864 0.40266465926509426 0.027397658808129718
0.5824955142381458 0.009449608872897374 0.500080494465229 | 0.10635710757639759 0.5866382438766968 0.06307937049290888
0.589890994925424 2.762268399473426E-5 0.5899801540531255 | -1.4291973661987502E-4 0.005193012257641565 0.0033885584450201326
0.5929588180926135 3.4890439830406E-5 0.6817152476958702 | 0.018060271640263956 -0.025039676365692078 -0.014001947824002648
0.6054683544344875 1.1338650636769402E-5 0.6624917069214111 | -6.753503137601368E-5 0.0027513679244566334 0.006652642214540156
0.6455391220560698 1.292069090130702E-5 0.28416379180766427 | 0.0051296973985663075 0.0035274533449308277 0.0019223090958959948
0.6428294859414398 0.01313835250622459 0.21407888795826355 | -0.021676257757879368 -0.5366985565238879 -0.0044617894448526095
0.6566870632937601 1.7938393791052348E-6 0.28244399939676545 | 0.0026262281661148684 0.004130467518779713 0.003365490089962985
0.6835096712969895 0.021924295367061086 0.4564889242827815 | -0.03621675969417852 0.43623360402467504 0.028406253183218856
0.6559646114039515 7.172845883157301E-5 0.5176157498444256 | 0.004274294669987116 0.0030703076287781263 0.00436675206404518
0.6814693717733501 1.0217768592413049E-5 0.5926933159589824 | -0.01431666029865665 -0.007691004258253193 0.016677476873744122
0.7370287002095903 3.428897973001099E-4 0.7370484702973411 | 0.037722905046465346 0.2018635187786025 0.03768992143668648
0.6488772714442838 4.693366919849036E-6 0.8841945536730493 | 0.007013491345368656 0.0023685819259825986 0.0032024760090745637
0.7931048896765003 1.4755925614342345E-5 0.14844605205371153 | 0.006200710356769056 0.0010165845672661326 -0.006404438674889687
0.8460636431162624 1.1921928154932465E-5 0.3311069194016112 | -0.0025313206862914335 0.005458916950153462 -2.511902002268024E-4
0.6442215254960308 1.1346051904920614E-4 0.3652085571851858 | 0.006782591555692688 0.0026224665787018342 -0.0018028127191069988
0.6326977459239352 1.0667785238953361E-4 0.4403944215016082 | 0.00537268822660341 0.00409815102321134 -0.005781478212291952
0.6339334494707444 7.27901461046801E-6 0.5155047918778548 | 0.007233790601374467 0.0014916504343577331 0.00295294529220646
0.6624327218589025 3.8111906273650975E-6 0.6053899560950228 | 0.006516264768280633 0.0028559636199727524 -1.2728747033424772E-4
0.8841960757245906 5.222419333738567E-6 0.6488704899666455 | 0.003211604402765257 0.0023646084388367463 0.007014126515438998
0.8060655610134106 9.163733873239583E-7 0.806065577119326 | 0.005945148788964372 0.0016617593598787941 0.005945014859829306
0.1921562308686619 0.4000048307831806 0.19215625642786707 | -0.006428332104065303 7.691170982995924E-4 -0.006428331631682739
0.21850705937882262 0.40000314847830115 0.34560721607482175 | -0.005642300629137423 0.0027028641252744273 0.0047835065025043704
0.23896650415767484 0.07482108262541226 0.400005105399074 | 0.005666904754880939 0.003283495253046751 0.00202385080326305
0.1345724099895683 0.029891544306410184 0.40005334408858834 | 0.004163366555218057 -8.022706157250624E-5 0.008724873472516558
0.15503315892557556 3.2958362384735316E-5 0.47336067477801924 | -0.003789517178015002 0.0053745181289805415 -5.705160259198863E-4
0.19254099359110777 1.0802404099015652E-5 0.5690235847750164 | -0.0077826273606573446 0.0030048275864624427 -0.0022195113753783477
0.1286690190081818 2.368473425844018E-5 0.6571443800117248 | -0.002233632119031051 0.003313326801074303 0.006023647691058988
0.1553112935438506 2.880030357329924E-7 0.7868345292779456 | -0.0061301178627402985 0.0012794529075912508 0.0061448096838556815
0.34561192578814676 0.40000292827972456 0.21850639704140914 | 0.004821768810988562 0.0026966278171328966 -0.0056187200088962256
0.34351551705705113 0.4000026586348156 0.34350986298114244 | 0.005341227644702482 0.0025524179204664747 0.005343526346974861
0.3235526908422731 0.020485098844202868 0.4000358797884779 | -4.8472903931908123E-4 -0.012922025424222201 0.007922443390215661
0.27626287202001937 0.13309859567736143 0.4000046430627539 | 0.005119763248543955 -0.9805305151017891 9.426474251663192E-5
0.2985145925822886 4.902064049985979E-6 0.5133198137923365 | -0.0032067607093230867 0.005090769162509826 -6.88686096522984E-5
0.12103186885340778 0.03613703583368201 0.5039461034176552 | -0.17274332383403684 0.03277492601954937 -0.019669370407185995
0.2142331221000863 2.396073012622328E-4 0.6428257930277833 | -0.010280864872942405 -0.7254209423779535 -0.026523761457357208
0.2574482818901663 1.895708407700377E-5 0.7972279733604674 | 0.0023336492281787217 0.002775877554218363 0.0064191414854565445
0.40003695506908976 0.1761221710686319 0.2372743576941205 | 3.048670573729149E-4 -1.1105643206493527 -0.018010595630592263
0.40002527258684173 0.014142144444064631 0.31996712961062906 | 0.01025825661656482 -0.007985413873930203 0.0022889985917405034
0.4621790196830819 0.023422311272860544 0.46374324916083326 | 0.0606150919842995 0.3769025313673364 0.008304872896929735
0.329541550889457 0.008901505935272292 0.40003217211521686 | -0.007587274670684731 0.0021588408892473194 0.003002239404977559
0.37065624002006303 5.966755193673943E-5 0.4815315819222853 | -4.582623839941771E-4 0.006458327368928892 -8.930087666194303E-4
0.34685420197088457 4.980046178505525E-5 0.5750341321238932 | 0.0023525013016028455 0.005507723084047178 0.0010628892986361373
0.3660231191028453 4.8485061154568654E-5 0.6556215980168274 | -0.004814558241248664 0.0036090914427542404 0.002620999473713823
0.348449884537413 3.248119806732128E-5 0.7290776738821186 | -0.0021868511688174675 0.003462097080339525 0.006523401682046406
0.400000399479179 0.029604916819303273 0.1342483388165472 | 0.008774102079469147 5.59671043903687E-4 0.002543517989951327
0.40001551997807705 0.14737385159309271 0.2792087086262149 | 1.5905424082598743E-4 -0.9560271655665304 0.014311724177178381
0.400132532755552 0.0048865816153733045 0.33483525431278344 | 0.0027636861994703374 0.001224418585486751 -0.008090166119474494
0.42167414932924135 5.792567215917356E-6 0.40483662722892366 | -0.007545029165847993 0.003075680700407463 0.00172520647175515
0.42114782894048947 1.715846462240171E-6 0.5582204458987754 | 0.0040329612722990165 0.0019276597010481299 -0.008381005954681813
0.42651645428248813 8.881252366508765E-5 0.5458652615100461 | 0.0038123118015330466 0.005066175057286336 -2.1296884134490378E-4
0.43256297760419565 9.156237852747201E-6 0.732496594337782 | -5.062483124014814E-4 0.0019064503993235138 0.007352911231463652
0.4370829369554635 6.369401990617385E-6 0.7392608657216335 | -0.007094520849830423 0.0017469127674389164 0.0030468659565977252
0.47314745002020303 7.966950138525066E-5 0.15488348537716884 | -5.094886749329936E-4 0.005628821723538953 -0.0032841935258630297
0.5133503734311464 5.4128377601282064E-5 0.2989729590690403 | 5.840644902593626E-4 0.004861941590211777 -0.0044606856589014905
0.48395699712366347 4.063893343601594E-5 0.3700417353596713 | 0.0013576004948980453 0.006228000091192247 -0.0010670624310044937
0.558815919877368 5.2611634776932856E-6 0.42100585107094873 | -0.008315065408859413 0.001845611618595936 0.004246915043468683
0.5896744193815457 1.207972157813088E-5 0.589765208483844 | 0.002206590750108512 0.004344896357107073 0.004934305330299311
0.5021856723591362 0.02432946185692628 0.5842334502907341 | 0.009168140216919864 0.1545951305187715 0.07003537934974759
0.5067534877517292 0.002942717848738814 0.8329285135916429 | -0.006554564455384342 -0.14182843690252406 0.11512865137171502
0.513300231297191 3.431937138028245E-7 0.7312143078008299 | 0.004882960666662014 0.0021151608251261875 0.00594517985725863
0.5690109028574782 2.998174740931583E-5 0.1924938410856389 | -0.002432514191554745 0.003179005794827712 -0.008128694296452599
0.5057064018398735 0.0349679513143651 0.12093893498139893 | -0.01953786228965713 0.05751201981764485 -0.17039588956619395
0.5754458151026739 6.59957979865098E-5 0.34684281362611946 | 9.678265891530395E-5 -0.07511155239527949 0.011913687029581187
0.545957770670766 3.481945452229206E-5 0.42699537528656817 | -0.0011204240899148619 0.004945900489346618 0.0038234644890866166
0.5839904387348319 0.022505382513662214 0.5021659547128341 | 0.08505417860605652 0.20896094341563334 0.022607502833724036
0.5896126721756456 3.2191175748601494E-5 0.5897049069225958 | 0.0026212633038873805 0.0041559203130690815 0.00510044613328498
0.5909298350666065 0.02175739185118958 0.6838993148438305 | 0.09064461689168499 -0.018700019289675022 -0.005335634400168948
0.5979637039165018 5.982006554368149E-5 0.7168393036465469 | -2.7450405012419974E-5 0.0029148497800613247 0.005868074731853587
0.6570513637936161 1.4248575821164916E-5 0.1286731030836223 | 0.0059838424529864535 0.003203282090797956 -0.0020407056428188874
0.642863694422533 8.583763414290004E-4 0.21427322496380216 | -0.0265654169282518 -0.7237513030233942 -0.009853017716172049
0.6558035296669849 7.686937129092923E-5 0.3661560356919459 | 0.002652698173203766 0.003794255239899423 -0.004341445794973769
0.7326659214243246 1.46483003587387E-6 0.4325703990966069 | 0.007451864257357613 0.0018136913919919837 -4.3902957196699543E-4
0.8329480019894445 0.0029485460766966987 0.5067116567849727 | 0.11500881427096603 -0.14396612602026898 -0.006753530553159496
0.6837564058906446 0.021424536770327858 0.5905417095942556 | -0.006041115096960841 -0.017909692884828347 0.08896230974741605
0.6805899943120844 1.1207105031153554E-4 0.6803903957155589 | 0.02855450566816865 -0.01597763890837865 0.02737403841453296
0.6851259882930394 4.939227292930686E-5 0.7928380499065293 | -0.0031836635442594407 0.002168979155523067 0.007203948914710462
0.7867338055553547 1.1029341372717236E-6 0.1553856783665232 | 0.006137807502083314 0.0012932263750864825 -0.006121045753566768
0.7972528071463828 1.714153492153016E-5 0.2574341304249697 | 0.006476682830172526 0.002770582303776672 0.002259752505440281
0.729100066855529 3.8532249764030045E-5 0.3484528242933976 | 0.006434605863163571 0.003264657346244608 -0.0020301147776372744
0.739266486746706 6.8378814961844965E-6 0.4370840737782869 | 0.0031657592775771277 0.0016920012219329371 -0.00710877371481579
0.7312129280561637 2.5962741292783423E-6 0.5132987291794789 | 0.005663066013310944 0.002367666532747853 0.004644722601474045
0.7168391927097757 5.850901496312657E-5 0.5979629773071475 | 0.005857922917831527 0.002916189773338047 -7.428652785585127E-5
0.7928346077503938 5.2350817337555735E-5 0.6851248329640839 | 0.007201539525118861 0.002170052937354996 -0.0031797566063242527
0.7988240301739596 6.403574516737072E-6 0.7988240159895251 | 0.005662589838422131 0.0020116213383905113 0.005661748172997975
0.2140629248530909 0.4000048197214068 0.21406293638446477 | -0.0038643937328447097 0.00409241216086295 -0.0038641698041568394
0.23210855685321455 0.4000073546479893 0.3431599007755431 | -0.004622028259233425 0.0016421429541456332 0.007040768510589983
0.24143599954343017 0.07803004698342315 0.4000001403297553 | 0.00787190307038573 3.534270792412582E-5 0.0034560835565234514
0.14327130955619374 0.030316210203735 0.40007505993906545 | -0.008015964912008046 -0.0016440807532773518 0.006242673662306277
0.07010329317645064 2.5225322369263042E-5 0.49284100581386425 | -0.005920740244738704 0.004030792457466913 -0.0010595656288663392
0.20011270755101906 6.06851922824683E-5 0.5661508827840237 | -0.008491799711624183 0.0026257689344239884 -0.0015092254753367486
0.1440980267047883 5.0213139905738174E-5 0.654345387733837 | -0.007906641610839885 0.001270030133393495 8.003832804643621E-4
0.16581142613410052 7.007381545818197E-6 0.7755695062928569 | -0.006219164205078891 8.693508625443925E-4 0.006364217273449588
0.34316243617854403 0.4000072344800633 0.2321086600234608 | 0.007051506884977295 0.0016398867866442156 -0.004609066784485918
0.3435082821909901 0.4000016534490282 0.3435028930839878 | 0.005351255988562376 0.0025398740556999305 0.005352359149791261
0.32246907074921244 0.02008502462953893 0.40002219461702043 | 0.002458706527914379 -0.012404940744949402 0.008005053335084254
0.2974970647891729 0.10779596214599017 0.4000014212110713 | 0.005979646850818286 -0.9555742224885685 4.001449069792583E-5
0.300161167782936 5.570277700757161E-5 0.5132524033632995 | -0.004402652627469697 0.004744642282897823 -6.568900413332224E-5
0.12111601957842624 0.03438950987260191 0.5022031198950795 | -0.1695863566232805 0.06734920085144817 -0.016016577663884746
0.21437775167937306 0.0016343205039735516 0.6420106385622661 | 0.0025347328599167594 0.3463914681219948 -0.016499110487852645
0.25730544743426453 8.993329332961659E-7 0.7944005439610066 | 0.002202060472275581 0.0017288898881733226 0.00758096967517146
0.4000000391867322 0.10047815533883042 0.2428535683834677 | 8.613266162137058E-4 -0.016597173480517827 0.003728898484522266
0.4000386190782134 0.01411264250230414 0.31856602345292945 | 0.009343962683283663 -0.007055635823458229 0.005259175560481732
0.5131468534431649 0.045705056922101465 0.5052761193931564 | 0.13085736070763423 -0.2229139061789815 -0.01772777490077267
0.3234426616642817 0.01284669887632778 0.4000446373686398 | -0.0019748981481938974 -1.893238805015766E-4 0.009526815556360427
0.37137233726973784 1.0082683851772216E-4 0.48217846184435803 | -0.0019468762967018477 0.006266962147891 -0.0022207714349905478
0.3427766351954669 5.239201265472033E-6 0.5788050848694907 | 0.0071526296044391825 0.002439013114250716 -0.004880497986348915
0.4321608696607469 9.655047790759692E-4 0.7439917621958183 | 0.0063011877508670116 0.05417383744261196 0.02422748654203364
0.35178725486084494 7.382543621244406E-7 0.7305608266788157 | -0.004332560376892387 0.0030872077720430612 0.005661798494411569
0.4000320790104578 0.030579945281581297 0.1430329623000609 | 0.005617930030278675 -0.0011534033418374343 -0.008175252357194532
0.4000000102210465 0.14905681460793532 0.2986355335092788 | 1.7509204896927287E-6 0.006082974100057455 0.003973658659201201
0.40005340884219054 0.008304444262940146 0.3286253241751531 | 0.0036617932199968914 0.0011687121896566586 -0.007794262327673665
0.41835975789182317 8.152996040026818E-5 0.38783249528536373 | -0.003242899721783204 0.003407533098547673 0.006509082398783968
0.4234853675202486 1.5462301539358013E-7 0.5543701795423857 | 0.0035246925060863003 0.0020827515509147343 -0.00813307306462816
0.42635779729501583 5.905471824867745E-5 0.5425002934037296 | 0.0032996248676317114 0.003091439321134287 0.006321480925691649
0.4326654201642717 3.3023156082803704E-5 0.7332537831601882 | -6.286813630239479E-4 0.001997305889592364 0.007274555256605861
0.43738029481492374 3.774636254387536E-7 0.7442996310012704 | -0.0078478496991499 0.0017799588506551538 5.788005882703137E-4
0.4925644507846743 1.0489743187501544E-5 0.07033684935767652 | -0.0011321270594699389 0.00404610561500435 -0.005908657105541289
0.5123593309481185 1.084413583469685E-4 0.30063375768259853 | 0.0011752721353945937 0.004382935513461751 -0.005305457250689576
0.4846490727462952 1.33905671699116E-5 0.3703579044401438 | -1.6641421252343321E-4 0.006252665446099359 -0.001633002317583815
0.5541416134201673 1.3708207359082597E-5 0.4237214977079959 | -0.007992578214444077 0.002011845719841065 0.0038715665112124807
0.5896713800571952 2.388617532882321E-5 0.5897633136333612 | 0.002216493909772814 0.004358161362435329 0.004901956298767823
0.5017811959127341 0.0017219228503260518 0.5836608785468762 | -0.00329916798487933 0.15543397861511762 -0.012259576303876491
0.5067155857134273 0.0031331941243438674 0.8333231631587004 | -0.002741361713986278 -0.1414491680237766 0.10787341922591977
0.5125780703380964 9.549971471206328E-6 0.7415875324720516 | 0.0071837065790773405 0.002475778124495166 0.002294407634445613
0.5661329204870649 9.931200033290813E-5 0.20008112762972827 | -0.0016086469204434368 0.0028014816743403594 -0.008808852768112753
0.5042284152985002 0.034812210529561405 0.12084852153163984 | -0.015493702053959668 0.07528793035425421 -0.16620292410537865
0.5787182496894752 3.571906568303744E-6 0.3427942244320894 | -0.004728522871546028 0.0020752186014554135 0.007008249056521684
0.5425722448241529 1.643547456116253E-5 0.4266422948757272 | 0.0060881827407291995 0.0030123663475243377 0.0037855729146824535
0.5836719423742744 0.001469194493421218 0.5017428656158179 | 0.004047040105485249 0.21115095664360392 0.0031490288164790253
0.5895488702257363 1.2783646010098582E-5 0.5896399454279557 | 0.003027996333761066 0.00389481135581589 0.005357780435532962
0.5166742344835825 0.03493951727338369 0.7296214378109576 | 0.08436325574852178 0.1312252149141861 0.0652892712867002
0.5938996897393439 6.0384320816307734E-5 0.7264657160144979 | 0.0016705552118315699 0.002838209924840161 0.00579711235175516
0.6543522103996309 3.860818972763586E-5 0.1441036140594872 | 7.635595575091197E-4 0.001189262894051336 -0.0074740987213407365
0.6420315779209202 1.7183812104536677E-4 0.21441233817538274 | -0.015480121359261436 0.37332457340124897 0.0027055668926783973
0.744039165532644 8.240898566688783E-4 0.4321320372736839 | 0.02548380223274472 0.07044820274319352 0.006524723731138297
0.7328588302725068 1.4516473375029179E-5 0.43261488053111247 | 0.007429071137357838 0.0018396083105769437 -4.982660601468193E-4
0.8333664140001691 0.0030056629006068028 0.5067039653252717 | 0.10719580061637327 -0.1210848188896734 -0.002273977934857118
0.7279069347273361 0.03998059671141293 0.5161515367516897 | 0.062335583593697216 0.10304671439237237 0.08221764552244615
0.7415990599815656 0.02239089470910431 0.7416027914172345 | -0.03309819906343203 0.22317045779990982 -0.03304224604728526
0.6863594395928329 1.923733287528099E-5 0.7936476698298007 | -0.0037526300026900065 0.0021042914567299805 0.006896682734649486
0.7755541782602668 1.1479985447637645E-5 0.16581275463516873 | 0.00634750899403513 8.783514307267825E-4 -0.006227039651945313
0.7944259654653775 6.425700419292668E-7 0.25729476265022627 | 0.007604449421263115 0.0017358368011880514 0.0021580208543416075
0.7305859373889841 2.7327223163783884E-7 0.35179253384957665 | 0.00572846490403012 0.0029668085821485685 -0.004059858666446283
0.744308615110117 6.835269755981887E-7 0.4373871115612239 | 7.469551948982266E-4 0.001732159920088723 -0.007888480486972174
0.741587953357087 1.0559873447019947E-5 0.5125775180699086 | 0.0023920974227691796 0.002767419021000707 0.006853560561417145
0.7264652706178534 6.012129526081049E-5 0.5938989729655092 | 0.005804754665846753 0.0028516027714776686 0.00160902965866298
0.7936460746985547 1.98468524450765E-5 0.6863608314215558 | 0.0068942190477697144 0.002104807141126541 -0.0037517351184378823
0.7896547180742174 3.3462028921727534E-7 0.7896547403606216 | 0.005738710074196303 0.0017000127835419805 0.005737609420120921
0.2252411249884605 0.4000002772006596 0.22524113243400132 | -0.0035771874110393414 0.00431270989403284 -0.0035727386299277664
0.23617535161799136 0.40000151306119375 0.3417757589287807 | -0.004935107642433978 0.0012467910840559266 0.00721418437657594
0.23682757484616176 0.16785334369193275 0.4000588335855407 | -0.0042711955259763295 -1.0609389061430354 4.1284128347931717E-4
0.15698005395813494 0.023368391597449464 0.40002219130863664 | -0.008971001359523934 -6.884793248942345E-4 0.0033814304280121166
0.07383820665782587 7.776516265711741E-6 0.4929270361711914 | -0.006089047885633577 0.0039336967097252365 -0.0011628318770232394
0.1958512080144662 2.2950840422027722E-5 0.566170780261137 | -0.008219821218561572 0.0028915962701487902 -0.0010385404352883582
0.1457369729414647 4.83307392224548E-5 0.6541588733633469 | -0.007946390229577374 0.001177716635725007 6.640535828358214E-4
0.16796308735972254 2.2232537758213576E-5 0.7734557483124345 | -0.006448383992100947 8.010974270317247E-4 0.006180364461504377
0.3417752611880985 0.40000161049353294 0.23617502387087874 | 0.007220939111191547 0.0012457842465545337 -0.004926521209644227
0.3434911296506791 0.4000071549112912 0.3434856740530108 | 0.00535968029851769 0.0025284464539036514 0.005361063060995989
0.32308051939316385 0.02137734877384887 0.40005112938374143 | 9.153686142081517E-4 -0.013258352248371953 0.007530995107580262
0.3157306885101661 0.10932405878547802 0.4000000208846354 | 0.011766615783941933 -1.392130606385387E-4 2.3943946978267398E-4
0.30104654427935496 8.791624505663288E-5 0.5121186102217661 | -0.004886434595285486 0.004560253146948347 7.751970362108392E-4
0.10561875784813317 0.003506546348786326 0.559383175136711 | -0.039273814549267094 0.24110951580580653 0.06692736239085163
0.20722798704673678 2.764323374698839E-4 0.7167622342745985 | 0.001192469771458915 0.1171808764782096 -0.010149653335108198
0.25736179776768553 3.275665371712407E-6 0.7941432903599162 | 0.0021115878550491012 0.0016835150789940192 0.00764644561547954
0.4000000811606528 0.10094793133832125 0.2429722112912426 | 7.273424992388223E-4 -0.017245059424240074 0.0023423153086468773
0.40004435228217994 0.014007856636144046 0.3179109137569317 | 0.00884688599639913 -0.006452149367364613 0.006220546812252998
0.5097977291625425 4.5420133716179794E-5 0.5088872965019655 | 3.273584413185499E-4 0.005558444722249087 4.7943267552253674E-4
0.3244251744215106 0.011468726885118238 0.4000710345839161 | -0.004303035916512643 0.001976280335843353 0.007011889415714333
0.3706892236827348 1.6033523668337258E-4 0.4820345797855361 | -5.03831612994396E-4 0.006429329959276693 -0.0019932979886492386
0.34713359041869674 8.100434782701592E-6 0.5763244378067971 | 0.0013232947402702683 0.005358090970168033 -0.0036388125225043704
0.3408185548979831 0.025691794749481103 0.7612556455314894 | -0.024357304281415245 -0.016626501608639252 0.06790457804677469
0.35700616337511504 7.4145301731308005E-6 0.7516223616943728 | -0.007359520630953588 0.001981697290750992 0.003107920949115991
0.40002692765447667 0.024108478037030787 0.15717257208441662 | 0.0033713481088407824 -6.255389371357955E-4 -0.008866528185789991
0.4000000159266015 0.11144098135684428 0.31102773910493475 | 1.5193943794741958E-6 -0.0031836016534011525 0.01119190349785643
0.4000673796827386 0.010695120411129126 0.3244519920915291 | 0.006619595173821228 -5.949061796180474E-4 -0.0071438411881459725
0.394190807283515 5.731408034459221E-6 0.4038523407472753 | 0.004913437554569687 0.004086259322887839 0.0016181927558412488
0.427398388596839 7.36045307993003E-5 0.5450498632981116 | 7.543726668636436E-4 0.005268355049716432 0.002267649347938089
0.42628687280220995 1.3295398523676774E-5 0.5429542968646885 | 0.0036285269427520947 0.0032764581044060588 0.0059121146230875655
0.43268043535682704 1.5463177917001672E-5 0.7332991877876873 | -6.523834121526808E-4 0.0019934192872160974 0.007277282837454568
0.43691130095095415 1.961597915096788E-6 0.752734087771628 | -0.0078043910762796735 0.002094572719985853 -0.0010285409498116366
0.4926103253827054 6.030892281880471E-6 0.07381290204429695 | -0.0012307333026539795 0.0039535217389737 -0.006065049951230791
0.5113228258185358 7.827215417737997E-6 0.30086285629701875 | 0.00181957751665419 0.004250583149029204 -0.005239299532599522
0.4844593145274517 1.465040319446131E-4 0.3692904750885489 | 1.576445649704696E-4 0.006371549378876989 4.623724891064779E-4
0.5450951233255098 5.760239565039222E-5 0.42743597988527166 | 0.0017664446064828512 0.005145960483008444 0.002442443332530347
0.5112834035417795 5.787722150364453E-6 0.5114551349446671 | -4.901304872034397E-4 0.005349020718839907 -0.0017345189624540125
0.5020261905648756 5.0816829651384E-4 0.5830497694681437 | 0.007272424849464165 -0.05840359017035893 -0.022243212931709364
0.5065886001604196 0.0017828394787952947 0.8335027598733503 | 9.52570668431728E-4 -0.1868712469930429 0.1083591152092055
0.5131122157226582 5.1719506624286126E-5 0.7514903684259172 | 0.006942785612876645 0.0030399590962977728 -0.002693265637949425
0.5661536815789993 5.721859649460861E-5 0.19582139919714917 | -0.0011629054023063947 0.003093558145560089 -0.008589288840044293
0.5597857959820224 0.0035476276265900006 0.10451833588969064 | 0.06991312790719588 0.26487235573717005 -0.0430038396987351
0.5766992653352854 7.336994628156176E-7 0.3471105239768642 | -0.004247952794389871 0.0049185230995536545 8.109936688330107E-4
0.5430568374563365 1.1544137090710247E-4 0.4265849332438916 | 0.005531257576963706 0.003271055772089238 0.004096474138405295
0.582975433233081 2.4009123670673104E-4 0.5019358748106013 | -0.0126216092350015 -8.844190560735547E-4 0.0065405447532966
0.5896076951070887 5.602565259392675E-6 0.5896989642955113 | 0.0026900464378767554 0.004083956161545608 0.005201690514292342
0.6012142225940784 0.02189562375980861 0.8346535536044675 | -0.016651324795348386 -0.4460446576069506 0.12016595105579543
0.5888400869163034 2.8073029977311215E-6 0.7617824882613953 | 0.0011892886737399078 0.00275477249773653 0.0067748392258267605
0.6541680267803136 4.069077074358106E-5 0.14574413827770955 | 6.316682924125713E-4 0.0011007674619285712 -0.007490270405794885
0.7168095746134667 3.32550070873088E-4 0.20729748170888485 | -0.010361131990068311 0.11660750207433801 0.0016329531125329844
0.7607073579640815 0.029456182563595407 0.33997192674757215 | 0.07118741531991865 -0.005210564396676214 -0.026196734858112428
0.7332639367695889 5.245030762306441E-7 0.432745346867637 | 0.007390556095456589 0.0018746335448758832 -6.943113354512991E-4
0.8335100979371177 0.001879348625294135 0.5065548030988121 | 0.10811956682155387 -0.18961830011666717 7.946616879037254E-4
0.8346207755675105 0.021941646595074537 0.6011919197849511 | 0.12026044106360316 -0.4457065094477989 -0.016686428216334297
0.7399830448009082 0.02399969486279222 0.7399884690213245 | -0.011498619986299448 -0.05519899802997576 -0.011427575057794279
0.6867514534686331 5.227694162528143E-5 0.7941107142207166 | -0.003923428828905732 0.002106569431921849 0.006756750145001322
0.7735925814317509 3.8033062131482173E-6 0.16777383599136497 | 0.006189547564734374 8.106594340756265E-4 -0.006431770242394555
0.794167934090622 1.714688044946329E-6 0.2573509003211367 | 0.007668976941946801 0.001690046493589219 0.0020705323906184576
0.7516446898088837 5.233789507682303E-6 0.357011673919892 | 0.00324739277566026 0.0022084338537189502 -0.007098248475790043
0.7527365103987042 1.374213393020184E-6 0.4369070391621088 | -5.849725205861664E-4 0.002068420405113674 -0.007888298420647522
0.751490668205769 5.284212924314976E-5 0.513112080260772 | -0.0023033463056079504 0.003311715886645836 0.006790361825010836
0.7617808201707355 2.2503452688063912E-6 0.5888389749859689 | 0.0067643998748664795 0.0027661197891214 0.0010606663192029011
0.7941092982623829 5.268303879117632E-5 0.6867529014428977 | 0.006754290286008667 0.0021071213407969007 -0.003923123359093099
0.7860554770408335 2.2564323165831466E-7 0.7860555174245097 | 0.005705109042359789 0.001682282924828648 0.00570394837230054
0.2393892278999267 0.40000018324521935 0.23938924631536512 | -0.004824448904408755 0.0031802553749270064 -0.004816689635300672
0.2422307416645387 0.4000016262909018 0.34188467932271305 | -0.005362241873137769 0.0011337058381964992 0.007008286353110819
0.23951959242381704 0.009752685167656079 0.4000422830025912 | -0.008352842774237418 -0.00782426780573483 0.006916788698266858
0.1918138186759429 0.09339585705435659 0.40000897177705197 | -0.004689779128828519 0.004532577015946467 4.0309807875147307E-4
0.17299256508253275 3.794011934275273E-5 0.4744076158696507 | -0.005713291381660562 0.004553905686853589 -5.461766107907113E-4
0.07923898284870387 5.11269271584872E-6 0.5823521985801908 | -0.005495368918963103 0.001502198247832329 0.006861299327408886
0.14641192996084107 1.1591101741758605E-6 0.6542830962401859 | -0.00796969562107342 0.001137139226967354 5.50655731105015E-4
0.16996988155755244 2.5479178007102068E-5 0.7715597396365139 | -0.006669269697684986 7.541311603193256E-4 0.005972549947511254
0.3418846628590171 0.40000157416690624 0.24223061678701943 | 0.007010800815355999 0.0011330986179538458 -0.005359616295473511
0.34356941898490995 0.4000016311002601 0.3435651625503755 | 0.005284652183397115 0.002631012874685604 0.005280468396540642
0.32246788369618573 0.020823299950372996 0.4000064781084047 | 0.002428256358886734 -0.012807539103642471 0.007640933814576939
0.31061426444162016 0.1048042954340287 0.40000000030756133 | 0.009270380136005129 0.0028466864286130693 1.1429981542219595E-4
0.2967009151116409 7.779772486753117E-6 0.5095676320638081 | -0.001335609643185663 0.005069267337138928 0.002998267497028624
0.08118999930143866 0.00406940557952803 0.5853396518970448 | -0.11232801530333708 -0.059505361619204444 0.02205173234937497
0.20795635128386314 3.740740696899355E-6 0.7165564392918764 | -0.002482011725875095 0.004975250274405794 -0.0016998030654904138
0.25770471993668687 2.2068838870153134E-5 0.7933826362120642 | 0.0016852387070467757 0.0015881687879146242 0.007830973454803767
0.4000384105442985 0.009385734299908887 0.2391835719049642 | 0.007086313072113411 -0.004765703793376178 -0.008400602751332902
0.40002679717474043 0.01103769107100662 0.31541497942226937 | 0.006938719683218995 -0.0021132197495671726 0.007788545531244624
0.5040771643774702 7.318854155960957E-6 0.5034016414957238 | 0.003726965395675479 0.004427462469959936 0.003807840913738888
0.3199997557873648 0.013617960502566986 0.4001148919356643 | 0.007349625639639175 -0.001730483981801812 0.0072232713933734006
0.3721791542229676 1.0592003373253329E-4 0.4854919974524607 | -0.002515873312357291 0.004719761595819347 -0.006785116925593419
0.34702038044405337 9.218194430493158E-6 0.575965837295166 | 0.0018166827266582772 0.005619282066109398 -0.0024939339536139793
0.3518161507083078 1.0499424344090653E-4 0.7138726780990197 | -0.00288254774257045 0.003116750506875295 0.007039715825596418
0.3621894223044689 1.7970192963687146E-5 0.9114021624246703 | 0.0011950837832516202 0.0025291634024544223 0.007334787677916567
0.4000034226554592 0.09495585501284878 0.1923119840112344 | 4.210358371175872E-4 0.003168273280649834 -0.006690073924315768
0.4000000242103419 0.10458776940771057 0.3106064839018286 | 8.829946524606482E-5 -0.0019711686542396444 0.010920931273441561
0.40010171260801136 0.01321574306437152 0.323842108105904 | 0.008166689504450741 -0.004580735622371427 -0.007090668887468123
0.4075848051760186 3.5352943094453494E-5 0.4086527412394962 | -5.324049518414495E-4 0.0057895609591226875 -0.0017582452563207342
0.42846577579635026 4.199161587637617E-6 0.5409964081881025 | -9.108588265687758E-4 0.0025890286990805033 0.007206980233669161
0.42567492225176806 1.2030963946527449E-4 0.5444003378489253 | 0.005441146761551207 0.0037657471787458565 0.0035174404112945376
0.43264846781196964 2.955578441588168E-6 0.7334852877745202 | -5.855249338274787E-4 0.0020102885107929685 0.007271509592119735
0.4343467491744055 9.860772874817897E-6 0.9279855378641969 | -9.8317989135639E-4 0.0029906869647404652 0.006988918728050238
0.4744557310169351 2.105100531354367E-6 0.17294581087765795 | -3.7731631073845113E-4 0.004808044581166041 -0.005400497905334089
0.5096948002803741 4.38204881889739E-6 0.2961394893987545 | 0.0035153428228836005 0.00497403609369221 -0.0016585776802478431
0.4865152201800912 2.186258136940367E-6 0.3708157165014697 | -0.003926708367227748 0.005526041498283134 -0.0020933666084428297
0.5410180090033757 4.052367347336965E-5 0.428565782273376 | 0.007245478572177921 0.002585397318220468 -4.0128834757696707E-4
0.5083939422468725 1.07777560202692E-4 0.5085807245903563 | 0.0016697989336461971 0.005458747968341091 4.4760678078771576E-4
0.5022709694850573 2.331865059437103E-4 0.582288439362628 | -0.031331221285036424 -0.06548639565666294 0.037913439782686444
0.5063997927442402 4.195257519176293E-4 0.8331073368629373 | 0.008812693271426426 0.10856651270531319 0.07820721182603727
0.5070378972914792 6.223873947178316E-7 0.9288220651051893 | -0.0013057714629516764 0.0031395734626406572 0.0066800687484645516
0.5821638070487325 9.743101451858746E-6 0.07951825057407494 | 0.00689619535038139 0.001671447184144999 -0.005273759669610267
0.5854838055952604 0.003747092504355673 0.08103162754787546 | 0.02293339017736328 -0.06050397748991163 -0.11255942324673857
0.5767932452458153 1.7578779569255856E-5 0.34722282916096703 | -0.004508990652608077 0.004824385619239645 3.3509925662454274E-4
0.5448596204640477 5.8282098537241025E-5 0.4254554626253115 | 0.002070679166431773 0.003332984094641485 0.006758489618438964
0.5817051268477671 5.370659815403471E-5 0.5025624533126981 | 0.029311605615863646 -0.015406381720823337 -0.017292526889016578
0.5898656503515507 2.2737013604558417E-5 0.5899562278918156 | 2.029509995483087E-4 0.005110603556804902 0.0036470492725247496
0.6451800031540417 0.018247808400867264 0.7486300755187704 | 0.012098502804511167 -0.856022596916963 -0.004250014255019038
0.5760221869900171 6.029829802502752E-6 0.9144600206683774 | -0.0014579794609816258 0.0034563371105705842 0.0061716960007185675
0.6542960722089592 4.732565267566853E-7 0.14646427534059026 | 9.628366642873415E-4 0.0027207982172451446 -0.01379424242575544
0.7166275866957869 2.6947031521757167E-5 0.20805306002602547 | -0.0016678781556540743 0.0044276462627854726 -0.002227138925207979
0.709063064723363 1.387733268991E-4 0.35384824760407063 | 0.0066171308185937715 0.003027454197143302 -0.0029086812964799636
0.7328546195092547 3.917014758639748E-5 0.43265173048044037 | 0.007413850683849282 0.0018505940081903576 -5.602091205924566E-4
0.8330678648213453 7.734059285974262E-4 0.5063855309305397 | 0.07839372990624938 0.0889574767022386 0.008663328204961213
0.748663858338106 0.0182756782791818 0.6450324087082133 | -0.004251044508461143 -0.8556340896594025 0.011998841436912802
0.7390441913308584 0.013021270802214858 0.7390520223849697 | 0.00525594839308926 -0.38655869114765995 0.005348414158453948
0.6868205299852469 6.3192304526911555E-6 0.7938661003745879 | -0.00395368892432153 0.0020728388934454474 0.006791131602039117
0.7717508044161708 2.585389320303673E-7 0.16974346742940138 | 0.0059967852918452625 7.639170201795269E-4 -0.006667678861982899
0.7934061318376642 1.7490127120886473E-5 0.25769305684693117 | 0.007850021405793548 0.0015942197953719645 0.0016537570744103972
0.9113934226877716 2.2785118947999958E-5 0.3621964593241436 | 0.007332465625318192 0.002528640870657221 0.001211076898658862
0.9279869666374027 4.250936375135607E-6 0.43435100167944996 | 0.007005868653014495 0.0029781299742446966 -9.711877016930954E-4
0.9288071846723568 1.5810225995730586E-6 0.5070365279908844 | 0.006680026391209292 0.003127847001862335 -0.001302455249558765
0.9144627639211115 4.497365613203612E-6 0.576018166835132 | 0.006168801980672488 0.0034594767796354365 -0.0014528198557010258
0.7938646948091735 6.655385290485582E-6 0.6868219395876414 | 0.006788662039363477 0.00207327715057731 -0.003953385744200228
0.7819680391913703 1.1863498482709908E-6 0.7819681357709999 | 0.005638207270036033 0.0017239618389967854 0.005637036245810089
0.25213007088753747 0.40000718712305305 0.2521300802829471 | -0.005277194772387547 0.0026316589522809315 -0.0052791698814841645
0.2498498871448597 0.4000012233897605 0.33922821154863536 | -0.004605073461476318 9.461448070001783E-4 0.007686902015911293
0.22447106609113476 0.036279925627676235 0.40002392698141576 | 9.539712462997571E-5 -0.014410633246044567 0.00655002580333608
0.20884630917840274 0.10524383017171705 0.40000071698067485 | -0.0082411689915206 0.001484199768772802 3.102348228180165E-4
0.23327847568022828 1.8718987489044193E-4 0.47950157542565075 | -0.0032516952789311262 0.005253057538233094 -0.0012942086013148274
0.19636832841082616 9.894749267071371E-5 0.5663767454517299 | -0.008264801155447437 0.002851141008576512 -0.0012012997728593003
0.14983861887537864 6.410580908591384E-5 0.6538297079478755 | -0.007978788783246957 0.0010417543875317749 4.136547930903534E-4
0.1871550320669699 3.6796810991771356E-6 0.7575307876622696 | -0.00872783859759966 0.0010143264328795862 9.115541981066654E-4
0.33922818798137083 0.4000012065294853 0.24984966577103243 | 0.007684338881012523 9.459975382360835E-4 -0.004609418482155081
0.3436430936977415 0.40000239507411595 0.3436374705888695 | 0.00518866557457751 0.002749728771480724 0.0051910416217080865
0.3155671594336643 3.101728600534738E-5 0.4473060335161748 | -0.0025556383716510713 0.005083876246068758 0.001719051015797127
0.32453173443567884 0.09394467513155105 0.40000004741487893 | 0.0027169837776556656 0.00580251112191652 2.8401288754712113E-4
0.3014191546380288 6.250959860160899E-5 0.5111086735585343 | -0.004996720872981932 0.004449990847259484 0.0014655763661442637
0.26633290753696925 4.993122087162778E-5 0.5915906635167367 | 0.0010480010529451882 0.0053885935568888195 -0.002834199989761398
0.21552537608681296 5.985948633848913E-6 0.7170747420644855 | -0.006667517093901217 0.0027854476687366935 -0.0017878183762058935
0.2590417315869733 3.7986621992752047E-6 0.791025852507135 | 5.336479555529246E-4 0.0013664657700911786 0.008171722237932085
0.400003851577182 0.03643984819583155 0.22430512094691094 | 0.006781693769330501 -0.014084126793548948 -8.294674335264067E-4
0.45771200004243257 9.132165406207078E-5 0.3057923003159465 | 0.0014529877738410552 0.004821178307433029 -0.0036553354841917353
0.49879091967319883 5.3208438555669356E-6 0.49888350035452644 | 0.004952164776759741 0.0036898166603327584 0.004578827318663091
0.31791003227685094 4.1378798213262765E-4 0.4000403170127112 | 0.004254472977127399 0.003657919241997525 0.004457505319542551
0.3737417768243167 1.94175517954317E-5 0.4845450253100892 | -0.004978671278258114 0.004668422074380151 -0.0051008604361070554
0.34440753475015823 2.513691107498894E-6 0.5751016607056184 | 0.007375669438501525 0.0035944931277211625 2.731793561109863E-4
0.36534115928733213 3.412001310488177E-6 0.649789840173531 | -0.0028551528190084163 0.0028683540744948812 0.005929822017012762
0.3498514454841719 2.1111282667957754E-6 0.7433066440663195 | -0.004263637821354862 0.003459511243464535 0.004254998793299705
0.4000002749833236 0.10410683658557185 0.20780713545047383 | 3.077304339565375E-4 0.0010870818830990626 -0.009077566179613333
0.4000008373471201 0.09332127075255157 0.32439641060917285 | 2.4371525209890532E-4 0.004302204578006505 0.005028668685749034
0.4000849567894462 1.9770106877162934E-4 0.31205791091387225 | 0.00601780552481995 0.0018758591138816898 0.005586432594915122
0.4248608146128011 1.7254233748687143E-4 0.4260172178847697 | -0.003863710622374384 0.004186826906024214 -0.004560402526510767
0.428854075726197 4.662777838337452E-7 0.5399527091987091 | -0.0012247990864958115 0.0022629355520696463 0.007454521152417096
0.4448830548905805 6.690779548984023E-5 0.6413607430157499 | -0.006748133744241224 0.004651792311452153 8.133023857922038E-4
0.43193899257742924 3.8882715235770334E-5 0.7278687042876494 | -5.851538630018167E-5 0.0016255860234461789 0.007542293297766882
0.42740720891285366 3.7164158261243756E-5 0.8403616105678946 | -0.0064060178882810815 0.0027933865253376303 0.0028983325067024122
0.4795015119474629 1.949646072032398E-4 0.2332804489945515 | -0.0010009106067530367 0.005538699101926098 -0.0032857098561082194
0.5105562667012554 3.441802862990557E-6 0.3010470839605544 | 0.0022397556422943127 0.004136882451478985 -0.005167700991922702
0.487175644600186 8.752075895173246E-5 0.3723625501218636 | -0.004322987093861521 0.00476030981958471 -0.004110331350841198
0.5397224174452131 1.4285666554095904E-6 0.429042619615321 | 0.0075496667060773156 0.0021776002273749197 -9.121148098081019E-4
0.5344864026165003 7.872713841860204E-6 0.5346634581227684 | -0.0033397653917766044 0.003906009871669669 -0.003801814323952171
0.5014750540469098 3.348105793270193E-5 0.5846434198196366 | 0.011215954967245416 0.02240989354021747 -0.048403061057752717
0.5145467619750319 6.512959772887733E-6 0.7321090918252116 | 0.004110804669094386 0.0022831636099175327 0.006285705900119376
0.5111553011127397 1.6275265319916058E-5 0.8334869584465218 | -0.026192469281067075 -0.022344466414301566 0.01695316238136733
0.5664411600149534 1.3175351986811505E-5 0.19599196690243217 | -0.001333832358528139 0.003072051423305609 -0.008617119671382237
0.5916555166368405 8.220532653992982E-5 0.2662986542467843 | -0.002727558861536615 0.004825626625092009 0.0010570493918652453
0.5755321553204846 4.5103682420302076E-5 0.3441892279069926 | 9.451851712317821E-5 0.0031031489561121933 0.007520633754794915
0.6412687284919193 1.1428423886563352E-4 0.445095820002972 | 0.00110764240334145 0.00436521734918295 -0.007316212540177045
0.5857468255470626 3.852318813714812E-5 0.5012604764406817 | -0.028701541406580277 -0.008016237465003118 0.008919878601583647
0.5896687490155892 2.667120422026167E-5 0.5897620778972946 | 0.002235797875260869 0.004356896444458221 0.004895407794844468
0.6035730985263922 8.318540080847083E-5 0.666485542849545 | -9.530402844818327E-4 0.0028220702247401374 0.006372971268657387
0.58473452064231 4.950980420608395E-6 0.7949387181928382 | 0.0027205359830832 0.003942293952739583 0.0052655358101688626
0.6538428680348575 5.5791033175328304E-5 0.14984618945900952 | 3.9353963777117717E-4 9.691723330443865E-4 -0.007475429566417836
0.7171318855559878 3.9222027172945776E-7 0.21556626398244877 | -0.0017050632613461434 0.0026090426815203083 -0.006239704904578347
0.6498986999473528 4.195329780766721E-5 0.3653191497000329 | 0.005799246566886987 0.0030563351874101793 -0.0025452876006533945
0.7270338088680106 1.133963917163784E-5 0.43184169015427326 | 0.007658140026849277 0.00147492236624482 4.8557697036142465E-5
0.7321494270864868 2.3220597970458168E-6 0.5145494293055952 | 0.005955604478392928 0.0025557546330613728 0.0039030850539730176
0.6664147826186436 9.194108755686438E-5 0.6035096797913282 | 0.006170865701010411 0.0029670143069955787 -0.0010595867275585904
0.6983569842547344 1.3436628997225098E-4 0.6983466494174577 | -0.0056790996810463954 0.0027450277386455928 -0.005678095859415242
0.6845873050085686 8.76714800477607E-6 0.7900146173373267 | -0.003126711886835253 0.0020475331015327777 0.007636411009892285
0.7575272874415229 3.5522181371723937E-6 0.1871561124456033 | 8.380104649859209E-4 0.0010322224121255804 -0.00874586716296285
0.7910485506546248 6.401319418613238E-7 0.25903068390415546 | 0.008183868711764181 0.0013769837110130286 5.212634832867955E-4
0.7433598272626595 8.872058021329775E-6 0.3498568288061868 | 0.004498970684235774 0.00351679293643922 -0.0038708153414840738
0.8404772738779821 1.0000170610394276E-5 0.4273359647787492 | 0.002919406356279624 0.0028035217695281376 -0.006405268065608693
0.8333925067090348 2.9085145315107858E-5 0.5111803767073007 | 0.013978752089892786 0.0056805671908015335 -0.02039037902235392
0.7949393381819183 2.509567504380568E-6 0.5847268494825159 | 0.00529064480378688 0.003977496652436851 0.0026780579336132607
0.7900134649013624 9.087243775810013E-6 0.6845884312150187 | 0.0076325479264162735 0.002047184375726155 -0.0031231381492096925
0.7391306429082305 2.4917077558769753E-4 0.7391399500703617 | -0.026822881049318667 -0.03692320771794903 -0.026704412085328966
