512
0.27344124559912547 2.581145976629013E-6 0.27344124559912464
0.20198249435742358 0.03490630079538758 0.297997527450832
0.26966570914903876 1.2134477075840051E-6 0.3511501619725416
0.23944822631306978 2.1390388984560257E-5 0.43673361515344095
0.23851024674147106 8.21714440613022E-5 0.5189114382020792
0.2724986703525638 7.033951049452956E-5 0.6030519775801392
0.27523742261623385 2.554091982875348E-6 0.6855164964374121
0.29513496647736454 1.5753676534323425E-5 0.7165806052120208
0.2979975274508346 0.03490630079539346 0.2019824943574211
0.25600283793470824 0.029845016462869828 0.25600283793470596
0.3388857733563668 2.8267794822325963E-5 0.3374667874998477
0.30132821331255816 0.06105845614962076 0.42162743812141107
0.28580295699585845 0.06334544131208827 0.5458316195109388
0.331553080176111 1.5916151426915244E-4 0.6087866405500498
0.2588048897669021 0.055277535783819574 0.6988386007419793
0.3003707786465375 0.06450990387524068 0.7489468228006559
0.3511501619725424 1.2134477294401792E-6 0.269665709149036
0.3374667874998476 2.82677948216636E-5 0.338885773356367
0.3375316190874897 0.04787441399319165 0.33753161908749235
0.3279814495895849 7.30245625261556E-5 0.42688986709189725
0.33013016126678796 6.405421055089274E-5 0.519746666637455
0.32580378055548875 0.072167724699371 0.6158802763526052
0.3329051111954541 8.468273133675792E-5 0.6102796183022164
0.37088866028623657 0.061325433875975624 0.7883880576364167
0.4367336151534404 2.1390388996551967E-5 0.23944822631306265
0.42162743812141285 0.06105845614961334 0.3013282133125637
0.4268898670918981 7.302456251490134E-5 0.3279814495895871
0.42856269160630994 3.739890981521908E-5 0.42856269160631083
0.4276696272751272 6.613528506037089E-5 0.5193803803403345
0.4231273233193509 1.5024977323242331E-5 0.6174537015081484
0.4262253506234201 1.0029468607572017E-4 0.6168898034831511
0.4423582413650036 0.04901412323442788 0.798208908351131
0.5189114382020803 8.217144405731883E-5 0.23851024674147553
0.5458316195109539 0.06334544131209195 0.28580295699588476
0.5197466666374527 6.405421053834608E-5 0.3301301612667794
0.5193803803403315 6.613528506274418E-5 0.427669627275128
0.518240446334404 9.32489367111794E-5 0.5182404463344018
0.5176258037184075 1.294018436760838E-4 0.6134106238310191
0.5152634246572074 6.599807057653779E-5 0.6129138279295123
0.5036822275083372 0.05391721026471951 0.7849058173751661
0.603051977580139 7.033951048108109E-5 0.2724986703525677
0.6087866405500536 1.5916151428426744E-4 0.33155308017611046
0.6158802763526389 0.07216772469934182 0.3258037805554669
0.6174537015081473 1.5024977293153414E-5 0.42312732331935093
0.613410623831049 1.2940184373555898E-4 0.5176258037184087
0.6216377875478344 0.07422540411289277 0.6216377875478537
0.5930608016342362 8.443810202274196E-5 0.6587213627134378
0.5861890115857139 0.03092666986551393 0.7984788165742414
0.6855164964374165 2.5540919810377187E-6 0.2752374226162351
0.6988386007419775 0.055277535783836595 0.2588048897669049
0.610279618302213 8.468273136772375E-5 0.33290511119545213
0.6168898034831547 1.0029468608048489E-4 0.4262253506234268
0.6129138279295265 6.599807059380864E-5 0.5152634246572136
0.6587213627134405 8.443810208440933E-5 0.5930608016342286
0.6486555333059444 2.0632285280866762E-4 0.6486555333059542
0.6609475160685312 0.003664799159101559 0.7413809972122681
0.7165806052120088 1.575367651555636E-5 0.29513496647736076
0.7489468228006616 0.06450990387523617 0.3003707786465419
0.7883880576364234 0.06132543387597603 0.3708886602862421
0.798208908351115 0.04901412323442255 0.4423582413650092
0.784905817375225 0.05391721026473009 0.5036822275083757
0.7984788165742688 0.030926669865601417 0.5861890115857292
0.7413809972122692 0.003664799159130501 0.6609475160685302
0.7411865864337469 0.008374391069620705 0.7411865864337462
0.20410195853432925 3.349533490564372E-5 0.2041019585343311
0.14973993718483314 5.344178514644469E-5 0.275813853375865
0.12143571537595245 0.014659943705698498 0.3749800522797835
0.3193060526882806 4.0255581639616E-5 0.4254399044502794
0.3306169858703569 6.573059111917564E-5 0.5209362254587283
0.13260760214935 0.01953274656776935 0.5745778966485072
0.20378840317353464 7.044815584627525E-4 0.6655709495914842
0.2141048785601397 1.735589593575214E-4 0.7275531602460678
0.2758138533758635 5.344178514360136E-5 0.14973993718483494
0.2567052326562381 0.016563175163846307 0.2567052326562369
0.3344242576391989 4.731173073854621E-6 0.33634451848164576
0.3285803848992243 3.210452679722512E-5 0.4290090055994236
0.3365771327019061 3.6542824396579055E-5 0.5189476235891445
0.3259958232524173 1.8447392406645705E-5 0.6049648449809258
0.26109200972032254 0.03742176724933023 0.7000226423779276
0.2519427211062074 0.00897645120584678 0.8535190654845916
0.3749800522798039 0.014659943705700115 0.1214357153759559
0.33634451848164654 4.7311730728739706E-6 0.33442425763919764
0.3405087861137137 1.8256564715304915E-4 0.340508786113714
0.3280795176085901 1.1073642151353365E-4 0.42868564047589336
0.3350271645405817 3.459718585835378E-5 0.5181106820398453
0.33178192609411616 0.0039593377123828466 0.6088767438216961
0.3382344820975744 2.010457639631033E-4 0.62462336106957
0.3392588656373443 0.007368501010747248 0.8812468592867012
0.4254399044502784 4.025558163792345E-5 0.31930605268828105
0.42900900559942423 3.2104526794628105E-5 0.32858038489922425
0.4286856404758936 1.107364215108279E-4 0.3280795176085887
0.43016401349791417 6.163726837243462E-5 0.43016401349791494
0.4290143976043014 5.401349623354167E-5 0.5181840902179231
0.42492349270292795 1.0733650299001409E-8 0.6180303226756856
0.42732569648799124 1.7908315339072466E-6 0.6418675405386289
0.4349835988088561 4.305487419629264E-6 0.7060839543505539
0.5209362254587284 6.573059112082721E-5 0.33061698587035854
0.5189476235891473 3.654282439914436E-5 0.33657713270190204
0.5181106820398474 3.4597185859110574E-5 0.3350271645405775
0.5181840902179198 5.40134962361031E-5 0.4290143976043014
0.5183461548930811 2.7293272196081285E-5 0.5183461548930789
0.5204177431351202 1.0825076797490863E-4 0.614814744385538
0.5361328089972136 3.0445335513062927E-6 0.6418507764741203
0.5091862924993317 5.861030546275057E-6 0.7349084619500237
0.5745778966485239 0.01953274656775755 0.13260760214936138
0.604964844980929 1.844739241395745E-5 0.32599582325241716
0.6088767438217094 0.0039593377122775116 0.3317819260941164
0.618030322675684 1.0733642715938949E-8 0.42492349270292695
0.6148147443855525 1.082507679953871E-4 0.5204177431351232
0.5740541347780601 0.046773707202023555 0.5740541347780652
0.6005763961611542 9.468064597023838E-5 0.6510595132271775
0.6126746678713447 0.005553027065634369 0.8833722699299241
0.6655709495914907 7.04481558452131E-4 0.2037884031735377
0.7000226423779304 0.03742176724938017 0.26109200972031815
0.6246233610695682 2.0104576398873427E-4 0.3382344820975767
0.64186754053863 1.790831526894173E-6 0.42732569648799656
0.6418507764741058 3.0445335675162095E-6 0.5361328089972194
0.6510595132271636 9.468064583902189E-5 0.600576396161166
0.693536608052548 0.056123258074074714 0.6935366080525484
0.7003388467055264 0.02648768281060822 0.8475523879940375
0.72755316024607 1.7355895938452078E-4 0.2141048785601383
0.8535190654845896 0.008976451205849025 0.25194272110620886
0.8812468592867119 0.00736850101074602 0.33925886563734264
0.7060839543505572 4.305487410622212E-6 0.4349835988088524
0.734908461949918 5.8610305435380495E-6 0.5091862924993655
0.8833722699299155 0.005553027065636191 0.6126746678713395
0.8475523879940478 0.026487682810610206 0.7003388467055166
0.7221315712298477 6.190139541237734E-5 0.7221315712298476
0.1128095820259944 0.008130084746639154 0.11280958202599224
0.1502032341250361 3.8985425065761405E-5 0.27621934549514776
0.12907654159160176 3.98069448283696E-6 0.35629085034788344
0.25926392126293063 5.319431540298126E-7 0.4359628490832859
0.26483211043871735 7.005517140081877E-5 0.516889020773057
0.12746596432456214 6.2039172131256934E-6 0.5892113950147186
0.1631234556706026 0.015581428844528109 0.665445517475391
0.13381077563142194 0.007728362786917768 0.8360669334145636
0.27621934549514615 3.898542506346074E-5 0.15020323412503725
0.26625751938255404 1.0598085728511337E-4 0.2662575193825523
0.26341175403077893 0.03888921311803191 0.34549063559098836
0.20279007798337031 0.03726977681298556 0.42847678045207094
0.2028722445732835 0.03772813544349823 0.5294013398403683
0.24424985067025154 0.029817894129881138 0.6202583948577629
0.27781550430512064 3.7058725880977413E-6 0.6835853503980226
0.2697716324452402 3.2194003096370596E-6 0.806646953492021
0.35629085034788016 3.980694480698537E-6 0.12907654159159573
0.3454906355909866 0.03888921311802914 0.26341175403078
0.38408552120289874 0.04580129907388735 0.3840855212029014
0.33520055985410546 4.267652218300881E-5 0.42776444406953734
0.3355263211984897 1.223363600217069E-5 0.5197664631874295
0.37640458763173934 0.03707226662323182 0.5732791044367408
0.34975722631979245 0.0463957647792569 0.68771377778337
0.3659820579789029 9.694839511375306E-6 0.7664560894812503
0.4359628490832861 5.319431549041098E-7 0.2592639212629292
0.428476780452064 0.037269776812982866 0.20279007798337773
0.4277644440695368 4.267652218173577E-5 0.3352005598541043
0.42981237040107007 1.9924843564153196E-5 0.42981237040107056
0.4298162250902088 2.4021589894309804E-6 0.5186281897315417
0.40427631935980196 1.3859702452566068E-4 0.6145904847303305
0.4343900971974527 0.003455858789629365 0.7058396541012122
0.43533964295810723 7.002375548849622E-6 0.69390606135477
0.5168890207730563 7.00551713985539E-5 0.2648321104387166
0.5294013398403644 0.037728135443505104 0.20287224457329267
0.5197664631874301 1.2233636003996867E-5 0.335526321198488
0.5186281897315399 2.402158990915382E-6 0.42981622509020784
0.5164886472078081 2.539394228626161E-7 0.5164886472078065
0.5517466580121119 5.446556231651533E-7 0.6185067548363152
0.521067628374401 0.016941803548277845 0.7113021180541403
0.5169722658931711 3.578289073868327E-5 0.6850273453332626
0.5892113950147169 6.203917215074418E-6 0.12746596432457552
0.6202583948577541 0.029817894129849427 0.2442498506702521
0.5732791044363901 0.037072266623168496 0.3764045876320512
0.614590484730332 1.3859702451850568E-4 0.40427631935979
0.6185067548363229 5.446556218890304E-7 0.5517466580121096
0.5656672913445019 0.04668315249228067 0.5656672913445031
0.5943894762780488 1.998837011133242E-4 0.6615482258205448
0.5817849017684839 3.052969009277125E-5 0.7712631681491977
0.6654455174753902 0.01558142884452939 0.16312345567061415
0.6835853503980254 3.7058725914690578E-6 0.277815504305121
0.6877137777833793 0.04639576477924726 0.3497572263198017
0.705839654101199 0.0034558587895041253 0.4343900971974509
0.7113021180541894 0.01694180354830097 0.5210676283743827
0.661548225820516 1.9988370127862765E-4 0.5943894762780322
0.6734672236652068 5.98706270189676E-5 0.6734672236652101
0.6760843631288187 1.0438542026550203E-4 0.8061049331921106
0.8360669334145882 0.007728362786947871 0.13381077563141158
0.8066469534920245 3.219400316056668E-6 0.26977163244524044
0.7664560894812547 9.694839515438296E-6 0.3659820579789037
0.6939060613547741 7.002375553165431E-6 0.43533964295810806
0.6850273453332533 3.5782890743668756E-5 0.5169722658931726
0.7712631681491987 3.052969010481924E-5 0.5817849017684855
0.8061049331921132 1.04385420263136E-4 0.6760843631288187
0.8062614540035136 0.009982128219089018 0.8062614540035138
0.14284446351268448 9.862363833445298E-6 0.14284446351268534
0.1506473800727403 1.1450295579904005E-6 0.2766575006125748
0.17070786290325718 1.0097621235172152E-6 0.36944612462609033
0.11203761147164235 6.59340128481788E-5 0.4315157205964249
0.11910407479728931 7.735894134046788E-5 0.5114384737235844
0.15602306928406887 2.913403864627781E-5 0.5799768421532133
0.07680168089267303 0.006486812110704084 0.6621425670679263
0.14244748651981712 3.459044432557084E-5 0.8032702161251929
0.276657500612573 1.1450295572741782E-6 0.15064738007274092
0.27109697999117266 8.798456685097026E-7 0.27109697999117227
0.26228808786171315 0.020395045698566785 0.3465314128330801
0.19920494025565877 0.01820022182694145 0.4368671530774479
0.24126870543030268 4.1684894138271456E-5 0.5189900223421356
0.24608474086782797 0.019489868049869373 0.6189811592812025
0.2796287700754742 1.6753352925067077E-5 0.68141361433111
0.2731906376400177 5.2604064803908624E-5 0.8017592507875564
0.36944612462608845 1.009762122652991E-6 0.17070786290325815
0.34653141283307975 0.020395045698565144 0.262288087861714
0.38697146356548523 0.05306124400529702 0.38697146356548734
0.37745333731223124 0.04041137957107428 0.4757147820567092
0.37825943774967735 0.04105770400191318 0.4721591178424276
0.38976323920237127 0.06348825178295242 0.557976172067261
0.34890437464061586 0.04495475712332487 0.6871258132151513
0.3664952547101256 1.2888770382737315E-5 0.7643853846674747
0.43151572059644044 6.593401284253683E-5 0.11203761147168478
0.436867153077438 0.018200221826947624 0.19920494025569135
0.4757147820567076 0.0404113795710407 0.37745333731222896
0.4300799445219498 2.87903362513776E-5 0.4300799445219501
0.42987333332734823 3.1637244457274E-5 0.5181314472504139
0.4770323392576003 0.03919359809510044 0.5749774796010237
0.4343955013318967 9.892667269039842E-4 0.7054619444457327
0.4299300697653095 2.5069770858073544E-5 0.8393292389252314
0.5114384737236015 7.73589413549863E-5 0.11910407479724341
0.5189900223421375 4.1684894181416116E-5 0.2412687054303017
0.47215911784242964 0.04105770400187858 0.3782594377496745
0.5181314472504134 3.1637244457442484E-5 0.4298733333273468
0.5172717508524133 2.0502670021101245E-6 0.5172717508524116
0.4722244344293765 0.03975141708722714 0.5741685031304969
0.5206270070633636 0.00772711242181762 0.710225292399798
0.5140858889162956 2.0974696437189784E-5 0.8242335552732986
0.5799768421532105 2.9134038648737737E-5 0.15602306928407353
0.6189811592811996 0.019489868049851655 0.24608474086782564
0.5579761720673174 0.06348825178289565 0.3897632392023112
0.5749774796010133 0.03919359809512514 0.47703233925759553
0.5741685031304845 0.0397514170872542 0.4722244344293697
0.5632151826798293 0.04768867694522806 0.5632151826798285
0.6079337576255729 0.04450133549494599 0.7068778428076565
0.5811187081012196 7.709649615800839E-7 0.7680036687189861
0.6621425670679298 0.006486812110691249 0.07680168089267445
0.6814136143311118 1.675335293129088E-5 0.27962877007547376
0.6871258132151599 0.04495475712331931 0.348904374640625
0.705461944445728 9.8926672681672E-4 0.43439550133189486
0.7102252923998564 0.0077271124218513424 0.5206270070633443
0.7068778428076508 0.04450133549497691 0.6079337576255816
0.6735655877193123 2.5402853046664327E-4 0.6735655877193164
0.6753922546990664 2.1672623015437246E-5 0.8054539562956706
0.8032702161251847 3.459044431119357E-5 0.14244748651981937
0.8017592507875551 5.26040648055331E-5 0.2731906376400178
0.7643853846674782 1.288877038043592E-5 0.3664952547101274
0.839329238925242 2.5069770848787166E-5 0.4299300697653066
0.8242335552732506 2.0974696385376095E-5 0.5140858889162793
0.7680036687189844 7.709649677683542E-7 0.5811187081012205
0.8054539562956714 2.167262301378026E-5 0.6753922546990665
0.8064585464813963 0.0017935790812821071 0.806458546481396
0.15574365465702833 1.701896599933064E-5 0.15574365465702808
0.15673555853291532 6.000354159659814E-7 0.28046370056265185
0.19879374505400174 1.159407435994709E-4 0.3677863576616244
0.11721154937791992 5.0162317796436646E-5 0.430452263437174
0.1216449580195554 4.126049961051004E-5 0.517276699844686
0.19897918556588398 4.715443586659953E-5 0.5822073502890163
0.1448567536408145 3.808350492322165E-6 0.6710993524719671
0.15340388574306885 6.175149478175972E-5 0.7945957922741789
0.2804637005626497 6.000354178911077E-7 0.15673555853291463
0.20470536111061002 0.034229972805629255 0.20470536111061172
0.26288661321538015 0.0021282764076550878 0.3476268271533751
0.23569976099075854 1.861179728350108E-5 0.43535690159854507
0.23953960985273168 6.409574203410322E-5 0.5189768671570731
0.25043678322084756 0.008768973149440015 0.6144172086016086
0.20049630554175657 0.02201884536175876 0.7465502256182271
0.2781906159901536 3.2464911250963704E-6 0.7822717237456206
0.3677863576616231 1.1594074359969682E-4 0.1987937450540008
0.3476268271533767 0.002128276407647068 0.2628866132153809
0.38699517238616143 0.03950015086710004 0.38699517238616454
0.3763047087413846 0.01602838356550762 0.46904014628635754
0.3764282016629572 0.0033662381002019905 0.47076270415863425
0.3861049006622958 0.04472086061580677 0.5594985818673602
0.3530488553792836 0.004367337210879381 0.6836346994544673
0.3691691467149138 2.890500684525186E-6 0.7622411226382756
0.4304522634371759 5.016231779165927E-5 0.11721154937792379
0.4353569015985424 1.8611797226337617E-5 0.23569976099079162
0.46904014628641577 0.016028383566008303 0.376304708741413
0.42945566035305366 8.643206712358102E-6 0.42945566035305377
0.4298629376048903 2.8926027206307384E-5 0.5180747383086387
0.47482703712615737 0.02555696211841786 0.5779015162597386
0.4344944439599006 6.189813396608028E-6 0.7053393263304348
0.4312557408557676 2.4374185506751447E-5 0.8268386862004222
0.5172766998446895 4.126049961979914E-5 0.12164495801954738
0.5189768671570748 6.409574203942081E-5 0.23953960985273723
0.4707627041586375 0.0033662381001842725 0.3764282016629548
0.5180747383086383 2.8926027206099624E-5 0.4298629376048896
0.5173664042759747 8.227838454357465E-7 0.5173664042759728
0.47356518238334033 0.0123305481072872 0.578516953915173
0.5204668487029636 0.004879147005842705 0.7084624215954134
0.5156415033303665 4.546535532049399E-5 0.8173558473359751
0.5822073502890157 4.715443586692266E-5 0.19897918556588426
0.6144172086016181 0.00876897314945843 0.25043678322083357
0.5594985818674257 0.04472086061575382 0.38610490066224645
0.5779015162597605 0.025556962118073658 0.4748270371261654
0.5785169539151711 0.012330548107307106 0.4735651823833384
0.5640268498205544 0.04155935143897916 0.5640268498205551
0.613926009026696 0.007828098361902517 0.7053068347774152
0.5800402281512886 5.6612308453751845E-5 0.7588581715690548
0.6710993524719635 3.808350492024575E-6 0.1448567536408154
0.7465502256182295 0.022018845361754743 0.2004963055417585
0.6836346994544774 0.004367337210918771 0.35304885537928277
0.7053393263304335 6.189813359294183E-6 0.4344944439598979
0.7084624215954777 0.004879147005883926 0.5204668487029475
0.7053068347774057 0.007828098361888287 0.6139260090266899
0.6928566322763281 0.03858520400086489 0.6928566322763219
0.6734283641110516 3.740642802255893E-5 0.8015559198378776
0.7945957922741775 6.175149477850628E-5 0.15340388574306943
0.7822717237456183 3.2464911230869304E-6 0.27819061599015293
0.7622411226382791 2.8905006935976643E-6 0.3691691467149148
0.8268386862004302 2.437418550841132E-5 0.43125574085576657
0.8173558473359497 4.546535529917818E-5 0.5156415033303599
0.7588581715690522 5.6612308455373744E-5 0.580040228151291
0.8015559198378782 3.740642802042268E-5 0.6734283641110516
0.8006722985548136 6.549294541189637E-6 0.8006722985548135
0.16061901894679584 6.648158169232724E-6 0.16061901894679564
0.1592652918182084 1.4592351098798206E-5 0.2813866144831264
0.19694793597284904 1.3057211710678865E-5 0.36752795906863095
0.10045252281232109 2.3005076167800393E-6 0.425997388987981
0.07636384232943376 5.146522748161999E-8 0.5284172411290127
0.19705968776769411 8.308239542301236E-5 0.5829589671810725
0.14687197195401444 5.674554861021909E-7 0.6703599224084107
0.15752808490555664 8.912246617029786E-5 0.791235624780016
0.2813866144831241 1.459235110032229E-5 0.15926529181820775
0.2069881322470171 0.024249405679950375 0.20698813224701892
0.26391778736932137 0.008078392056138103 0.3491290781071636
0.23831143673859012 5.406356754273506E-5 0.4361283583766882
0.23891222345613308 6.640504092915287E-5 0.5188235281143702
0.25269939271454767 0.011697456429072545 0.6121355080180166
0.20601115514859916 0.01040423906984072 0.7512921793487025
0.2783763079037866 2.2583546499095656E-6 0.7837573525337838
0.3675279590686299 1.305721171105986E-5 0.19694793597284788
0.34912907810716526 0.0080783920561319 0.2639177873693221
0.38634074919021805 0.003045414195724041 0.38634074919021616
0.33116446235449637 4.974586107195643E-5 0.4302302907426019
0.33283051689409243 2.1632603632068916E-7 0.5175544951352296
0.3846050230916762 0.005077646932766685 0.5634119000025573
0.35519843849320043 6.912435342953875E-5 0.6827350192716093
0.3694903129500806 9.226970374132565E-6 0.7617769981717564
0.42599738898797823 2.3005076179320584E-6 0.10045252281231476
0.43612835837668823 5.4063567545154306E-5 0.23831143673858624
0.43023029074260194 4.974586107424968E-5 0.3311644623544951
0.42788371015769866 9.89950575385096E-6 0.4278837101576986
0.42883575121580025 6.116569365520558E-5 0.5191671416019424
0.4284237538000837 1.3992535576491164E-4 0.6116800344633961
0.4349074974059203 1.8606492878552782E-6 0.7059866896959939
0.4292137297679639 2.383208530664966E-5 0.8454650812230056
0.5284172411289912 5.14652028496681E-8 0.0763638423294771
0.5188235281143716 6.640504093028517E-5 0.23891222345613677
0.5175544951352316 2.163260327345414E-7 0.3328305168940903
0.519167141601942 6.11656936542575E-5 0.4288357512157995
0.5190616650746732 2.1181093999076195E-6 0.5190616650746731
0.5146562245528455 2.974320081131727E-5 0.6071288689197889
0.5207079876365128 2.1058879755192866E-5 0.699748226773206
0.5248724717490478 5.409648747442758E-7 0.8888770303271117
0.582958967181072 8.308239542351267E-5 0.19705968776769475
0.6121355080180294 0.011697456429099395 0.25269939271452946
0.5634119000026073 0.0050776469328449045 0.38460502309163225
0.6116800344633909 1.3992535576867182E-4 0.42842375380008985
0.6071288689197976 2.9743200810688868E-5 0.5146562245528514
0.5766168082492448 0.002225492399784622 0.5766168082492487
0.613629302379865 0.017220905744600133 0.7019829587044071
0.5800611395232596 1.773294390960042E-5 0.7588787501136858
0.6703599224084094 5.674554852385324E-7 0.14687197195401464
0.7512921793487045 0.010404239069843373 0.20601115514860013
0.6827350192716151 6.912435341070051E-5 0.3551984384931984
0.7059866896959944 1.860649285978043E-6 0.43490749740591794
0.6997482267732349 2.1058879735952245E-5 0.5207079876365098
0.7019829587043876 0.017220905744477977 0.6136293023798565
0.7418499037191478 0.013687006918850783 0.7418499037191472
0.6728983826822612 1.4838527793283666E-5 0.8000661346618226
0.7912356247800149 8.912246616830536E-5 0.157528084905557
0.783757352533782 2.2583546487374956E-6 0.2783763079037865
0.7617769981717601 9.226970385428498E-6 0.369490312950082
0.8454650812229939 2.3832085289052806E-5 0.4292137297679684
0.888877030327182 5.409649658143682E-7 0.524872471749061
0.7588787501136831 1.7732943910937404E-5 0.5800611395232622
0.8000661346618225 1.4838527790738173E-5 0.6728983826822608
0.7955787084910275 3.783834817786237E-6 0.7955787084910273
0.16948859659731777 1.4955021397895386E-5 0.16948859659731794
0.15257618485987498 4.74478603783607E-6 0.27842175438441896
0.17717685886362314 5.40862157112166E-5 0.37120118645990446
0.11539398789120518 4.9673414460456213E-5 0.43000711816731024
0.11390638880267351 2.47436163063377E-5 0.5189867190566246
0.1625377654325017 1.6711567628268692E-6 0.578117116523338
0.1368715436192215 3.0740217673198104E-6 0.6746770061177799
0.16246767845241758 3.218812589068436E-5 0.7865304917895218
0.27842175438441674 4.744786038086803E-6 0.1525761848598747
0.20712118093273668 0.01815579649250018 0.20712118093273849
0.26366730179221365 0.01008906605123204 0.3498103918088401
0.2378214465248478 5.049015169313704E-5 0.4366754532381602
0.23844893082075455 5.463555465374446E-6 0.5188057266574493
0.2546811620388411 0.011602388261677171 0.6112268650045654
0.206973876677657 0.0039238834372268255 0.7505390351896627
0.2737319563114218 5.645317712647147E-5 0.801194366116888
0.3712011864599031 5.4086215710418905E-5 0.1771768588636236
0.3498103918088416 0.010089066051225126 0.26366730179221426
0.3500029893382879 6.452579958913408E-6 0.3500029893382875
0.3396763654011436 1.0434739304697447E-4 0.42813213222199986
0.34031483378905003 1.5446240915359895E-4 0.5229226738373676
0.34456915522401765 1.3377397081293587E-5 0.5971853901259098
0.35522775625160813 8.255382018220386E-5 0.682754409039599
0.3676502970267559 2.4847851702895156E-6 0.7631202797853693
0.4300071181673106 4.967341445711019E-5 0.11539398789120663
0.43667545323816004 5.0490151698067125E-5 0.23782144652484455
0.4281321322219998 1.0434739304644977E-4 0.33967636540114304
0.4303162381828203 6.618624239528739E-5 0.430316238182821
0.42991132143621075 2.0301059052499985E-5 0.5178619327659385
0.4266579698936224 9.00629841658881E-5 0.6060799551989111
0.4355658489884414 7.0934523599291625E-6 0.7065539301430055
0.43011868411207277 1.8105353142067716E-7 0.8309422362418876
0.5189867190566262 2.474361631275503E-5 0.1139063888026698
0.5188057266574508 5.463555467542986E-6 0.23844893082075752
0.5229226738373679 1.5446240915488585E-4 0.34031483378904903
0.5178619327659362 2.0301059055387128E-5 0.42991132143621
0.5182798300790351 2.216721709103417E-5 0.5182798300790333
0.518718045228632 2.0033242970599814E-4 0.6033817048002119
0.5189472003705101 1.1728720483422956E-5 0.6994797803775595
0.5186637770384384 4.15726050786564E-5 0.8327895194964089
0.5781171165233369 1.6711567591001309E-6 0.16253776543250606
0.6112268650045761 0.011602388261699455 0.25468116203882313
0.597185390125918 1.33773970697505E-5 0.3445691552240109
0.6060799551989063 9.006298416849983E-5 0.4266579698936239
0.603381704800217 2.003324297036551E-4 0.5187180452286327
0.5812820519079263 2.8820785260640997E-4 0.5812820519079294
0.613912376596102 0.017324187976190623 0.7022666480672217
0.5811171587675278 3.4142290277036375E-5 0.7678600284937
0.6746770061177785 3.0740217683580932E-6 0.13687154361921947
0.750539035189663 0.003923883437230133 0.20697387667765746
0.6827544090396054 8.255382015850802E-5 0.35522775625160596
0.7065539301430076 7.0934523586689605E-6 0.43556584898843914
0.6994797803775865 1.1728720488700958E-5 0.5189472003705053
0.7022666480671979 0.017324187976044497 0.6139123765960913
0.741567939484143 0.012493778181825704 0.7415679394841426
0.674318361824572 5.532701485234345E-5 0.8031668916330319
0.7865304917895205 3.218812588911296E-5 0.1624676784524174
0.8011943661168867 5.645317713143396E-5 0.273731956311422
0.7631202797853714 2.484785163124945E-6 0.3676502970267578
0.8309422362418925 1.8105353104009848E-7 0.4301186841120731
0.8327895194964108 4.1572605078716374E-5 0.5186637770384432
0.767860028493698 3.414229028340618E-5 0.5811171587675287
0.8031668916330328 5.5327014851828264E-5 0.674318361824572
0.7895703192361962 2.9051747603856944E-5 0.789570319236196
0.19999956416238412 9.069779374298469E-5 0.19999956416238526
0.15916146042822032 2.0776716327411845E-5 0.2812574739226342
0.2026937374820315 2.0596072673467346E-7 0.3681939548730052
0.1665257521314929 0.020259484165593134 0.48087094349810894
0.16690814301629517 0.023810694249786164 0.47852141348640426
0.20417149378333943 1.8261103824921638E-4 0.5815710716088122
0.15932104040748196 1.4261613346614232E-6 0.666012056676718
0.20235493494148765 1.6770193053337233E-5 0.7453752558795466
0.28125747392263223 2.077671632824583E-5 0.1591614604282197
0.2680248235287465 3.9919333829291266E-6 0.2680248235287452
0.2731494979550517 2.2518055365975276E-5 0.35320485063288604
0.2572300635790091 9.019031243980566E-5 0.4333203830186726
0.2569003771376116 3.0721211370559625E-5 0.5184637400079132
0.2755793689985713 2.407279001609325E-4 0.5991530397473573
0.27826339552460916 1.9344112965027886E-5 0.6842895244223656
0.2773442277637847 1.8655065136700656E-5 0.7890117496434104
0.3681939548730043 2.0596072711291094E-7 0.20269373748203132
0.3532048506328861 2.2518055376549717E-5 0.27314949795505006
0.3488097882621319 7.528873578645283E-5 0.3488097882621315
0.33501580150050914 1.0377583634185616E-6 0.4300693417692325
0.33517104111550294 4.506132849403679E-5 0.5184063981728302
0.34206197191305376 2.088025283620825E-5 0.5994562242349135
0.3511573124130065 1.0573153476501403E-4 0.6783737708276046
0.3696376115078343 1.1808771194611649E-5 0.7612752514561301
0.48087094349811726 0.02025948416559902 0.16652575213149648
0.4333203830186724 9.019031243918997E-5 0.2572300635790068
0.43006934176923295 1.037758365482537E-6 0.33501580150050825
0.4303772076569423 7.695661431490517E-5 0.43037720765694276
0.42960858295296733 5.311267408291044E-6 0.5182940499659545
0.42777735000047284 3.863368876305749E-5 0.6081965051314844
0.4313684757881327 1.082253486046198E-5 0.6918916443290175
0.46720290277670895 1.9492246270779392E-4 0.7757831381578575
0.4785214134864128 0.023810694249784055 0.16690814301629964
0.518463740007913 3.0721211371416836E-5 0.256900377137612
0.5184063981728316 4.5061328491386674E-5 0.33517104111550117
0.5182940499659536 5.311267409013204E-6 0.4296085829529663
0.5173476495049236 2.7928342530312803E-6 0.517347649504922
0.515956325630785 7.973814271843989E-5 0.6036931666971794
0.5192736078279051 1.9012261324081915E-5 0.6840127621613415
0.4802190678912294 0.0010469343203730979 0.7745421914477199
0.5815710716088114 1.8261103824931106E-4 0.20417149378333843
0.5991530397473559 2.4072790015248905E-4 0.2755793689985748
0.5994562242349164 2.0880252837375636E-5 0.34206197191305204
0.6081965051314795 3.863368876210225E-5 0.4277773500004756
0.6036931666971856 7.97381427177669E-5 0.5159563256307889
0.6091827753020931 2.2586293761157024E-4 0.6091827753020945
0.6017757474789184 1.8988296628429682E-4 0.6782520861362736
0.5800370001264274 5.438361527965185E-5 0.7597396946356155
0.6660120566767176 1.4261613340249186E-6 0.15932104040748243
0.6842895244223662 1.9344112961717386E-5 0.2782633955246085
0.6783737708276062 1.0573153476129478E-4 0.3511573124130054
0.6918916443290154 1.082253485295123E-5 0.43136847578813114
0.6840127621613483 1.901226133167181E-5 0.519273607827904
0.6782520861362729 1.8988296628368544E-4 0.6017757474789172
0.6753370145529259 4.8275946061228565E-6 0.6753370145529286
0.672594590655245 2.261639937791369E-5 0.7988489126284408
0.7453752558795456 1.677019305301778E-5 0.2023549349414878
0.7890117496434075 1.8655065135887654E-5 0.2773442277637846
0.7612752514561334 1.1808771202231219E-5 0.36963761150783575
0.7757831381578517 1.9492246286866518E-4 0.46720290277673554
0.7745421914477322 0.001046934320299809 0.4802190678911667
0.7597396946356136 5.438361528208087E-5 0.5800370001264287
0.7988489126284413 2.2616399375890162E-5 0.6725945906552451
0.7407875873054622 1.0746949719844753E-4 0.7407875873054613
