512
0.27344124559912547 2.581145976629013E-6 0.27344124559912464
0.20854145263407078 0.05060679429683617 0.29240400632086266
0.27003637627073623 2.084779233951571E-4 0.35104624123484085
0.23944822631306978 2.1390388984560257E-5 0.43673361515344095
0.23851024674147106 8.21714440613022E-5 0.5189114382020792
0.2724986703525638 7.033951049452956E-5 0.6030519775801392
0.27523742261623385 2.554091982875348E-6 0.6855164964374121
0.29513496647736454 1.5753676534323425E-5 0.7165806052120208
0.292404006320864 0.05060679429684749 0.20854145263406618
0.263477656102446 0.029948770631795657 0.2634776561024461
0.33839615277172086 5.464769605694115E-4 0.3365236967792168
0.31583929960299995 0.037940071969065486 0.4247804582407946
0.2882908378237095 0.05613661395407509 0.5398450283375175
0.33068079857343774 6.076664137316576E-4 0.6089280779311004
0.26862626154139163 0.036604284184669926 0.6851960189493224
0.2964933033610722 0.053472045806350614 0.7394622353793137
0.35104624123484174 2.0847792341667707E-4 0.2700363762707335
0.3365236967792167 5.46476960568645E-4 0.33839615277172114
0.3387171175840989 0.02076914637229032 0.33871711758409945
0.33555201041049515 0.016292222912578695 0.4308878636615888
0.33491491733747725 0.016100868608623014 0.5183058362155787
0.3342376240954384 0.028834463766993234 0.6083983858358555
0.33275645796087067 5.541704251460171E-4 0.6110753948672125
0.3673170075750461 0.02961926034723899 0.7700522596565852
0.4367336151534404 2.1390388996551967E-5 0.23944822631306265
0.4247804582408005 0.037940071969041894 0.3158392996030147
0.4308878636615858 0.016292222912569605 0.33555201041049104
0.42856269160630994 3.739890981521908E-5 0.42856269160631083
0.427569530300651 4.998934673268303E-4 0.5193739737147398
0.4258747506088206 0.017917155424081743 0.6206571999169719
0.4262253506234201 1.0029468607572017E-4 0.6168898034831511
0.44413190884066395 0.05920836230441722 0.7880868012626089
0.5189114382020803 8.217144405731883E-5 0.23851024674147553
0.5398450283375253 0.05613661395410881 0.2882908378237321
0.5183058362155796 0.01610086860862009 0.33491491733746986
0.5193739737147365 4.998934673295484E-4 0.4275695303006517
0.5186960705984648 0.0043604035599969755 0.518696070598463
0.5142441607475857 0.016884182227263213 0.6133625160707056
0.5152634246572074 6.599807057653779E-5 0.6129138279295123
0.5020184254213875 0.05240445465682876 0.775545872329924
0.603051977580139 7.033951048108109E-5 0.2724986703525677
0.6089280779311055 6.076664137420879E-4 0.3306807985734349
0.608398385835875 0.028834463766977316 0.33423762409541835
0.6206571999169648 0.017917155424049747 0.42587475060882446
0.6133625160707303 0.016884182227300516 0.514244160747587
0.6078919858060187 0.03656558765215171 0.6078919858060227
0.5941625016354265 0.014858080201750255 0.6602445771234057
0.5859228418721593 0.02574925738817993 0.7720384458717187
0.6855164964374165 2.5540919810377187E-6 0.2752374226162351
0.6851960189493231 0.03660428418468209 0.2686262615413918
0.6110753948672095 5.541704251731529E-4 0.3327564579608669
0.6168898034831547 1.0029468608048489E-4 0.4262253506234268
0.6129138279295265 6.599807059380864E-5 0.5152634246572136
0.6602445771234144 0.01485808020178518 0.5941625016354157
0.6486555333059444 2.0632285280866762E-4 0.6486555333059542
0.6568127196215595 0.03305624747946434 0.7400838733059236
0.7165806052120088 1.575367651555636E-5 0.29513496647736076
0.7394622353793164 0.05347204580634793 0.29649330336107466
0.7700522596565879 0.02961926034724185 0.36731700757504787
0.7880868012625944 0.05920836230442396 0.44413190884067255
0.7755458723299562 0.0524044546568293 0.5020184254213996
0.7720384458717221 0.0257492573882009 0.5859228418721656
0.7400838733059236 0.03305624747946721 0.6568127196215626
0.7395916089143226 0.027444122974817384 0.7395916089143222
0.20410195853432925 3.349533490564372E-5 0.2041019585343311
0.14942222905476607 0.0030340802411847547 0.27497887197375187
0.143763027744469 0.04625300651524199 0.38989770844400085
0.3193060526882806 4.0255581639616E-5 0.4254399044502794
0.3306169858703569 6.573059111917564E-5 0.5209362254587283
0.14747748547598027 0.0380030161100819 0.5599470323377843
0.20649799592087498 0.002350768405808277 0.6609652928378386
0.2141048785601397 1.735589593575214E-4 0.7275531602460678
0.2749788719737504 0.0030340802411790383 0.14942222905476701
0.26298165279373703 0.03042818733982569 0.26298165279373764
0.3344242576391989 4.731173073854621E-6 0.33634451848164576
0.3285803848992243 3.210452679722512E-5 0.4290090055994236
0.33665210871016915 2.737639534007978E-4 0.5188536809293861
0.3259958232524173 1.8447392406645705E-5 0.6049648449809258
0.26832187377608996 0.033014919729105245 0.6865121740618291
0.2688525213961175 0.04150274261844037 0.814463459407256
0.3898977084440073 0.04625300651524005 0.1437630277444715
0.33634451848164654 4.7311730728739706E-6 0.33442425763919764
0.33959005634811024 0.020787546830967056 0.3395900563481111
0.3280795176085901 1.1073642151353365E-4 0.42868564047589336
0.3350271645405817 3.459718585835378E-5 0.5181106820398453
0.33522429999043 0.025534644306298284 0.607007694378393
0.3382344820975744 2.010457639631033E-4 0.62462336106957
0.3451921034913204 0.01843478467593129 0.8670389799885585
0.4254399044502784 4.025558163792345E-5 0.31930605268828105
0.42900900559942423 3.2104526794628105E-5 0.32858038489922425
0.4286856404758936 1.107364215108279E-4 0.3280795176085887
0.43016401349791417 6.163726837243462E-5 0.43016401349791494
0.4290143976043014 5.401349623354167E-5 0.5181840902179231
0.42492349270292795 1.0733650299001409E-8 0.6180303226756856
0.42728898769077966 9.485717594201113E-5 0.6424230050586196
0.4349923424348354 1.7884418427384667E-7 0.7061046233623551
0.5209362254587284 6.573059112082721E-5 0.33061698587035854
0.5188536809293887 2.7376395340374864E-4 0.3366521087101651
0.5181106820398474 3.4597185859110574E-5 0.3350271645405775
0.5181840902179198 5.40134962361031E-5 0.4290143976043014
0.5185323080819622 0.001307100202548688 0.5185323080819605
0.5204177431351202 1.0825076797490863E-4 0.614814744385538
0.5361328089972136 3.0445335513062927E-6 0.6418507764741203
0.5091862924993317 5.861030546275057E-6 0.7349084619500237
0.5599470323377895 0.038003016110079335 0.14747748547598305
0.604964844980929 1.844739241395745E-5 0.32599582325241716
0.6070076943784128 0.025534644306291883 0.3352242999904103
0.618030322675684 1.0733642715938949E-8 0.42492349270292695
0.6148147443855525 1.082507679953871E-4 0.5204177431351232
0.5804161353218534 0.04536245849990315 0.5804161353218581
0.6005763961611542 9.468064597023838E-5 0.6510595132271775
0.6046736059065398 0.012701087248881363 0.8704138796398765
0.6609652928378352 0.0023507684058072832 0.20649799592087467
0.6865121740618323 0.03301491972912256 0.26832187377608957
0.6246233610695682 2.0104576398873427E-4 0.3382344820975767
0.6424230050586209 9.485717593479403E-5 0.4272889876907851
0.6418507764741058 3.0445335675162095E-6 0.5361328089972194
0.6510595132271636 9.468064583902189E-5 0.600576396161166
0.6846788273534564 0.06216737631357643 0.6846788273534609
0.680329236786661 0.03908899321312761 0.814645410497871
0.72755316024607 1.7355895938452078E-4 0.2141048785601383
0.8144634594072543 0.0415027426184428 0.26885252139611787
0.8670389799885672 0.01843478467593021 0.3451921034913192
0.7061046233623628 1.7884418257378378E-7 0.43499234243483437
0.734908461949918 5.8610305435380495E-6 0.5091862924993655
0.8704138796398693 0.012701087248885641 0.6046736059065315
0.8146454104978752 0.039088993213129045 0.6803292367866589
0.7221315712298477 6.190139541237734E-5 0.7221315712298476
0.1366057406051366 0.019694128942788793 0.13660574060513586
0.1503456211628758 0.0031182856195937263 0.2761124319086664
0.14071986497379985 0.0039051052099611265 0.3608475828091243
0.25926392126293063 5.319431540298126E-7 0.4359628490832859
0.26483211043871735 7.005517140081877E-5 0.516889020773057
0.13962960236765568 0.004267724637624468 0.5830420125095302
0.16475746776738534 0.01978494484740054 0.6529790841558253
0.15007770430657613 0.0369310660459727 0.8093106000435758
0.27611243190866475 0.003118285619589799 0.1503456211628764
0.26625751938255404 1.0598085728511337E-4 0.2662575193825523
0.2632264481552236 0.054343279902616795 0.3522461662573196
0.22464246722657033 0.05897974938232304 0.4337600556993766
0.22741980248576446 0.051152816815197164 0.5223485432387995
0.24808345558089012 0.05821195635482936 0.6122036353352632
0.27781550430512064 3.7058725880977413E-6 0.6835853503980226
0.26971032794701527 0.0022396580911303353 0.8064309760476224
0.36084758280912155 0.0039051052099592846 0.140719864973796
0.35224616625731675 0.05434327990261041 0.263226448155225
0.3711818643087552 0.05176453339442374 0.3711818643087545
0.33520055985410546 4.267652218300881E-5 0.42776444406953734
0.3355263211984897 1.223363600217069E-5 0.5197664631874295
0.36553696932151347 0.03905202726968311 0.5844516948258057
0.35490916425169483 0.05560131229993346 0.6834831583881371
0.3659820579789029 9.694839511375306E-6 0.7664560894812503
0.4359628490832861 5.319431549041098E-7 0.2592639212629292
0.4337600556993723 0.0589797493823179 0.22464246722657666
0.4277644440695368 4.267652218173577E-5 0.3352005598541043
0.42981237040107007 1.9924843564153196E-5 0.42981237040107056
0.4298162250902088 2.4021589894309804E-6 0.5186281897315417
0.40427631935980196 1.3859702452566068E-4 0.6145904847303305
0.435821702335858 0.02276779415370599 0.7124856813570627
0.43533964295810723 7.002375548849622E-6 0.69390606135477
0.5168890207730563 7.00551713985539E-5 0.2648321104387166
0.5223485432387971 0.05115281681520202 0.227419802485765
0.5197664631874301 1.2233636003996867E-5 0.335526321198488
0.5186281897315399 2.402158990915382E-6 0.42981622509020784
0.5164886472078081 2.539394228626161E-7 0.5164886472078065
0.5517559511045624 2.743693663157219E-4 0.6185322339880455
0.5176591711132941 0.06008478546682154 0.7015823421512514
0.5169722658931711 3.578289073868327E-5 0.6850273453332626
0.5830420125095293 0.004267724637625062 0.139629602367665
0.6122036353352607 0.05821195635481601 0.24808345558088774
0.5844516948256608 0.039052027269853046 0.36553696932168706
0.614590484730332 1.3859702451850568E-4 0.40427631935979
0.6185322339880531 2.7436936631467537E-4 0.5517559511045605
0.5702174434919592 0.061068927176011735 0.5702174434919617
0.5950101141381527 0.0011391625423024855 0.6603475338904681
0.5817849017684839 3.052969009277125E-5 0.7712631681491977
0.6529790841558262 0.01978494484739875 0.16475746776739214
0.6835853503980254 3.7058725914690578E-6 0.277815504305121
0.6834831583881422 0.05560131229992469 0.35490916425169905
0.7124856813570336 0.02276779415356885 0.4358217023358549
0.7015823421512728 0.060084785466839825 0.5176591711132835
0.6603475338904483 0.0011391625424573035 0.5950101141381339
0.6734672236652068 5.98706270189676E-5 0.6734672236652101
0.6760843631288187 1.0438542026550203E-4 0.8061049331921106
0.8093106000435787 0.03693106604598455 0.15007770430657355
0.8064309760476254 0.002239658091136851 0.26971032794701594
0.7664560894812547 9.694839515438296E-6 0.3659820579789037
0.6939060613547741 7.002375553165431E-6 0.43533964295810806
0.6850273453332533 3.5782890743668756E-5 0.5169722658931726
0.7712631681491987 3.052969010481924E-5 0.5817849017684855
0.8061049331921132 1.04385420263136E-4 0.6760843631288187
0.7949044083742367 0.04325597555080005 0.7949044083742368
0.14588853777659325 4.021912979548431E-4 0.14588853777659413
0.15055061889970067 2.97862927266959E-4 0.2766077163417151
0.17048227716261494 1.0202610679101867E-4 0.3695151126798679
0.11203761147164235 6.59340128481788E-5 0.4315157205964249
0.11910407479728931 7.735894134046788E-5 0.5114384737235844
0.15602306928406887 2.913403864627781E-5 0.5799768421532133
0.1171701918352889 0.0018724350531881266 0.6612700379084714
0.1463153211079104 0.004737292836584715 0.8007565008936895
0.2766077163417133 2.978629272661636E-4 0.15055061889970073
0.27109697999117266 8.798456685097026E-7 0.27109697999117227
0.26231305129304405 0.056923579865129845 0.3499217848464002
0.22207274657990958 0.04794693966843427 0.4358334501748043
0.23354578109646532 0.01424980841816433 0.520336123663717
0.24921243456124398 0.05906479745054332 0.6125792089782477
0.2796287700754742 1.6753352925067077E-5 0.68141361433111
0.2731906376400177 5.2604064803908624E-5 0.8017592507875564
0.3695151126798661 1.0202610679013826E-4 0.1704822771626158
0.34992178484639747 0.05692357986513152 0.2623130512930445
0.3870074633343964 0.07237135019413467 0.3870074633343947
0.3814811101916236 0.07198672103548523 0.47771505810534337
0.3826029899514023 0.07309978265042215 0.47339073557198375
0.389339534661935 0.07624059006792308 0.5613521065298182
0.35358010828539926 0.06522606842181515 0.6831253997992226
0.3664952547101256 1.2888770382737315E-5 0.7643853846674747
0.43151572059644044 6.593401284253683E-5 0.11203761147168478
0.4358334501747995 0.04794693966842298 0.22207274657992881
0.47771505810534354 0.07198672103548315 0.3814811101916211
0.4300799445219498 2.87903362513776E-5 0.4300799445219501
0.42987333332734823 3.1637244457274E-5 0.5181314472504139
0.4788248810276257 0.07182469885950847 0.5762798409593923
0.4354844825934202 0.007543098044076572 0.7118325187555823
0.4299300697653095 2.5069770858073544E-5 0.8393292389252314
0.5114384737236015 7.73589413549863E-5 0.11910407479724341
0.5203361236637184 0.014249808418221401 0.23354578109645682
0.47339073557198436 0.07309978265041904 0.3826029899513997
0.5181314472504134 3.1637244457442484E-5 0.4298733333273468
0.5172717508524133 2.0502670021101245E-6 0.5172717508524116
0.4732374674093928 0.07216471565738308 0.5760334396124128
0.5173725236001463 0.05650653469339698 0.7018093760977863
0.5140858889162956 2.0974696437189784E-5 0.8242335552732986
0.5799768421532105 2.9134038648737737E-5 0.15602306928407353
0.6125792089782474 0.059064797450540524 0.2492124345612438
0.561352106529823 0.076240590067891 0.38933953466192756
0.5762798409593891 0.07182469885951143 0.47882488102762333
0.5760334396124066 0.07216471565738547 0.47323746740938905
0.5658985739937447 0.07161742087430406 0.5658985739937454
0.6004321189170679 0.06510370225304643 0.7005908320508905
0.5811187081012196 7.709649615800839E-7 0.7680036687189861
0.6612700379084746 0.0018724350531788714 0.11717019183528905
0.6814136143311118 1.675335293129088E-5 0.27962877007547376
0.683125399799228 0.06522606842182006 0.3535801082854045
0.711832518755551 0.007543098043941268 0.4354844825934171
0.701809376097813 0.056506534693415704 0.5173725236001339
0.7005908320508758 0.0651037022530586 0.6004321189170814
0.6735655877193123 2.5402853046664327E-4 0.6735655877193164
0.6753922546990664 2.1672623015437246E-5 0.8054539562956706
0.8007565008936889 0.004737292836575104 0.14631532110791062
0.8017592507875551 5.26040648055331E-5 0.2731906376400178
0.7643853846674782 1.288877038043592E-5 0.3664952547101274
0.839329238925242 2.5069770848787166E-5 0.4299300697653066
0.8242335552732506 2.0974696385376095E-5 0.5140858889162793
0.7680036687189844 7.709649677683542E-7 0.5811187081012205
0.8054539562956714 2.167262301378026E-5 0.6753922546990665
0.8020494295175213 0.0027295945636371896 0.802049429517521
0.15574365465702833 1.701896599933064E-5 0.15574365465702808
0.15673555853291532 6.000354159659814E-7 0.28046370056265185
0.19879374505400174 1.159407435994709E-4 0.3677863576616244
0.11721154937791992 5.0162317796436646E-5 0.430452263437174
0.1216449580195554 4.126049961051004E-5 0.517276699844686
0.19897918556588398 4.715443586659953E-5 0.5822073502890163
0.1448567536408145 3.808350492322165E-6 0.6710993524719671
0.15340388574306885 6.175149478175972E-5 0.7945957922741789
0.2804637005626497 6.000354178911077E-7 0.15673555853291463
0.21273238994877944 0.0743600518647007 0.212732389948781
0.2614999830345028 0.054755852382826396 0.34592842145329206
0.22985700372196327 0.001619174582652519 0.43606721788978325
0.23904179949558613 8.517844853574354E-4 0.5189723609003364
0.25033295680714274 0.04795394830039884 0.61304687322457
0.2083211645043129 0.06932287736964537 0.7312151328007401
0.2781906159901536 3.2464911250963704E-6 0.7822717237456206
0.3677863576616231 1.1594074359969682E-4 0.1987937450540008
0.3459284214532922 0.05475585238282524 0.261499983034503
0.3872880810594638 0.06656160985040471 0.3872880810594629
0.36626365221997165 0.010806120116374378 0.4629699098121237
0.37885363292761365 0.05544800003619627 0.47501562973115763
0.3866513294652824 0.07166882769152853 0.5613458526649356
0.3510274088746477 0.05432043220457898 0.6836318838871448
0.3691691467149138 2.890500684525186E-6 0.7622411226382756
0.4304522634371759 5.016231779165927E-5 0.11721154937792379
0.4360672178897802 0.0016191745825888534 0.22985700372200146
0.4629699098121554 0.010806120116423467 0.3662636522200019
0.42945566035305366 8.643206712358102E-6 0.42945566035305377
0.4298629376048903 2.8926027206307384E-5 0.5180747383086387
0.47439871374559317 0.022460750202322965 0.5774015567689363
0.4349873555101635 0.0037521079072938687 0.7072345520067307
0.4312557408557676 2.4374185506751447E-5 0.8268386862004222
0.5172766998446895 4.126049961979914E-5 0.12164495801954738
0.5189723609003379 8.517844853626112E-4 0.23904179949559107
0.47501562973115735 0.055448000036194364 0.37885363292761104
0.5180747383086383 2.8926027206099624E-5 0.4298629376048896
0.5173664042759747 8.227838454357465E-7 0.5173664042759728
0.47372950524155194 0.047319428173453054 0.5766376597744648
0.5176287279182941 0.05052406139352567 0.702569499827481
0.5156415033303665 4.546535532049399E-5 0.8173558473359751
0.5822073502890157 4.715443586692266E-5 0.19897918556588426
0.6130468732245701 0.04795394830040122 0.25033295680714107
0.5613458526649391 0.07166882769152152 0.38665132946527875
0.5774015567689383 0.022460750202280975 0.47439871374559234
0.5766376597744621 0.0473194281734536 0.47372950524155044
0.5644302330499662 0.07010242808879284 0.5644302330499683
0.6066057333927617 0.05721704923014776 0.7027258392672234
0.5800402281512886 5.6612308453751845E-5 0.7588581715690548
0.6710993524719635 3.808350492024575E-6 0.1448567536408154
0.7312151328007438 0.06932287736964228 0.20832116450431218
0.6836318838871519 0.05432043220459228 0.35102740887464423
0.7072345520067322 0.003752107907275577 0.4349873555101609
0.7025694998275126 0.05052406139354088 0.5176287279182838
0.7027258392672088 0.05721704923012677 0.6066057333927614
0.6861156909480062 0.06857606224559067 0.6861156909480063
0.6734283641110516 3.740642802255893E-5 0.8015559198378776
0.7945957922741775 6.175149477850628E-5 0.15340388574306943
0.7822717237456183 3.2464911230869304E-6 0.27819061599015293
0.7622411226382791 2.8905006935976643E-6 0.3691691467149148
0.8268386862004302 2.437418550841132E-5 0.43125574085576657
0.8173558473359497 4.546535529917818E-5 0.5156415033303599
0.7588581715690522 5.6612308455373744E-5 0.580040228151291
0.8015559198378782 3.740642802042268E-5 0.6734283641110516
0.7999809772996956 1.2968091356302957E-6 0.7999809772996955
0.16061901894679584 6.648158169232724E-6 0.16061901894679564
0.1592652918182084 1.4592351098798206E-5 0.2813866144831264
0.19694793597284904 1.3057211710678865E-5 0.36752795906863095
0.1005668812388998 4.744670880943167E-5 0.42581195057056637
0.07636384232943376 5.146522748161999E-8 0.5284172411290127
0.19705968776769411 8.308239542301236E-5 0.5829589671810725
0.14694546588535026 4.857631574899932E-5 0.6702756284562692
0.15752808490555664 8.912246617029786E-5 0.791235624780016
0.2813866144831241 1.459235110032229E-5 0.15926529181820775
0.21555801757082035 0.07380697076545302 0.21555801757082216
0.26741198572074637 0.051869009003645154 0.34630044470038523
0.23831143673859012 5.406356754273506E-5 0.4361283583766882
0.23891222345613308 6.640504092915287E-5 0.5188235281143702
0.2528042270876692 0.04377970143450915 0.6120177290008499
0.21199965443059152 0.06478990023992584 0.7385419104812373
0.2783763079037866 2.2583546499095656E-6 0.7837573525337838
0.3675279590686299 1.305721171105986E-5 0.19694793597284788
0.3463004447003859 0.05186900900364453 0.26741198572074615
0.38566381683279666 0.052410029684609574 0.38566381683279555
0.33116446235449637 4.974586107195643E-5 0.4302302907426019
0.33283051689409243 2.1632603632068916E-7 0.5175544951352296
0.38496087033014204 0.053024101198718754 0.5631637500674649
0.35574868077702926 0.0139214230896098 0.6820761752036535
0.3694903129500806 9.226970374132565E-6 0.7617769981717564
0.42581195057056354 4.7446708810584255E-5 0.10056688123889349
0.43612835837668823 5.4063567545154306E-5 0.23831143673858624
0.43023029074260194 4.974586107424968E-5 0.3311644623544951
0.42788371015769866 9.89950575385096E-6 0.4278837101576986
0.42883575121580025 6.116569365520558E-5 0.5191671416019424
0.4284237538000837 1.3992535576491164E-4 0.6116800344633961
0.43482255440858836 2.7593892270451276E-6 0.705865338512229
0.4292137297679639 2.383208530664966E-5 0.8454650812230056
0.5284172411289912 5.14652028496681E-8 0.0763638423294771
0.5188235281143716 6.640504093028517E-5 0.23891222345613677
0.5175544951352316 2.163260327345414E-7 0.3328305168940903
0.519167141601942 6.11656936542575E-5 0.4288357512157995
0.5190616650746732 2.1181093999076195E-6 0.5190616650746731
0.5146562245528455 2.974320081131727E-5 0.6071288689197889
0.5208166775116048 1.3901724241504557E-4 0.6996858871379683
0.5248702321500305 2.873524441212361E-5 0.8884726361870711
0.582958967181072 8.308239542351267E-5 0.19705968776769475
0.6120177290008507 0.043779701434513096 0.2528042270876653
0.5631637500674774 0.05302410119870868 0.38496087033013104
0.6116800344633909 1.3992535576867182E-4 0.42842375380008985
0.6071288689197976 2.9743200810688868E-5 0.5146562245528514
0.5683796383806101 0.052196648967555284 0.5683796383806129
0.6087409025447353 0.0434263639852 0.699951841240819
0.5800611395232596 1.773294390960042E-5 0.7588787501136858
0.6702756284562679 4.857631574813466E-5 0.14694546588535048
0.7385419104812391 0.0647899002399296 0.21199965443059196
0.6820761752036568 0.013921423089603494 0.3557486807770309
0.7058653385122328 2.7593892386369124E-6 0.4348225544085866
0.6996858871379974 1.390172423969145E-4 0.5208166775116022
0.6999518412408077 0.0434263639851743 0.608740902544734
0.7386221027923543 0.03776934672635817 0.7386221027923535
0.6728983826822612 1.4838527793283666E-5 0.8000661346618226
0.7912356247800149 8.912246616830536E-5 0.157528084905557
0.783757352533782 2.2583546487374956E-6 0.2783763079037865
0.7617769981717601 9.226970385428498E-6 0.369490312950082
0.8454650812229939 2.3832085289052806E-5 0.4292137297679684
0.8884726361871423 2.8735244502479442E-5 0.5248702321500438
0.7588787501136831 1.7732943910937404E-5 0.5800611395232622
0.8000661346618225 1.4838527790738173E-5 0.6728983826822608
0.7953341960487672 3.050951523945682E-5 0.795334196048767
0.16948859659731777 1.4955021397895386E-5 0.16948859659731794
0.15257618485987498 4.74478603783607E-6 0.27842175438441896
0.17717685886362314 5.40862157112166E-5 0.37120118645990446
0.11539398789120518 4.9673414460456213E-5 0.43000711816731024
0.11390638880267351 2.47436163063377E-5 0.5189867190566246
0.16266482166187082 9.047220834240803E-5 0.5780239032432172
0.13698401185016135 6.916498634594497E-5 0.6745845776724493
0.16246767845241758 3.218812589068436E-5 0.7865304917895218
0.27842175438441674 4.744786038086803E-6 0.1525761848598747
0.21558920184857597 0.07033740793032973 0.2155892018485778
0.26778086615154734 0.04747714772039947 0.3469134206090669
0.2378214465248478 5.049015169313704E-5 0.4366754532381602
0.23844893082075455 5.463555465374446E-6 0.5188057266574493
0.2595072368706255 0.050163731429317175 0.6110828075534692
0.21303946822125694 0.062046641743205004 0.7390355973819225
0.2737319563114218 5.645317712647147E-5 0.801194366116888
0.3712011864599031 5.4086215710418905E-5 0.1771768588636236
0.34691342060906744 0.0474771477203983 0.2677808661515472
0.3500029893382879 6.452579958913408E-6 0.3500029893382875
0.3396763654011436 1.0434739304697447E-4 0.42813213222199986
0.34031483378905003 1.5446240915359895E-4 0.5229226738373676
0.34456915522401765 1.3377397081293587E-5 0.5971853901259098
0.3555552960041808 0.005911882509059295 0.6820147685672026
0.3676502970267559 2.4847851702895156E-6 0.7631202797853693
0.4300071181673106 4.967341445711019E-5 0.11539398789120663
0.43667545323816004 5.0490151698067125E-5 0.23782144652484455
0.4281321322219998 1.0434739304644977E-4 0.33967636540114304
0.4303162381828203 6.618624239528739E-5 0.430316238182821
0.42991132143621075 2.0301059052499985E-5 0.5178619327659385
0.4266579698936224 9.00629841658881E-5 0.6060799551989111
0.43587377137219374 4.081331425095871E-6 0.7066803226867628
0.43011868411207277 1.8105353142067716E-7 0.8309422362418876
0.5189867190566262 2.474361631275503E-5 0.1139063888026698
0.5188057266574508 5.463555467542986E-6 0.23844893082075752
0.5229226738373679 1.5446240915488585E-4 0.34031483378904903
0.5178619327659362 2.0301059055387128E-5 0.42991132143621
0.5182798300790351 2.216721709103417E-5 0.5182798300790333
0.518718045228632 2.0033242970599814E-4 0.6033817048002119
0.5188282527485798 1.3317349107069799E-5 0.6994309259907591
0.5186637770384384 4.15726050786564E-5 0.8327895194964089
0.5780239032432162 9.047220833873056E-5 0.1626648216618752
0.61108280755347 0.05016373142932215 0.25950723687062327
0.597185390125918 1.33773970697505E-5 0.3445691552240109
0.6060799551989063 9.006298416849983E-5 0.4266579698936239
0.603381704800217 2.003324297036551E-4 0.5187180452286327
0.5812820519079263 2.8820785260640997E-4 0.5812820519079294
0.6091775881206719 0.03880656507806598 0.7000936751652725
0.5811171587675278 3.4142290277036375E-5 0.7678600284937
0.6745845776724478 6.91649863469721E-5 0.13698401185015938
0.7390355973819233 0.062046641743209 0.2130394682212565
0.6820147685672051 0.005911882509049969 0.35555529600418134
0.7066803226867646 4.081331426528444E-6 0.43587377137219147
0.6994309259907857 1.3317349112507344E-5 0.5188282527485752
0.7000936751652574 0.03880656507803458 0.6091775881206694
0.7388645480092179 0.03066934616646391 0.7388645480092171
0.674318361824572 5.532701485234345E-5 0.8031668916330319
0.7865304917895205 3.218812588911296E-5 0.1624676784524174
0.8011943661168867 5.645317713143396E-5 0.273731956311422
0.7631202797853714 2.484785163124945E-6 0.3676502970267578
0.8309422362418925 1.8105353104009848E-7 0.4301186841120731
0.8327895194964108 4.1572605078716374E-5 0.5186637770384432
0.767860028493698 3.414229028340618E-5 0.5811171587675287
0.8031668916330328 5.5327014851828264E-5 0.674318361824572
0.7895703192361962 2.9051747603856944E-5 0.789570319236196
0.19999956416238412 9.069779374298469E-5 0.19999956416238526
0.15916146042822032 2.0776716327411845E-5 0.2812574739226342
0.2026937374820315 2.0596072673467346E-7 0.3681939548730052
0.16747036244207691 0.012938120363502528 0.47895785918036937
0.16733182180803935 0.006002996045020294 0.4773123475763231
0.20417149378333943 1.8261103824921638E-4 0.5815710716088122
0.15932104040748196 1.4261613346614232E-6 0.666012056676718
0.20218454599381055 1.2087039092558669E-4 0.7456270267102094
0.28125747392263223 2.077671632824583E-5 0.1591614604282197
0.2680248235287465 3.9919333829291266E-6 0.2680248235287452
0.2731494979550517 2.2518055365975276E-5 0.35320485063288604
0.2572300635790091 9.019031243980566E-5 0.4333203830186726
0.2569003771376116 3.0721211370559625E-5 0.5184637400079132
0.2755793689985713 2.407279001609325E-4 0.5991530397473573
0.27826339552460916 1.9344112965027886E-5 0.6842895244223656
0.2773442277637847 1.8655065136700656E-5 0.7890117496434104
0.3681939548730043 2.0596072711291094E-7 0.20269373748203132
0.3532048506328861 2.2518055376549717E-5 0.27314949795505006
0.3488097882621319 7.528873578645283E-5 0.3488097882621315
0.33501580150050914 1.0377583634185616E-6 0.4300693417692325
0.33517104111550294 4.506132849403679E-5 0.5184063981728302
0.34206197191305376 2.088025283620825E-5 0.5994562242349135
0.3511573124130065 1.0573153476501403E-4 0.6783737708276046
0.3696376115078343 1.1808771194611649E-5 0.7612752514561301
0.47895785918037403 0.012938120363509487 0.16747036244207955
0.4333203830186724 9.019031243918997E-5 0.2572300635790068
0.43006934176923295 1.037758365482537E-6 0.33501580150050825
0.4303772076569423 7.695661431490517E-5 0.43037720765694276
0.42960858295296733 5.311267408291044E-6 0.5182940499659545
0.42777735000047284 3.863368876305749E-5 0.6081965051314844
0.4313684757881327 1.082253486046198E-5 0.6918916443290175
0.46382456284655976 0.01157501653911861 0.7775644639685038
0.47731234757632707 0.006002996045018682 0.16733182180804218
0.518463740007913 3.0721211371416836E-5 0.256900377137612
0.5184063981728316 4.5061328491386674E-5 0.33517104111550117
0.5182940499659536 5.311267409013204E-6 0.4296085829529663
0.5173476495049236 2.7928342530312803E-6 0.517347649504922
0.515956325630785 7.973814271843989E-5 0.6036931666971794
0.5192736078279051 1.9012261324081915E-5 0.6840127621613415
0.48783730638161865 0.011401688508931213 0.7726379761488253
0.5815710716088114 1.8261103824931106E-4 0.20417149378333843
0.5991530397473559 2.4072790015248905E-4 0.2755793689985748
0.5994562242349164 2.0880252837375636E-5 0.34206197191305204
0.6081965051314795 3.863368876210225E-5 0.4277773500004756
0.6036931666971856 7.97381427177669E-5 0.5159563256307889
0.6091827753020931 2.2586293761157024E-4 0.6091827753020945
0.6017757474789184 1.8988296628429682E-4 0.6782520861362736
0.5800370001264274 5.438361527965185E-5 0.7597396946356155
0.6660120566767176 1.4261613340249186E-6 0.15932104040748243
0.6842895244223662 1.9344112961717386E-5 0.2782633955246085
0.6783737708276062 1.0573153476129478E-4 0.3511573124130054
0.6918916443290154 1.082253485295123E-5 0.43136847578813114
0.6840127621613483 1.901226133167181E-5 0.519273607827904
0.6782520861362729 1.8988296628368544E-4 0.6017757474789172
0.6753370145529259 4.8275946061228565E-6 0.6753370145529286
0.672594590655245 2.261639937791369E-5 0.7988489126284408
0.7456270267102085 1.2087039092523259E-4 0.2021845459938106
0.7890117496434075 1.8655065135887654E-5 0.2773442277637846
0.7612752514561334 1.1808771202231219E-5 0.36963761150783575
0.7775644639684971 0.011575016539186682 0.46382456284658186
0.7726379761488443 0.011401688508891047 0.4878373063815766
0.7597396946356136 5.438361528208087E-5 0.5800370001264287
0.7988489126284413 2.2616399375890162E-5 0.6725945906552451
0.7435764475672866 2.2922533919157498E-5 0.7435764475672869
