512
0.27248158174156534 0.408764815840988 0.27248108765450013 | 0.012909470928669587 -0.7909077418840952 0.012911988015498655
0.24612802314693158 0.3774458629373565 0.4112502182474053 | -0.0237281889291495 -1.040461027063144 0.008984561432296204
0.2591136244002619 0.06501925368814286 0.4000001571703201 | 9.561888669853627E-4 0.0021748452070318946 0.008275567785806473
0.17937679659763509 0.011008078743194358 0.45262758979720846 | -0.20134626953627696 -1.8660954467909208 -0.1549218645924184
0.21746820097935537 0.012751709537614668 0.47379490156470355 | -0.04394156411157384 0.12762954293850579 -0.11197074675602726
0.30051679681524845 0.00597106879483609 0.5939041502623597 | 0.04402304338343411 0.28651396488826025 0.08585497334746713
0.3638464100289928 0.0053355106417343375 0.6466648554234946 | 0.21880221429665322 0.23862891582691556 0.03571461881202995
0.3020110336532477 0.01840752488203725 0.708403242595349 | 0.060589222058489586 0.3926669545894867 0.016140952589508217
0.41125444900452834 0.3774423922861183 0.24613124398592132 | 0.009025592399052047 -1.0405527482148291 -0.02372152098305089
0.34386975672055486 0.4014199909325868 0.34386279753155363 | 0.008220858263939588 -0.07710065811719802 0.00821752599174986
0.34582207807177634 0.08064975279972154 0.4000587998426228 | 0.27675800178783894 -0.23981770675806363 0.03150788635900892
0.253165485758917 0.13230766702783894 0.48344023349848225 | -0.21207120299407448 -1.3403254469695485 0.01674460741653861
0.2893217512488516 0.005260745944931593 0.48395276214391986 | -0.009302629375685344 0.7025560129864744 0.014115008610046833
0.2560738631353682 0.09682691860453652 0.5597157940470484 | -0.2077359724520941 -1.4390672746698812 -0.11597837277582491
0.2903843972012316 0.11448786640960239 0.6356475867331235 | -0.11125596990021153 -1.0276362707767404 0.055478142386829576
0.2847263915355991 0.11651648475685589 0.7288915611248271 | -0.07409152527934326 -1.1422868290293624 0.06604624550090299
0.4000004492860806 0.0650601427776213 0.25912792652188527 | 0.00957940560390367 4.922407606366517E-4 0.0016523854174983184
0.400001400851764 0.09535916777002734 0.33645266633562926 | 0.001360238764564769 0.003987236360748279 -5.874106935765649E-4
0.40958983319045256 0.10196944431015718 0.40930936475877516 | 0.010699250051629923 -3.0257556244296917 0.009871544858103286
0.37559646266992586 0.08088084066760444 0.455869116304538 | -0.0017131562000829972 -1.735662791649859 -0.04697974568200446
0.36016749582046637 0.13228782581303813 0.4871836140984796 | -0.06536023472776485 -1.209864804797947 -0.04121876141306184
0.33301391356777715 0.0794076998074832 0.5587338394377098 | -0.11266167053977591 -1.1793670252701505 0.021515975481517777
0.3536088792266257 0.09273996501047196 0.644309362749393 | -0.09995350931150924 -1.2504214482336269 0.04786529325226645
0.3549902481402316 0.13338734248633444 0.695198295135087 | -0.04200518936207642 -1.187674302603048 -0.17270582360127107
0.45329620140879057 0.012903780749810096 0.1797522094137008 | -0.1475027224414023 -1.8481865565383648 -0.19954562814336368
0.48348428623190426 0.13389869946344785 0.2528081565105012 | 0.016641867746609848 -1.3312010759387676 -0.2134605979970432
0.4534095980321295 0.07647806463062987 0.37548937714621833 | -0.05380775903996126 -1.787987844401723 0.009152072993595696
0.42082275213478265 0.01628571982734101 0.42049714705130503 | -0.11237017267735004 -1.5750230611499167 -0.11899023269773115
0.450904564244828 0.014551612815172869 0.49604456831827753 | 0.05681936695563205 0.6153128588363144 -0.12435115802321817
0.43013987974675727 0.06812705146237351 0.590884726584242 | -0.00800451119659762 -1.574904707760842 -0.035324757899416276
0.41203717518860844 0.021446631627841793 0.6257270932748914 | -0.039701672798017264 -1.1241304443246989 -0.0989664411393755
0.44055442450446236 0.07142766433348427 0.6650391395856522 | -0.06478205283390721 -1.4823739009736308 -0.08358747625980777
0.47370477367059916 0.013278436959123908 0.21736736824446673 | -0.11381623098953629 0.12871455009384902 -0.04524385623895671
0.483427028931978 0.006122790343779872 0.2892527067360321 | 0.004191480092272787 0.7150541660895842 -0.004821913836372993
0.4872770793740953 0.13300795834321957 0.36042596291125156 | -0.040832389244199276 -1.2060132750166146 -0.06553626263527906
0.49507207061099207 0.015274201317886149 0.4507848052154701 | -0.11984275398818965 0.5801368158122507 0.04477331084892383
0.5270324182566564 0.004073277152895826 0.526072653379965 | 0.059431626255952205 -1.5795486562987309 0.05811283993801521
0.5095331549681715 0.06327044807465276 0.6095661470136925 | 0.001271816982433627 -1.5596190328860007 -0.09505555691516383
0.5041085467589923 0.014897400341239483 0.6362313355897713 | 0.03006489207474754 -1.1555414169122233 -0.03448375315167125
0.516657012816745 0.08430927312734825 0.6781787661990167 | 0.06048281752633546 -1.3972403960828292 -0.11413733718183387
0.5934059489038249 0.0055911388258680726 0.29938775999152156 | 0.08485979537420724 0.2860098658730406 0.03788107037501103
0.5597690531661881 0.09677247904735486 0.25601881287875433 | -0.11447888853610338 -1.4385019671461565 -0.20719416097944254
0.558630118193051 0.07952668453290608 0.333089275562771 | 0.020884138974001626 -1.1811287530184171 -0.11248338817903361
0.5908113070811034 0.06836945988322571 0.43013412385760963 | -0.03891189052160212 -1.573997410621664 -0.007731311343826817
0.6095122030481047 0.06327384768201263 0.5095489223315397 | -0.09458168403616339 -1.5586985257656276 0.002051172183758653
0.6006668541316723 0.06405983249026839 0.6006505535462187 | 0.08708865399160445 -1.3570025721260952 0.08669067233307044
0.584125486229229 0.008965206657018204 0.665483654365273 | 0.050333708495873514 0.44519696249152924 0.08889175531562431
0.6000178049200823 0.08814125135025848 0.6994683748965248 | 0.04700834215332459 -1.4892293839603254 -0.13850130952527906
0.6470534337751586 0.007602264431540613 0.3637130651046627 | 0.03829676031432144 0.21696194545198233 0.22219020982433849
0.6356344756802583 0.11437652272008828 0.2902745348580543 | 0.05471365128735213 -1.0286655197850725 -0.11256297034500476
0.6443548105507025 0.09260352880185171 0.35348743639233643 | 0.047952811897760926 -1.250709786084444 -0.10090594926235776
0.625580395860555 0.021470066266708072 0.4121659168557398 | -0.09606649522500793 -1.1247555600871295 -0.0395907343433099
0.6362310424279377 0.014871623003286361 0.5041660493342355 | -0.034394085954079334 -1.155119265990689 0.030632284459162884
0.6654208259118624 0.008842036677740491 0.5841785118403333 | 0.08831465715943519 0.4456752547099639 0.050690428120770056
0.6562403741251311 0.03706832439776547 0.6562201849817968 | 0.03003057015052071 -1.3184125755146932 0.029971782529579653
0.6571535759471715 0.04854369029435429 0.6535241963903113 | 0.061569079837653085 -1.2383677040861727 -0.02108238057437849
0.708503782326124 0.018202135979243 0.302003610354661 | 0.017005778435903236 0.39443818165441147 0.060622841991434966
0.7288870895282895 0.1164960696803224 0.28467693097591423 | 0.06572113991113208 -1.142672937115553 -0.07486229259744126
0.6951976176227753 0.1333618581630251 0.354980514935391 | -0.17268396793225058 -1.1878466104597867 -0.04207062111610109
0.665055794633831 0.07151532343362219 0.4405611274543536 | -0.08371334938289383 -1.4810630788350787 -0.06485225772698087
0.6781547851963857 0.08429385116453349 0.5167078402916797 | -0.11406898874592514 -1.3972346947064196 0.061045183667138896
0.6994711623416606 0.08814250995667595 0.6000187086514656 | -0.13851233150451994 -1.4892008839557502 0.046990355256734166
0.6535377437897024 0.04854763483034327 0.6571393643974627 | -0.021087184191865983 -1.2382926354331758 0.061592769692300486
0.7173489415197368 0.0026144013584312982 0.717350619899336 | 0.025235342064648073 0.7057943675240939 0.02526251794241444
0.2711029008420745 0.40629901420323805 0.27110236160407736 | 0.019448599526810145 -0.24708987451797434 0.019449905022393202
0.22617977846755652 0.3992572541310721 0.4100888303434763 | -0.025942507520305864 -0.34747323576579214 0.12009643347014566
0.26044137998646605 0.1412386377220692 0.400003277206669 | 0.003940586433640364 0.002049105233611204 0.007540207260279604
0.2290298265176045 0.011614865659757482 0.4000447861371314 | 0.0015391237089066386 -0.006465921705138267 0.009680097751359919
0.2232125266033332 9.510259404423843E-5 0.46896155694461317 | -0.0028855785096445464 0.006759698056898334 -0.0022072768515049514
0.2721247738670787 0.01076125084929002 0.5849312112908324 | 0.16816903853395146 -0.31839950201642536 0.05744236689396949
0.30950000642850173 3.455019535542383E-4 0.6544172808886654 | 0.0027471443230452975 0.11599784588904978 0.02037239538452162
0.2545281709305235 1.870855564144817E-4 0.7040773208952287 | 0.002171109565919893 0.004505192386451707 0.004560616547333617
0.4100934759951469 0.399258180216617 0.22618030472815231 | 0.12012317122986024 -0.34748436685838513 -0.025940835635639824
0.3436392819655565 0.40023995804160695 0.3436330091271458 | 0.002458628045575041 -0.0011814113475918722 0.002477505900686531
0.33994352759951746 0.1899318347337965 0.40024155061356564 | 0.014112704894843153 -0.26614460040429755 0.0010147076816556203
0.24640459741783327 0.061404565363580785 0.4815378090313492 | -0.23720226628879404 -1.6229496593007053 0.09152652765287386
0.2881931873635008 0.006782162412460433 0.47994561352789256 | -0.022312599741159508 0.7500715440247466 -6.604762200817566E-4
0.2437839976951353 0.041468927688792484 0.5533573790605273 | -0.32600112449731217 -1.6921226100442677 -0.20625310093597207
0.2474095786275122 0.010756386863546885 0.6663376315569589 | -0.22695338192072528 -1.824274477690099 0.08915015066248691
0.2922497622483551 0.01470795295460495 0.789256948738203 | -0.051866179664659694 -1.7017554323653337 0.19615675777145136
0.40000239375972224 0.14123945235730875 0.26044274746938034 | 0.0011484135871311523 0.0055985354140465305 -0.0010136482583919038
0.4002408390755517 0.19012588931399005 0.33968271720302945 | 9.714730931641947E-4 -0.26469093124628185 0.01621531561016931
0.4279727043342247 1.4315761336743376E-4 0.4269145931849308 | 0.043282662686254546 1.4904666980178205 0.040364893182734896
0.3314901415905129 0.0032672480777460444 0.4000644038042483 | -0.014086546908133765 -0.00552963617509048 0.006548616705045474
0.36989712226963023 0.02489361801019514 0.4891371655154763 | -0.05998792731540253 -1.4282638409958728 -0.035547661921465655
0.3352413936593001 0.060419895479207356 0.5573100558858399 | -0.09211920066349955 -1.3343468996401135 0.012513668738595135
0.35012932665490515 0.06556377563386964 0.6515803998316102 | -0.1287024414045195 -1.3489711394334607 0.05588164241277831
0.35728434022670724 0.010485182345406905 0.7722499802709548 | -0.11043294620186724 -1.634435790776873 0.18981818766877395
0.40005920879969925 0.01148355638710696 0.22692164564399628 | 0.009843461465239801 -0.005942900418030059 9.862796295812516E-4
0.4817109366097461 0.062497897743097844 0.2459398067289224 | 0.09032903870252634 -1.6148104118150979 -0.23633746112165438
0.40008460711805544 0.010311524263908845 0.33645640077827055 | 0.005200108993463759 -0.0027028025508071753 -0.014517274158033928
0.4257303431977901 0.0010158966777568113 0.4253671552998105 | -0.08375851868598184 -1.7660176156768987 -0.08013079731362216
0.45586774154432935 0.021134972527096896 0.4915480205080439 | 0.05082622068517585 0.4954525039833081 -0.09998900893993981
0.4285713656266852 0.03721251814637966 0.5847976722462818 | -0.0011823663940123959 -1.608518794907309 -0.014297199222194301
0.4160187064958381 0.004535260465945759 0.6294785409414729 | 0.03289207828811898 0.5782320032117761 0.06452576956889353
0.43772239790712963 1.4877850475932138E-5 0.6350248182522431 | -0.0030196672194330587 0.019575336804098963 0.012170283433973271
0.46820903354786453 6.170400682128035E-5 0.2225076458355843 | -0.002186235631096332 0.007173893282743736 -0.0034309526699423947
0.4796905174681443 0.006535116852700455 0.28860777765745343 | -0.002853035967623034 0.7709366571355728 -0.012963724599067184
0.48880329009053775 0.026407955224205283 0.3697183701586184 | -0.028655822515009748 -1.4138596294977397 -0.06431498053190879
0.4907586489518233 0.020442543798996717 0.4553066713375765 | -0.10342863685868108 0.5017264863633221 0.04312823837416672
0.5856229945449442 0.010295532845582977 0.5856655637764984 | 0.11973697841440015 0.0038627235911786427 0.11939859696051466
0.5110411228960177 0.04640890705751257 0.5982506938965086 | 0.006691241999949571 -1.6358102214577033 -0.10385948452200762
0.5081893323280703 0.0025492915321198052 0.6304423629553164 | 0.04143865947902757 0.5093991972687677 0.07207581658904681
0.5192210744881606 7.61760965109215E-5 0.6451656261608604 | -0.0044552646571361315 0.005120587762769373 8.753601584143066E-5
0.5847707036499231 0.010817733255128678 0.27216375722286207 | 0.055387796711578584 -0.32086658556247694 0.1683065538743216
0.5532626054349647 0.04144700652449921 0.24380689201637004 | -0.20590030920844662 -1.6939959883027238 -0.32602359420061267
0.5572631585803273 0.06052328804080076 0.3352624623911255 | 0.017455517515439743 -1.3402211862066438 -0.09053201551524466
0.5844560037191829 0.03733644307871034 0.4285217203869734 | -0.02302727618659896 -1.6079208374157343 -0.0021993330561218874
0.5982787360926304 0.04650800478477066 0.5110320160472088 | -0.10339727854941623 -1.6352944411440409 0.0076697247587397595
0.598124241864904 0.04904889558914745 0.598101593993206 | 0.051297010785497345 -1.4685448529998324 0.05122171394088688
0.5711343530583083 0.029407793820027586 0.6752891585412554 | 0.006662785965103789 -1.6769849386562834 0.08387920515941077
0.5959857943965823 0.0015294308511532035 0.766381211432781 | 0.007791164980118616 0.7428774304879838 0.11218903631269812
0.6543995516631168 4.155303262101798E-4 0.30956397496209337 | 0.019760116509521166 0.114060347178929 0.0036481546861166277
0.666369724651721 0.010846390128108258 0.2473823388537614 | 0.08918266114375528 -1.8257218519288732 -0.22716803007021028
0.6516426117176715 0.06567092138090143 0.3500843823357524 | 0.056507344628869575 -1.3474656882381526 -0.1294519171574541
0.6292715823518781 0.004859399566078298 0.41607748479161616 | 0.06486200385076346 0.5748376023031075 0.03310385459768779
0.6303674783680303 0.002456975690649595 0.5082398134117547 | 0.07050336161900114 0.5095849820027716 0.04116606919834816
0.6752807543318082 0.02941157185750084 0.5711238037890692 | 0.08395481058880408 -1.6773755836418816 0.006648503021112404
0.657301348023896 0.02713595552907231 0.6572790067593756 | 0.04156423983137613 -1.4315207972976571 0.04147325341172489
0.6494917564842142 0.010236720972762603 0.8064584919067955 | 1.5700053728843645E-4 0.5814969260592716 0.20064320472517963
0.704070653209979 2.024283241479886E-4 0.2545269946166542 | 0.004568266797282106 0.0045115095399728905 0.0021692385884477207
0.7892536562420499 0.014708890887182462 0.2922502672721577 | 0.19614842584679384 -1.7017115164693946 -0.05185615867884687
0.7722569183391201 0.010487819082860178 0.35730940100385744 | 0.19017187744058767 -1.6342233378041588 -0.11024907441919496
0.634782804173303 5.917295015972192E-5 0.43766452083453744 | 0.004374733528098961 0.008743475909928302 -0.001009565820987448
0.6451187459843902 4.3553618982990265E-5 0.5191816832878187 | 3.3044402727476615E-5 0.005133882672187508 -0.004462350553701004
0.7663661607557131 0.0015267217649876886 0.5959877899435947 | 0.11210388212535723 0.7428799062898939 0.007780804210424761
0.8064579099282482 0.010238251766679765 0.6494871116369221 | 0.20064595195003698 0.5814989553121829 1.225910645558039E-4
0.6780958334145497 2.4431380314382257E-4 0.6780844955399217 | 7.378217152565818E-4 0.007007959977609455 7.306768984267044E-4
0.17348883906394627 0.40000173494126046 0.17348892167062982 | -0.0063812240482155535 8.763552088675676E-4 -0.006381212413053456
0.22389637742098362 0.4000034525592225 0.34812711746719166 | -0.002659555459632334 -0.013525240488708496 -0.014810761218344336
0.25479636752524865 0.21179371108533507 0.40000087621862973 | -0.005451838748147952 -0.26469565330543704 2.519459721201578E-5
0.2044570876636862 0.10639869333069582 0.4000030199212058 | -0.00884531186719404 0.0028178873848964344 4.968072729398867E-4
0.2643879005339651 1.0603285336112313E-4 0.4550085923037501 | -0.002370046627978216 0.003530640677457848 -0.0032185511026064906
0.2676397642352873 8.776908226312816E-5 0.5822247664363336 | -3.07970757452882E-4 0.021687056756846887 0.023938461682528174
0.2838971728888409 3.074530216506532E-4 0.6455368315794106 | 0.00457519398734322 0.0062817220316869786 2.901106739990568E-5
0.17649205334551143 0.024012067119776256 0.7644840550981764 | -0.10639216368374367 0.1968078837365349 0.09828535184514617
0.34836118475717026 0.40000228468999943 0.22393990619751164 | -0.015364226226264465 0.0017858316938793534 -0.0029189698314733455
0.3435731321223571 0.4000045488035504 0.343567310135141 | 0.004620183817954171 -0.02554334962257663 0.0046340560685792145
0.3567304231858708 0.03077225656490755 0.41664189926838935 | -0.06941150063954438 -1.6366613365709795 0.037673279128047056
0.22262696253808475 0.08554586195344223 0.4095707521183813 | -0.023132606621105216 -1.3322983153518728 0.0760873055367165
0.2894268599064039 0.0163521136750115 0.4852448163340645 | -0.005388505304707084 0.5437486418769184 0.024051911465796844
0.25084933759146427 0.019749082648188 0.568073488058861 | -0.297041002594585 -1.564869973055455 -0.1330422165008719
0.24777961600223908 0.013268021983145792 0.6655945193761806 | -0.18797103249639266 -1.8713749313060224 0.06644118570596945
0.32001629218998856 0.011491023040093922 0.8172581508646577 | 0.0654708955874767 0.18756841277324246 0.21830227253063814
0.4000010971481633 0.20946194914727007 0.25567179959911945 | 7.948048285471821E-5 -0.24831090427417357 -0.006965020990916553
0.41667540557382465 0.030348713069262394 0.3537647612098506 | 0.023169972721919656 -1.6797747599507449 -0.074151233147838
0.4359969122929408 0.03398581575583071 0.43628965839881595 | 0.06451739973583016 0.669419606377637 0.07180619927722684
0.37751833216854996 0.059818519528856785 0.4210267419052422 | 0.3252127404307781 -1.6879295831454681 0.152056703778258
0.37386871390831133 0.009674819719825473 0.48362689201137843 | 0.0036573749122627555 -0.02459068252701517 -0.014860607948766535
0.3729826935457191 0.09210763206468726 0.56142271805889 | 0.12607738002861021 -1.6655785854047387 -0.026978188464080833
0.3160919987759063 0.009356105436769478 0.6364297263269822 | -0.12249479673785565 -1.2719205688491257 -0.05462433416409898
0.3652065615956096 1.4265317493943551E-4 0.6441618336578193 | 4.129557416886002E-4 0.006302878878629501 0.0014595973045377637
0.4000001421526856 0.10669908576569397 0.2037592548748512 | 3.6812989503049153E-4 0.0023503057570925783 -0.009320327688323523
0.41058545357313814 0.0901599397003131 0.22107779243051365 | 0.08005735413320232 -1.3150597476930532 -0.030739335133836667
0.417512867127501 0.06371575098498163 0.3679329467333963 | 0.09827964960505756 -1.487247709506233 0.18664784748797714
0.4089675112108451 5.873133384067389E-4 0.4074884364974978 | -0.02116144078836074 0.06890316597007219 -0.03858245328127135
0.4254232227614859 2.133002042973774E-4 0.5513805873401749 | -0.0011995867174803094 0.006555176432707125 -0.0015350311834214864
0.4324866045639155 0.05317636999291293 0.5747548625028809 | 0.0050197611958195925 -1.8011556380591522 0.021544764472750357
0.4429530631337569 0.060187018340830414 0.6884421963202243 | -0.03723253946192634 -1.4375908996475117 0.17568379359518715
0.4404051219072851 2.3334822190006145E-5 0.6327170787308392 | -0.0014067356093528563 0.0050077556125095795 0.003583677764132911
0.4553119771652968 2.475543940739551E-5 0.26419246026134124 | -0.0029541559721062527 0.003369058528859231 -0.002576478820504012
0.48561563078087466 0.013301526255610154 0.28975980013320235 | 0.028303290990699153 0.5730843912442559 -1.898182077052032E-4
0.4859677306123703 0.011582909241409364 0.37276722982780824 | -0.005003967771796571 -0.04605277522958626 -0.004314436115907415
0.5509873166429795 1.0628903466833362E-4 0.4257082721213753 | -0.0011168168176520297 0.0064540572510357955 -0.0011219998562687422
0.5986822917852016 2.509419771326079E-5 0.5988307683894188 | -0.0034555388315182308 0.004408352603113969 -0.0034697972497986225
0.5196495507472445 0.06569257609770784 0.568794967479006 | 0.04580228818784756 -1.8219905900103075 -0.046348835772892366
0.5052409581046409 0.0015604813193438346 0.6416639111517639 | 0.062375263034684186 0.651165060292291 0.04697793111888734
0.5154874786881641 3.190698816093893E-5 0.6339595915587165 | -0.0017286820432279423 0.004903858105742478 0.005206147905595964
0.5828477713854097 3.428649043471974E-4 0.26785276212807685 | 0.07133482484191653 0.07695856916376097 0.06289505311653461
0.5683949866911602 0.019243378287320922 0.25121310430946936 | -0.1315034759575489 -1.5662805731715426 -0.2937932992955935
0.5616083366998741 0.09226422685858827 0.3728426316116079 | -0.02678009288794713 -1.6647786227338215 0.12492706494606426
0.5745621451768588 0.053397272438184894 0.4324174171214778 | 0.017691762634070324 -1.80242935259798 0.003330802400014284
0.5688394600167244 0.06577830407880084 0.5197111095903417 | -0.04640568004274374 -1.8208591694610983 0.04616091174924208
0.5985129387016063 0.0409455799389059 0.5985163061816762 | 0.028465440793473913 -1.7585495614943711 0.02870636426367409
0.5944335146085995 0.009857433925056976 0.6660315411296819 | 0.053210351653540953 0.27839571922265616 0.08338955090391205
0.6054683544344875 1.1338650636769402E-5 0.6624917069214111 | -0.002030661334813262 0.005233536709655443 0.003511970654831428
0.6455175217219719 3.1896073818565596E-4 0.283907815060261 | 4.6002155763199306E-5 0.006253922730901385 0.004634694669895315
0.6656075860583376 0.01326214042928362 0.24775995843732398 | 0.06663689099282606 -1.8728366370215894 -0.18823924082524
0.6366494871801657 0.009293232835334085 0.3159935223984577 | -0.05429418384738015 -1.2674985409644448 -0.12252405803293444
0.6883103579949469 0.060427639379273985 0.44291478863938843 | 0.17611831616250562 -1.436851815991314 -0.037883338831681636
0.6416277855348623 0.0014297630117485773 0.5052804363905113 | 0.0454329997460395 0.6509900632165627 0.06175749849646885
0.6659775815975683 0.009813403483407333 0.594409361051372 | 0.08311762932232533 0.2787590955648789 0.05312789961928297
0.6859339089613001 0.08010152685623605 0.6859418910287095 | 0.20759953472766793 -1.673044238235959 0.20763937065033083
0.6445162745355135 0.02466811683349238 0.8078714579052142 | 0.01936978925170158 0.12276656362167421 0.1582851673915909
0.764475078356942 0.024010233820996495 0.17649549975452367 | 0.09825159011587872 0.19679526240340042 -0.10638447114867869
0.8172552234934256 0.01148900565226387 0.3200104045653525 | 0.21832311377042662 0.1875551798294045 0.06543950162363484
0.6442215254960308 1.1346051904920614E-4 0.3652085571851858 | 0.0015187270635441846 0.006317551921106386 3.9395564666755775E-4
0.6326977459239352 1.0667785238953361E-4 0.4403944215016082 | 0.003574642228765668 0.005059004276158221 -0.0014936082961741612
0.6339334494707444 7.27901461046801E-6 0.5155047918778548 | 0.005142098377151469 0.004927854285010695 -0.001741259615512981
0.6624327218589025 3.8111906273650975E-6 0.6053899560950228 | 0.0035172900095405087 0.005234567258736558 -0.002046692011469377
0.8078726802717779 0.024669985255595394 0.6445107757857058 | 0.15828825830905643 0.12275444888184167 0.01935949499638379
0.7779676053724456 0.030976899678943483 0.7779676166694292 | 0.1151960621652885 0.20670939514089656 0.11519576468396825
0.1921562308686619 0.4000048307831806 0.19215625642786707 | -0.006431677618178953 7.755564579542127E-4 -0.006431676521627979
0.21908072266405001 0.4000003100847486 0.3465471590977982 | -0.0032870551230471485 1.8497163492625635E-4 -0.007973403142114881
0.246322315048493 0.1971015038769931 0.4000096754121226 | -0.04651027897882988 -1.227276069176471 1.3115502855037838E-4
0.13561831346994155 0.03140041527501487 0.4006076414355487 | -0.09500265402814416 -0.20682955772404663 -0.008842539552614609
0.15589026249264717 2.891437721906002E-4 0.47363096235315105 | -0.11193345502058989 0.1270345068240027 -0.035130051190360015
0.19254099359110777 1.0802404099015652E-5 0.5690235847750164 | -0.0030791813620141017 0.004220774515380952 0.003562008792086314
0.1527888265693622 0.03602067852582523 0.6459163602143778 | -0.16148622077634636 -0.11253231963031868 0.0030275325469582
0.17453659330954668 0.02376452791503774 0.7688834467318665 | -0.08434219688576333 -0.1193710515989853 0.08183231886963376
0.34654705003117486 0.400000123293917 0.21908009919445443 | -0.007973653492181054 1.862758616285943E-4 -0.003289117275911075
0.3434959439777598 0.4000092529274647 0.34349027188697123 | 0.006038910828366571 -0.006732129141786638 0.006044695194265991
0.3235526908422731 0.020485098844202868 0.4000358797884779 | -0.008668648165574153 -0.015138573325507693 0.008361699188273326
0.2716875468238349 0.17565867085639056 0.4000001530867645 | 0.007597644153473093 -0.018845207625835827 6.770407892633378E-4
0.2987763760156013 2.7149007480068723E-4 0.5131363575979596 | -0.013585854662170539 0.06712069308053654 0.027346564946332523
0.21082296766804898 0.007383117533645042 0.5203494871898395 | -0.1499507519269994 0.9554805747804924 -0.13101865689886708
0.2301937778731654 0.013838577793785526 0.6677730228652414 | -0.1486956975699821 0.6473937794008925 0.03239485699033902
0.2716859253321695 0.013646889814453462 0.7909486930794168 | -0.13446655158107151 -0.3348106242842324 0.14807429537129568
0.4000001893190288 0.24426070304836617 0.2509867663948676 | -2.2489861557321824E-5 -0.8266267563970867 -0.014686860978904676
0.40002527258684173 0.014142144444064631 0.31996712961062906 | 0.011844412869521525 -0.015238303944454312 -0.006252988266564163
0.44324592225524284 0.071101398398312 0.4441701094606849 | 0.009036304329178815 0.5914350348749271 0.014719438332264592
0.3549210030237923 0.04790236475690264 0.40929072499817293 | -0.09208782103914592 -1.0828903352842378 0.0018172998863738735
0.374032238198623 0.006423001894150949 0.4865250751363781 | -0.033990204847184284 0.8325806652762139 -0.05150687508421956
0.3509922937744603 0.008080768498642883 0.5593041362921969 | -0.003224777407665498 -1.8012917911749635 -0.0024134301318397785
0.3626769555809973 0.05069235447562622 0.6593564348305204 | -0.01911914313086597 -1.5188627686268528 0.10711285611514076
0.348449884537413 3.248119806732128E-5 0.7290776738821186 | -0.0010206706072023821 0.0032332153033048316 0.0029683141739670184
0.40068106139551185 0.031532130686898696 0.13575103811994071 | -0.008011473774492295 -0.2071613263007282 -0.09496403111275854
0.4000007099844063 0.17584716443325069 0.27156724631546975 | 4.973860032491E-4 -0.016343372301576346 -0.004155969940169158
0.4023093953734707 0.02639625251223742 0.3437768055583269 | 0.017991886634406637 -1.0819072891734325 -0.16096341526423913
0.4219604219228475 2.8879826890745413E-4 0.40441700985386747 | -0.002855175587389246 0.0067984259558794505 0.006183424998279225
0.4208245828675542 1.6575145749333193E-4 0.5589805309060375 | 0.001306490909674046 0.005964627027539107 -0.005456927455950379
0.4341636473061838 0.03587543698485622 0.5448011731721479 | -0.0031762424310711602 -1.859132555958963 -0.11449565559234028
0.43354272108377223 0.027678089649058026 0.7088979444718352 | -0.029072487772192616 0.15222188185323915 0.04394355107296313
0.4370829369554635 6.369401990617385E-6 0.7392608657216335 | -8.361636496541865E-4 0.004325554793206261 0.0028793555396073364
0.47355441356435984 6.54072788059907E-4 0.15615563290083823 | -0.03577817819538282 0.09823134718905384 -0.11059806999875006
0.5133503734311464 5.4128377601282064E-5 0.2989729590690403 | 3.706660421059274E-4 0.003154378122419416 -0.0012193529428734704
0.4879512598905162 0.007789705323731946 0.37355795509874096 | -0.028229873085681822 0.8261954006378417 -0.04802644867256346
0.5593953991494913 2.5246254869844384E-4 0.4207514741577475 | -0.005351876604501661 0.005923534194957425 0.0014064826668744995
0.5984119531864084 1.8373096000402962E-5 0.5985729796843234 | -0.003371886464663802 0.004283054161666896 -0.0033900751085956496
0.513723200672081 0.024843352858499687 0.5549329778182286 | 0.03948426642462624 -1.9489110854280984 -0.10347693948345446
0.5140529318211409 0.026259989794681235 0.7376845531350031 | 0.062327667497458446 0.36567131696497135 0.14749258859082434
0.513300231297191 3.431937138028245E-7 0.7312143078008299 | 7.011621149254907E-4 0.004841847022886146 0.0012265360910754856
0.5690109028574782 2.998174740931583E-5 0.1924938410856389 | 0.0035799415031027844 0.004239491027721804 -0.00311013538716993
0.5204557306252773 0.007347345271510376 0.21090932942342647 | -0.1295381519321906 0.9550399991807951 -0.14901078927723926
0.560118695814364 0.0078361981483945 0.35067943488444486 | 0.002242663846186525 -1.8114662071468874 -0.00278216451776104
0.5428971316096188 0.035943393366400254 0.43465547045462055 | -0.12034650818210403 -1.8494457359477237 -0.0019566840718742502
0.5548718425720758 0.024996928136721202 0.5138114905958338 | -0.10588436418068889 -1.9526512872415336 0.04001847622844155
0.5841064539955265 0.010091802285468923 0.5841181394904867 | 0.019731284289848952 0.6232637523615185 0.020191648531084058
0.562529952358049 2.0541198874298025E-4 0.6831650264706214 | -0.09797012419153868 -1.8625416152084335 0.1375315159768881
0.5979637039165018 5.982006554368149E-5 0.7168393036465469 | 0.004433027661461474 0.005117945079646854 0.0040305056025527735
0.6459207654136847 0.0360299336974006 0.15278464603442654 | 0.0029904839333103573 -0.11253077345526788 -0.1615087585307323
0.6677861465307481 0.013835740497186456 0.2301826492926424 | 0.032416716778522876 0.6473587985132367 -0.14861552832753458
0.6594352301618115 0.050774634366019596 0.36267451886820457 | 0.10779325660692546 -1.5173675046036332 -0.0190763848879885
0.7087837163316487 0.027593486084977418 0.4335780884654432 | 0.043460968016575716 0.1528265145604354 -0.028688282077148165
0.7376562219656218 0.02623623887388356 0.5140427204045809 | 0.14735366656972892 0.3658355041042489 0.06225990645868485
0.683170454461307 1.887970793280902E-4 0.5625095456320084 | 0.13752825679758038 -1.8629046850459365 -0.09801806469498998
0.6728079405724166 0.006866791608851048 0.6727856897483663 | 0.08212724518528984 0.17295712485018988 0.08202898192959487
0.6723617848846394 0.015712520084453178 0.7874378961271382 | 0.09371533331493895 -0.2874752896161258 0.12346350651551288
0.7688801432752249 0.023764182133601243 0.17453803608045754 | 0.08182227091021364 -0.11935278961743209 -0.08433796541085598
0.790955005906445 0.013650295374519688 0.27168331904090376 | 0.14812261666054946 -0.334755017194189 -0.13448352569290806
0.729100066855529 3.8532249764030045E-5 0.3484528242933976 | 0.002979886618591817 0.0032303179228161047 -0.0010174964870581895
0.739266486746706 6.8378814961844965E-6 0.4370840737782869 | 0.002887520848654625 0.004316076977039589 -8.313625878509389E-4
0.7312129280561637 2.5962741292783423E-6 0.5132987291794789 | 0.0012213052905762534 0.0048429226113642174 7.005361901995596E-4
0.7168391927097757 5.850901496312657E-5 0.5979629773071475 | 0.00403829030209344 0.005114278644807139 0.004434536633304723
0.7874367788564236 0.01571376915008262 0.6723613251788748 | 0.12345881538031388 -0.28748396132905496 0.09371711128807912
0.7800906094059243 0.028962335762843395 0.7800905824419898 | 0.10723768278525944 -0.06960023746827773 0.10723730444220812
0.2140629248530909 0.4000048197214068 0.21406293638446477 | -0.0053753251489426085 0.0022228038206536208 -0.0053752998800532335
0.23240129614688657 0.4000010338891486 0.3431938402535326 | -0.003493472873038703 7.463714831504772E-4 -0.007784210802800722
0.2478878045782749 0.19739373126713772 0.4000075526631469 | -0.026822363012673302 -1.2706772321444566 9.819245517816782E-5
0.14327130955619374 0.030316210203735 0.40007505993906545 | -0.007089952623192389 -6.621617632152846E-4 0.005404796513516718
0.11484775299417047 0.0321218006612655 0.4963835596276696 | -0.15046031997548628 -0.5026216891193277 0.024387649008171725
0.20011270755101906 6.06851922824683E-5 0.5661508827840237 | -0.003985124661126294 0.0037750522534586335 0.0032224450322788896
0.15065226155443498 4.8727270021523407E-4 0.6537492886682431 | -0.08965458144243861 0.30189613730107595 0.00996000466616211
0.17409907786203768 2.7349771145782867E-4 0.7705382638724242 | -0.08160172286421993 -0.5095485752848 0.07997213028547391
0.34319334209390334 0.4000009330888085 0.23240097241473215 | -0.0077837161725458175 7.479161338706076E-4 -0.003496507540505149
0.3435082821909901 0.4000016534490282 0.3435028930839878 | 0.006003424350652084 -0.006349128476106044 0.006002360872138895
0.32246907074921244 0.02008502462953893 0.40002219461702043 | -0.007449965504888539 -0.014880762863625453 0.008594551626991761
0.28890187031742215 0.14626294839211537 0.40000028987757036 | 0.007315684544206527 6.824218323634999E-5 0.0020232390066352276
0.300161167782936 5.570277700757161E-5 0.5132524033632995 | -0.0016893227180081038 0.003273675480984613 2.939015681479923E-4
0.2088074847223096 0.008979074873038397 0.5151765919298454 | -0.14036036637265 0.9501870675761226 -0.12698462316591505
0.22604487393991865 0.018508313001042095 0.673066838571253 | -0.1479554702162583 0.5519587135388431 0.07024942485450508
0.2626736165319391 0.0018667278358966755 0.7874877869427358 | -0.16935608793241652 -0.5535622212024577 0.12457371492566717
0.4000012878080159 0.23784359270046757 0.25048738647180147 | 1.4763696079863148E-5 -0.951007812560714 -0.0036010635314944954
0.4000386190782134 0.01411264250230414 0.31856602345292945 | 0.012033458640047316 -0.015160384996582238 -0.0038426520455011877
0.4583752016828725 0.07583225568692649 0.46222209007347176 | 0.1152820821068662 0.15431391967539776 0.13673909113616567
0.3434417567851609 0.016822987014469798 0.41147130259932707 | -0.1808177461802122 -1.2571448527075177 0.0015491295760360821
0.3735427901839071 0.02469046010890947 0.48468382115007974 | -0.04000740568653515 0.5069243028520504 -0.033085423884010534
0.34070248751797355 0.012851946021626677 0.5809345472826166 | -0.0882772990694327 -0.14259330255375147 0.044311580925161666
0.4370144977787914 0.00620748255886668 0.7196977621893276 | 0.07430146701179101 0.8851637577085775 0.06768385548461096
0.35209851627170424 1.412385291255766E-4 0.7302554900880471 | -0.0020795751793633334 0.00309108015455192 0.002786844044606854
0.4000320790104578 0.030579945281581297 0.1430329623000609 | 0.005318587297916705 -5.249449785125976E-4 -0.007096254133379829
0.40000178462917496 0.1454742014463255 0.2895849107509406 | 3.51406724903955E-4 0.004961167877584112 -0.0032127809797470254
0.404287315377012 0.005260291629167295 0.3391932856404531 | 0.026298594063703568 -1.2826089165494452 -0.14630872912680215
0.41835975789182317 8.152996040026818E-5 0.38783249528536373 | -0.0017289060473284162 0.007297334018647015 0.005532448151304126
0.4234853675202486 1.5462301539358013E-7 0.5543701795423857 | 2.1610386564001804E-4 0.006505976123132795 -0.003708920429097049
0.42332559157869876 0.008885364394658486 0.5524320863291323 | -0.019705234514800656 0.3987775556378564 -0.09958950134032983
0.43209304368304985 0.031665553309400525 0.7131177404033078 | -0.01999772538388211 0.040846593913874345 0.07085363984811624
0.4376316130326504 2.0520900505784805E-4 0.7443064424026292 | -9.049238216396411E-4 0.004065727939446915 0.0031501551421540836
0.49631310985296395 0.03212755666635143 0.11490423657208888 | 0.023902718200529475 -0.5039526434257603 -0.15049574108017305
0.5123593309481185 1.084413583469685E-4 0.30063375768259853 | 7.371939943376177E-4 0.0030186822584770644 -0.0021498520197000422
0.48664617541454436 0.025531341850668868 0.37265262968962876 | -0.01774899398097564 0.48916980669689003 -0.05088272489091506
0.5541416134201673 1.3708207359082597E-5 0.4237214977079959 | -0.0033929572114168335 0.0064771992983132295 2.8673381714664365E-4
0.5869836395597716 3.070206623119671E-5 0.5871903935877238 | -1.7647872933002515E-4 0.005447234235830377 -2.9316005869355223E-4
0.5049289668039165 0.013891287100779963 0.5607072394743507 | -0.007047824462761258 0.7124712253798688 0.053119139234078135
0.5141875145343638 0.034458773773084775 0.7417413454180986 | 0.04020039280980376 0.27794188307242684 0.14976841269509478
0.5125780703380964 9.549971471206328E-6 0.7415875324720516 | 7.646871196543319E-4 0.005818219784571965 0.0015169591105127723
0.5661329204870649 9.931200033290813E-5 0.20008112762972827 | 0.003226412136745456 0.0037795842731783848 -0.004015110210810137
0.5152609075870723 0.008720414075411678 0.20889110098443422 | -0.1262159020348594 0.9509824351191557 -0.14010131594437522
0.5805325400252569 0.013345742756822331 0.341074734455508 | 0.045024641435644136 -0.14041180342299134 -0.08557620938450915
0.5522050194257334 0.007529997238421774 0.4236630894612448 | -0.08972278561534139 0.4271322329708314 -0.020431072390821193
0.5603401017135847 0.014011490067537371 0.5049780651513149 | 0.05282090925467217 0.7102903061168829 -0.005730334170030079
0.5949289048191121 1.4820166656988125E-4 0.594968430548397 | -0.00326417376009497 0.00417543596449281 -0.0032467862808112273
0.5294473928804756 0.011309241776604848 0.7038520586052162 | -0.13240628600773213 0.8912508869593824 -2.3856912892057005E-4
0.5938996897393439 6.0384320816307734E-5 0.7264657160144979 | 0.005273128889499988 0.004435912751950008 0.0025808333599070094
0.6537551522154476 4.807864615009583E-4 0.15065736435578514 | 0.010001737803412604 0.301871246875279 -0.0896004772653699
0.6730662526144341 0.018535201703326672 0.22605471300138005 | 0.07024170327449064 0.5518032811675927 -0.14781064847835942
0.7196086329973489 0.006276311904860716 0.4370343424548237 | 0.06663988383902075 0.8848782409397117 0.0744443321911902
0.7130266573348348 0.031570332206911016 0.43211348300823443 | 0.0704517271183355 0.04102564557584333 -0.019776104613437415
0.7417283351543015 0.03446844134085955 0.514178212746052 | 0.14972616048034051 0.2778900794868766 0.04014600324152663
0.7038227153901747 0.011281881707494341 0.5294615239448375 | -1.6830902506187657E-4 0.8919142582292653 -0.13236000123194738
0.7215178336105558 0.003480871246498799 0.7215224131317987 | 0.2236931553876719 -2.1452707086540967 0.22369330826482495
0.683809759963852 0.0025575584350645097 0.790434798377544 | 0.07622352509721815 0.0474249175858545 0.1011694184826602
0.7705346446920682 2.7422767410715035E-4 0.17410077529495047 | 0.07997504541435817 -0.5095278985958586 -0.08160367379245877
0.7874945034987875 0.0018725327909054172 0.2626708519324724 | 0.12457504161795484 -0.5534286538208101 -0.16937025858826413
0.7302660495656155 1.4169316478487257E-4 0.35209958171918265 | 0.002800138030681118 0.0030890762554605686 -0.0020733088631916235
0.74430384852198 2.0884941711303855E-4 0.4376320129534065 | 0.003156224472652472 0.004056735610123144 -9.009646592371585E-4
0.741587953357087 1.0559873447019947E-5 0.5125775180699086 | 0.0015111152293592993 0.005824877085112727 7.59541520133839E-4
0.7264652706178534 6.012129526081049E-5 0.5938989729655092 | 0.002583385017838227 0.004434318822460459 0.005277831509168211
0.7904338955432889 0.0025580108105864754 0.6838108023202041 | 0.10115830850720507 0.04742187730295667 0.07623157155503074
0.782776168177435 0.0023194803589169726 0.7827761919102346 | 0.10588165754674717 -0.5065076878428778 0.10588161279150834
0.2252411249884605 0.4000002772006596 0.22524113243400132 | -0.005055670427957694 0.0021103406038626054 -0.005055591985739181
0.23617535161799136 0.40000151306119375 0.3417757589287807 | -0.006449829981582178 0.0013341063521782235 -0.005289937687761857
0.2502265137123481 0.24612377841549174 0.40000156468472314 | -0.004207212647277957 -0.6686730862783848 2.6358394885720755E-5
0.15698005395813494 0.023368391597449464 0.40002219130863664 | -0.007169934960463226 -6.218070038337746E-4 0.004821633374238569
0.12173061678537 0.02457116075989921 0.49274108086383756 | -0.13823232432114382 -0.60689223926627 0.009257054107400142
0.1958512080144662 2.2950840422027722E-5 0.566170780261137 | -0.003496168190239443 0.003830166931583055 0.003550213867739161
0.15080876608563307 0.002438864749618339 0.6542070413170501 | -0.10890482384757078 0.13288908300938596 9.530284345248634E-4
0.17547759073039876 0.0026909640826851162 0.7692205112762553 | -0.06039125327891853 0.13301638247629596 0.04021796724537741
0.3417752611880985 0.40000161049353294 0.23617502387087874 | -0.005280367943234669 0.0013300101758288684 -0.006448442167714039
0.3434911296506791 0.4000071549112912 0.3434856740530108 | 0.0045887773410977694 0.004538443961446591 0.004589176310967157
0.32308051939316385 0.02137734877384887 0.40005112938374143 | -0.00795794999065828 -0.015471716462734621 0.00828231573281385
0.31055932927182234 0.11163007211565808 0.40000073012013904 | 0.00971758572822593 -0.002895120535266748 0.0019790249972920244
0.30104654427935496 8.791624505663288E-5 0.5121186102217661 | -0.0022017785390848316 0.0030761221379759633 7.236094421545277E-4
0.18247369892898974 0.03140836591349512 0.5375579113411052 | -0.22385132804964278 0.37674504433037903 -0.005246724961224099
0.22131344648613968 0.022466383630559524 0.688517704288961 | -0.13869397760070565 0.34607246131553043 0.15315172820700104
0.26224663376178853 1.8793610905386477E-4 0.788151755315562 | -0.17031354635775803 -0.5904086375502502 0.12404482535118452
0.40000110949583867 0.2388954448498744 0.2505989606348332 | 1.2376668332281937E-5 -0.9520043178197019 -0.003524903973301509
0.40004435228217994 0.014007856636144046 0.3179109137569317 | 0.01206590234633678 -0.014880641841642698 -0.002759334996394841
0.4875523019709433 0.07371472047304221 0.48883457274669256 | 0.24028488038042328 -0.6144635926307486 0.25167641752953257
0.3244251744215106 0.011468726885118238 0.4000710345839161 | -0.011314161047726753 -0.00874447282812566 0.009448849238257636
0.37359504100663266 0.024205534665058683 0.4847616355528061 | -0.027885262309136558 0.194677688143764 -0.012120577156298091
0.3468617345618303 0.033277567964081586 0.5723109806795742 | -0.0386466237891872 0.2171750871769147 0.07402415456062326
0.3703592786914436 0.02081245157741199 0.7115279328682171 | -0.07535520633978676 0.7751854558009051 0.011651272604288557
0.3574250390366755 1.0467098794663474E-4 0.7514912675912291 | -0.0038201242421440663 0.004796127246117051 0.00430342716358531
0.40002692765447667 0.024108478037030787 0.15717257208441662 | 0.004696538243024358 -4.7586329004763064E-4 -0.007183653354771405
0.4000001459587191 0.11156178306681834 0.31053408522799303 | 0.0015555939724083724 -0.0087283081248453 0.009834629219900332
0.4000673796827386 0.010695120411129126 0.3244519920915291 | 0.010026636169972679 -0.007742202147000937 -0.013225173335345926
0.394190807283515 5.731408034459221E-6 0.4038523407472753 | 0.004755684433635359 0.007852607418736043 8.667506572645219E-4
0.427398388596839 7.36045307993003E-5 0.5450498632981116 | -0.0016755384533193112 0.005252261361285721 0.0027898277312130965
0.4230309068130675 0.008833614195292903 0.553532157466815 | -0.02738741133855587 0.37013628480237837 -0.10600304714051731
0.4316458923435164 0.03211378563953649 0.7170784741767287 | -0.009000829033591189 -0.059249581360694865 0.08466004831244037
0.43712621239793426 1.52087445571026E-4 0.7527939132899545 | -6.131996530533479E-4 0.00368554168045741 0.0035356721317755385
0.49270984735017503 0.024683987585803403 0.12169983646896089 | 0.008521472357405007 -0.6073547397295116 -0.1380272023755466
0.511023270263428 1.94645085379822E-4 0.3012077892657841 | 0.0011381043483658082 0.0028174881128175534 -0.0024794579858430435
0.48683799543168793 0.02636029715447649 0.372595214739432 | -0.001390234611381236 0.18154505721799818 -0.036977167051297416
0.5450951233255098 5.760239565039222E-5 0.42743597988527166 | 0.002759083242772419 0.005247944157439822 -0.0014704686715889992
0.5113795511523015 2.1300904385711424E-4 0.5115931134795068 | -0.002212705548255946 0.007511227487310052 -0.00230294416979568
0.5034728109777915 0.019563068333491234 0.566381475871476 | -0.00826319355525326 0.4825364318512455 0.05634772675199062
0.5133404099694142 0.036752056935013336 0.7471741668523285 | 0.004016204616889641 0.12310533515305394 0.14481617957084858
0.5131122157226582 5.1719506624286126E-5 0.7514903684259172 | -4.577318051087131E-4 0.004606408910038347 0.0016438452223016629
0.5661536815789993 5.721859649460861E-5 0.19582139919714917 | 0.0035592207670092925 0.0038371279885649552 -0.0035274215456081036
0.5375855930621245 0.03153314177476756 0.18255368876788727 | -0.005127734935955533 0.3774795849071903 -0.22335683080687035
0.5730607312841072 0.0333774501382355 0.346717307999534 | 0.07793556142808816 0.21476010067223464 -0.03877388227803582
0.5535129071328944 0.009172286013125747 0.4233442586357075 | -0.0998638888056331 0.36816243002850707 -0.02664636942104262
0.5661744923335899 0.019911547766043702 0.5035062646282982 | 0.055012351739909246 0.48293849924719084 -0.007197493005281387
0.5819464256117473 0.02137447556641631 0.5819571060425202 | 0.012142919397734344 0.24602926926820456 0.012533767259356005
0.5902610204067561 0.030961179721281793 0.7606627637367893 | 0.09742760644202712 0.4854099484237745 0.1887753766637196
0.5888400869163034 2.8073029977311215E-6 0.7617824882613953 | 0.0027940837692039815 0.004401876594104514 0.0056883562272911845
0.6542149148605234 0.0024322596467251456 0.15081658251911198 | 0.0010104352027650856 0.1329216300864157 -0.10887748228275562
0.6884967781306945 0.022527814275336847 0.22134064605410284 | 0.1530800047901403 0.3455550909701728 -0.13854315371040415
0.7115094644047978 0.0207810004368859 0.3704448426520924 | 0.011350905500576706 0.7749200297041542 -0.07444191686837612
0.716979227135433 0.03203247928516323 0.43166035342572295 | 0.08426015903300317 -0.05942320564140401 -0.008870690647076844
0.7471746743865324 0.03681873687653798 0.5133317624718631 | 0.14484661797567044 0.12310111468354255 0.004009544742723238
0.7606299701014955 0.03095684694200784 0.5902679675818288 | 0.1886234076653707 0.4855527686470692 0.09739206707447484
0.721241886272009 0.008448515264253165 0.72124472263026 | 0.08129978374614628 0.923952638807737 0.08130231582387402
0.6845644074089483 0.002108852255636146 0.79160653271364 | 0.08113352767567696 0.02814477913105131 0.09510364960597192
0.7692153043464042 0.002692007559454512 0.17548009997913178 | 0.040175031865881124 0.13302579748755963 -0.0603782729689505
0.7881592698443046 1.896675010200201E-4 0.2622433749806757 | 0.12406959027134648 -0.5903526751251815 -0.17033815048451
0.7514860337378504 1.0825021049372437E-4 0.3574276067381264 | 0.004305149482419047 0.004798610003617038 -0.003820286111638685
0.752789919022041 1.5588929526959516E-4 0.4371265403857584 | 0.0035388825046961912 0.0036781790559023597 -6.108981068182488E-4
0.751490668205769 5.284212924314976E-5 0.513112080260772 | 0.0016374255080511357 0.004607478261027477 -4.580561973576345E-4
0.7617808201707355 2.2503452688063912E-6 0.5888389749859689 | 0.0056881496331267385 0.004402599427040353 0.002790019652540615
0.7916056829345786 0.0021092112157888995 0.6845654882001648 | 0.09509268521321479 0.02813942881113087 0.08113988870308787
0.7824574890574875 0.002991173991010916 0.7824575197395043 | 0.08527963808441845 0.010439822710090672 0.08527974591687457
0.23942760229941776 0.40004600190329853 0.23942760998924364 | -0.0025661371216021056 0.004615219426779372 -0.0025659316492072574
0.2422307416645387 0.4000016262909018 0.34188467932271305 | -0.006882463388155379 0.00150597931717491 -0.0048683499914310945
0.23951959242381704 0.009752685167656079 0.4000422830025912 | -0.006164313543013043 -0.005667887862078528 0.008028476457226971
0.1918138186759429 0.09339585705435659 0.40000897177705197 | -0.003842608286912155 0.005959775577484069 5.370366162760348E-4
0.17299256508253275 3.794011934275273E-5 0.4744076158696507 | -0.006924859828830345 0.005234059559933268 -0.0042145785989939144
0.10673871830372347 0.013072313755976932 0.5758858590625875 | -0.19704198110392426 -0.7035602319405533 0.03301673031599291
0.15114616960178281 0.002193184843410286 0.6544810289827534 | -0.11659909304933926 0.08829200475769085 -0.002154156631953013
0.17634755513034286 0.0031031643589167915 0.7679468429790162 | -0.06346817461423299 0.0586949923530207 0.04317770583326153
0.3418846628590171 0.40000157416690624 0.24223061678701943 | -0.004855525448134923 0.0014944924968688076 -0.0068696483926384225
0.34355302258372056 0.40000309588881167 0.34354886522574773 | 0.0051475280426866036 0.011813352872360834 0.005113167132501352
0.32246788369618573 0.020823299950372996 0.4000064781084047 | -0.007339507930821688 -0.015173888942773392 0.008431081482960488
0.3098954505995708 0.10477634999488762 0.40000628751034406 | 0.0023349346872088106 0.004832231021830693 0.0013332695436102588
0.2953595460701656 0.016822998117961226 0.5047025408602488 | 0.02034105380782692 -0.08559783487853145 0.05593491702715714
0.17336572303143089 0.03112280974680662 0.5610681448703857 | -0.24134618233260308 0.3515380331829224 0.10609209024483947
0.22075215272121707 0.024835012631869102 0.6973631375691964 | -0.11809272667529094 0.23770612032079583 0.19696902404212172
0.2624196501013747 0.0010697775825073612 0.7872855455611648 | -0.09274119102389539 0.27108684344951717 0.06698455515151053
0.4000384105442985 0.009385734299908887 0.2391835719049642 | 0.007288093209093623 -0.004461900774182786 -0.00712158078538981
0.40002679717474043 0.01103769107100662 0.31541497942226937 | 0.012727668396606502 -0.010878545256505123 7.144111352999025E-4
0.4851873819791057 0.06358310231574586 0.4866960210037203 | 0.1854741187288011 -0.6787800775602103 0.1974000932132926
0.3199997557873648 0.013617960502566986 0.4001148919356643 | -0.004999764855398825 -0.010988973635246879 0.010645794382808002
0.37396165385431374 0.015332242596938904 0.48467838625079424 | -0.01742046526887785 -0.20829463355418804 -0.0044482182826083684
0.34687281538791387 0.035135933698555125 0.5719207556357163 | -0.03677321535490708 0.2584571361835474 0.07110485938036407
0.3586675760171333 0.028727253628472636 0.6806799636462091 | -0.0046912073647612535 0.2668233792942424 0.028920776542675566
0.3664527751741551 0.04089348812561037 0.8538591220706613 | -0.03595443809710675 -0.5024463934357251 0.24538727778065442
0.4000034226554592 0.09495585501284878 0.1923119840112344 | 5.690600503230933E-4 0.006002699899088916 -0.00385848278258441
0.4000029261442439 0.10475334251424491 0.30988873083951324 | 0.00210775617132318 -7.192222077854802E-4 0.008797901932424428
0.40010171260801136 0.01321574306437152 0.323842108105904 | 0.010412595778242278 -0.01186518989933634 -0.012109408888346778
0.4075848051760186 3.5352943094453494E-5 0.4086527412394962 | 0.0038481174461660194 0.006686095253664287 0.0017121026626549002
0.42846577579635026 4.199161587637617E-6 0.5409964081881025 | -0.001416165046936484 0.004438298192335297 0.003792032737497259
0.4231546837287533 0.009291515531237273 0.553966974163206 | -0.036898365205662496 0.273873904066629 -0.09131382492337115
0.43166738610242467 0.032467061367837925 0.7154539560350512 | -0.010833025491110919 -0.10452616551264006 0.08027753180073403
0.4414775404808875 0.035546455424909265 0.8792493459644158 | -0.005694931920690507 -0.5538188738447051 0.30310644796683883
0.4744557310169351 2.105100531354367E-6 0.17294581087765795 | -0.004051857976453822 0.005261148115525021 -0.006899028721658289
0.5052359287055525 0.015706958267954 0.2950094782354184 | 0.056072409830975424 -0.09359321424101581 0.020750541563665188
0.48688847370818905 0.01808401554456411 0.3728087724614628 | 0.0012104469099134768 -0.23432549808606398 -0.03231476557363622
0.5410180090033757 4.052367347336965E-5 0.428565782273376 | 0.0037554257796754815 0.00444711140789576 -0.0013026842036588146
0.5083939422468725 1.07777560202692E-4 0.5085807245903563 | -0.002219411041411029 0.0072883754015586446 -0.002279850870381343
0.5035128803050751 0.019391014314518173 0.5661686958918262 | -0.0014576714236896498 0.21562198364689494 0.05607892633354722
0.5134655543929137 0.03509815645869637 0.7449837668500853 | -0.0045788017746727925 0.03805229354276924 0.14193413896149423
0.5058020694842099 0.04012779335461407 0.8734394233159137 | 0.0024180686881292144 -0.5499056654325102 0.3062578474690865
0.5758498856583293 0.01298272979733061 0.10670018862418514 | 0.03284726848923808 -0.7039570378259168 -0.19694101570356837
0.56105483822606 0.031228026863872743 0.17343226813118617 | 0.10568599646455708 0.35060425841032933 -0.2407531683320362
0.5727056972438347 0.035273367120742215 0.3467231538101564 | 0.07541152514229338 0.25680045624334 -0.036754774562066675
0.5541413639404233 0.00956287564456531 0.42338266945468883 | -0.08780799470938472 0.2756404309886823 -0.03729922749451159
0.5661168739093719 0.019870040829260173 0.5035318470229808 | 0.05619127933310137 0.21366044576417542 -2.0756701838193408E-4
0.582107566480365 0.02979348189114326 0.5821223975936884 | 0.007757386712016051 0.23580257059219645 0.008240321735779144
0.6137593972761847 0.03396037799785239 0.7292107573338048 | 0.16235198225870556 0.19229147525055335 0.07719253630368328
0.5756730425376627 0.04015039050429992 0.8650213220305968 | 0.004550535024229924 -0.5399445840512819 0.2735733610996325
0.6544893739800272 0.00218626211303519 0.15115444453281693 | -0.0020912656667044973 0.08833424412435273 -0.11657203632591055
0.69734473107519 0.024889768639287796 0.22077407617284245 | 0.19689894020629503 0.23707624475603628 -0.11805434606700277
0.6805315916086362 0.0286435515974608 0.358747636474084 | 0.028236710998799677 0.2680241990686962 -0.003126826942660021
0.7153579427028122 0.032450652995325145 0.43168047583710495 | 0.07988446511363693 -0.10449564506245684 -0.010718385333647861
0.7450126190955149 0.03532424082367216 0.513454769060659 | 0.14202466190232388 0.03803649778002637 -0.004585080030929473
0.729198221247986 0.03395808616483907 0.6137523362359713 | 0.07715905533002604 0.19248697112419202 0.16229032238884825
0.7148578808154583 0.01802445595606057 0.7148603417646809 | 0.04277973002198161 0.6865820651089841 0.04278433103327783
0.6847532428633278 0.0022484759944626366 0.7913332175856186 | 0.08165903804015227 -0.0055449576215983575 0.09580045071385802
0.7679410558414481 0.0031033864900198733 0.17635009937301305 | 0.04313163993814623 0.058715871771272646 -0.06345143379332564
0.7872936629236656 0.001071278776608083 0.26241620890351003 | 0.06707568656704783 0.2710363938692597 -0.09278332780543198
0.8538603729568051 0.04089281545224538 0.3664557855949362 | 0.24539276847132466 -0.502435813351026 -0.03595382767199251
0.8792459380742088 0.035545338875472475 0.44147707265555797 | 0.303126163929736 -0.5538222850911919 -0.0056942989782545255
0.8734361093837321 0.04012557106145443 0.5058018834443766 | 0.30625292504519597 -0.5499101204178647 0.0024232987872944015
0.8650199519028935 0.04014943556409458 0.5756712858382204 | 0.2735735461450803 -0.5399445000901341 0.0045477864828291
0.7913323571269333 0.002248770903690351 0.6847542952539022 | 0.09579092237490328 -0.005553923610054421 0.08166485836856718
0.7791600129415314 0.0023927954600143917 0.7791600742719367 | 0.09026730098375141 -0.11212717274469619 0.09026723793973074
0.25213007088753747 0.40000718712305305 0.2521300802829471 | 0.004964460227190892 0.00384017552956977 0.004964799373886528
0.2498498871448597 0.4000012233897605 0.33922821154863536 | -0.006600461404809409 0.002467478085041692 0.003768248024868964
0.22447106609113476 0.036279925627676235 0.40002392698141576 | 0.004430444513951256 -0.009031457666049557 0.0077645646178752135
0.21035653140057836 0.10637518183816518 0.4000414121282972 | -0.0062842520494092195 -0.17965543488108973 0.0038981088231458544
0.23327847568022828 1.8718987489044193E-4 0.47950157542565075 | -0.0035238180240313244 0.0026789281944641103 -0.002013852480193102
0.19636832841082616 9.894749267071371E-5 0.5663767454517299 | -0.003578472457361986 0.0038268984319211673 0.0034918672636900265
0.1523216971651307 0.0013973670495734533 0.6540430306050811 | -0.13807663270763923 -0.04595487719009684 -0.008628777998537255
0.1871550320669699 3.6796810991771356E-6 0.7575307876622696 | -0.007288065659653271 0.003261455542153031 0.0032317354322678963
0.33922818798137083 0.4000012065294853 0.24984966577103243 | 0.0037618533806205337 0.002465639502308182 -0.006602170846600518
0.3436186556078816 0.4000150235448676 0.34361299626425623 | 0.004042887717268576 0.006954689905108704 0.0040488615111664615
0.3155671594336643 3.101728600534738E-5 0.4473060335161748 | -0.002727621836894152 0.005419675267096063 1.865774665918469E-4
0.32427354019040866 0.09301021228907448 0.40005653988634843 | -7.405433457580916E-4 0.004401088661664058 9.54496297243817E-4
0.3014191546380288 6.250959860160899E-5 0.5111086735585343 | -0.0024403955517818404 0.00293511442438728 0.0010774193201845052
0.2657696194105906 0.03095659731960381 0.5905561564591715 | 0.07216630790759453 0.12449068511749893 0.09103784035787692
0.22543300452985107 0.02021677167503466 0.7035361196719148 | -0.09510179235455131 0.07650182933567312 0.22774874813929993
0.26272477029331476 0.002620311940819233 0.7851299456207478 | -0.10353969833273689 0.10902819726938298 0.07138936053290197
0.400003851577182 0.03643984819583155 0.22430512094691094 | 0.00797542538069878 -0.008714651730254817 0.0041556105936118495
0.45771200004243257 9.132165406207078E-5 0.3057923003159465 | 0.016346517341203404 0.02593316661299724 -0.05268173687069687
0.49852259309740116 3.416617118205391E-4 0.49865459702101766 | -0.0019248078094879885 0.00610728512403586 -0.0019137672416508129
0.31568904467209075 6.68229662537095E-5 0.4037523570260042 | -9.918054161257416E-4 0.003975501520074236 -0.006980024386042134
0.3739284591913304 0.0010811942009086631 0.4837427664006169 | 0.004879305113639071 0.027763884566172417 -7.576844981074299E-4
0.3447586059374168 0.019518049916313174 0.573543975907802 | -0.08288325562799805 -0.34956034138055186 0.03936911421457468
0.36534115928733213 3.412001310488177E-6 0.649789840173531 | 0.01643572410881983 0.1480317742368659 -0.010871499570600816
0.3500435055301633 1.4931389963271558E-4 0.7432275689835852 | -2.4528459916787305E-4 0.004945218865055675 0.0015931618089035536
0.4000968140997455 0.10685087646096988 0.2107538777643376 | 0.00435998982242045 -0.179483685869036 -0.00679905665292537
0.40004753341444055 0.09299279113990357 0.32427302826437177 | 0.0010082920456272182 0.004285904014429196 -2.450047296133139E-4
0.40369046612959814 7.842128946144319E-5 0.30961717585334647 | -0.00816868013188845 0.0028818349362921707 5.619446976626655E-4
0.4248608146128011 1.7254233748687143E-4 0.4260172178847697 | 0.0018317699713960164 0.008584888614667012 -8.733691206313789E-4
0.42900480491070514 1.396405225312611E-4 0.5394513414273944 | -0.0013602983181501313 0.004257962904758977 0.003882853107463223
0.4459866445087218 0.0063458587671663255 0.6384621652496657 | 0.08547813461648343 -0.15094851238198476 0.2240702922071026
0.43286531001374173 0.02263817109188946 0.709487738126103 | -0.008009890267579936 -0.28249210169157274 0.04369574798037612
0.42986107955950537 0.023558036228659932 0.8107489710317707 | -0.08423650053942514 -0.7409626034960388 0.18172776432323912
0.4795015119474629 1.949646072032398E-4 0.2332804489945515 | -0.001853405516074557 0.0025493092992553454 -0.003745084204039298
0.5105562667012554 3.441802862990557E-6 0.3010470839605544 | 0.001310709927456403 0.0027903886458116333 -0.0024418751504125375
0.4862112699280409 0.0019515829824773034 0.37272564403157754 | 3.472979634947588E-4 0.04697590805887407 0.0013900946589775552
0.5391948190866079 1.4088335485013773E-4 0.4291480877602128 | 0.003873861243431074 0.004245277252514686 -0.0012291403260660198
0.5346958695161649 3.197310592006179E-4 0.534920345888216 | -0.001781833945938971 0.005765077706676146 -0.0018234095082337478
0.49918741627247887 0.009404899466104918 0.5896607587117644 | -9.855196989559235E-4 -0.23986815067433634 0.1165944749879827
0.5143237063247218 0.01266721567227967 0.7284921816717375 | -0.026134365043262824 -0.24214664874488664 0.08887745182841365
0.5160971833865305 0.0041638407389672834 0.8245877256837163 | 0.013660716880529028 0.06404752751121501 0.19992714749486518
0.5664411600149534 1.3175351986811505E-5 0.19599196690243217 | 0.003527914844681588 0.0038519049420684113 -0.00356354274336587
0.5905289311592989 0.030933284985957075 0.26573675035975924 | 0.09122905872648353 0.12421290017577954 0.07088745827378135
0.5739927478787679 0.019597870482575004 0.34456487842676853 | 0.040116504486367964 -0.35116025804380746 -0.08645302136448618
0.6380404979282328 0.007768494197029344 0.4457365013796888 | 0.21868382052458832 -0.15259762797306858 0.08270025438012113
0.589817541695121 0.009445557398434308 0.4991724664521319 | 0.1163360509220897 -0.2393423242296961 -0.002305791826599815
0.5871984777926279 1.5303105107717055E-4 0.5872513471664088 | -2.978042768060086E-4 0.004818708970045705 -2.9773227532800707E-4
0.6035730985263922 8.318540080847083E-5 0.666485542849545 | -0.016742865980163783 0.025619600149677357 0.016595336055211112
0.5850351478282824 0.0013379858008021055 0.7925629223698383 | -0.004733157740960889 -0.020394479878620076 0.11799601755351306
0.6540549222277839 0.0013893948077220981 0.15232986080928274 | -0.00852675826019612 -0.04588412112347946 -0.1380655231511955
0.7035339026986117 0.02023629983656947 0.22545991409154229 | 0.22774579599929728 0.0760812613656221 -0.09498708157426891
0.6498986999473528 4.195329780766721E-5 0.3653191497000329 | -0.009949812605320482 0.1478069567062684 0.016446254125246935
0.7094308984440438 0.022781888538751474 0.4328768788470637 | 0.04365629090692133 -0.28235731105945455 -0.007963509282003775
0.7285446468295818 0.012670326751843111 0.5143173891116194 | 0.0888818845933949 -0.24217084237237563 -0.026060360000067753
0.6664147826186436 9.194108755686438E-5 0.6035096797913282 | 0.01655560748038188 0.025575354143387876 -0.01684908393307352
0.6909549346428595 0.016127537153889794 0.6909483812371902 | 0.02996889129172054 0.13109902296442177 0.02996759972445536
0.6838289609916789 9.339796228250894E-4 0.7885261702856146 | 0.07581329840283851 -0.09101260000173593 0.1021039011105591
0.7575272874415229 3.5522181371723937E-6 0.1871561124456033 | 0.003224588306250564 0.0032622055890101564 -0.00728829944154842
0.78514022834023 0.002621192846897832 0.26272027389558317 | 0.07147889483203405 0.1089996653248054 -0.10358319231815302
0.7432373188255542 1.6006715430845315E-4 0.3500525386747516 | 0.001599541461166112 0.00493485780719664 -2.3773024253618774E-4
0.8107126489565295 0.023576602685688734 0.42986626888107476 | 0.18158779346343312 -0.7408806145118206 -0.0842578521766103
0.8245769730809801 0.004136321483272669 0.5160949583546243 | 0.1998569433028495 0.06425496311677444 0.013647440179646442
0.7925660417995462 0.0013306945383906007 0.5850283846746074 | 0.11798087235307307 -0.02039106266073031 -0.0047737142845151875
0.7885252748206754 9.342931045381467E-4 0.6838299068206646 | 0.10209678344036272 -0.0910208775365822 0.07582111135599717
0.7437455636135751 5.629649114125538E-6 0.743745526534862 | -0.0014806026380965486 0.005453887920465702 -0.0014804158915018362
