512
0.27365602269901174 1.4173057651737097E-4 0.27365602269901085
0.2323532172952462 0.0029575171636818283 0.2927253172213728
0.2702740499757983 0.004773282161837261 0.34956200131212223
0.24912159367611883 0.01020590725214657 0.4363462722224058
0.24645192107814026 0.012461015186571368 0.5180206380454483
0.2724986703525638 7.033951049452956E-5 0.6030519775801392
0.29180247381129776 0.0036500580155322446 0.6803614451535595
0.29297244531354216 0.007550126751445775 0.7086363538305406
0.29272531722137446 0.002957517163688582 0.23235321729523992
0.2831175565047486 0.058208913145709265 0.28311755650475007
0.32173360629214875 0.01103411873617669 0.3421350640415974
0.30817426270055337 0.040930940226316784 0.4238094411258382
0.29465689108860016 0.043389117071418605 0.5271414560281108
0.31786426917226374 1.719689527721487E-4 0.5977582958644522
0.2848760302522855 0.055113227836717765 0.658011086175408
0.2963887137184716 0.050967598530470705 0.7349682346904673
0.34956200131212284 0.004773282161854686 0.27027404997579607
0.3421350640415965 0.01103411873617609 0.3217336062921495
0.3471434500948364 0.09006646901686756 0.3471434500948361
0.35164689497025875 0.06643131389899452 0.4422401993234966
0.3556730034859782 0.06629561459517719 0.5109565868797324
0.34396130326169716 0.0824936903498801 0.5995794387995005
0.3395928976619414 0.002700663202528626 0.6308437165443628
0.36328092738900414 0.0659372667433539 0.7513472510295506
0.43634627222240585 0.010205907252152185 0.24912159367611206
0.42380944112583974 0.040930940226316034 0.3081742627005515
0.4422401993234971 0.06643131389899203 0.3516468949702617
0.43415174428540765 0.00859294366606305 0.4341517442854085
0.43332102611899653 0.006455635339601818 0.5163621491343882
0.4415407389098735 0.02659904781060675 0.6219271653564613
0.4249488104922729 0.003033982120719314 0.6173422516532984
0.4334223786047778 0.021132794917953314 0.7602514216369042
0.5180206380454486 0.012461015186568043 0.24645192107814223
0.5271414560281147 0.043389117071424295 0.29465689108860443
0.5109565868797328 0.06629561459517978 0.3556730034859806
0.5163621491343865 0.006455635339605845 0.4333210261189956
0.5125668235753573 0.002461343160932841 0.5125668235753564
0.5037192666763273 0.03897464744730564 0.612129909959239
0.5250903928574399 0.007829349134365999 0.6228407585228221
0.5181467013485238 0.03396630090323412 0.7581291366336589
0.603051977580139 7.033951048108109E-5 0.2724986703525677
0.5977582958644545 1.7196895277656358E-4 0.31786426917226185
0.5995794387995051 0.08249369034988134 0.3439613032617012
0.6219271653564618 0.026599047810596115 0.44154073890987344
0.612129909959239 0.03897464744731559 0.5037192666763259
0.5992354967223722 0.07665573287994684 0.5992354967223725
0.5969710661105866 0.025710782954087866 0.6488926248075937
0.5939295246413393 0.05267397704039705 0.7492692147354096
0.6803614451535624 0.0036500580155294188 0.29180247381129715
0.658011086175408 0.055113227836719264 0.28487603025228514
0.630843716544362 0.002700663202539812 0.3395928976619391
0.6173422516533029 0.0030339821207240212 0.42494881049228095
0.6228407585228152 0.007829349134377796 0.525090392857445
0.648892624807603 0.025710782954097528 0.5969710661105823
0.6486555333059444 2.0632285280866762E-4 0.6486555333059542
0.6456422508668805 0.0037242269357946616 0.7286307083369808
0.7086363538305341 0.007550126751438644 0.2929724453135397
0.734968234690467 0.05096759853046871 0.2963887137184729
0.7513472510295462 0.06593726674335522 0.3632809273890047
0.7602514216369024 0.021132794917963375 0.4334223786047815
0.7581291366336669 0.033966300903224805 0.5181467013485297
0.7492692147354045 0.0526739770404014 0.5939295246413424
0.7286307083369812 0.003724226935793426 0.645642250866883
0.7300258538984745 0.00256504158962979 0.730025853898475
0.20199226464796388 0.011878174787020131 0.20199226464796588
0.16269943278525417 0.024380035759744657 0.28247972573713365
0.16225774051630362 0.04435735536681688 0.3890404754335629
0.3193060526882806 4.0255581639616E-5 0.4254399044502794
0.3306169858703569 6.573059111917564E-5 0.5209362254587283
0.16428723298519982 0.0400059629291903 0.5610350346743298
0.20934812597823615 0.03774096061747194 0.6563413075491801
0.222452095229796 0.016713390641091414 0.7232006319216304
0.28247972573713176 0.02438003575974294 0.16269943278525326
0.2829203522100587 0.044434132133720064 0.2829203522100605
0.3335898320724309 0.0036258032947351867 0.33825919045652914
0.3264367664413986 0.008849967030587038 0.42356778541094114
0.3218672052744595 0.008465515514473436 0.5171642644851931
0.32467177013577625 0.005486046076755339 0.6018609356372561
0.28461429712365 0.038267999779088936 0.6611292644782225
0.27956074465238406 0.008302702542132133 0.7919781973497128
0.38904047543356546 0.044357355366812797 0.16225774051630454
0.33825919045652997 0.0036258032947341897 0.3335898320724295
0.3537878327339383 0.051694220789583065 0.3537878327339372
0.3323513797299194 0.00339652766082975 0.4292504473706233
0.33368832251869013 0.005840311719957757 0.5190111666465891
0.3538421527549216 0.044807683343135514 0.5967228825796191
0.3382344820975744 2.010457639631033E-4 0.62462336106957
0.36455095574140783 0.016549746267066914 0.833515672197183
0.4254399044502784 4.025558163792345E-5 0.31930605268828105
0.42356778541094275 0.008849967030584797 0.32643676644140013
0.42925044737062296 0.003396527660823086 0.33235137972991874
0.43007591913534693 0.002419411347894038 0.43007591913534765
0.4300186252102653 0.00972446039931975 0.5179387344409817
0.421029880799696 0.004669485208824725 0.61677222249641
0.42728898769077966 9.485717594201113E-5 0.6424230050586196
0.4349923424348354 1.7884418427384667E-7 0.7061046233623551
0.5209362254587284 6.573059112082721E-5 0.33061698587035854
0.5171642644851975 0.00846551551448694 0.3218672052744643
0.5190111666465904 0.005840311719963043 0.33368832251868646
0.5179387344409803 0.009724460399321315 0.4300186252102642
0.5150287628381818 0.011011287901981765 0.5150287628381804
0.5258552805329487 0.00535479194767993 0.6129128001239469
0.5362208242919465 2.7883908118263263E-4 0.64187779649279
0.5091968319100774 4.938433334237917E-4 0.7346357926248346
0.5610350346743311 0.04000596292918713 0.16428723298520126
0.601860935637258 0.005486046076760951 0.3246717701357777
0.5967228825796176 0.04480768334314113 0.3538421527549306
0.6167722224964068 0.004669485208816539 0.42102988079969234
0.6129128001239605 0.00535479194769793 0.5258552805329473
0.5858798912996194 0.0438811610517729 0.585879891299621
0.6045833737671357 0.008357118185935358 0.6378081933766426
0.5877590124463283 0.0216676632227112 0.83946877464919
0.6563413075491787 0.03774096061747115 0.2093481259782354
0.6611292644782226 0.038267999779092905 0.2846142971236483
0.6246233610695682 2.0104576398873427E-4 0.3382344820975767
0.6424230050586209 9.485717593479403E-5 0.4272889876907851
0.6418777964927759 2.788390811981275E-4 0.5362208242919525
0.6378081933766283 0.008357118185875492 0.6045833737671404
0.6728812516875429 0.019929534732902408 0.6728812516875446
0.6668929901249215 3.014843037745969E-4 0.7950097947407969
0.7232006319216331 0.01671339064110821 0.22245209522979412
0.7919781973497105 0.008302702542132844 0.2795607446523838
0.8335156721971914 0.0165497462670712 0.36455095574140556
0.7061046233623628 1.7884418257378378E-7 0.43499234243483437
0.7346357926247313 4.938433334216725E-4 0.5091968319101098
0.8394687746491875 0.021667663222710264 0.5877590124463181
0.7950097947407974 3.0148430377310246E-4 0.6668929901249219
0.7221315712298477 6.190139541237734E-5 0.7221315712298476
0.16020557200277047 0.019093301642862163 0.1602055720027704
0.16232526438330916 0.024574994621609995 0.28222144692711293
0.1666497689086469 0.024673208445057566 0.3752494885632665
0.25926392126293063 5.319431540298126E-7 0.4359628490832859
0.26483211043871735 7.005517140081877E-5 0.516889020773057
0.1634570785440733 0.027783764773565613 0.5693827076688714
0.168301748773561 0.03755676219780412 0.6540515312151476
0.1676723250965126 0.021542724569666858 0.7861466396085431
0.28222144692711115 0.024574994621607452 0.16232526438330847
0.27562694801364324 0.004937479098289758 0.27562694801364424
0.2504279230363137 0.014814948888831241 0.37382335807518
0.24143868849054206 0.013174480106972069 0.4378909394592713
0.24290947406431176 0.013014410631797608 0.5162834814864589
0.2448227559611087 0.004870024601626166 0.5933071075564676
0.2815623388287517 0.005205455940636698 0.6789969241903362
0.2789503023917893 0.022615543073106415 0.7924276971410542
0.3752494885632663 0.024673208445056487 0.16664976890864722
0.37382335807517925 0.014814948888831723 0.2504279230363134
0.3645328383588365 0.03308746195896879 0.36453283835883526
0.33520055985410546 4.267652218300881E-5 0.42776444406953734
0.3355263211984897 1.223363600217069E-5 0.5197664631874295
0.36689575503369565 0.024064875801848337 0.5873237656746124
0.3790796339148377 0.01716178002638539 0.6803952517653011
0.3658805640120257 0.004880952212051222 0.7661153448139586
0.4359628490832861 5.319431549041098E-7 0.2592639212629292
0.43789093945927027 0.013174480106971217 0.24143868849054495
0.4277644440695368 4.267652218173577E-5 0.3352005598541043
0.42981237040107007 1.9924843564153196E-5 0.42981237040107056
0.4298790860557545 1.1637080896492067E-4 0.5186419990947728
0.40427631935980196 1.3859702452566068E-4 0.6145904847303305
0.4393680804045417 0.01658975264314471 0.6925797834469581
0.43533964295810723 7.002375548849622E-6 0.69390606135477
0.5168890207730563 7.00551713985539E-5 0.2648321104387166
0.5162834814864581 0.013014410631799955 0.24290947406430588
0.5197664631874301 1.2233636003996867E-5 0.335526321198488
0.5186419990947713 1.163708089664346E-4 0.4298790860557534
0.5164489701973575 5.633769327944584E-5 0.5164489701973558
0.5517559511045624 2.743693663157219E-4 0.6185322339880455
0.514356570261715 0.022106016906175845 0.6892668219638455
0.5169722658931711 3.578289073868327E-5 0.6850273453332626
0.5693827076688714 0.0277837647735655 0.1634570785440746
0.5933071075564702 0.004870024601616351 0.24482275596110983
0.5873237656746015 0.024064875801859977 0.3668957550337144
0.614590484730332 1.3859702451850568E-4 0.40427631935979
0.6185322339880531 2.7436936631467537E-4 0.5517559511045605
0.5716846814388629 0.015035306574191845 0.5716846814388649
0.5995059296388818 0.011604189653103919 0.6487273718478236
0.5816128147452351 4.731641526119836E-4 0.7712113147810786
0.6540515312151474 0.037556762197802705 0.16830174877356324
0.6789969241903386 0.005205455940640736 0.28156233882875176
0.6803952517653029 0.017161780026380396 0.37907963391483906
0.692579783446951 0.0165897526431283 0.43936808040453884
0.6892668219638518 0.022106016906189893 0.5143565702617099
0.6487273718478453 0.01160418965314517 0.5995059296388705
0.6734672236652068 5.98706270189676E-5 0.6734672236652101
0.67152847439079 0.018569217222002124 0.7968078120868435
0.7861466396085436 0.021542724569668797 0.16767232509651098
0.7924276971410544 0.02261554307310892 0.2789503023917903
0.7661153448139619 0.0048809522120552605 0.3658805640120269
0.6939060613547741 7.002375553165431E-6 0.43533964295810806
0.6850273453332533 3.5782890743668756E-5 0.5169722658931726
0.7712113147810797 4.731641526241919E-4 0.5816128147452367
0.7968078120868446 0.018569217221999203 0.6715284743907908
0.7778255526090424 0.027149308124306295 0.7778255526090424
0.16369862912353728 0.01842464553941049 0.16369862912353822
0.1606276981025308 0.02037937338672302 0.2811329441204816
0.17214489198888494 7.04128269415101E-4 0.3710543296131953
0.12889852644765734 0.012009638555467083 0.4403458846404226
0.12612821711993005 0.002522187630138888 0.5089901490271247
0.16474240910594057 0.0049090522030548036 0.5745134941300638
0.14808538057046203 0.03548218532663329 0.6594832031626102
0.1599802837748173 0.029124899209917135 0.7873721063350354
0.28113294412047946 0.02037937338672264 0.16062769810253025
0.27200503735283504 0.0014170496224792917 0.2720050373528347
0.25087908284844407 0.010855648399914949 0.36534295843495557
0.23570402729524995 0.021675650054695458 0.43772377883310204
0.24324733900129503 0.021518961571088017 0.5177802196581833
0.2461005854763254 0.019375563620329366 0.6002202752370865
0.28042920610708033 0.002164141221161003 0.6803370211379887
0.27782918993772043 0.01095737863179791 0.7934931414785938
0.3710543296131941 7.041282694141291E-4 0.17214489198888547
0.3653429584349546 0.010855648399918396 0.25087908284844335
0.3876183615748741 0.0193663950454051 0.3876183615748736
0.38560277003571874 0.029019062114561133 0.47004024048894083
0.3850996649080056 0.02992317898867704 0.4791148976150201
0.39674387871001776 0.022635351210264703 0.5628218789383145
0.37625373905150095 0.007861473916580203 0.6810843566316142
0.36660054314608653 5.585806293039159E-4 0.7641241011066617
0.44034588464043645 0.012009638555468704 0.12889852644768796
0.4377237788330995 0.0216756500546919 0.23570402729526094
0.47004024048894105 0.029019062114561987 0.38560277003571686
0.4300799445219498 2.87903362513776E-5 0.4300799445219501
0.42987333332734823 3.1637244457274E-5 0.5181314472504139
0.47238205637510133 0.03536385774464009 0.576037959824927
0.4363331390641678 0.021167441715917685 0.7007017880162872
0.43561161967953266 0.001395625937153266 0.8277428568175699
0.5089901490271375 0.0025221876301436963 0.12612821711989936
0.5177802196581827 0.02151896157109806 0.24324733900129203
0.479114897615019 0.029923178988673173 0.38509966490800296
0.5181314472504134 3.1637244457442484E-5 0.4298733333273468
0.5172717508524133 2.0502670021101245E-6 0.5172717508524116
0.47792526798650203 0.033590681361301625 0.5781718375295245
0.5156418644841073 0.02552461867965338 0.6917472409543881
0.5107163487016825 0.001869558530472491 0.8180199132644963
0.5745134941300625 0.00490905220305687 0.16474240910594204
0.6002202752370863 0.019375563620325165 0.2461005854763273
0.5628218789383223 0.022635351210247352 0.396743878710005
0.5760379598249289 0.035363857744633784 0.47238205637510167
0.5781718375295222 0.0335906813612943 0.47792526798649887
0.5691982723424831 0.003276750991258261 0.5691982723424848
0.5773714569954392 0.00993761627657202 0.6966037325083064
0.5809295580480877 9.101614598510833E-5 0.7680468714217458
0.6594832031626108 0.03548218532663072 0.14808538057046197
0.6803370211379902 0.0021641412211675167 0.2804292061070797
0.6810843566316148 0.00786147391658176 0.37625373905150544
0.7007017880162852 0.021167441715895845 0.43633313906416427
0.6917472409544005 0.02552461867966321 0.515641864484103
0.6966037325082964 0.009937616276583993 0.577371456995447
0.6735655877193123 2.5402853046664327E-4 0.6735655877193164
0.6720160698812275 0.013596417897402733 0.7972709184519982
0.7873721063350348 0.02912489920991234 0.15998028377481777
0.7934931414785931 0.010957378631799363 0.2778291899377213
0.7641241011066648 5.585806293011213E-4 0.3666005431460885
0.827742856817584 0.0013956259371436777 0.43561161967952855
0.8180199132644477 0.0018695585304330138 0.510716348701665
0.7680468714217441 9.101614599126432E-5 0.5809295580480885
0.797270918451999 0.013596417897401639 0.6720160698812279
0.7880407181044475 0.03245334328570093 0.7880407181044472
0.16313552121808603 0.001958793113726309 0.1631355212180859
0.1616419334038838 9.438568017718684E-4 0.2816998807579753
0.19879374505400174 1.159407435994709E-4 0.3677863576616244
0.11721154937791992 5.0162317796436646E-5 0.430452263437174
0.1216449580195554 4.126049961051004E-5 0.517276699844686
0.19897918556588398 4.715443586659953E-5 0.5822073502890163
0.14502362862192963 1.1590822682270736E-4 0.6709829030058944
0.1598898784880447 0.004128027204381013 0.7883198061787576
0.28169988075797375 9.438568017730486E-4 0.16164193340388341
0.22305685056172847 0.028224417295360817 0.22305685056172958
0.25059051306987623 0.03150734264214047 0.35008814520599213
0.23406130437577008 0.02261116834686065 0.4385503655509391
0.24432369453571004 0.020930725943177693 0.5174848650389502
0.2466950319783337 0.029486924260330616 0.6074252824441113
0.216019563236975 0.03224853862005025 0.7080060214563106
0.2781906159901536 3.2464911250963704E-6 0.7822717237456206
0.3677863576616231 1.1594074359969682E-4 0.1987937450540008
0.3500881452059918 0.031507342642139995 0.2505905130698757
0.38394147596116424 0.011870096138497547 0.3839414759611635
0.3569617445533686 0.030546775212212603 0.452286017220606
0.37435229667528724 0.05606064029420752 0.48625870980796554
0.38459501898041104 0.016483009764153334 0.568092173186003
0.3553736914383586 0.038798336684906044 0.6869336043056768
0.36930416534310734 7.06728175443905E-5 0.7620166581298562
0.4304522634371759 5.016231779165927E-5 0.11721154937792379
0.43855036555093513 0.022611168346852624 0.23406130437578737
0.45228601722061623 0.030546775212220007 0.35696174455337976
0.42945566035305366 8.643206712358102E-6 0.42945566035305377
0.4298629376048903 2.8926027206307384E-5 0.5180747383086387
0.4684645358140579 0.028873182320002844 0.5805512512434773
0.43576887340839854 0.02042178950386199 0.7042984129144163
0.4312557408557676 2.4374185506751447E-5 0.8268386862004222
0.5172766998446895 4.126049961979914E-5 0.12164495801954738
0.51748486503895 0.020930725943180132 0.24432369453570926
0.48625870980796526 0.05606064029420687 0.3743522966752874
0.5180747383086383 2.8926027206099624E-5 0.4298629376048896
0.5174117919072339 6.26319031854567E-5 0.5174117919072319
0.48441971958319213 0.046627727336988334 0.5822742389816984
0.5164807821946938 0.029153326674634057 0.6941086452843717
0.5156415033303665 4.546535532049399E-5 0.8173558473359751
0.5822073502890157 4.715443586692266E-5 0.19897918556588426
0.6074252824441106 0.029486924260331168 0.24669503197833623
0.5680921731860047 0.0164830097641471 0.38459501898041226
0.5805512512434813 0.028873182319991662 0.4684645358140552
0.5822742389816947 0.04662772733698355 0.4844197195831896
0.5686083529798969 0.019092690962294444 0.5686083529798985
0.5954511804366686 0.031103860264842333 0.7017951840338726
0.5800402281512886 5.6612308453751845E-5 0.7588581715690548
0.6709829030058908 1.1590822682239069E-4 0.14502362862193058
0.7080060214563131 0.03224853862003965 0.21601956323697355
0.6869336043056795 0.03879833668491178 0.35537369143835773
0.704298412914415 0.020421789503846904 0.4357688734083955
0.6941086452843884 0.029153326674634203 0.5164807821946916
0.7017951840338643 0.03110386026481841 0.595451180436676
0.6837298498374557 0.02157280987652846 0.6837298498374559
0.672503324932439 8.42328046466099E-4 0.7942035257233101
0.7883198061787562 0.004128027204378411 0.15988987848804553
0.7822717237456183 3.2464911230869304E-6 0.27819061599015293
0.7620166581298596 7.067281755355677E-5 0.36930416534310845
0.8268386862004302 2.437418550841132E-5 0.43125574085576657
0.8173558473359497 4.546535529917818E-5 0.5156415033303599
0.7588581715690522 5.6612308455373744E-5 0.580040228151291
0.7942035257233103 8.423280464638187E-4 0.6725033249324393
0.7926283798067455 0.01167618874303603 0.7926283798067454
0.1637524131630727 5.611837360716289E-4 0.1637524131630726
0.16224849401983438 7.549992935150644E-4 0.2821359368115238
0.19694793597284904 1.3057211710678865E-5 0.36752795906863095
0.1005668812388998 4.744670880943167E-5 0.42581195057056637
0.09217036762584058 0.003466340397674641 0.525306734981458
0.19705968776769411 8.308239542301236E-5 0.5829589671810725
0.14694546588535026 4.857631574899932E-5 0.6702756284562692
0.16215802656127493 0.003331942179688883 0.7865557783473612
0.2821359368115216 7.549992935161179E-4 0.162248494019834
0.2234044233319252 0.05146766050400512 0.22340442333192606
0.2628378955853049 0.041312660481005146 0.3487771304611623
0.2438364391105496 0.016041965863028588 0.4370809617441888
0.24509555985350173 0.015967999756343814 0.5176165173731772
0.2526257375847667 0.03470815387236484 0.6076089877446315
0.21615472454139253 0.04157018423126005 0.7205817422618533
0.2783763079037866 2.2583546499095656E-6 0.7837573525337838
0.3675279590686299 1.305721171105986E-5 0.19694793597284788
0.34877713046116204 0.04131266048100416 0.26283789558530607
0.3780207863874155 0.02268602255932387 0.3780207863874145
0.33151220968907985 3.4455822456589823E-4 0.4303483904729038
0.33304420503894505 0.0025662397479948255 0.5179847314996351
0.3759383592595528 0.027430107685957772 0.5726383344375038
0.3533277286709258 0.03783235415216097 0.684172939260961
0.3694903129500806 9.226970374132565E-6 0.7617769981717564
0.42581195057056354 4.7446708810584255E-5 0.10056688123889349
0.4370809617441883 0.016041965863024286 0.2438364391105493
0.43034839047290385 3.4455822456837303E-4 0.3315122096890788
0.42788371015769866 9.89950575385096E-6 0.4278837101576986
0.42883575121580025 6.116569365520558E-5 0.5191671416019424
0.4284237538000837 1.3992535576491164E-4 0.6116800344633961
0.43567707869750083 0.01190263762115911 0.7063420906180843
0.4284366069875215 3.1390561364837605E-4 0.8441153936991437
0.5253067349814492 0.0034663403976581894 0.09217036762586135
0.5176165173731769 0.01596799975634678 0.24509555985350137
0.5179847314996373 0.0025662397479903854 0.33304420503894283
0.519167141601942 6.11656936542575E-5 0.4288357512157995
0.5190616650746732 2.1181093999076195E-6 0.5190616650746731
0.5146562245528455 2.974320081131727E-5 0.6071288689197889
0.5171936894930803 0.020290297724808615 0.6975862683604639
0.5243438146713842 0.00488275375946772 0.8682111864362879
0.582958967181072 8.308239542351267E-5 0.19705968776769475
0.6076089877446315 0.034708153872368114 0.2526257375847659
0.5726383344375026 0.02743010768596378 0.3759383592595583
0.6116800344633909 1.3992535576867182E-4 0.42842375380008985
0.6071288689197976 2.9743200810688868E-5 0.5146562245528514
0.5706675069218283 0.03435099191993587 0.5706675069218307
0.6039944619253912 0.04628472950235639 0.6952054189400045
0.5800611395232596 1.773294390960042E-5 0.7588787501136858
0.6702756284562679 4.857631574813466E-5 0.14694546588535048
0.7205817422618533 0.04157018423126392 0.21615472454139287
0.6841729392609629 0.037832354152154066 0.35332772867092554
0.7063420906180828 0.011902637621153825 0.435677078697498
0.697586268360486 0.020290297724800708 0.5171936894930763
0.6952054189399984 0.046284729502339854 0.6039944619253943
0.7170519319136085 0.03209541967071715 0.7170519319136079
0.6720932237403331 4.5204968049397795E-4 0.7934853467118889
0.7865557783473602 0.0033319421796869815 0.16215802656127543
0.783757352533782 2.2583546487374956E-6 0.2783763079037865
0.7617769981717601 9.226970385428498E-6 0.369490312950082
0.8441153936991352 3.1390561362965567E-4 0.42843660698752745
0.8682111864363579 0.00488275375953662 0.524343814671401
0.7588787501136831 1.7732943910937404E-5 0.5800611395232622
0.7934853467118872 4.5204968049140904E-4 0.6720932237403322
0.7915065937089846 0.0020624299117207685 0.7915065937089844
0.16948859659731777 1.4955021397895386E-5 0.16948859659731794
0.159297002797911 0.003096751166637025 0.27977985580437226
0.17717685886362314 5.40862157112166E-5 0.37120118645990446
0.11539398789120518 4.9673414460456213E-5 0.43000711816731024
0.11390638880267351 2.47436163063377E-5 0.5189867190566246
0.1665293344132817 0.0011527149287852117 0.5758883331897799
0.13698401185016135 6.916498634594497E-5 0.6745845776724493
0.16376181300757545 3.954316078071791E-4 0.7851861634092862
0.2797798558043705 0.003096751166636289 0.1592970027979113
0.22372381789425294 0.051868185022205915 0.22372381789425388
0.2676820791754564 0.043641238292616666 0.34855368393639286
0.24396144629433683 0.012182095587005972 0.43681605583038113
0.245112291928791 0.014352836184756107 0.5177410035582978
0.2597402041747772 0.048415088301370625 0.6054801337262457
0.2169863138183171 0.04450534782565376 0.7217401797889406
0.27722518133892915 0.002955252979535726 0.7950427208133366
0.3712011864599031 5.4086215710418905E-5 0.1771768588636236
0.34855368393639236 0.04364123829261554 0.2676820791754573
0.35040584717619744 4.6596684842702596E-4 0.35040584717619705
0.3396763654011436 1.0434739304697447E-4 0.42813213222199986
0.34031483378905003 1.5446240915359895E-4 0.5229226738373676
0.3458267543021714 0.00132703716949239 0.5959631540255311
0.35325144667022634 0.04045212143455939 0.6839946763457324
0.3676502970267559 2.4847851702895156E-6 0.7631202797853693
0.4300071181673106 4.967341445711019E-5 0.11539398789120663
0.4368160558303808 0.012182095587004931 0.24396144629433594
0.4281321322219998 1.0434739304644977E-4 0.33967636540114304
0.43000142320079643 3.4915842832529236E-4 0.43000142320079715
0.4294792884882926 2.2071855774011718E-4 0.5186750254479299
0.4266579698936224 9.00629841658881E-5 0.6060799551989111
0.43567217012384546 0.0038677607543719473 0.7075205379724614
0.43011868411207277 1.8105353142067716E-7 0.8309422362418876
0.5189867190566262 2.474361631275503E-5 0.1139063888026698
0.5177410035582972 0.014352836184760413 0.24511229192879064
0.5229226738373679 1.5446240915488585E-4 0.34031483378904903
0.5186750254479281 2.2071855774304528E-4 0.4294792884882914
0.5156917615842384 0.010694889930369439 0.5156917615842368
0.518718045228632 2.0033242970599814E-4 0.6033817048002119
0.5172105816242168 0.011108330737465403 0.6990322261851839
0.5186637770384384 4.15726050786564E-5 0.8327895194964089
0.5758883331897794 0.001152714928782035 0.16652933441328452
0.6054801337262459 0.04841508830137822 0.2597402041747742
0.595963154025539 0.00132703716948197 0.3458267543021654
0.6060799551989063 9.006298416849983E-5 0.4266579698936239
0.603381704800217 2.003324297036551E-4 0.5187180452286327
0.5836955198810306 0.008908579892900887 0.5836955198810346
0.6050345542936986 0.04628324350341981 0.6948872374113231
0.5811171587675278 3.4142290277036375E-5 0.7678600284937
0.6745845776724478 6.91649863469721E-5 0.13698401185015938
0.7217401797889406 0.044505347825657966 0.21698631381831723
0.6839946763457339 0.04045212143455128 0.35325144667022584
0.7075205379724622 0.0038677607543662913 0.43567217012384285
0.6990322261852053 0.011108330737469325 0.5172105816242129
0.6948872374113156 0.04628324350340707 0.6050345542937009
0.7188768046016158 0.030909229661629727 0.7188768046016153
0.6734276966890205 0.002573528691544384 0.795653531393952
0.7851861634092848 3.9543160780566383E-4 0.16376181300757525
0.7950427208133378 0.0029552529795415223 0.27722518133892937
0.7631202797853714 2.484785163124945E-6 0.3676502970267578
0.8309422362418925 1.8105353104009848E-7 0.4301186841120731
0.8327895194964108 4.1572605078716374E-5 0.5186637770384432
0.767860028493698 3.414229028340618E-5 0.5811171587675287
0.795653531393953 0.0025735286915450086 0.6734276966890204
0.78634837648402 0.0029024607720762 0.7863483764840199
0.19999956416238412 9.069779374298469E-5 0.19999956416238526
0.16310781160856513 3.4305726519761513E-4 0.28224554968054194
0.2026937374820315 2.0596072673467346E-7 0.3681939548730052
0.17890633076150433 0.0554740223820589 0.4716425759489988
0.18138397776914048 0.06303231069535503 0.4835701950088221
0.20417149378333943 1.8261103824921638E-4 0.5815710716088122
0.1594571208596881 1.2820538008268705E-4 0.6658676133011083
0.20218454599381055 1.2087039092558669E-4 0.7456270267102094
0.2822455496805401 3.430572651979664E-4 0.16310781160856472
0.2680031178123824 1.6973217133924495E-4 0.268003117812381
0.2769929726794205 0.013680733853540742 0.3493383250089224
0.2572300635790091 9.019031243980566E-5 0.4333203830186726
0.2569003771376116 3.0721211370559625E-5 0.5184637400079132
0.2782692976441849 0.016575907995011595 0.601212856217719
0.2784001606846141 2.2713813015408919E-4 0.6843128333200378
0.27757053732701603 3.587666318637031E-4 0.7872133880342993
0.3681939548730043 2.0596072711291094E-7 0.20269373748203132
0.34933832500892237 0.013680733853545885 0.27699297267941975
0.3488097882621319 7.528873578645283E-5 0.3488097882621315
0.33501580150050914 1.0377583634185616E-6 0.4300693417692325
0.33517104111550294 4.506132849403679E-5 0.5184063981728302
0.34225039685183606 2.830016367096339E-4 0.5991304254881639
0.3511573124130065 1.0573153476501403E-4 0.6783737708276046
0.3696376115078343 1.1808771194611649E-5 0.7612752514561301
0.4716425759489955 0.055474022382062754 0.17890633076150664
0.4333203830186724 9.019031243918997E-5 0.2572300635790068
0.43006934176923295 1.037758365482537E-6 0.33501580150050825
0.4303772076569423 7.695661431490517E-5 0.43037720765694276
0.42960858295296733 5.311267408291044E-6 0.5182940499659545
0.42777735000047284 3.863368876305749E-5 0.6081965051314844
0.4313684757881327 1.082253486046198E-5 0.6918916443290175
0.46182999825949567 0.03987016759833913 0.7695540146413536
0.48357019500882203 0.06303231069535425 0.18138397776914003
0.518463740007913 3.0721211371416836E-5 0.256900377137612
0.5184063981728316 4.5061328491386674E-5 0.33517104111550117
0.5182940499659536 5.311267409013204E-6 0.4296085829529663
0.5174626982703612 1.0902005824720758E-4 0.5174626982703594
0.515956325630785 7.973814271843989E-5 0.6036931666971794
0.5192736078279051 1.9012261324081915E-5 0.6840127621613415
0.49202856804224804 0.04926436941426674 0.7637729788591225
0.5815710716088114 1.8261103824931106E-4 0.20417149378333843
0.6012128562177188 0.016575907995009253 0.2782692976441868
0.5991304254881665 2.830016367110461E-4 0.34225039685183467
0.6081965051314795 3.863368876210225E-5 0.4277773500004756
0.6036931666971856 7.97381427177669E-5 0.5159563256307889
0.6091827753020931 2.2586293761157024E-4 0.6091827753020945
0.6017757474789184 1.8988296628429682E-4 0.6782520861362736
0.5800370001264274 5.438361527965185E-5 0.7597396946356155
0.665867613301108 1.282053800820391E-4 0.15945712085968858
0.6843128333200383 2.2713813015071293E-4 0.27840016068461343
0.6783737708276062 1.0573153476129478E-4 0.3511573124130054
0.6918916443290154 1.082253485295123E-5 0.43136847578813114
0.6840127621613483 1.901226133167181E-5 0.519273607827904
0.6782520861362729 1.8988296628368544E-4 0.6017757474789172
0.6753370145529259 4.8275946061228565E-6 0.6753370145529286
0.6718061146944612 1.5691585318396384E-4 0.7924665934286726
0.7456270267102085 1.2087039092523259E-4 0.2021845459938106
0.7872133880342966 3.587666318629547E-4 0.27757053732701586
0.7612752514561334 1.1808771202231219E-5 0.36963761150783575
0.7695540146413488 0.03987016759835326 0.46182999825949334
0.7637729788591378 0.04926436941424933 0.4920285680422202
0.7597396946356136 5.438361528208087E-5 0.5800370001264287
0.7924665934286728 1.5691585318190846E-4 0.6718061146944614
0.7435764475672866 2.2922533919157498E-5 0.7435764475672869
