512
0.2682160482890732 0.37790835171092796 0.26821604828907325
0.26366676425182284 0.38245763574818004 0.33878238482148915
0.2606153576392832 0.3855090423607193 0.39664176720933936
0.2594185512853857 0.38670584871461733 0.4493705378933213
0.25941855128538616 0.3867058487146171 0.5006294621066797
0.2606153576392832 0.3855090423607193 0.5533582327906605
0.2636667642518228 0.38245763574818026 0.6112176151785104
0.2682160482890733 0.37790835171092796 0.6817839517109267
0.33878238482148915 0.38245763574818004 0.26366676425182284
0.3357213947618158 0.38645682552463784 0.3357213947618158
0.33348419691296965 0.3894775637406694 0.3958515977065826
0.33225506540712274 0.3909174474607599 0.4492054336697105
0.3322550654071229 0.39091744746075996 0.500794566330289
0.33348419691297 0.3894775637406694 0.5541484022934177
0.3357213947618158 0.38645682552463784 0.6142786052381838
0.33878238482148915 0.38245763574818026 0.6863332357481772
0.39664176720933936 0.3855090423607193 0.2606153576392832
0.3958515977065826 0.3894775637406694 0.33348419691296965
0.39507722809305645 0.39249092840715 0.39507722809305645
0.39427371284360985 0.3939863154484486 0.4491704992007446
0.3942737128436096 0.3939863154484485 0.5008295007992553
0.3950772280930565 0.39249092840714983 0.5549227719069436
0.39585159770658257 0.3894775637406694 0.6165158030870307
0.3966417672093393 0.3855090423607193 0.6893846423607167
0.4493705378933213 0.38670584871461733 0.25941855128538577
0.4492054336697105 0.3909174474607599 0.3322550654071228
0.4491704992007446 0.3939863154484486 0.39427371284360985
0.44899652460255596 0.3954847242917087 0.44899652460255596
0.4489965246025561 0.3954847242917087 0.5010034753974448
0.44917049920074437 0.39398631544844886 0.5557262871563907
0.4492054336697105 0.3909174474607597 0.6177449345928777
0.4493705378933213 0.3867058487146178 0.6905814487146148
0.5006294621066797 0.3867058487146171 0.25941855128538616
0.500794566330289 0.3909174474607599 0.3322550654071229
0.5008295007992553 0.3939863154484485 0.3942737128436096
0.5010034753974447 0.3954847242917087 0.4489965246025561
0.5010034753974447 0.39548472429170906 0.5010034753974448
0.5008295007992553 0.3939863154484476 0.5557262871563908
0.5007945663302891 0.39091744746075996 0.6177449345928775
0.5006294621066797 0.3867058487146169 0.690581448714614
0.5533582327906605 0.3855090423607193 0.2606153576392832
0.5541484022934178 0.3894775637406694 0.33348419691296993
0.5549227719069436 0.39249092840714983 0.3950772280930565
0.5557262871563907 0.39398631544844886 0.44917049920074437
0.5557262871563907 0.3939863154484476 0.5008295007992553
0.5549227719069437 0.3924909284071513 0.5549227719069436
0.5541484022934178 0.3894775637406693 0.6165158030870304
0.5533582327906607 0.3855090423607193 0.6893846423607167
0.6112176151785105 0.38245763574818026 0.2636667642518228
0.6142786052381838 0.38645682552463784 0.33572139476181584
0.6165158030870308 0.3894775637406694 0.39585159770658257
0.6177449345928776 0.3909174474607597 0.4492054336697105
0.6177449345928775 0.39091744746075996 0.5007945663302891
0.6165158030870304 0.3894775637406693 0.5541484022934178
0.6142786052381839 0.38645682552463784 0.6142786052381839
0.6112176151785105 0.38245763574818015 0.6863332357481774
0.6817839517109267 0.37790835171092796 0.2682160482890733
0.6863332357481772 0.38245763574818026 0.33878238482148915
0.6893846423607167 0.3855090423607193 0.3966417672093393
0.6905814487146148 0.3867058487146178 0.4493705378933213
0.6905814487146139 0.3867058487146169 0.5006294621066797
0.6893846423607167 0.3855090423607193 0.5533582327906607
0.6863332357481773 0.38245763574818026 0.6112176151785105
0.6817839517109267 0.377908351710928 0.6817839517109267
0.2636667642517822 0.3073420151786248 0.2636667642517822
0.25966757447533656 0.3104030052384758 0.33572139476171065
0.2566468362592982 0.3126402030875002 0.39585159770647077
0.2552069525391835 0.31386933459346156 0.4492054336696651
0.2552069525391835 0.3138693345934614 0.5007945663303343
0.25664683625929824 0.3126402030875 0.5541484022935296
0.2596675744753366 0.3104030052384758 0.6142786052382891
0.26366676425178204 0.3073420151786249 0.686333235748218
0.33572139476171065 0.3104030052384758 0.25966757447533656
0.33219026839151117 0.3139341316090313 0.33219026839151117
0.3300380607315399 0.31608633926950214 0.39423668914803117
0.3287165003520231 0.31740789964934124 0.4489154849274678
0.32871650035202293 0.31740789964934135 0.5010845150725323
0.33003806073153996 0.316086339269502 0.5557633108519681
0.3321902683915113 0.3139341316090312 0.6178097316084893
0.3357213947617106 0.3104030052384758 0.690332425524662
0.3958515977064707 0.3126402030875002 0.2566468362592982
0.39423668914803117 0.31608633926950214 0.3300380607315399
0.3930262445402567 0.3184485270185777 0.3930262445402567
0.3922025629326458 0.31978704471434427 0.44864775034972143
0.3922025629326461 0.31978704471434405 0.5013522496502786
0.3930262445402567 0.31844852701857707 0.5569737554597433
0.3942366891480312 0.31608633926950186 0.6199619392684603
0.3958515977064707 0.3126402030875002 0.693353163740704
0.4492054336696651 0.31386933459346156 0.2552069525391835
0.44891548492746775 0.31740789964934124 0.32871650035202304
0.44864775034972143 0.31978704471434427 0.3922025629326459
0.4483712350685743 0.3211942910255649 0.44837123506857435
0.44837123506857446 0.32119429102556485 0.5016287649314265
0.4486477503497214 0.31978704471434366 0.557797437067355
0.4489154849274674 0.31740789964934096 0.6212834996479774
0.44920543366966537 0.31386933459346156 0.6947930474608168
0.5007945663303343 0.3138693345934614 0.2552069525391835
0.5010845150725323 0.31740789964934135 0.32871650035202293
0.5013522496502784 0.31978704471434405 0.39220256293264605
0.5016287649314266 0.32119429102556485 0.4483712350685744
0.5016287649314266 0.32119429102556435 0.5016287649314266
0.5013522496502782 0.3197870447143435 0.5577974370673546
0.5010845150725328 0.3174078996493408 0.6212834996479774
0.5007945663303341 0.3138693345934613 0.6947930474608166
0.5541484022935296 0.3126402030875 0.2566468362592983
0.555763310851968 0.316086339269502 0.3300380607315401
0.5569737554597434 0.31844852701857707 0.39302624454025675
0.5577974370673549 0.3197870447143437 0.4486477503497214
0.5577974370673547 0.3197870447143435 0.5013522496502782
0.5569737554597435 0.3184485270185767 0.5569737554597435
0.5557633108519677 0.3160863392695018 0.6199619392684602
0.5541484022935296 0.3126402030874999 0.693353163740704
0.6142786052382891 0.3104030052384758 0.2596675744753366
0.6178097316084892 0.3139341316090312 0.3321902683915112
0.6199619392684604 0.31608633926950186 0.39423668914803117
0.6212834996479774 0.31740789964934096 0.4489154849274674
0.6212834996479774 0.3174078996493408 0.5010845150725328
0.6199619392684602 0.3160863392695018 0.5557633108519678
0.6178097316084892 0.3139341316090311 0.6178097316084892
0.6142786052382891 0.3104030052384757 0.6903324255246621
0.686333235748218 0.307342015178625 0.2636667642517821
0.690332425524662 0.3104030052384758 0.33572139476171065
0.693353163740704 0.3126402030875002 0.3958515977064707
0.6947930474608168 0.31386933459346156 0.44920543366966537
0.6947930474608167 0.3138693345934613 0.5007945663303341
0.693353163740704 0.3126402030874999 0.5541484022935296
0.6903324255246621 0.31040300523847575 0.6142786052382891
0.686333235748218 0.30734201517862514 0.686333235748218
0.26061535764143284 0.24948263278830968 0.26061535764143284
0.25664683626699025 0.2502728022964851 0.3334841969103796
0.2536334716092852 0.2510471719218559 0.3950772280855731
0.25213808457112225 0.251850687184652 0.44917049919635055
0.25213808457112064 0.2518506871846538 0.5008295008036489
0.25363347160928146 0.2510471719218596 0.5549227719144271
0.25664683626698925 0.2502728022964868 0.616515803089621
0.2606153576414327 0.2494826327883104 0.689384642358567
0.3334841969103796 0.2502728022964851 0.25664683626699025
0.33003806074460534 0.2518877108295641 0.33003806074460534
0.32767587302402373 0.25309815541314223 0.39302624455151647
0.3263373553395118 0.2539218370122173 0.44864775035220505
0.3263373553395057 0.25392183701222787 0.5013522496477886
0.32767587302400836 0.2530981554131658 0.5569737554484836
0.33003806074460107 0.2518877108295728 0.6199619392553977
0.333484196910377 0.25027280229648935 0.6933531637330125
0.3950772280855731 0.2510471719218559 0.2536334716092852
0.39302624455151647 0.25309815541314223 0.32767587302402373
0.3917180033279313 0.25440639661902675 0.3917180033279313
0.39075018473540835 0.255374215202936 0.44827470029668154
0.39075018473540046 0.25537421520295744 0.5017252997032938
0.391718003327907 0.2544063966190804 0.5582819966720697
0.3930262445515095 0.2530981554131692 0.6223241269759882
0.3950772280855693 0.25104717192186704 0.6963665283907162
0.44917049919635055 0.251850687184652 0.25213808457112225
0.44864775035220505 0.2539218370122173 0.3263373553395118
0.4482747002966815 0.255374215202936 0.3907501847354084
0.447964459805257 0.2564002093595634 0.447964459805257
0.44796445980525107 0.2564002093595997 0.5020355401947041
0.44827470029666633 0.2553742152030216 0.5592498152645929
0.44864775035220206 0.25392183701226095 0.623662644660507
0.4491704991963486 0.2518506871846653 0.6978619154288841
0.5008295008036489 0.2518506871846538 0.2521380845711206
0.5013522496477886 0.25392183701222787 0.3263373553395057
0.5017252997032938 0.25537421520295744 0.3907501847354004
0.5020355401947041 0.2564002093595997 0.44796445980525107
0.5020355401947079 0.25640020935963637 0.5020355401947079
0.501725299703303 0.255374215203044 0.5592498152646009
0.5013522496477899 0.25392183701227344 0.6236626446605152
0.5008295008036506 0.2518506871846672 0.6978619154288863
0.5549227719144271 0.2510471719218596 0.2536334716092815
0.5569737554484837 0.2530981554131658 0.32767587302400836
0.5582819966720697 0.2544063966190806 0.39171800332790707
0.5592498152645928 0.2553742152030215 0.44827470029666644
0.5592498152646009 0.25537421520304393 0.5017252997033029
0.5582819966720938 0.25440639661913905 0.5582819966720939
0.5569737554484905 0.2530981554131982 0.6223241269760075
0.5549227719144307 0.2510471719218719 0.6963665283907214
0.6165158030896211 0.25027280229648685 0.2566468362669892
0.6199619392553977 0.2518877108295727 0.3300380607446011
0.6223241269759882 0.2530981554131692 0.39302624455150953
0.6236626446605069 0.25392183701226095 0.44864775035220206
0.6236626446605151 0.25392183701227355 0.5013522496477899
0.6223241269760075 0.2530981554131982 0.5569737554484905
0.6199619392554028 0.251887710829584 0.6199619392554028
0.6165158030896237 0.2502728022964913 0.6933531637330137
0.689384642358567 0.2494826327883104 0.2606153576414326
0.6933531637330124 0.25027280229648946 0.33348419691037695
0.6963665283907159 0.25104717192186704 0.3950772280855693
0.6978619154288841 0.2518506871846653 0.44917049919634866
0.6978619154288863 0.25185068718466713 0.5008295008036506
0.6963665283907214 0.25104717192187204 0.5549227719144307
0.6933531637330137 0.2502728022964913 0.6165158030896237
0.6893846423585672 0.24948263278831134 0.6893846423585672
0.25941855191223956 0.19675386054542646 0.25941855191223956
0.25520695317014 0.19691896257357125 0.3322550668681705
0.2521380856066163 0.19695389458157175 0.3942737150939469
0.25063967716907926 0.19712786576919716 0.448996526217194
0.25063967716910596 0.19712786576961175 0.5010034737824054
0.25213808560657264 0.19695389458269427 0.5557262849058647
0.2552069531699969 0.19691896257517863 0.6177449331319845
0.2594185519121359 0.19675386054577723 0.6905814480878923
0.3322550668681705 0.19691896257357125 0.25520695317014
0.3287165022955367 0.1972089075268501 0.3287165022955367
0.326337359193486 0.19747663516756114 0.3922025654494056
0.3249301131358528 0.19775314706385783 0.4483712359189039
0.32493011313517534 0.19775314706638714 0.5016287640795347
0.3263373591913816 0.19747663517381112 0.5577974345504492
0.328716502293932 0.19720890753095693 0.6212834977051757
0.3322550668678464 0.19691896257502184 0.6947930468300075
0.3942737150939469 0.19695389458157175 0.25213808560661627
0.3922025654494056 0.19747663516756114 0.326337359193486
0.3907501900475938 0.19784966978576152 0.39075019004759387
0.3897241969736269 0.19815990264435868 0.44796446176348625
0.3897241969723474 0.1981599026530256 0.5020355382316498
0.3907501900435057 0.19784966980714794 0.5592498099524584
0.39220256544697163 0.1974766351798596 0.623662640808888
0.39427371509223824 0.19695389458566775 0.6978619143938213
0.448996526217194 0.19712786576919716 0.2506396771690793
0.4483712359189039 0.19775314706385783 0.3249301131358528
0.44796446176348625 0.1981599026443588 0.3897241969736269
0.4476154053780595 0.19850894861986118 0.4476154053780595
0.4476154053771753 0.19850894863369326 0.5023845946155819
0.4479644617610338 0.19815990267755015 0.5602758030271006
0.448371235917789 0.19775314708120792 0.6250698868669353
0.44899652621552183 0.19712786577825694 0.6993603228315163
0.5010034737824054 0.19712786576961172 0.25063967716910596
0.5016287640795347 0.19775314706638714 0.3249301131351753
0.5020355382316498 0.19815990265302572 0.3897241969723474
0.502384594615582 0.19850894863369326 0.4476154053771753
0.5023845946153079 0.19850894864973612 0.5023845946153079
0.5020355382317049 0.19815990269063022 0.5602758030288799
0.5016287640796714 0.19775314708493608 0.6250698868679646
0.5010034737840167 0.19712786577873498 0.6993603228315306
0.5557262849058648 0.19695389458269436 0.25213808560657264
0.5577974345504492 0.19747663517381106 0.32633735919138174
0.5592498099524584 0.197849669807148 0.39075019004350564
0.5602758030271007 0.1981599026775501 0.44796446176103377
0.5602758030288799 0.19815990269063002 0.502035538231705
0.5592498099572041 0.19784966983640376 0.5592498099572041
0.5577974345533099 0.1974766351883796 0.6236626408118748
0.5557262849075437 0.19695389458685147 0.6978619143938579
0.6177449331319845 0.19691896257517863 0.2552069531699971
0.6212834977051759 0.197208907530957 0.32871650229393196
0.623662640808888 0.19747663517985958 0.39220256544697163
0.6250698868669353 0.19775314708120792 0.44837123591778905
0.6250698868679647 0.19775314708493608 0.5016287640796714
0.6236626408118748 0.19747663518837982 0.5577974345533099
0.6212834977071955 0.19720890753595238 0.6212834977071954
0.6177449331323408 0.1969189625768294 0.6947930468301808
0.6905814480878922 0.19675386054577723 0.25941855191213603
0.694793046830008 0.19691896257502173 0.33225506686784645
0.6978619143938212 0.19695389458566778 0.39427371509223824
0.6993603228315164 0.19712786577825694 0.44899652621552166
0.6993603228315306 0.19712786577873498 0.5010034737840168
0.6978619143938579 0.19695389458685147 0.5557262849075438
0.694793046830181 0.1969189625768295 0.6177449331323408
0.6905814480880124 0.19675386054614777 0.6905814480880125
0.25941850217719414 0.14549492145987897 0.25941850217719414
0.25520691151329145 0.14532969172699575 0.33225508213083216
0.2521379803807096 0.14529477571759314 0.39427367580629064
0.250639597101422 0.14512060374945332 0.44899642745443685
0.2506395971171769 0.14512060379239625 0.5010035725955829
0.2521379804761699 0.14529477555079764 0.5557263242425493
0.25520691157199316 0.14532969167858176 0.617744917843225
0.2594185022443301 0.14549492136765727 0.6905814977477349
0.33225508213083216 0.14532969172699575 0.25520691151329156
0.32871641174946775 0.1450399721612382 0.3287164117494678
0.32633706497675896 0.1447722290078807 0.39220249665849155
0.32492989383001003 0.1444957348094782 0.44837126721538767
0.32492989390498905 0.14449573455337905 0.5016287330213411
0.32633706538041907 0.14477222863427477 0.5577975033420459
0.3287164119872853 0.14503997189178547 0.6212835880778681
0.33225508218035366 0.14532969160567166 0.6947930884049387
0.3942736758062906 0.14529477571759308 0.2521379803807096
0.39220249665849155 0.1447722290078808 0.3263370649767589
0.3907499907098222 0.14439930592803948 0.3907499907098222
0.3897239151889818 0.144089155417511 0.44796442589352714
0.3897239153311064 0.14408915500623384 0.5020355749001304
0.3907499914095383 0.14439930469658602 0.5592500092889983
0.392202496867629 0.1447722287719483 0.6236629345354332
0.39427367604308333 0.14529477530624288 0.6978620193972832
0.4489964274544369 0.14512060374945332 0.25063959710142225
0.44837126721538767 0.1444957348094782 0.3249298938300101
0.44796442589352714 0.144089155417511 0.38972391518898175
0.4476153825260741 0.1437404187079491 0.447615382526074
0.4476153826079199 0.14374041762241302 0.5023846189463711
0.4479644263034809 0.14408915300966832 0.5602760844768494
0.4483712671848036 0.14449573428943893 0.625070105451458
0.44899642777576254 0.14512060323088208 0.6993604025469349
0.5010035725955829 0.14512060379239636 0.25063959711717665
0.5016287330213411 0.14449573455337894 0.32492989390498905
0.5020355749001304 0.14408915500623384 0.38972391533110634
0.5023846189463711 0.14374041762241302 0.4476153826079197
0.5023846190324415 0.14374041645440114 0.5023846190324415
0.5020355748794622 0.14408915226770933 0.560276084217637
0.5016287331411886 0.14449573398044524 0.6250701052697925
0.501003572284072 0.14512060328359713 0.6993604025094368
0.5557263242425493 0.14529477555079764 0.2521379804761699
0.5577975033420459 0.144772228634275 0.32633706538041896
0.5592500092889982 0.14439930469658593 0.3907499914095383
0.5602760844768494 0.14408915300966832 0.4479644263034808
0.560276084217637 0.14408915226770944 0.5020355748794623
0.5592500082543429 0.14439930319847416 0.5592500082543429
0.5577975029673222 0.14477222841476392 0.6236629336544541
0.5557263240329214 0.14529477517808093 0.6978620193156613
0.617744917843225 0.14532969167858176 0.2552069115719931
0.6212835880778682 0.14503997189178547 0.32871641198728535
0.6236629345354332 0.14477222877194842 0.3922024968676289
0.625070105451458 0.14449573428943893 0.4483712671848036
0.6250701052697923 0.14449573398044513 0.5016287331411886
0.6236629336544542 0.14477222841476392 0.5577975029673222
0.6212835878062842 0.14503997165567598 0.6212835878062842
0.617744917778379 0.1453296915336189 0.694793088325093
0.6905814977477349 0.14549492136765727 0.25941850224433005
0.6947930884049389 0.14532969160567177 0.3322550821803537
0.6978620193972831 0.14529477530624263 0.39427367604308333
0.6993604025469348 0.14512060323088213 0.44899642777576254
0.6993604025094368 0.14512060328359724 0.501003572284072
0.6978620193156612 0.14529477517808098 0.5557263240329215
0.6947930883250931 0.1453296915336188 0.6177449177783791
0.6905814976832413 0.14549492125909785 0.6905814976832413
0.2606096030602547 0.09282314532007692 0.2606096030602547
0.2566386536488761 0.09207456473620937 0.3334743233366888
0.25362842573476574 0.0912845679190231 0.3950686612587908
0.2521249092104586 0.0905652360339635 0.44916237414655413
0.2521248974504704 0.0905652750181307 0.5008376308473742
0.2536284299198166 0.0912845338755475 0.5549313322970021
0.2566386123142882 0.09207439153765534 0.6165257061037568
0.26060958838020143 0.09282310001504179 0.6893904126283392
0.33347432333668875 0.09207456473620937 0.2566386536488761
0.3300298227967136 0.09044344168370091 0.3300298227967136
0.32766232458578143 0.08930309541645484 0.39301763039810117
0.3263226492396495 0.088484116594417 0.4486467844653003
0.32632263542945694 0.08848413882276357 0.5013532126345516
0.3276622985913532 0.08930295124567633 0.5569823836169355
0.33002980308587404 0.09044331993313343 0.619970204209373
0.33347428894631204 0.09207442240342156 0.6933613953456751
0.39506866125879087 0.0912845679190231 0.25362842573476574
0.3930176303981011 0.08930309541645484 0.3276623245857815
0.3916993405289513 0.08810595663543758 0.3916993405289512
0.39073127837994504 0.08716467064976734 0.448273293358746
0.39073125711663176 0.08716465725671234 0.5017267168787831
0.39169931427163857 0.08810579276824952 0.5583007012337023
0.39301760999363455 0.08930272552252894 0.6223377339053566
0.3950686448594948 0.09128450364844849 0.6963715748715921
0.4491623741465541 0.0905652360339635 0.2521249092104586
0.4486467844653003 0.08848411659441698 0.3263226492396495
0.44827329335874605 0.08716467064976734 0.39073127837994504
0.4479608425979513 0.08615905431658111 0.4479608425979513
0.44796084844062783 0.08615903316099095 0.5020391597144371
0.44827328236990055 0.08716435856264748 0.5592687518010001
0.44864678213564474 0.08848386114970805 0.6236773411129705
0.44916228840148975 0.09056485383862024 0.6978751799978951
0.5008376308473742 0.0905652750181307 0.2521248974504704
0.5013532126345517 0.08848413882276362 0.3263226354294569
0.5017267168787831 0.08716465725671223 0.39073125711663176
0.5020391597144371 0.08615903316099084 0.4479608484406278
0.5020391463767245 0.08615904962533541 0.5020391463767244
0.5017267651464081 0.08716426562409157 0.5592687644495694
0.5013532190426041 0.08848387739898446 0.6236773506067027
0.5008377186046334 0.0905649006853345 0.6978751948608178
0.5549313322970021 0.09128453387554761 0.2536284299198166
0.5569823836169356 0.08930295124567632 0.32766229859135326
0.5583007012337025 0.08810579276824955 0.3916993142716385
0.5592687518010001 0.08716435856264748 0.4482732823699006
0.5592687644495693 0.08716426562409169 0.5017267651464081
0.5583007324835395 0.08810546067002162 0.5583007324835395
0.5569824167307337 0.08930251252553553 0.6223377797078163
0.5549313475197277 0.09128446915081186 0.6963715697705214
0.6165257061037568 0.09207439153765534 0.2566386123142882
0.619970204209373 0.09044331993313354 0.330029803085874
0.6223377339053565 0.08930272552252891 0.3930176099936346
0.6236773411129706 0.08848386114970806 0.44864678213564474
0.6236773506067028 0.08848387739898454 0.501353219042604
0.6223377797078162 0.08930251252553553 0.5569824167307337
0.6199702391691615 0.09044315622821354 0.6199702391691615
0.6165257691616147 0.09207419086505518 0.6933614728658817
0.6893904126283392 0.0928231000150419 0.2606095883802015
0.6933613953456751 0.09207442240342156 0.333474288946312
0.6963715748715918 0.09128450364844846 0.3950686448594947
0.6978751799978957 0.09056485383862034 0.44916228840148975
0.6978751948608178 0.0905649006853345 0.5008377186046334
0.6963715697705214 0.09128446915081186 0.5549313475197277
0.6933614728658817 0.09207419086505507 0.6165257691616146
0.6893904305383659 0.09282304864609602 0.6893904305383659
0.2634237774482212 0.03523136137598871 0.2634237774482212
0.2594286679237369 0.03245885465089661 0.33556888011263475
0.25630960044274226 0.03048470167216604 0.3957100534795778
0.25488375001108604 0.029188078984484632 0.4490682459064951
0.2548836778913561 0.029187258967540645 0.5009317695425148
0.25630961246494566 0.030484481345825463 0.5542899557110091
0.2594286687480438 0.03245933730687042 0.6144311177907847
0.26342477103401407 0.03523357906295759 0.686575198863816
0.3355688801126348 0.03245885465089661 0.2594286679237369
0.3319790883098799 0.029298194447416256 0.3319790883098799
0.3297239463975877 0.027298459593473438 0.39406456526852607
0.32845711795388777 0.026110571876414336 0.44889474684011865
0.3284571237570559 0.026110746474155674 0.5011052554220895
0.3297239542717327 0.02729921294269722 0.5559354544088385
0.33197840225521447 0.029299142210482257 0.6180215817819994
0.33556735024505197 0.03245631978590826 0.6905743577094706
0.3957100534795778 0.030484701672166027 0.2563096004427423
0.39406456526852607 0.027298459593473438 0.3297239463975877
0.3928294785049968 0.02527324035836724 0.3928294785049968
0.3919774403084787 0.024115762789278537 0.44865375930526114
0.3919774378931867 0.024115813243335248 0.5013462451553995
0.3928298306434107 0.025273721627847037 0.5571702598543996
0.39406454590533885 0.027298207121091208 0.6202760877033355
0.39570914809712815 0.030482379786289808 0.6936942969119223
0.4490682459064951 0.029188078984484604 0.254883750011086
0.4488947468401187 0.026110571876414336 0.32845711795388777
0.44865375930526114 0.02411576278927853 0.39197744030847864
0.4483766774647355 0.022965984111596557 0.44837667746473553
0.44837659450775175 0.022965964672540064 0.501623417112232
0.44865383619125654 0.02411585287160965 0.5580220850032502
0.44889466939584505 0.026110833666865663 0.6215436779945575
0.44906713663528014 0.029184796828002506 0.695122173255494
0.5009317695425148 0.029187258967540708 0.2548836778913561
0.5011052554220895 0.026110746474155667 0.3284571237570559
0.5013462451553996 0.024115813243335248 0.3919774378931867
0.5016234171122319 0.022965964672540057 0.4483765945077518
0.5016235924898259 0.022965958287637728 0.5016235924898258
0.5013461900643771 0.02411594447088311 0.5580220808558803
0.5011053309472241 0.02611111189315174 0.6215436582078154
0.5009329095248486 0.029183689247735213 0.6951224033409719
0.5542899557110091 0.030484481345825477 0.25630961246494566
0.5559354544088385 0.027299212942697226 0.3297239542717327
0.5571702598543996 0.025273721627846926 0.3928298306434108
0.5580220850032505 0.02411585287160973 0.4486538361912565
0.5580220808558803 0.02411594447088311 0.5013461900643771
0.5571697330533393 0.025273503480494657 0.5571697330533393
0.5559354713555326 0.027298889781730284 0.6202761206415834
0.5542908614639527 0.030482090857940455 0.6936942762962247
0.6144311177907847 0.03245933730687042 0.2594286687480438
0.6180215817819994 0.029299142210482257 0.3319784022552145
0.6202760877033355 0.027298207121091208 0.3940645459053387
0.6215436779945576 0.026110833666865684 0.44889466939584505
0.6215436582078154 0.02611111189315185 0.5011053309472242
0.6202761206415834 0.027298889781730284 0.5559354713555326
0.6180228399858672 0.02929922724408146 0.6180228399858672
0.614432627480081 0.03245673448486293 0.6905743168526277
0.686575198863816 0.03523357906295759 0.263424771034014
0.6905743577094706 0.03245631978590826 0.33556735024505197
0.6936942969119224 0.030482379786289822 0.39570914809712815
0.695122173255494 0.029184796828002506 0.44906713663528014
0.6951224033409719 0.029183689247735213 0.5009329095248486
0.6936942762962247 0.030482090857940455 0.5542908614639527
0.6905743168526277 0.03245673448486292 0.614432627480081
0.6865743945508048 0.03523561291897318 0.6865743945508048
0.26777262591882633 0.017231425860724393 0.26777262591882645
0.26305810270061986 0.020381672722478514 0.33834456280303976
0.26002101740703476 0.016766682405418037 0.3964829755104666
0.2586229901831936 0.02343963008331051 0.44931033513298857
0.25862304494655797 0.023440463937224328 0.5006896567337453
0.2600210049228464 0.016766732649253498 0.553517037322141
0.2630568343898466 0.020375820037731113 0.6116566527160587
0.267771315809699 0.01723491328172217 0.6822286819513292
0.3383445628030397 0.02038167272247852 0.26305810270061986
0.3352242744751556 0.01584909767703143 0.3352242744751556
0.33279966294007246 0.020475898540592032 0.3955332913979094
0.3315231728632311 0.018664664713010932 0.4491216257999645
0.33152315904429963 0.01866370983678044 0.5008783744646834
0.3327995101081847 0.020473627573867028 0.5544667991968554
0.3352222686801812 0.01584563575631612 0.6147777012562502
0.33834147752942545 0.020392756732422704 0.6869453473961834
0.3964829755104666 0.01676668240541801 0.26002101740703476
0.3955332913979094 0.020475898540592032 0.33279966294007246
0.3946132873495596 0.02496823033581997 0.3946132873495596
0.3937743429672337 0.023072845688911624 0.44905474875258095
0.3937743482952418 0.023071125390108145 0.5009452475149774
0.39461266002182527 0.024959100449919076 0.5553874138859474
0.3955278174896985 0.02045190125550797 0.6172101426380806
0.39647984723538043 0.016774902369235584 0.6899849138170822
0.44931033513298857 0.023439630083310518 0.2586229901831936
0.4491216257999645 0.018664664713010898 0.3315231728632311
0.44905474875258095 0.023072845688911717 0.39377434296723374
0.44885904998495946 0.0210845450038848 0.4488590499849594
0.448859370571773 0.021077504393023958 0.5011406228824887
0.44905422220824026 0.023072341600239972 0.5562275026182977
0.4491187645586283 0.018632846987885997 0.6184951422641127
0.4493095130831476 0.023444012844620884 0.6913826509745614
0.5006896567337453 0.023440463937224324 0.25862304494655797
0.5008783744646834 0.018663709836780444 0.33152315904429963
0.5009452475149774 0.02307112539010815 0.3937743482952418
0.5011406228824888 0.02107750439302398 0.448859370571773
0.5011382009345057 0.0210690168081806 0.5011382009345058
0.5009457254147237 0.02306705864633709 0.5562273025350282
0.5008811458594022 0.01862935583656452 0.6184947103796505
0.5006904642039389 0.02344518996054613 0.6913825054396685
0.553517037322141 0.016766732649253553 0.2600210049228464
0.5544667991968554 0.020473627573867066 0.3327995101081847
0.5553874138859474 0.024959100449919024 0.39461266002182527
0.5562275026182977 0.023072341600239916 0.4490542222082403
0.5562273025350282 0.023067058646337017 0.5009457254147237
0.5553978652856927 0.02493649427402762 0.5553978652856927
0.5544745355343205 0.020442373935067818 0.6172144960678101
0.5535201873235176 0.01677503124437253 0.6899849586096252
0.6116566527160587 0.020375820037731113 0.2630568343898466
0.6147777012562502 0.015845635756316118 0.3352222686801812
0.6172101426380806 0.02045190125550795 0.39552781748969856
0.6184951422641126 0.018632846987886205 0.4491187645586283
0.6184947103796506 0.01862935583656452 0.5008811458594021
0.6172144960678101 0.020442373935067818 0.5544745355343205
0.6147809294246592 0.015841743885998474 0.6147809294246592
0.6116608798744331 0.020386560155202987 0.6869478846452417
0.6822286819513292 0.01723491328172217 0.2677713158096991
0.6869453473961834 0.020392756732422704 0.3383414775294255
0.689984913817082 0.016774902369235498 0.39647984723538043
0.6913826509745614 0.023444012844620887 0.4493095130831476
0.6913825054396693 0.023445189960546092 0.5006904642039389
0.6899849586096252 0.016775031244372532 0.5535201873235176
0.6869478846452417 0.020386560155202987 0.6116608798744331
0.6822304606157886 0.01723902696436547 0.6822304606157886
