512
0.2753260109268289 0.47349569448527146 0.2753260044897089 | -0.07505241463460884 0.6284184457209333 -0.07505215659888649
0.2547600082825463 0.4667308467356254 0.3489075649266099 | -0.07179981536355205 0.4987919298268775 -9.332011454670961E-4
0.26177897475660206 0.12970429310120188 0.40332241850262374 | 0.07029619788201288 -3.9879961683808545 -0.030988978592300986
0.25669024589375655 0.13382660760641735 0.4659082227176373 | -0.01614657915006255 -4.3735335381743905 0.013877661079902905
0.2577674444832567 0.14587020673296114 0.5007075122507598 | 1.4836120771230505E-4 -3.9858748454148376 -0.004063625885254324
0.25976481478274416 0.14382571946821446 0.5540796925619991 | 3.754128693736774E-4 -3.980023768852982 -3.242030104276995E-4
0.2628735070120005 0.14073343724687548 0.6117195993946322 | -8.777337391722425E-4 -3.9823231851614276 -4.2615629031445376E-4
0.2675491264939724 0.13604133504865165 0.6824264210428104 | 5.150340758580549E-4 -3.9838211574850395 -9.553883514842136E-4
0.34890751805012504 0.4667309087959691 0.2547599195510404 | -9.33430590772832E-4 0.49879100999264825 -0.07180028487778364
0.3401804079998066 0.4696508900177786 0.3401801392571509 | 0.008651109385502025 0.672635914142443 0.00864890372168069
0.33534657035250387 0.1373599573219203 0.40122174967671426 | 0.005389785977573233 -3.956801257534309 -0.023487882675686488
0.33032256855780767 0.1288269460660581 0.4655943219459733 | -0.013515112321229946 -4.405111128602983 0.022203404606154005
0.3310730679504812 0.15006716440254741 0.5018651886275781 | 2.3162806543218487E-4 -3.997712164747543 -1.86403967583953E-4
0.3328901820535507 0.1480364233266018 0.5548853585278338 | -5.973359121689441E-4 -3.9791719655024216 -6.095986595342874E-5
0.33517265376323624 0.14505522026368275 0.6148667488857202 | -2.9617141037633883E-4 -3.977149404697341 -7.868874417659669E-5
0.3383134319871436 0.14080814537155237 0.6871063179718864 | -1.8122359011648277E-4 -3.981072437283833 2.140713299118151E-4
0.4033205350132937 0.12970236222103873 0.26178024804902195 | -0.03102304203085778 -3.988034709300063 0.0702438353501444
0.40121804726897636 0.13737927283760115 0.33535275890330324 | -0.023703780813011915 -3.95650385660358 0.00519919371919262
0.4015396760876569 0.48098116488881004 0.40154336786280614 | 7.09757709155538E-4 0.832130839693729 7.447491025713483E-4
0.394459561110091 0.12740102130806658 0.46014162816713594 | 0.005684199246122506 -4.361514521788313 -0.028529616302148574
0.3942568689076396 0.15394236478635473 0.5002257608575822 | -0.002303495728397286 -3.997989253969395 -0.007967055882100248
0.3947079877619958 0.15105305659678891 0.5555258573620089 | 8.870031781374334E-5 -3.9792808971776368 -5.2122617598741645E-5
0.39548087724112596 0.14794357099658922 0.6172153996162203 | -7.741072696310651E-4 -3.982954723561376 -2.4234892290276374E-5
0.3963700625490231 0.14384026139286596 0.6901860431625791 | 2.2473498898084728E-4 -3.983684547151299 -6.241160492943327E-4
0.46590809068936695 0.13382814829755943 0.25669401568943323 | 0.013887183782650504 -4.3734928002775435 -0.0161093891576188
0.46556319690002107 0.12883114352100944 0.33031806822583265 | 0.02148963506565061 -4.404901122591886 -0.013693207464851215
0.4601400296691769 0.12738801818303638 0.39445690263906125 | -0.028031726843245418 -4.361915668136551 0.005636697468180746
0.45356209336230696 0.13315619813043109 0.4535585576908331 | -0.0015150433878880324 -4.265523945621516 -0.0014804306482486367
0.44959388091372005 0.15475008445713206 0.5016774233816755 | -0.002784743849880962 -3.99528949990581 -0.004998486154069672
0.4489936717355334 0.15245067215715313 0.5561470125464059 | 5.149084471318822E-4 -3.9820082728204538 -7.581350814820326E-4
0.44908038761235913 0.14957629195808145 0.6184351598989034 | -0.0014429713546819543 -3.980033320174101 -0.0032466554401930307
0.4492954384228506 0.1450693491242292 0.691502078657773 | 2.4777591516313385E-4 -3.9831002375310733 3.1117197914204246E-4
0.5007077078724604 0.14587007389153844 0.2577676903900406 | -0.00406079895978374 -3.9858815590002172 1.4255389851224964E-4
0.5018639913829135 0.15006972411400693 0.3310737156482551 | -2.0106609606710283E-4 -3.9976654234539146 2.338128780956271E-4
0.5002222911023523 0.153946361818027 0.3942538013186583 | -0.008091480926071658 -3.9978275857578986 -0.002338131923431679
0.5016798499648725 0.15474742848914144 0.4495948041979743 | -0.005000184684250812 -3.9953163934993663 -0.0027819346974749686
0.5016865028585917 0.15513702907640764 0.50168674322528 | -0.0010341119204456913 -3.9724985352549154 -0.0010355526236720224
0.5009795899369827 0.15252694362767058 0.5563024942454005 | -2.2963081848312826E-4 -3.982050691245595 -2.2302775160760807E-4
0.5009363192821129 0.14957002350414172 0.6184258678016382 | 0.0019185184265284555 -3.980386447150007 -0.003415805676137219
0.5007048906348548 0.14507101026777103 0.6914997623992496 | -2.726558259248152E-4 -3.9830140126556515 2.6604739423968386E-4
0.5540796194457558 0.14382570232319694 0.25976489433883093 | -3.2438771651600536E-4 -3.9800237863985126 3.7554787855278987E-4
0.5548843833050897 0.1480361485486401 0.33289011323836454 | -5.5940922568887424E-5 -3.979179803628674 -5.945821789512225E-4
0.555525101089329 0.15105245414977542 0.3947079280378953 | -5.223270297023887E-5 -3.9792911951195675 8.924334052592113E-5
0.5561470387481273 0.15245084495855443 0.44899351043036595 | -7.579873010072138E-4 -3.98200799483695 5.143637740257552E-4
0.5563026242111004 0.15252698756617475 0.5009797651311546 | -2.239030216542157E-4 -3.9820495149051736 -2.2963774255618623E-4
0.5553556678976227 0.15104586637916498 0.5553556805292443 | 1.180228763009924E-4 -3.9812307813924264 1.180522594828846E-4
0.5545407601274072 0.14790825674895494 0.6171980200583085 | 0.0010123717835653467 -3.9832838759111957 -6.725772688411413E-5
0.5536368556848493 0.1438330264111165 0.6901785493264082 | -2.100961249964729E-4 -3.9831145170455597 -0.001285098673875331
0.6117195924344621 0.1407334398446859 0.26287351571856205 | -4.2623884391109905E-4 -3.9823232937006185 -8.776587193150404E-4
0.6148667057069106 0.14505522868019927 0.3351726755106534 | -7.88927684361745E-5 -3.977148807264576 -2.959628146518407E-4
0.6172153478544542 0.14794358857642811 0.39548084690181234 | -2.454550880544941E-5 -3.9829555537687784 -7.741271596742207E-4
0.6184351360158522 0.149576302420313 0.4490803645929955 | -0.003246545102592287 -3.9800330629623324 -0.0014428459406016806
0.6184258817027122 0.1495700308736851 0.5009363236163378 | -0.00341553600326665 -3.980386774958833 0.0019188488502356299
0.6171980292957274 0.14790825357153622 0.5545407671770352 | -6.718521960279584E-5 -3.983283883460727 0.0010124163013637312
0.6148174393720535 0.14499012764571492 0.6148174390779555 | 2.7892265144251205E-4 -3.9773781902048717 2.789466675778453E-4
0.6116924488776837 0.1407561970615075 0.6871056138408344 | 2.43516932782872E-4 -3.981564099680498 3.4863541569606196E-4
0.6824264211363426 0.13604133562489887 0.26754912706636264 | -9.553738422389421E-4 -3.983821129471876 5.150331579594366E-4
0.687106316857812 0.14080814615936416 0.3383134319478241 | 2.1409175733189784E-4 -3.981072457662415 -1.812234127904129E-4
0.6901860433485806 0.14384026333666466 0.3963700624191463 | -6.239400719024808E-4 -3.9836844676903276 2.2471803346678598E-4
0.6915020804590216 0.1450693515967023 0.4492954378035643 | 3.112831228367145E-4 -3.9831003178660165 2.477790198760077E-4
0.6914997624488652 0.14507101054408444 0.5007048902609974 | 2.6605267435589753E-4 -3.983014013417618 -2.726446332877273E-4
0.690178549463856 0.14383302617272678 0.5536368558134495 | -0.0012851537981745523 -3.9831144870243134 -2.100904989315626E-4
0.6871056139977213 0.14075619699328445 0.611692448998617 | 3.4863351955105755E-4 -3.981564096629094 2.435165776486833E-4
0.6824349970659153 0.13604231792058089 0.6824349970756076 | -6.368988072681038E-4 -3.9841136223849944 -6.368987573412427E-4
0.2620483267747046 0.47418634158801126 0.26204834214182476 | -0.11447621497557434 0.18375148996687696 -0.11447601097940774
0.2459918820849195 0.47899197421067297 0.3473195151876984 | -0.06886721361137065 0.213543574694747 0.008647584124181379
0.26044137998646605 0.1412386377220692 0.400003277206669 | -0.0024022606241835068 0.006976137965819267 0.00871340849956431
0.2508538351047304 0.05985648079775083 0.46524663435661795 | -0.022741873615175646 -4.178310327003973 0.019177745475527683
0.2525254942907567 0.07609793562737568 0.49869218131613446 | -0.01448140149393627 -3.9391609118258177 -0.03776036170753461
0.25488806760423127 0.07548414174942998 0.555317698062884 | -0.009609126586686282 -3.8775800325119256 0.003764600842513915
0.2574933898547597 0.0730193258181354 0.6160841733974168 | -0.033666822187042894 -3.8666388229979884 0.030845499021888816
0.2619461509454842 0.0693332211518011 0.6879435810542006 | -0.017692960051693345 -3.884200822479437 0.014535682828828505
0.347319437365789 0.47899200241355083 0.24599172776219566 | 0.00864698970059459 0.21354251087416753 -0.06886807832036289
0.34019360371513224 0.47776178696449967 0.34019322164713467 | 0.023257885318804673 0.32258707248716373 0.02325400649046542
0.33594920628101427 0.19111022378472908 0.40001206186744614 | 0.008167152510961192 0.0013557297746297253 0.009066083000126053
0.3237044783844256 0.05465971220496175 0.4633710548440137 | -0.08000051692916985 -4.30200571763443 0.06277466308768756
0.3266346148942829 0.07864185070482826 0.49945415364939216 | -0.022911654127264473 -3.9660350734438827 -0.04996452662301707
0.328064436996769 0.07915836819318045 0.5568558894171536 | -0.03720857818948408 -3.879765178428964 0.011524409873716451
0.33015830203579327 0.0768515959714501 0.6198497402019361 | -0.04729372965545661 -3.884119989514124 0.046747953363340276
0.333872076697734 0.07284421129945609 0.6925079973692244 | -0.03877713317113552 -3.9056400973852385 0.03882995608722043
0.40000239375972224 0.14123945235730875 0.26044274746938034 | 0.008714291342432233 0.006973277550397352 -0.0023963339569243007
0.4000200269433394 0.19111673575600013 0.33596657558207443 | 0.009086496709778416 0.0013451852290908319 0.008177318122761344
0.40376293150671694 0.4858374666249201 0.40376218300074235 | 0.026594730575442028 0.4389148725990198 0.026587015122268035
0.3899684733358141 0.05451777024603138 0.45328301516077973 | -0.032033638049032885 -4.236670396082547 -0.019213940537762257
0.39195780688019244 0.08201313773413893 0.49943889538996655 | -0.003076588217182751 -3.9598825409357326 -0.047297512997215
0.3917911318900829 0.08155647523906281 0.5580604671384166 | -0.01760543425676628 -3.9098688455122774 0.0175855715943351
0.3929560388542511 0.07932556740752453 0.6219336254808822 | -0.02374796141302749 -3.8810606952157336 0.0324403835063383
0.39495040437417145 0.07552621956220167 0.6952252647494757 | -0.014207784806936078 -3.9053678505301046 0.02204511710879061
0.46525096927064513 0.059858918950727535 0.2508538837765999 | 0.019244055187627486 -4.178245233989711 -0.02274150858903938
0.46334686411322995 0.054672867373502285 0.3236958979767828 | 0.0625544454828658 -4.301566244699043 -0.08032528365425992
0.45328570968098175 0.05452018879890953 0.38996454628460836 | -0.01886125581672047 -4.236680945402583 -0.03208610853592351
0.447752626282455 0.060987432499891935 0.4477492323137125 | -0.026992395961164622 -4.197531417171962 -0.02697526538222467
0.44866314390887163 0.08449804939604666 0.5017242080340932 | -0.0010595503014818805 -3.9018915344970164 -0.00538368700406884
0.44835232864305324 0.08320092006708432 0.5587356738165302 | -0.0024744651982953076 -3.90181481119781 0.00885097667932468
0.44823048841743524 0.08109316991347455 0.6231203352140872 | -0.014416111143037877 -3.8609758599940016 0.01902471752401286
0.4490575593984877 0.07723778511405185 0.6968716491773557 | -8.686580600247528E-4 -3.875933048143029 0.024087627086835834
0.49869196762283896 0.07609806950022283 0.25252486514066247 | -0.03775996248152746 -3.9391224099859583 -0.01450633375055256
0.4994567841135952 0.07864393111860973 0.32663467657481204 | -0.04996374361123691 -3.9660013070060476 -0.02291767569363769
0.49943380504334545 0.0820064482787217 0.3919554320420784 | -0.047319418885843414 -3.960025337935525 -0.0030599847138605076
0.5017260834888732 0.08449982158821312 0.448663531461876 | -0.005372215251068874 -3.901870657482197 -0.001051962378663112
0.5023543679545575 0.08554972710338792 0.5023546322917753 | -5.054852769545158E-4 -3.900426577227943 -5.130305302876819E-4
0.5015348045825024 0.08325610749243376 0.5588258913461328 | 0.0017440864252047262 -3.8976324417760053 0.00945278882830599
0.5018515287558633 0.08113402991323608 0.6230950739718754 | 0.018281958204275535 -3.859839157734116 0.018348768116815645
0.5009359855512862 0.07723070205371355 0.6968549735927114 | 4.4056876382531096E-4 -3.8795022354201087 0.02174713297840154
0.5553179719290656 0.07548410400612333 0.2548878295605286 | 0.003768180051230383 -3.8775829995265165 -0.009616090399307293
0.5568562389777516 0.07915825115204653 0.32806449215932393 | 0.011566141138845309 -3.8798458643453246 -0.03721217368585411
0.558060897971213 0.08155764810004029 0.39179161350849423 | 0.017631519162285645 -3.909824202243745 -0.017608037837233245
0.5587352376132858 0.08320104837532268 0.448351943186555 | 0.00885280574697299 -3.9018019160690867 -0.002478626835811796
0.5588259497677657 0.08325614578015807 0.5015349733649145 | 0.009453395709351338 -3.897626775853088 0.0017468084350575298
0.5583887927777043 0.08177016550152244 0.5583888387427861 | 0.024447075865625216 -3.8898330530450966 0.024449181110019477
0.5570974858196577 0.07931438924071482 0.6218922935988231 | 0.02729981940215958 -3.8848781168887676 0.03267929763997713
0.5551178052648266 0.07556119756797593 0.6952137416760169 | 0.018123917295248433 -3.9025489499219392 0.023798573056861366
0.6160842302297668 0.07301933493430988 0.2574933913272234 | 0.030850083191615387 -3.8666407687334763 -0.03367110793711169
0.6198497054682809 0.07685175939143171 0.330158414485009 | 0.04674550153000981 -3.8841011883264973 -0.04728860691453038
0.6219335608194819 0.07932552875226186 0.39295598702534956 | 0.03243645551544604 -3.8810682689468776 -0.023748779334042132
0.623120378700777 0.0810931968524331 0.4482304811394873 | 0.01902624398062921 -3.860971211935364 -0.014415874792017247
0.6230951377252987 0.0811340547141865 0.5018515348541174 | 0.018350772868549376 -3.8598349433565753 0.0182826086097428
0.6218923362081612 0.0793143800181293 0.5570975126644369 | 0.032680593765614836 -3.8848798486280254 0.02730055710770345
0.6197641396343665 0.0769878913193011 0.6197641375652851 | 0.04112894400434029 -3.8664377502178677 0.04112883509456665
0.6161129908531661 0.07296235265851175 0.6925133993484055 | 0.04142057362926545 -3.885525882978724 0.04291195444444136
0.6879435901806655 0.0693332269241382 0.2619461526202951 | 0.014535999314625486 -3.8842007151360436 -0.017692977699135193
0.6925080100946269 0.07284422041113578 0.3338720740261418 | 0.038830710453319525 -3.9056393496220587 -0.038777353796248394
0.6952252619134388 0.0755262056378295 0.39495040303210527 | 0.022045166482427398 -3.9053683347247277 -0.0142077905867025
0.6968716529787615 0.0772377796650826 0.44905756012983217 | 0.024087829405611678 -3.8759328928883905 -8.68532939147912E-4
0.696854970847086 0.07723069989219028 0.5009359858880293 | 0.021746957940592775 -3.8795024398465303 4.4062298440072705E-4
0.6952137376282386 0.07556119965348633 0.5551178019511933 | 0.02379834512355629 -3.9025485667385835 0.018123756595599998
0.6925133998694103 0.07296235260984021 0.6161129910714322 | 0.0429119506106754 -3.885525974428235 0.04142056939329496
0.6880526764300646 0.0693079885514956 0.688052676489602 | 0.02293710291571307 -3.892612172025013 0.022937105836004962
0.24442476780713057 0.4720350942085073 0.24442479011292492 | -0.1327902473479774 -0.16400226904164514 -0.13279016966538384
0.2425989368671818 0.47076187900806465 0.3461822971109023 | -0.07107630845760547 -0.10781590600143859 0.0044947224505849075
0.25793791733094396 0.22474762453941108 0.40000809893202477 | -0.0036421737043878144 -0.017870414419637777 0.002784883799232813
0.24565009395529988 0.0018857391113849022 0.4592356211013667 | -0.06139287412043839 1.8924773458332917 -0.07314878562089928
0.2476152221610634 0.013969943334583835 0.49725459245043335 | -0.014176162594175553 -3.666154372228101 -0.029438205812582625
0.24981455125515617 0.015183925585799559 0.5562186213275844 | -0.014951462106755648 -3.606624559033412 0.0065758763086651096
0.2524226873509729 0.013570309964318808 0.6195980295551851 | -0.02625235373576523 -3.649780966066289 0.021257922577981016
0.25667460156205746 0.012380683785635765 0.6932693984929936 | -0.023860513185175677 -3.6248510946367163 0.022072015241109296
0.3461822320832322 0.47076180769548864 0.2425987546174891 | 0.004494246434854237 -0.10781763050797419 -0.07107728348884366
0.33998950282387497 0.48627709805780245 0.33998934978436807 | 0.029106711629372832 0.041529052346297085 0.02910540229168614
0.3339104959679239 0.29312329897764927 0.40000133350444095 | 0.003911698490145158 -0.017261821249417168 0.002656508230522532
0.32004091781888216 0.011516798062768773 0.45494862532815794 | -0.06661486482890068 2.0242694479910113 -0.09141281531904404
0.32325457161529975 0.012770937303985864 0.4984631520869294 | -0.004601899041908478 -3.9041086838233134 -0.02610380565277863
0.32391624197819957 0.015080497095627492 0.5585653137763315 | -0.039873190360643844 -3.838749640986384 0.010667835003354938
0.3264225036739672 0.013090603120462509 0.6234840270587306 | -0.023535764572345342 -3.8677859372374552 0.02282705397116981
0.33024941284830994 0.012649936277117416 0.6977069544247849 | -0.0230746807044126 -3.731737203289681 0.031704550050073874
0.40000778365730755 0.224748109153476 0.2579384597930059 | 0.002779691722927362 -0.017876548523443815 -0.0036281841266915466
0.40000534989638215 0.2931197173304831 0.3339218176321202 | 0.002656342840937756 -0.017315661092865354 0.003947905658832147
0.40636576342928254 0.4841476791497623 0.40635783107231843 | 0.05568656484891942 0.12457096482091623 0.05562570580827752
0.38619550078269327 0.010580294962931877 0.4455163033289823 | -0.08346177473224668 2.005156156624766 -0.11588948641873156
0.38872558409359903 0.016317500185254633 0.49912123171082146 | -0.017941686500378265 -3.8290637860366057 -0.054023137701920354
0.3891647243004185 0.01726186734367939 0.5603100778007373 | -0.023908883914876673 -3.8034637112206076 0.020520537173695286
0.39052323226433416 0.01585170060207238 0.6262071808529659 | -0.02732088831056056 -3.7869746171743754 0.043103426447464115
0.3934261543345284 0.01486746257516259 0.7007137981366137 | -0.009058189096190428 -3.6310492412338315 0.02657026396617841
0.4592384451968138 0.0018879353717493304 0.24564886624995116 | -0.07313325456882097 1.8924425535768636 -0.06137967475930487
0.45492197637711723 0.01153688169103561 0.320032495089118 | -0.09150875492673687 2.0242691371414936 -0.06672011948867154
0.44550363480576594 0.01059612244731013 0.38619096074729015 | -0.11576526841770506 2.0054725157314643 -0.08354096518846674
0.4452527821677843 9.446859235613687E-4 0.4452471762061777 | -0.03570168027929355 1.975516643631267 -0.03570833978815521
0.4475767966484389 0.022814668000326572 0.5026743714760267 | -0.00881728694768983 -3.6649047174132243 -0.005098216779689261
0.4472834560918491 0.019437761236826747 0.5615214167305866 | -0.009226041132857243 -3.7541521167211567 0.019627213704073138
0.4476335352342771 0.018036188949985616 0.6277541571259366 | -0.019555303018613503 -3.714212460549036 0.05606334578009155
0.44880108125822243 0.016964962413710174 0.7022614994114242 | 1.9011400840702553E-4 -3.5753057927782725 0.02993118506992191
0.497253866777566 0.013969780871445877 0.24761492893894965 | -0.029440423198844906 -3.666124026941705 -0.01418893920637071
0.49846652350245324 0.012772575708110464 0.3232526593882807 | -0.026149084031294966 -3.9041271248411897 -0.004623142991299043
0.4991321080675661 0.016319624385729044 0.38872273833612553 | -0.053910439949832585 -3.8288938048192813 -0.017955307729824385
0.502675183221687 0.0228153369507643 0.4475786082561848 | -0.005066138765589776 -3.6649100110844723 -0.00880287874749222
0.5031462766749178 0.022426953741488172 0.5031473871463599 | 0.0031572133284763085 -3.6814404599888726 0.003164943134110702
0.5024230777355198 0.019598324259383522 0.5616210395101024 | 0.007583942184971884 -3.7486082971641177 0.02201266700559225
0.5023752827711339 0.018069057859729988 0.6277472000254888 | 0.02170692818236239 -3.716672771840123 0.055810798112747466
0.5011925459251306 0.016888214655465063 0.7022510837484283 | -3.87664295481772E-4 -3.5835283669971223 0.02933780421774933
0.5562186489146174 0.01518384014318504 0.24981396044282828 | 0.00657769197352378 -3.606622156839554 -0.014954662401322476
0.5585676844445899 0.01507945981422071 0.3239156551225926 | 0.010694825872282385 -3.838837800842454 -0.0398485257109288
0.5603122182487835 0.017262711575041424 0.3891656769047013 | 0.02056367401731261 -3.803433370470251 -0.023899486497074164
0.5615215203908084 0.019437966170535177 0.4472839642002618 | 0.019625360756298636 -3.7541454326052794 -0.009221353084854712
0.5616212778514655 0.01959803854037704 0.5024232065894146 | 0.022003146412495178 -3.748636321883136 0.007580753782007638
0.5608697972612885 0.01752843045745641 0.5608697796048819 | 0.0348123973714855 -3.7905762600631747 0.03481303541997677
0.5595602728540229 0.015989858035926147 0.6263086837715881 | 0.028678967738787954 -3.7808493291047256 0.043241434728390725
0.5566095198070646 0.01492498008423252 0.7007654694846357 | 0.011899092847136356 -3.6228782370030483 0.026922715027586544
0.6195981522589206 0.013570239607471415 0.2524227045175404 | 0.021258188727602833 -3.64978744434705 -0.0262520968358609
0.6234841848445211 0.013091026868105333 0.326422655771923 | 0.02282649459849047 -3.8677628285639147 -0.02353556090338579
0.6262070394325314 0.015851550867742134 0.39052322376143267 | 0.04310201593540716 -3.786982503711563 -0.02732388340105267
0.6277541957102751 0.0180360355210422 0.4476335277281435 | 0.05606804793223791 -3.7142234235605742 -0.019556470748306125
0.6277472887904326 0.01806917126460445 0.5023752585543194 | 0.055814761367423235 -3.716664169335334 0.021707258724674768
0.6263087271699188 0.015989810761693583 0.5595602964255929 | 0.04324189605019015 -3.780852148064193 0.028679197458926376
0.6237782484061124 0.013480877906298221 0.62377824998802 | 0.03354326659055784 -3.8448860053131817 0.03354310729793229
0.6197694026234554 0.012947271001344112 0.6977863090386808 | 0.022302897162874848 -3.7097228815191015 0.03148083450335934
0.6932694207149326 0.012380693313579758 0.2566746014710491 | 0.022072081265076697 -3.6248503966656886 -0.023860412712650193
0.6977069766939114 0.012649975170042191 0.33024941307602246 | 0.03170425194778426 -3.7317322174085366 -0.023074613929494586
0.7007137682384962 0.014867449260137534 0.3934261534967694 | 0.02657030750464405 -3.6310502759068184 -0.009058279809105015
0.7022614814984807 0.016964955808680352 0.44880107813581754 | 0.029931173901641035 -3.575306514626244 1.901314510917994E-4
0.7022510746324373 0.016888212679577793 0.5011925421832268 | 0.02933762528841459 -3.5835284979747004 -3.87657291403952E-4
0.7007654662928894 0.014924982435553482 0.5566095152853852 | 0.026922637694995942 -3.6228778712781713 0.011899098681701196
0.6977863103731168 0.0129472671419111 0.6197694033665965 | 0.031480824949750366 -3.7097234061965065 0.022302866599963205
0.6934260171999121 0.01226733468030156 0.6934260172184271 | 0.027845065612969986 -3.6298449043057146 0.02784506619539539
0.23267787096875786 0.45180905143602923 0.2326778888869862 | -0.11120467261127936 -0.48589158388529663 -0.1112046427247106
0.23844621924965173 0.45796005720798116 0.3458649371729191 | -0.084038761808874 -0.351075440215549 0.003125000173343754
0.2572451340828308 0.27859831310914046 0.40000276122456085 | -0.009152251511678653 -0.010470443035245726 9.236627899838373E-4
0.24284633166809788 0.025085117260997315 0.44742293431970814 | -0.11347496017896123 1.585424859665753 -0.22553118071634956
0.245112590562711 0.015397293459636202 0.4973109052539449 | -0.06995727775008703 1.5855365375522168 -0.017066925547601676
0.24732746431789931 0.018104437133168772 0.5566931384080444 | -0.06676180682836484 1.588194950661389 0.015017075498899825
0.2503294826990706 0.01807139557026367 0.6209498181512325 | -0.06702127426227222 1.618038248389841 0.05367133738662958
0.25456261339548436 0.017835119859456218 0.6954005754944973 | -0.07837193362733758 1.6071850675818 0.07788545790231788
0.34586488352347317 0.4579599512710321 0.23844601924974188 | 0.0031246537831370294 -0.351076344081044 -0.08403954440344209
0.34050385957700613 0.47849215492567815 0.3405038735521244 | 0.03681386886193481 -0.1583441318478888 0.03681449577025276
0.33497750945513527 0.32908387582072324 0.40011031808269687 | 0.005015341927062029 -0.09855224168280305 0.001078733384472029
0.3181313892868093 0.027163475066909176 0.44432542177433415 | -0.08517986268729484 1.753464928372417 -0.18668353443517838
0.3218110299367605 0.014266578544755345 0.4997361265467813 | -0.04482477935390678 1.7234005958228131 0.012082065072977986
0.32268886743940417 0.0165230274176307 0.5593865573601349 | -0.05447822404228683 1.7566167603520009 0.03060479177911563
0.3253144253432395 0.016155943262633594 0.624556391021632 | -0.046691071724067924 1.7669199000162479 0.04427629620085065
0.32896661711679687 0.01794775024688471 0.6997071682186298 | -0.0543577259411737 1.6361052940992424 0.06781696891832631
0.4000027241631964 0.2785982150675487 0.25724565927992826 | 9.230980576217124E-4 -0.010483297803418848 -0.009142294104477769
0.40012181380033796 0.3290730303696059 0.3351460250945754 | 0.0015965695468114062 -0.11567950707911631 0.00485949621844106
0.40784460370505266 0.47426133958633476 0.40783239212735156 | 0.06440113959101014 -0.12814235238141014 0.06432537534207815
0.38410091625659276 0.02499173933324685 0.43893961394145525 | -0.09348329089825126 1.7439420668051295 -0.16336650447028256
0.3874297825438181 0.016391978571258622 0.500871335590411 | -0.04477424265399903 1.7375414599531385 -9.129798421172869E-4
0.3879089460156509 0.017648478623881542 0.561403952704856 | -0.04753342084769112 1.7321287696692556 0.03817510331320898
0.3897605101239028 0.016590036555174027 0.6273953803470922 | -0.03802552503314379 1.7401977547783762 0.05613756132587741
0.3925587903792061 0.017946254604291164 0.7031854620996202 | -0.02880992691951203 1.594686918751072 0.0754609058348791
0.44742626514484507 0.025085229508858956 0.24284445854446718 | -0.22548551665556962 1.5853439195384187 -0.11348018567358684
0.44429716322837143 0.027192951987743415 0.3181212735879672 | -0.18674725208637985 1.7534061659282705 -0.08530256449800118
0.43895555458176344 0.024990538506934265 0.3840920408141231 | -0.16310344088254786 1.7439936821481388 -0.09355846679856218
0.44417153751050303 0.02476992840838142 0.4441647332507155 | -0.06643949723795244 1.6521595831149907 -0.06643610703443786
0.4468425904626907 0.011391079514246467 0.503288769220246 | -0.02361957765120412 1.6879324271637042 0.010959260102029668
0.4467593758340221 0.01860648241452032 0.5629532627680987 | -0.022738290904894737 1.7099334794663124 0.05042029795653338
0.44742938748996264 0.01721869417337535 0.6291425870249998 | -0.011475932080871594 1.7192638419736626 0.062004477996832154
0.44852006469406236 0.01849283799948956 0.7048362413916635 | -0.009686861683645489 1.567482842700729 0.07732310149034004
0.49730986878741906 0.015395910668429696 0.24511354174276595 | -0.01708256577183561 1.585548044151523 -0.0699292036927741
0.49973658239205043 0.01426950481546029 0.32180958821650923 | 0.01186539564292084 1.7231360017604969 -0.044804066870745146
0.5008671546477282 0.01642249344394547 0.3874219362826435 | -8.867461059183942E-4 1.737351695891376 -0.04489105598900557
0.5032896195186679 0.011390449971683446 0.4468433171671585 | 0.010999900348513288 1.6879440702086987 -0.02362158341342096
0.5033550766860327 0.010231386071880608 0.5033564947040841 | 0.007213900323349066 1.6937527902571399 0.007223376081053601
0.5029360537331397 0.018675122164892966 0.5631755881759671 | 0.017764171390231023 1.709331660311312 0.05500711869734058
0.5025405656050635 0.01729718546348634 0.6291744023849333 | 0.010997297040307382 1.7174292117036718 0.06272123559977172
0.5014781231374462 0.01846232637746204 0.7048233783476177 | 0.009759199883449058 1.5705799674027252 0.07697943795198402
0.5566930488146088 0.01810440975916111 0.24732671109835178 | 0.015017027915788352 1.5881936733789999 -0.06676803473096038
0.5593883474137729 0.01652157028650965 0.3226889806749454 | 0.03060917764648758 1.7566478757026673 -0.05446899393676331
0.5614047845372546 0.017645817190420146 0.38791011485508875 | 0.03816686520067831 1.7321204690313319 -0.047518013657015745
0.5629525360276589 0.018605810781664373 0.44675909580321804 | 0.05040578649790027 1.7099309847147812 -0.022746981455298902
0.5631757577487394 0.018675021786470215 0.502936048307971 | 0.05500627170627686 1.7093421000912699 0.01776263342498115
0.562003146069353 0.01774333825216957 0.562003110330665 | 0.047265048176489 1.7276176864360162 0.047264894617533734
0.5602804245163976 0.016590047522780597 0.6274996927298969 | 0.03805227249453711 1.73641229732461 0.056824346056425515
0.557448603373291 0.01792630679045136 0.7032404080544754 | 0.02907870504979888 1.5937243688505596 0.07589191457907975
0.6209499004019375 0.018071379347444363 0.2503295876018445 | 0.05367156313480269 1.618041336231048 -0.0670197872763652
0.6245567003702748 0.016156080503736566 0.3253145574448822 | 0.04428256159377073 1.7669095964353383 -0.046689219989605284
0.6273953087201272 0.01659001074230102 0.3897605302076525 | 0.056139579190429674 1.740199390171276 -0.03802655363862271
0.6291425450352588 0.01721860603182769 0.4474294146339828 | 0.06200437035104561 1.7192679690305073 -0.011475312161551465
0.6291744564683014 0.017297191876874774 0.5025405136188593 | 0.06272209351328856 1.71742910008917 0.01099672841829592
0.6274997289271778 0.01659001477632276 0.5602804410147872 | 0.05682473505883318 1.7364138298166756 0.03805250083804943
0.6248359956743984 0.01625520778084168 0.6248359993354466 | 0.04980319701228493 1.7609107776673056 0.04980329556198392
0.6210477657476972 0.01794275916570593 0.6997639671426789 | 0.05443516514559327 1.636533579829093 0.06811054234366339
0.6954006046783352 0.017835121498795525 0.25456260975599015 | 0.07788589249873318 1.6071847279709843 -0.07837196727909945
0.6997071868467977 0.01794774329519005 0.3289666159513914 | 0.06781725414127317 1.636104678684804 -0.05435778040187509
0.7031854225148267 0.01794625315616914 0.39255879025637125 | 0.07546051188342422 1.5946876020090093 -0.028809975259921763
0.7048362190843552 0.018492834900828203 0.4485200615960892 | 0.0773229136240002 1.5674831122372253 -0.009686896036347327
0.7048233713106687 0.018462326065595426 0.5014781200971277 | 0.0769794047672582 1.5705799564163367 0.009759168043606187
0.703240409088747 0.01792630607589795 0.557448600413867 | 0.07589201564390058 1.5937242000138296 0.0290786958052048
0.6997639673149235 0.01794275904973733 0.6210477657963412 | 0.06811055549802575 1.6365337040462835 0.05443516777665988
0.6954606209344546 0.017776082135642586 0.6954606209290767 | 0.0776493109425049 1.6093791807527773 0.07764931194275644
0.22806661939020592 0.42742162615580587 0.2280666326179671 | -0.06376492133572072 -0.5888024413649897 -0.06376490334711608
0.23642901158416774 0.4325003559162128 0.3450147526115992 | -0.065108379523543 -0.5415861213238444 -0.0024947334129468055
0.25773368186621287 0.30108839164378676 0.40000273527358027 | -0.010947230558897679 -0.007684894749525296 4.677074334964502E-4
0.24226797678265719 0.03740210094040255 0.43415398732226235 | -0.12634196011560742 1.5112540969353103 -0.3218661802229687
0.24269195119154482 0.036259105464722115 0.49696053441601395 | -0.09077829214856276 1.2250378534038986 -0.015667569902212537
0.2456125531971138 0.02937548517921016 0.5566813116311996 | -0.07747192921847071 1.3140849137738762 0.017924072239965595
0.24887839802796294 0.031105311443218764 0.6213859734395799 | -0.0760254429688658 1.353756279558831 0.05204242222231852
0.2527947176892677 0.031788211874433814 0.6972073489891828 | -0.09768812782886352 1.3410430017047108 0.09802902464848409
0.34501470992048205 0.4325001542476158 0.2364288647824336 | -0.0024950211271032095 -0.5415869248735633 -0.06510869762746917
0.3409289300365656 0.46862080224869523 0.34092925145613767 | 0.04103827350468388 -0.35754534102593893 0.04104255605930935
0.33655317186392797 0.3378291958133738 0.4006123575794512 | 0.0044577828240817885 -0.24622491736224528 0.0046536452663629435
0.3172854310656266 0.041330612209921395 0.43502904993588 | -0.11524630432270207 1.5227284913340993 -0.28339164561267266
0.3210045612385619 0.03555354282410983 0.49901166502163585 | -0.044006455664213365 1.4151019958169668 -0.010537544294237252
0.32181093381553194 0.040178251343581765 0.5596945512677564 | -0.059561187799898004 1.504739977691499 0.028779364690589893
0.32422794208172884 0.04017751162045109 0.6256402787360992 | -0.06409748127885817 1.523011794836787 0.061793425059739726
0.3285186342695497 0.031213605994945527 0.7011071693769823 | -0.05449627456314795 1.367935420922552 0.07966305471035226
0.4000028122768854 0.3010881421468186 0.25773412371291454 | 4.67248374633306E-4 -0.007664693384156735 -0.010941869841559846
0.4006144242919446 0.33779629018511814 0.3365567760282921 | 0.0046471645810144055 -0.2468428444718868 0.004361136518499547
0.4086222186111439 0.46249408217876237 0.40860714900456224 | 0.06215144066191539 -0.3626905026745445 0.06207837571259066
0.38106000570828036 0.039315857448309864 0.429825972955161 | -0.12888571238169785 1.435590448072041 -0.23304811777532752
0.386114852460596 0.03773849297519522 0.5006487385416462 | -0.03816326343019403 1.4517836036682987 -0.020854932541546557
0.3874524744294158 0.02777014365666927 0.561713981389575 | -0.04396811133305235 1.5052060054471663 0.03632498284285219
0.3892074003674452 0.03974445718385153 0.6282322581685472 | -0.04240202080131347 1.4955846695156498 0.06413364692209808
0.39228852020250893 0.02949470715155938 0.7049188159732622 | -0.029902631569601518 1.3201413486789342 0.0879436109471227
0.43415654408866483 0.037399840580342084 0.24226513199654412 | -0.3218522797282595 1.5111552905603478 -0.12637608482904383
0.43498492094990027 0.04138052561387288 0.3172723527440926 | -0.28352196442251526 1.5225477297750387 -0.11537143617514671
0.42987115846651375 0.039272060588205635 0.38105055982873526 | -0.2325015481322189 1.435862316371665 -0.12871827767962846
0.44353893510837955 0.03773450196651038 0.44352256714682525 | -0.07142186856514199 1.3503851422606377 -0.07143459088258851
0.4458710745685754 0.027697032388439357 0.503520649007497 | -0.01575287934143383 1.4177935182636472 0.022957023912183617
0.4463863515463204 0.027406479933032236 0.5636342687037597 | -0.023763688888129054 1.4771186507294802 0.05162309838790011
0.4477187398937146 0.03787486007812002 0.6299135821968237 | -0.006356012602086975 1.4709298652063099 0.06435401391849585
0.4483367938095068 0.02889476839410043 0.7063596547626878 | -0.010004669479733878 1.2915357358204527 0.08296701564279149
0.496959307180362 0.03625587311548123 0.24269451541540238 | -0.01567574566989149 1.2250984454428597 -0.09074627585922364
0.4990089722467302 0.035563577422624594 0.3210006826727295 | -0.010621924869765898 1.4151065891800731 -0.04404959641847284
0.5006546864169791 0.037762972175563674 0.3861038225090679 | -0.020764622727877217 1.451862026445623 -0.03827006630158845
0.5035216806049616 0.02770683208129677 0.4458753861601396 | 0.02294788309352655 1.4181492118116292 -0.015714489494400234
0.5036266696547592 0.02646638189618619 0.503629516061869 | 0.013213347797529388 1.3992391388837215 0.013236347942044454
0.5032132319679721 0.0276103505451596 0.5638987487601861 | 0.019105181055256812 1.4805274016076304 0.05516922705331903
0.5021623760134867 0.037893164320778515 0.6299443776054268 | 0.004567075517485799 1.4694589450843591 0.06502800084031768
0.5016684540468133 0.02890614049403799 0.706347922787003 | 0.010147540086378888 1.2939395134025973 0.0829020102629388
0.5566812948995128 0.029375672933509355 0.24561161558815375 | 0.017925599412579048 1.314082737298468 -0.0774790106903898
0.5596967076241215 0.0401764405041174 0.3218101759757227 | 0.028793576152710675 1.5047441118473293 -0.05957179729369098
0.5617128412645652 0.02776825653477012 0.38745390798657553 | 0.036305714105429876 1.5051791652756208 -0.043959543966047364
0.5636332306072107 0.027405512130729313 0.4463859306056269 | 0.05161657901319113 1.4771143217884601 -0.023772265118644595
0.5638991329300569 0.027610398013072673 0.5032132081545605 | 0.055171148480096466 1.4805342664357632 0.01910322141149197
0.5623119862119678 0.02778665398573895 0.5623118885879707 | 0.041675037254827116 1.502081694670834 0.04167390532217519
0.5608004362134194 0.03967129676953147 0.6284056660459487 | 0.044019701825164965 1.4900364247373559 0.06962346345840832
0.5576576250868553 0.029424569929119817 0.7049796206935182 | 0.029377732559479345 1.3190690380891095 0.0880787064278277
0.6213860868775112 0.031105338402566657 0.24887854705359774 | 0.05204280683263618 1.3537595326662302 -0.07602415389509712
0.6256406246398262 0.04017749722237005 0.32422818522514785 | 0.061799700501202454 1.523009781665233 -0.06409600334198468
0.6282321887687317 0.039744349020092634 0.38920745625828684 | 0.06413683353529456 1.4955854662750567 -0.042402238095981336
0.6299134496927785 0.03787488406756791 0.4477186853380416 | 0.06435256011325038 1.470932286959121 -0.006356131539193748
0.6299443666570004 0.03789319984509359 0.5021622603996005 | 0.06502704133075772 1.4694592219773357 0.004565890565042812
0.6284057213762321 0.03967129505590176 0.5608004728202667 | 0.06962374413704113 1.4900371799168757 0.04402000302359098
0.6259979686663268 0.04002201631834967 0.625997978623878 | 0.0707102604459294 1.518307081964799 0.07071042418821033
0.6215090311534605 0.03125967365761078 0.7011776624516732 | 0.05510972003722976 1.3704318162352085 0.08006464842527672
0.6972073844647289 0.03178820648224548 0.25279471173274914 | 0.09802943854020729 1.3410427482024327 -0.0976882117715323
0.7011071887313785 0.031213593186273866 0.32851863327673564 | 0.07966308455582281 1.3679352511197755 -0.05449629954189442
0.7049187649845489 0.02949471948627673 0.392288520572412 | 0.08794311290613759 1.3201420609830923 -0.029902651715551835
0.7063596310439764 0.028894771249908188 0.4483367909094593 | 0.08296689897275081 1.2915357677558663 -0.010004679537700211
0.706347915861375 0.02890613908102464 0.5016684492115412 | 0.08290206419534861 1.2939393490858708 0.010147513306955212
0.7049796253662552 0.029424568238268525 0.5576576217842808 | 0.088078846517547 1.3190688829853872 0.029377748467802844
0.7011776632502086 0.03125967445523663 0.6215090315584139 | 0.08006467558189867 1.370431871390013 0.05510972999339537
0.6972016919471613 0.03177188783583709 0.6972016919474963 | 0.09798622340125646 1.3424901421324775 0.09798622290436784
0.22685483390008665 0.4011807329624657 0.226854842127635 | -0.05686029392827881 0.1260514243228664 -0.05686028951739435
0.23658620434290237 0.4008171221126293 0.34236166904445714 | -0.027144844970084847 0.246839657280863 -0.014111179153247342
0.2598527094774706 0.32210735684442154 0.4000001830526445 | -0.008417463649759543 0.0018578105561825125 1.253565627342239E-4
0.24331039203871854 0.06573615737879157 0.4143712287622083 | -0.10916746363625264 1.4791573586638196 -0.33341675946562876
0.2429964103309295 0.050883466092294785 0.49660291175815136 | -0.08110017510152688 0.9066751240583681 -0.013101056091260334
0.24457752685255796 0.04309300504935228 0.5564953517214231 | -0.08422075317270408 1.01600569137177 0.021514051779530374
0.2479671472120344 0.04788249789564483 0.621187898358578 | -0.08539606733924208 1.060334342123679 0.0541732184960985
0.25142587900951197 0.05033226182249023 0.6986547172277062 | -0.12026403464538268 1.0303916303690157 0.12213354931100755
0.34236148611398737 0.400817012177541 0.23658602266544546 | -0.014114330798730262 0.2468394094048452 -0.02714627552403382
0.34101921751038305 0.4552242865563074 0.341019421982691 | 0.03723287528865282 -0.5639518314386505 0.0372355375925601
0.33709594726752284 0.3382312629242942 0.4007017451696601 | 0.009410714768200084 -0.25621933890817317 0.005426963856718025
0.3177008894149902 0.06405507802379053 0.41634849411962727 | -0.11871991540945755 1.398132634992554 -0.34446458312779804
0.32104345801828704 0.050631413899456884 0.49736498726461376 | -0.037702185086151474 1.1421477606211585 -0.02637269806046518
0.32168593262773415 0.05700681715980407 0.5594802521413682 | -0.06336438113904541 1.255387020634374 0.028640403054864406
0.32382354903812643 0.0595966578161272 0.6260515334349018 | -0.0708913431149708 1.2782719617984832 0.0681735683429213
0.32856890868511274 0.04835069804404711 0.7022806648993046 | -0.06180748746622573 1.085065960452484 0.09815550323004406
0.40000026590851445 0.3221074102007587 0.25985323236592817 | 1.258429315368654E-4 0.0018587292604113949 -0.008391175267259394
0.400707142671254 0.33760989197982794 0.33698117250536525 | 0.006589373712938016 -0.27867936617135114 0.004174725794060193
0.407558651606257 0.2551431849887237 0.4077207487639778 | 0.05693116158286411 -0.77567975584071 0.05782210549763516
0.3785042048089584 0.05996545517871595 0.42523529642038865 | -0.16782406058638535 1.1160383473233995 -0.3037768271202619
0.38594411341010587 0.04991301944607645 0.5002295792734075 | -0.025756394124974095 1.1843618756337242 -0.02088232569176517
0.38750371960315133 0.051867942033420406 0.5616870881483044 | -0.04672095001421796 1.224693275868307 0.039275772093655056
0.38930845927670477 0.05620188408403336 0.6285202114340168 | -0.04459024864460417 1.2454541721625325 0.07428899850051923
0.3924673308241997 0.04351830289045725 0.7061676283986735 | -0.033629134977798 1.0246795710827061 0.10215551079932873
0.4143720374027327 0.06573192507117931 0.24330282533599823 | -0.33342466952901 1.4790577675185284 -0.1092208485679886
0.4163482330572487 0.0640770817115427 0.31768679458627525 | -0.3443922580834575 1.3976712904110042 -0.118813464858952
0.4252961970606897 0.059957604039406545 0.37848781022334205 | -0.3035413771628054 1.1157036288815319 -0.16760776349712367
0.44436589029285695 0.05112466804357476 0.44433710986712843 | -0.040676938420332584 0.9721767120609751 -0.04078679756249668
0.44531937848490477 0.047271252487478786 0.5033863623561476 | -0.004979550221401668 1.1061511038136416 0.014503561976309132
0.4464173801711924 0.04873869461709791 0.5636413244352566 | -0.020613952134771286 1.1708296689909343 0.050730960744833485
0.4478956983120255 0.051734856430081154 0.6302619438447155 | -0.008362446409669865 1.215045110047506 0.07727997417891248
0.4483060765451877 0.04149507888168166 0.7069251428278991 | -0.010170032526285818 1.0015417018547492 0.08861434673078554
0.496601859531052 0.05088305463491586 0.2429979425452378 | -0.01311197306330424 0.9067405255886178 -0.08107369079059822
0.49736862083488265 0.050639965986092904 0.32103670611547985 | -0.02641949165881271 1.1422829417031457 -0.03773400443583526
0.5002436011908413 0.04992299268647051 0.38593388129580314 | -0.020790978728288743 1.18468739330044 -0.025811366879868673
0.503388577043712 0.04727630904771844 0.4453316308423422 | 0.014543563354272069 1.106123968566811 -0.004865955168727863
0.5036784498894892 0.046046896424221884 0.5036825784503947 | 0.008787069308767893 1.0891213026089241 0.00881435106161422
0.503100442798296 0.04858138163469679 0.5637594996046952 | 0.015456056856984556 1.1665556618355346 0.05035154961785062
0.5019465722455568 0.05175924639668446 0.6303007619067567 | 0.00612828103016763 1.2129799319434627 0.07843945708584386
0.5017020890953902 0.04154156040521837 0.7069256939790276 | 0.010308129712219387 1.003878395615772 0.08881723349837975
0.556495754259877 0.04309347914323263 0.24457567054335788 | 0.021517404396676102 1.0159962063023675 -0.0842314718660055
0.5594825979985643 0.05700512669922378 0.32168456397456435 | 0.02864779445312201 1.2553691370848443 -0.06337564910848423
0.561686508725279 0.05186622601567357 0.38750530396714383 | 0.039266726770774904 1.224656949252378 -0.046719601254862485
0.5636410098188919 0.0487378917211115 0.44641771253641893 | 0.050731193106906 1.1708275089954068 -0.02061955790582626
0.5637604989260142 0.048581111416023656 0.5031006303243662 | 0.05035681397147248 1.1665605248982633 0.015452628567735167
0.5620495554674609 0.051152436377689535 0.5620493737987273 | 0.041106299568849994 1.1991185595500862 0.041104129652663336
0.5607356326352837 0.05608505546509825 0.6288299920354902 | 0.04790220999059025 1.2346726795090368 0.08421786472471934
0.557441750048713 0.04336879936949158 0.706280391369763 | 0.03313139799812934 1.0217297223059327 0.10277260221009621
0.6211880557503939 0.047882504711790494 0.24796730279628257 | 0.05417363837328194 1.0603375315059753 -0.08539540910373832
0.6260518264017466 0.0595966231445639 0.32382382966684514 | 0.0681783979686891 1.27827203646454 -0.07089077740208355
0.6285200987740324 0.056201810893789256 0.3893085387224815 | 0.07429223358601783 1.2454578431087278 -0.04459014623026996
0.6302617481258874 0.05173496901790596 0.4478955866907475 | 0.07727797233325617 1.215048794636965 -0.008362582446326145
0.6303007034886395 0.05175927575333141 0.501946402290113 | 0.07843768329710417 1.2129793229734174 0.006126911104941251
0.6288300369461857 0.056085059348941806 0.5607356665134271 | 0.08421754713910269 1.234671943894721 0.04790212752940337
0.6265251312414348 0.059498372629251825 0.6265251417150526 | 0.0812769442187872 1.273810145743568 0.08127705950927705
0.6214801021582532 0.04844781244951422 0.7024111484256103 | 0.06347974114343888 1.083845232356869 0.09969060717362502
0.6986547549717077 0.05033225451111877 0.25142587314286546 | 0.12213386261585091 1.0303913990999476 -0.12026409835700266
0.7022806845347555 0.048350687647882806 0.3285689109048168 | 0.09815548271990089 1.0850657181648764 -0.061807481388579784
0.7061675545842766 0.04351832932580915 0.3924673308712427 | 0.10215482002674152 1.0246803923326642 -0.03362908977710734
0.7069251002111219 0.04149509293954893 0.4483060722397891 | 0.08861397669440613 1.0015417560769633 -0.010170047552761848
0.7069256849198895 0.04154155711499052 0.5017020833341517 | 0.08881730614017741 1.0038781632638214 0.010308102577992286
0.7062803976501454 0.04336879631789793 0.5574417458035479 | 0.10277278341123584 1.0217295641558928 0.03313144575926963
0.7024111503317366 0.048447813232233114 0.6214801030541203 | 0.09969064294336685 1.0838452601495043 0.06347975554381534
0.698699148681524 0.05028842000798524 0.6986991486583283 | 0.12364660025392424 1.0313728920575134 0.12364659831368464
0.23942760229941776 0.40004600190329853 0.23942760998924364 | 1.851033212332723E-4 0.006008462363415311 1.851023623922593E-4
0.24223470086098506 0.4002569899149053 0.34191264149376005 | -1.7543251931451841E-4 0.005686913326665669 -7.481628835982948E-4
0.2596102447516185 0.34608090144104886 0.40286462397432926 | -0.007480173260939273 -0.42159925274104165 0.016175225750995614
0.24546933019269696 0.07948858449691934 0.4083558089829244 | -0.10103898727391196 1.2783609193910184 -0.3171324117695604
0.24556645088361634 0.06285189367662786 0.4963227259270476 | -0.06367664670784279 0.6197466386638121 -0.00844593233647057
0.244991667400659 0.06942627224676452 0.5567717882411268 | -0.08189074040852341 0.6597231329187381 0.025800876172480385
0.24864725945236177 0.06349830332829758 0.6205591450437604 | -0.08640577864851913 0.7686766257390516 0.05724382534164818
0.25267934832647676 0.06838225725196831 0.6973800641367267 | -0.11733673249137076 0.713685112379861 0.11970888218368336
0.34191262761266944 0.40025693725095507 0.24223457677481597 | -7.485181331184732E-4 0.005686875047364001 -1.755715856371205E-4
0.3426332188054947 0.40596792821143396 0.34262989495265167 | 0.041080374038056644 -0.8360071902400839 0.04110149759149326
0.3397508867671266 0.34964335702503213 0.4021730582257808 | 0.0019522394065864023 -0.3851434986236349 0.010813377493932701
0.31985388620825833 0.07752706382284998 0.4053438819119324 | -0.10574383708581035 1.186972227758667 -0.3464392968651585
0.3219694944204807 0.07999380638800213 0.49578378230711045 | -0.03649646192624588 0.8808712651134417 -0.015239218867585514
0.3220224265206042 0.07010080162235263 0.5592544271329759 | -0.06662963599919591 0.9932358733271324 0.03119904776073899
0.3239586004911046 0.07668836356829009 0.6258993784733176 | -0.07839056066042516 1.0203293132789883 0.07494909810682654
0.32900445895224834 0.06507974790240678 0.7019616453296659 | -0.06968777269598209 0.8099091123322723 0.10603932426693448
0.402863242886543 0.3460945380149257 0.25961608028736965 | 0.01597871650779993 -0.42110427610259893 -0.0073742418526411046
0.40217728156362037 0.3496406780141964 0.33974914711419363 | 0.010823370816102186 -0.38553876864602826 0.0018246413187734262
0.4135094136997048 0.2529149682100908 0.41369678684602834 | 0.08425366893104284 -1.013806937594448 0.0854797477892298
0.37537305647765723 0.07987201256166183 0.4154509635027526 | -0.19397724598032956 0.848680280241721 -0.34479256395835167
0.3862911289271016 0.07250216846540923 0.49909892907568204 | -0.02315037569526999 0.8465631831774589 -0.014472166453809611
0.3879235998578044 0.07941774721822008 0.5615024704046155 | -0.04536274718950395 0.9214701820533202 0.03926168786402992
0.38950446451327936 0.06864290800285615 0.6284813437198169 | -0.047390922069616266 0.9728799714832392 0.08345132821644193
0.3924797014350244 0.06987711158031748 0.7061470412407004 | -0.03856722331407082 0.6644030890217607 0.10775529333602214
0.40835436472812936 0.07948454966450627 0.2454604492211391 | -0.3171762507614263 1.2782591771339102 -0.10109069139524242
0.40534056062836626 0.07752656083860004 0.3198455860150225 | -0.3464742629180165 1.186547784430433 -0.10581039807133961
0.4154541501720954 0.07989752780989158 0.3753502224633309 | -0.3448514204662993 0.8485233131111269 -0.19385892053879406
0.4444940243944297 0.06002652284379212 0.44446712976320657 | -0.017538640567919945 0.6082028102600101 -0.017676171892950333
0.44501334891142935 0.06730980766013749 0.5024488518237896 | 7.557487626611611E-5 0.7667121261718443 -0.004630291759576782
0.4467251119803838 0.07232084199313943 0.5630295246636904 | -0.017694325489302026 0.8596633688043738 0.04709711478489317
0.4474565384942563 0.07943667774628424 0.6303833329562839 | -0.015640466419095365 0.8999878094788247 0.08833974813582768
0.44830513807081673 0.06559864804736937 0.7068339427944318 | -0.010810109204210987 0.636008454862482 0.09627459693490585
0.49632251342541944 0.06285310503942156 0.24556574096181139 | -0.008449759752182573 0.6198006498317112 -0.06366388327759429
0.4957918770004747 0.07999356459575274 0.32196158705791317 | -0.015209920084241902 0.8808939273180487 -0.03655413027359362
0.49911436435331685 0.07250031425627339 0.3862842910155551 | -0.014352980914869539 0.8470223456977948 -0.02318921004106804
0.5024493280935435 0.06730240283990116 0.4450250512100502 | -0.004608431267441825 0.7667281438302949 1.7388662497419964E-4
0.503169176622236 0.06668578532807357 0.5031732166802908 | 0.0123218121724296 0.7619011793139598 0.012341782930007457
0.5027986581534732 0.07225121643205787 0.5631611195638491 | 0.013421972720503507 0.8588605003585442 0.048219415108512506
0.5024124429964283 0.07949099323406096 0.6304218815858627 | 0.013013032020527917 0.8984278174599 0.09014301115840334
0.5016957080879756 0.06573542609983893 0.7068539030763683 | 0.010908475983978339 0.6386024195803864 0.09669540010612379
0.5567722614075724 0.06942621496164166 0.24498990105759988 | 0.02580585463113455 0.6597110182364463 -0.08190148823898885
0.5592569662240948 0.07009979962364682 0.3220211191587199 | 0.031204274767748095 0.9932090802965284 -0.06663785859698487
0.56150310163201 0.07941779134627192 0.38792500345947234 | 0.03926035880446774 0.921432581323689 -0.0453661581436701
0.563029433037017 0.0723224728822749 0.44672560032010594 | 0.04709632675797179 0.8596555272421708 -0.017701727880175808
0.563162081119931 0.0722518414705439 0.5027987938006458 | 0.048221164907597064 0.8588685975357425 0.013416265219056055
0.5620551006290415 0.07888707508547724 0.56205492619269 | 0.0520904983852961 0.9047858918356546 0.05208822131869702
0.5606358376713257 0.06814958892902774 0.6289457720318434 | 0.05269650685891273 0.9561490471158779 0.09732726913352735
0.557463067883932 0.0698568573129233 0.7062778041214046 | 0.03856914893796135 0.6599229749578566 0.10862077304331678
0.6205593140560234 0.06349830365650616 0.24864737313667915 | 0.05724400849066271 0.7686789239121494 -0.0864057751277966
0.6258996532027782 0.07668827723344453 0.3239588122812468 | 0.07495361497465569 1.0203298659412963 -0.07839092598006406
0.6284812215596842 0.06864303475188825 0.3895045467715079 | 0.08345389141678754 0.9728875600036773 -0.047390337344112056
0.6303831785351991 0.07943669878161137 0.44745649113350544 | 0.08833708480704211 0.8999937585839191 -0.015640187456559585
0.6304218592159515 0.07949086416813425 0.5024123039408108 | 0.09014099242620324 0.8984261466760485 0.01301163854926458
0.6289458027808207 0.06814955087825492 0.5606358602701612 | 0.09732683852622714 0.9561472563333134 0.05269625471649989
0.6264112335811708 0.07668460040024264 0.6264112416267801 | 0.08830426053347036 1.0150053565688046 0.08830434744876864
0.6211161720104514 0.06467181367383643 0.7022065141007178 | 0.07352550636850978 0.7968168796526812 0.10986952621338114
0.6973800982629778 0.06838225449256968 0.25267934578626766 | 0.11970906698702777 0.7136849143174563 -0.11733676484587345
0.701961660983852 0.06507974259595337 0.3290044637969966 | 0.10603928872521638 0.8099087437121325 -0.06968776141435341
0.7061469562719606 0.06987713260972987 0.39247970303299917 | 0.10775471043474595 0.6644041276940543 -0.03856718017034419
0.7068338799277162 0.06559866848945303 0.44830513130619193 | 0.09627412909640828 0.6360088833875637 -0.010810137966287275
0.7068538863044315 0.06573542495004576 0.5016956997585283 | 0.09669532012875111 0.6386021319807746 0.010908415793375245
0.7062778073827495 0.06985685511739044 0.5574630634977144 | 0.1086208644154237 0.659922764428113 0.0385691772545852
0.7022065166072393 0.06467181541610173 0.6211161732151451 | 0.10986957029981985 0.7968169234606041 0.07352552619430242
0.69758434443471 0.06849817296529287 0.6975843444026193 | 0.12366531645648368 0.7165083488582497 0.12366531410788201
0.2519492917884769 0.400080098451257 0.2519492987074344 | 0.0013920915865505462 0.0058122505296595755 0.0013920959020583819
0.24986170795349252 0.40013703767140124 0.339253393779133 | -3.293765302286002E-4 0.0055837919804620295 -6.154622917572817E-4
0.24074913245169388 0.19729537828132937 0.40801755220792957 | -0.009192184617761886 -2.072594358248147 -0.012737468638802683
0.2521473591651955 0.09572068979640508 0.40165906633454523 | -0.08442847164778541 0.9524550326757604 -0.2968957539198848
0.2507116634431619 0.08335931260248909 0.4947508722573709 | -0.0478265204737927 0.2732460502523036 -0.00599002311568352
0.24982752011649556 0.0883061318365924 0.556843991324153 | -0.0610870513583679 0.31654332350375275 0.02464669749306837
0.25170272413960465 0.08515944863822791 0.6196947045166115 | -0.07625297542744533 0.406750249728946 0.06089371111223259
0.2563334019834914 0.07907545854465794 0.6936663292609778 | -0.09462711842844317 0.3878653851307283 0.09722900889626533
0.3392533852063246 0.40013701956338354 0.24986161720609432 | -6.158241358120092E-4 0.005583689026741187 -3.295425363725574E-4
0.3368545101781841 0.40017089887127444 0.33685415596241464 | -8.691571160414544E-4 0.006031191035325825 -8.872302127207845E-4
0.3378371555766936 0.2376875765716047 0.4299539466388554 | 0.04091400198786886 -1.7243814792401053 0.03647064106500163
0.3250431700638668 0.09082979781178019 0.40022689749006424 | -0.07437161741881539 0.38612051997074615 0.20150040299934632
0.32339119394433596 0.09991299814481312 0.49436840032973395 | -0.0482771828720199 0.553001746275344 0.00170250239983663
0.3232994526747453 0.09420110696811343 0.5590141271289945 | -0.06503028385690418 0.6521283766836367 0.03500945325199874
0.3251463800891958 0.10078281666033687 0.6247058030708261 | -0.08784940761585971 0.6768299677041877 0.08458693975783273
0.3299049993036153 0.09037646020084927 0.6986232492266825 | -0.07310667538159091 0.49417346047084815 0.09306392999403859
0.40801600534608845 0.1972974268351291 0.24075367589135283 | -0.012731727276567583 -2.07255715715204 -0.009202308155622178
0.4298990127367857 0.23765287674445562 0.3378927093406659 | 0.03622274888524794 -1.7246529226721192 0.0409543210559438
0.4400567932571716 0.24941544026224052 0.43995098585668396 | 0.30784333739354236 -1.9836449118903239 0.3070998278111211
0.3731824160243078 0.08352138618870587 0.40878926691659606 | -0.18938078928150456 0.6050129924177802 -0.3428339170108373
0.38757479305132486 0.09461393499742127 0.49772650739134083 | -0.024021139442780268 0.44753325292126256 0.0027894331341417116
0.38879068931583793 0.09958049222728203 0.5608407068840565 | -0.037984103884488335 0.5664101224756989 0.03426373762958706
0.3895675827223688 0.09076428735877717 0.6278200429375834 | -0.055898994982992556 0.5977460211353013 0.09005803125571686
0.39231025787946366 0.08887912592229144 0.7014238675461347 | -0.040995088730446765 0.3174621615440432 0.08795039541619265
0.401655103442262 0.09571682535843656 0.25213787264323306 | -0.2969684811997958 0.9523329533857897 -0.08447517056555016
0.4002187971063834 0.09081393936205699 0.32504250761373954 | 0.2015738809363512 0.38595567316575924 -0.07436274540824683
0.4087791898817916 0.08353599755149337 0.373170107063891 | -0.3429231118141171 0.6050297009599449 -0.1893719531837703
0.44295087364240254 0.08973501325863138 0.44294964609300563 | -0.01951145041012338 0.10576230851910612 -0.019488852588934603
0.44461511535280823 0.08770928197362424 0.5006503823731353 | -0.008780546321218248 0.3616986512338935 0.012443384423934127
0.44713193804081136 0.09401715668636157 0.562127402575969 | -0.015320607639622426 0.5049361489358214 0.04708619499594457
0.4468396000308802 0.09887310713475446 0.6299095466769011 | -0.021680673409710333 0.5163090666866693 0.10482776956084011
0.4483760569032602 0.08521748083656686 0.7031341890771099 | -0.010473939362352722 0.2735916617796747 0.081920819189133
0.494749977982364 0.08336126318643076 0.25071073531411875 | -0.005996788042518479 0.27330096899218176 -0.047823439846714694
0.4943753009125444 0.09992601484476846 0.32338691374498324 | 0.0017534284733912945 0.5531374980911524 -0.04833639403759556
0.4977358426675043 0.09463476830241917 0.3875707586896163 | 0.002865580964368455 0.44792121710345084 -0.024065452765002
0.5006506789718099 0.08769241378358514 0.4446232781298567 | 0.01240607912107873 0.3615842997499895 -0.00871529741734773
0.502009946556164 0.08910031329136307 0.5020121785516766 | 0.012129372473737458 0.38025426898167386 0.012141318357344959
0.502448221541567 0.09359713984257396 0.5622896136678535 | 0.013315780501794387 0.4994102992962261 0.05047900819840397
0.5030773762359441 0.0986652438680105 0.6299091106643188 | 0.01852518912016039 0.5133013868783278 0.10637621925375759
0.5016178254741452 0.0854678301404375 0.7031413189082516 | 0.010563720773654719 0.2776375959331652 0.08232213086595146
0.5568444112078864 0.08830555747170672 0.24982619848573348 | 0.024651098615084435 0.3165314321103529 -0.061095309959857486
0.5590165458109188 0.09420079506900955 0.32329874665422875 | 0.035019480373091 0.6521048471630798 -0.06504314252828904
0.5608417320541035 0.09957818493419412 0.38879200069959774 | 0.034269379521401744 0.5663678365030461 -0.037985907665111895
0.5621267132951318 0.09401863376653882 0.4471320865078681 | 0.04708483481276257 0.5049349231886631 -0.015327781167019022
0.5622897238061768 0.09359908061977541 0.5024481305520958 | 0.05047586737807841 0.49943011248557506 0.013309147178835565
0.5618460244832504 0.09837801850380674 0.5618459234057153 | 0.05534059790249559 0.5448337970636854 0.05533855451597047
0.5608358324672883 0.08844438614325893 0.6286603483188187 | 0.06500703229970531 0.5607844151112682 0.11153099504849237
0.5577038801873808 0.0888672003556362 0.7014738169113718 | 0.04129387668612174 0.31263567972101447 0.08865085277286326
0.6196948576022885 0.08515948931311587 0.25170279354868447 | 0.0608937452891986 0.4067506595520288 -0.07625326408402393
0.6247059823480086 0.10078273505756548 0.3251465157328096 | 0.08458895623134581 0.6768284665884847 -0.08784850820922602
0.6278199855178116 0.09076489062262996 0.38956761828743014 | 0.09006025603062086 0.597757320967435 -0.05589813975247492
0.6299094155514069 0.09887383305823641 0.4468395884233396 | 0.10482380866255225 0.5163235061020616 -0.02168024987069443
0.6299091390943764 0.09866523103314014 0.5030772999105643 | 0.1063740240451441 0.5133002830096417 0.01852396642382669
0.6286603698782605 0.0884441944696122 0.5608358435271709 | 0.11153030277372022 0.560780426188298 0.06500662248890261
0.6256040027090718 0.09926197299190571 0.625604005116759 | 0.10608502528674017 0.6518420936645728 0.10608508367000691
0.6205451324753494 0.08747547716481363 0.6993445925273026 | 0.08348017413673667 0.4451464472200866 0.10328013751880595
0.6936663575922957 0.07907546120885317 0.2563334026243345 | 0.09722915503597013 0.3878652465058554 -0.09462717739782969
0.6986232635182439 0.09037645004607446 0.3299049987685434 | 0.09306401507397444 0.49417291346019976 -0.07310670711279554
0.7014238132404936 0.08887912917585315 0.39231025920144447 | 0.08795005481504928 0.31746321508781417 -0.040995084086090365
0.7031341457523925 0.08521747997142405 0.44837605209145104 | 0.08192037800235256 0.27359226774079626 -0.010473961386421024
0.7031412991640393 0.08546782494360129 0.501617817111445 | 0.08232196520959269 0.2776373472713868 0.010563646891598251
0.7014738128969008 0.08886720205972709 0.5577038759437365 | 0.08865087168722897 0.31263550171725873 0.04129388774109789
0.6993445925142341 0.08747547815466067 0.6205451321420429 | 0.10328013998477535 0.4451464669935673 0.0834801713031032
0.6940134511453263 0.07926907833098028 0.6940134511296874 | 0.10187946946188994 0.38778789381559 0.1018794672761769
