512
0.27370059859502505 0.43915858351344633 0.2737005930869708 | 6.22614777155565E-4 -2.9544800221894465 6.226277941843333E-4
0.26671310902638257 0.441243430876773 0.3418744154829607 | -0.003991730008939152 -3.04294763202877 0.017680747391831238
0.2662829535189188 0.4363995412653285 0.40283292498056367 | 0.03014588241183581 -3.29144802211107 0.10787053773316163
0.26402654540311643 0.43622320791163544 0.4497499782598822 | -1.0372125361306653E-4 -3.1533626452035124 -0.0014437937307192517
0.2641181721207061 0.4359719138495686 0.5004406537925888 | 2.56720200294457E-5 -3.153914168959497 -4.062905359262115E-5
0.26500896583239886 0.4349999210569668 0.5523480426913958 | -4.2038399115993457E-7 -3.154000791991835 1.927804045030482E-6
0.26776363164560824 0.43223373296961315 0.609021944518472 | 1.4721713898131734E-8 -3.1539999937314005 -3.899003821904625E-9
0.2720063736534151 0.4279900430661396 0.6779937072531026 | -1.2577641325131042E-10 -3.1540000001730695 1.3545911762926857E-10
0.341874408317554 0.441243441635061 0.26671309165925766 | 0.01768074600562296 -3.0429480517515324 -0.003992025695982419
0.3388499203053357 0.4433404164914491 0.33884995606944346 | 0.005685695087251758 -3.038656924261111 0.0056860636447216475
0.33326422713791604 0.44098458304989196 0.4033417614949616 | -0.08838466904433627 -3.304879805544999 0.14742922329959018
0.3350701943726397 0.44036126437574585 0.450172785359151 | -0.008815039512317359 -3.1893207478382783 0.005004875995485081
0.33563864019221723 0.44010802023501233 0.5005573710391042 | -1.3167215179594782E-4 -3.153640206208083 -2.507256015967111E-4
0.33657534080280377 0.4388847045565432 0.5528751508719393 | 2.587133809816479E-7 -3.154002226121937 2.4451349397284766E-6
0.3385003616881439 0.43607313624938704 0.6115009929710314 | -2.9737700292168292E-9 -3.1539999764302062 -8.280234001819283E-9
0.3409790497128358 0.43223280891535215 0.6822364891603737 | 1.6350782717848102E-10 -3.154000000408532 1.28296843066812E-10
0.40283291381657826 0.43639955488195414 0.26628292047826935 | 0.10787039639930339 -3.291447916525573 0.030145843522623124
0.40334163871604534 0.4409848970052687 0.33326362691272454 | 0.14743608168163974 -3.3048620726749087 -0.08840908366684412
0.3971643951533441 0.44545779929148993 0.3971645130841274 | 0.0025261237051019845 -3.087940207824624 0.00252837294137736
0.3956685670563505 0.444394175356837 0.45389721582194836 | -0.013473510351871307 -3.2064322541607964 0.13881040828352767
0.39596162264082707 0.443066220980274 0.500573741545183 | 7.320611780982321E-5 -3.153223703838892 -2.678509081156871E-4
0.39654081988660095 0.44166264677705747 0.5534681047347743 | -7.541605712737182E-7 -3.1540087394981198 4.083066626610604E-6
0.397137197019082 0.4388687088488766 0.6134265591396372 | 3.7001535235234026E-9 -3.153999867316933 -1.272777498334463E-7
0.39766105606750224 0.4349876645022779 0.6849913354013167 | 2.6136437118715777E-11 -3.1540000010732125 7.644475471030326E-10
0.4497499785386825 0.4362232082328362 0.26402652740867893 | -0.0014437937485806832 -3.153362701364523 -1.0365651226266256E-4
0.4501731312753797 0.4403611581158535 0.33506967123429054 | 0.005008772112789823 -3.1893440785735505 -0.008822120981662705
0.45389761133342393 0.44439502743867676 0.3956689258183549 | 0.13884914323480685 -3.206379747704946 -0.013462172650857598
0.45074252533472925 0.4441228529446999 0.4507427424546285 | 0.02304486718012125 -3.2239113127557433 0.023050033919664793
0.4493924091898626 0.4441743935368695 0.5006447019945178 | 1.8648160091413579E-4 -3.153504478912196 -3.1990255774793605E-4
0.44949057571168 0.44288262983823434 0.5540531210540475 | -1.1430194607705213E-6 -3.154007453884895 5.827188088950424E-6
0.44951837635998576 0.44000191165980573 0.6143377454474174 | -2.8689007810493193E-10 -3.153999877868141 -1.2644796244119632E-7
0.4496220099971224 0.4358760007351785 0.6858796612098348 | -9.99773130396825E-12 -3.1540000010028297 7.479673268032191E-10
0.5004406580189219 0.43597191096449767 0.26411816614223194 | -4.0625676142981934E-5 -3.1539141488724347 2.5676469444963367E-5
0.500557360641392 0.44010801117287823 0.33563865130666615 | -2.508483376353946E-4 -3.153640209544172 -1.3167068798588882E-4
0.5005737983012368 0.4430662935613721 0.39596162037855503 | -2.67713168104538E-4 -3.153224527382417 7.309829939889122E-5
0.5006446991186518 0.44417437092692 0.4493924092049379 | -3.1981121123861886E-4 -3.1535046028038933 1.865529742752349E-4
0.5006465281493088 0.4441558999887208 0.5006465265586266 | 6.96771544910331E-5 -3.1538173689784457 6.965909174188893E-5
0.5005107020274244 0.44288286451460823 0.5540514030187415 | 1.6075035404792192E-7 -3.154001968440013 2.2871916110747143E-6
0.5004818593102716 0.44000195504083317 0.6143376213288065 | -3.2614984269923657E-9 -3.1539999545890316 -4.0933271280761065E-8
0.5003780046641797 0.4358759968143836 0.6858796428879469 | -2.66175944411376E-13 -3.154000000419624 3.033975249141887E-10
0.5523480425413625 0.4349999211038898 0.2650089660195017 | 1.9278371890471307E-6 -3.1540007918791906 -4.2025712798608573E-7
0.5528751503050726 0.43888470238192967 0.336575339991356 | 2.4423523189712645E-6 -3.1540022226153197 2.5628105976312654E-7
0.553468105700371 0.4416626465837167 0.3965408202274248 | 4.113090882479336E-6 -3.154008729566378 -7.535587846005765E-7
0.5540531213345735 0.4428826289244944 0.44949057637047 | 5.830660474339052E-6 -3.1540074505607643 -1.1432068858129452E-6
0.5540514031387592 0.44288286465380294 0.5005107018954142 | 2.2870777496091346E-6 -3.1540019681061953 1.6089636593079616E-7
0.5534604348481538 0.4416556932832364 0.5534604347909844 | -7.703311138381326E-8 -3.1540001933030837 -7.700597916263821E-8
0.5528629701952851 0.4388684012231382 0.6134259249778256 | -2.1553897729143484E-10 -3.153999995576521 -3.220419743832502E-9
0.552338956707487 0.4349876475989095 0.6849912770741263 | -1.6922259446452476E-12 -3.1540000000611994 3.6581579192563755E-11
0.609021944524432 0.4322337329636924 0.2677636316418329 | -3.898078741772979E-9 -3.15399999373161 1.4723412590073834E-8
0.6115009928251539 0.4360731359942175 0.33850036168482356 | -8.334876315749431E-9 -3.153999976480057 -2.8794311643320008E-9
0.6134265589537395 0.4388687084984707 0.39713719700976063 | -1.2725411660784445E-7 -3.1539998673269336 3.7021556980061604E-9
0.6143377453356443 0.44000191138666134 0.44951837636516184 | -1.2640803891659768E-7 -3.1539998779072436 -2.836441428720594E-10
0.6143376213103554 0.4400019549401979 0.5004818593045575 | -4.093019528768663E-8 -3.153999954595343 -3.2649920535642676E-9
0.6134259249892023 0.43886840121805853 0.552862970185193 | -3.2204822863182717E-9 -3.1539999955770908 -2.1607433824995759E-10
0.6114996868391132 0.43607197586870927 0.6114996868374842 | 1.5016593020911162E-10 -3.154000000113397 1.502189464294299E-10
0.6090209493501488 0.43223276914186326 0.6822363898549627 | -2.5700767600631405E-12 -3.1539999999999915 -3.4138114558504956E-14
0.6779937072533521 0.42799004306641386 0.272006373653477 | 1.3543168490248557E-10 -3.154000000173026 -1.2579433264547375E-10
0.6822364891410106 0.4322328089036694 0.3409790497115585 | 1.275612976632399E-10 -3.1540000004080997 1.6299431673195218E-10
0.6849913353770449 0.4349876644924368 0.39766105606671015 | 7.644754138420916E-10 -3.154000001073248 2.6104733853794164E-11
0.6858796611892196 0.4358760007226647 0.449622009996597 | 7.477734417067031E-10 -3.154000001002592 -9.918601396315066E-12
0.6858796428783046 0.4358759968043397 0.5003780046641544 | 3.033050774173155E-10 -3.154000000419507 -1.9407100475485547E-13
0.6849912770746801 0.4349876475976216 0.5523389567071321 | 3.657415644585838E-11 -3.1540000000611883 -1.6831823280486745E-12
0.68223638985539 0.43223276914188463 0.609020949349955 | -3.384180739984928E-14 -3.153999999999991 -2.5708112893898023E-12
0.6779936248649103 0.4279900049111453 0.6779936248649149 | -2.9585599162354984E-14 -3.153999999999912 -2.963869107150673E-14
0.26656611644310885 0.4086358732387173 0.26656611947242564 | -0.040221655866947585 1.2718686928560428 -0.04022156925164284
0.2591518855098534 0.4101573200979295 0.3408836454361236 | -0.056579313910875006 1.294539107773998 0.006686605888966789
0.26194437601144 0.36247038689021716 0.40702113594103667 | 0.029470727239460006 -3.402095431692366 -0.016400836630943622
0.259224117777088 0.3671380934146234 0.45262127853288536 | -0.006826353664528609 -3.1609342984856905 0.05703271739893734
0.25998431347560763 0.36469136889189135 0.5008414174582076 | 2.009696772854497E-4 -3.1532165623364325 2.920576802391115E-4
0.26112283596189084 0.36344930940842884 0.5528963827372463 | -4.178444432441721E-6 -3.1539948827734783 -6.178018843315167E-6
0.2639243933544683 0.3614976109086073 0.6115022758504945 | 8.428734603712916E-8 -3.154000139687134 2.682069091311895E-7
0.2677636061006736 0.35901740333449883 0.6822366508013503 | -3.727970627841177E-10 -3.154000002502256 1.8085949178722248E-9
0.34088362025960844 0.4101573439574911 0.2591517916196617 | 0.006686113801892117 1.2945392501961457 -0.056580404589167146
0.3369948145600157 0.4105142242553643 0.3369946196372304 | 5.646558893914115E-4 1.3130548385379959 5.595004585680903E-4
0.3298991705495749 0.36698309145115054 0.40608691157427 | 0.037354957033079575 -3.3506111870334676 -0.022722108014347563
0.3316904028194177 0.36959544832331853 0.45392300338817015 | -0.024858532563743246 -3.2441403209365056 0.09107410720625533
0.3321853576680342 0.3680398777295465 0.5013571283786261 | -2.0316293550910053E-4 -3.1572142879971934 2.773456196658601E-4
0.3334459721937968 0.36659192244566363 0.5540836698374887 | -5.398631031564058E-6 -3.153992406721504 -3.485334549175719E-5
0.3353805540702195 0.3646172751400722 0.6146227093879156 | -1.058276774672256E-8 -3.1540001068305017 1.9140240214062318E-7
0.3385003074983751 0.36149612442670753 0.6860759193396717 | 1.606509966301684E-9 -3.154000007426012 3.869691771138284E-9
0.40702103574973963 0.36247001492754893 0.2619448375307266 | -0.016411677191668583 -3.4021075819146835 0.029467074046227216
0.406086808095702 0.3669832821284249 0.32989759940842583 | -0.02270763373987055 -3.3506277718264914 0.037367905023515106
0.3969515207487644 0.41370414489569873 0.39695229200582577 | 0.01320486073461971 1.3527734638577986 0.013205400904864478
0.39404571187468307 0.3683827911761768 0.4581244098208076 | -0.012527685334413941 -3.3396921145722183 0.03918554137391605
0.3942952578211224 0.3702023822801919 0.5009059821983444 | 1.2403279994651394E-4 -3.1529454109197768 2.2157442174292635E-4
0.39497002439259415 0.36870377463214615 0.5550573824868444 | 7.399193676914999E-6 -3.154035458094929 2.8395625146356768E-5
0.3959501665067039 0.36656174092239824 0.6165671198124298 | -1.8915144156880243E-7 -3.1539986793708428 -7.536532469523702E-7
0.39713706225692846 0.36342221186069595 0.6888721508829267 | 1.970153166241899E-9 -3.154000024539049 1.1852288890526446E-8
0.4526212091472441 0.3671380979904071 0.25922411714088545 | 0.057032282904407657 -3.1609313781795043 -0.006823858947417604
0.45392343111853195 0.36959472441983016 0.3316887668652445 | 0.0910645255296385 -3.244183303642289 -0.02488850253565607
0.45812424010482933 0.36838400982141695 0.3940465831946072 | 0.039127094285353735 -3.339523437377515 -0.01251962576013864
0.451892072096323 0.36884795652908214 0.4518929004504795 | 0.0052580767537536224 -3.3156745437169755 0.0052641582214724494
0.4490888149509116 0.37126799486677425 0.5011370822678415 | 5.482073895836425E-5 -3.153808714812971 -0.0016359988675876953
0.44913637233111864 0.3698646483503973 0.5557504711094275 | 2.257903032477469E-6 -3.154068780523352 5.280812341117489E-5
0.44931789037943426 0.3676362805441884 0.6176411090192606 | -2.0993770578237483E-8 -3.1539982974447702 -1.1050206253393608E-6
0.44951825497837683 0.3643336020854834 0.6900054137698722 | 4.4981600424895975E-10 -3.154000025203427 1.201490891157253E-8
0.5008414395059971 0.36469135764066674 0.2599842908601233 | 2.9214009509922193E-4 -3.153216352944585 2.0093553133294716E-4
0.501357104318007 0.3680397539759545 0.3321854066595013 | 2.781357310304789E-4 -3.15721704955468 -2.0325818204448113E-4
0.5009064692798931 0.3702022275028297 0.394295137586944 | 2.267297992078087E-4 -3.152945086965485 1.2330584817669705E-4
0.5011372358292195 0.3712679824470482 0.449088857938273 | -0.0016319123242156462 -3.153798451271283 5.724117241671646E-5
0.5012185254399621 0.37123214097270896 0.5012185032950927 | -2.8546287253620166E-4 -3.152456619636269 -2.855059527826703E-4
0.5008637855383054 0.36987029076507577 0.5557539522574425 | 6.913756779622072E-7 -3.154027941512157 2.4305527741064508E-5
0.5006825808610559 0.3676363329353139 0.6176407305311605 | 1.2369735650484367E-8 -3.1539991269456054 -5.110851402723393E-7
0.5004817840649797 0.3643336106189637 0.6900053543818407 | -1.8490494585076406E-10 -3.1540000134960042 6.006181279609789E-9
0.5528963820024665 0.3634493102780185 0.2611228370039676 | -6.178046547396974E-6 -3.1539948810583596 -4.178859262160841E-6
0.5540836628111673 0.3665919136879727 0.33344596336688936 | -3.48687206673316E-5 -3.1539923923959754 -5.449173911329872E-6
0.5550573771557716 0.3687037632062661 0.3949700260490306 | 2.843647371676096E-5 -3.1540353980150746 7.390879589136467E-6
0.5557504660669571 0.36986463977541595 0.4491363772866232 | 5.282435040555849E-5 -3.1540688148123435 2.3039785421765274E-6
0.5557539513893167 0.3698702874225547 0.500863783906415 | 2.4308781419547763E-5 -3.1540279527591695 7.039092551623814E-7
0.5550430463573489 0.3687022794183044 0.5550430455943487 | 1.507224234705746E-6 -3.154006289657987 1.5076222964510338E-6
0.554050500943118 0.3665614089629215 0.6165655683616807 | -1.3374162122486427E-8 -3.1539998326807277 -8.969920176810266E-8
0.5528629581978208 0.3634222191489673 0.6888719936630144 | -3.695327139328781E-11 -3.154000003250323 1.1173656898729046E-9
0.6115022758438695 0.3614976108427584 0.2639243933052768 | 2.6831680343253055E-7 -3.15400013979352 8.432703780380989E-8
0.614622708361266 0.3646172745005537 0.3353805541616863 | 1.9182907623524167E-7 -3.1540001072522483 -1.0231636216885832E-8
0.616567117727702 0.3665617395696744 0.39595016642157693 | -7.543917098012286E-7 -3.1539986788478123 -1.888220637747553E-7
0.6176411076292627 0.36763627960634376 0.4493178903274196 | -1.1047736335151571E-6 -3.1539982975304404 -2.1141769922206914E-8
0.6176407296665676 0.367636332139445 0.5006825808636731 | -5.108888831487214E-7 -3.1539991270891674 1.2237803465819647E-8
0.6165655683282988 0.3665614089370796 0.5540505008536364 | -8.967386554598073E-8 -3.1539998326821803 -1.3399306842229428E-8
0.6146195189912751 0.3646156952939309 0.6146195189578483 | 1.9043610967861413E-9 -3.153999994414841 1.903869435070561E-9
0.611499692015135 0.3614960697159926 0.6860756148169467 | -2.29032581874929E-11 -3.154000000180111 3.105971021906736E-11
0.6822366507777783 0.35901740332015175 0.2677636061069566 | 1.8067845857028247E-9 -3.1540000024991808 -3.7261662353521116E-10
0.6860759192637841 0.3614961244368828 0.33850030751619775 | 3.87073230183905E-9 -3.154000007426699 1.6039003275736311E-9
0.6888721508716895 0.3634222119520766 0.3971370622703532 | 1.186696136032914E-8 -3.1540000245544406 1.962203094843726E-9
0.690005413666709 0.36433360210981813 0.449518254966839 | 1.2019162127346356E-8 -3.154000025206001 4.4661593127329506E-10
0.690005354269043 0.3643336105929767 0.5004817840472259 | 6.005983270435914E-9 -3.154000013494444 -1.8458944869780667E-10
0.6888719936215052 0.3634222191301457 0.5528629581903027 | 1.1171255334928005E-9 -3.1540000032497497 -3.6403939840409406E-11
0.686075614819777 0.3614960697174864 0.6114996920140391 | 3.1017213727579537E-11 -3.1540000001800927 -2.2838118392706175E-11
0.682236389996212 0.35901732811509457 0.6822363899958036 | -1.782431495511769E-12 -3.1539999999999244 -1.782740430674311E-12
0.2576748601111057 0.4280943149867304 0.2576748678837557 | -0.09248313867172753 0.8714820965831247 -0.092483060984006
0.25322835764634755 0.4285759663957578 0.3405040178622833 | -0.05693043914235929 0.8807562161706818 -0.0023819849715060516
0.2568974367524722 0.3009532299940954 0.4031706647070628 | 0.07982128561267152 -3.198949587184528 -0.03775333935344498
0.25551828889724243 0.30508313922654295 0.46088781087386904 | -0.015691024391165893 -3.2945180403987715 0.11155968799775706
0.2569567127945031 0.3044919508887543 0.5011241294094859 | 3.430386212694183E-4 -3.157789126276713 3.598031504366124E-4
0.25832902671666014 0.30346646808677175 0.5535368298223198 | 3.2779833220291524E-6 -3.1538564240498657 -6.464765540558436E-6
0.261128075884754 0.3028619014590988 0.6134297019133766 | -6.935123707319962E-8 -3.154001221650948 1.6963594623638533E-6
0.2650087380352676 0.30233539456812025 0.6849916752157448 | 2.5358522673228085E-9 -3.1540000106506074 3.281859787708573E-9
0.34050399656179564 0.42857598178518874 0.25322822132989814 | -0.0023823464548692213 0.8807551791030296 -0.05693151019106693
0.337261282503467 0.4350956328725439 0.337261037652952 | 0.02596591639009148 0.9513919754880976 0.025964226209957406
0.3335941587413357 0.30225073586943535 0.40037553604963516 | 0.044330765743769554 -3.1546337051411593 -0.03813069024195561
0.32940211957356014 0.30232171452981654 0.4625098022687204 | -0.019734526630459055 -3.4160647021995696 0.07596099302112724
0.3299459202893433 0.30604242581487356 0.5014833323915284 | -2.2282090984359444E-4 -3.16254217309286 -6.049766003347298E-4
0.3313279692408178 0.30504194111815097 0.5551075247453827 | 2.4089090670018266E-5 -3.1537446533083786 -2.588248748028206E-5
0.33343462260529166 0.30404711521722405 0.6165677501697945 | -3.850217600409635E-7 -3.15400080892535 1.5353028440718255E-6
0.33657416969916587 0.30285923214404775 0.6888721876368762 | 1.0512479418219294E-8 -3.1540000409443256 1.2965573884123828E-8
0.4031704115135521 0.3009533771193647 0.25689835784536363 | -0.037753179559626725 -3.1989281349561822 0.07979568365028732
0.40037888502857644 0.30224709322367715 0.3336034561616885 | -0.038085828400158506 -3.1546875204208646 0.044304296894925696
0.39893749650237165 0.43751023864859506 0.398935822307282 | 0.05064177494096938 0.9626349604911711 0.050581698636544534
0.39398428570466465 0.300941626842377 0.45979807356815355 | -0.01111069127086122 -3.4389966972196206 0.03903372868581097
0.3933088912684914 0.3072980607422415 0.5009646129607045 | -8.853431933994191E-4 -3.1583770397783213 -0.0026004140602275214
0.39388215688055817 0.3061174613147461 0.5561516734071578 | 4.8844532890220986E-5 -3.154024229757729 2.299381090410701E-5
0.39496480165521414 0.3050308102070901 0.618704843937381 | -8.132657413438069E-7 -3.1539953823229756 -2.2613597369787857E-6
0.39653976746936703 0.3034563895235185 0.691658856359278 | 1.2106388707401846E-8 -3.1540001188194435 3.3993477741490235E-8
0.46088785338460897 0.30508332084307827 0.25551832914056194 | 0.11157018867414308 -3.2945080516618415 -0.015688308879989156
0.46250394820490826 0.302321318779323 0.32940441100964285 | 0.07571302351233447 -3.4158473891521535 -0.01981590395971364
0.4597818094066736 0.30093863891785116 0.39398243193108606 | 0.03883413506354508 -3.4387826894874673 -0.0111043143811449
0.45193794778025126 0.3027260398982515 0.4519343861281164 | 1.1138767574556531E-4 -3.3555122612322767 9.87678460347126E-5
0.4490421261113295 0.308212027192979 0.5013935239991578 | -6.113592888976443E-4 -3.146812472555601 -0.006269128034358083
0.4489185441649839 0.3070019206457157 0.5570297271150675 | -2.8660871618185175E-6 -3.1542474026923792 1.0998944719939059E-4
0.4491399363250173 0.305734420663472 0.6198655332600962 | -7.200491370376474E-8 -3.153992973889046 -3.2619771801741865E-6
0.44948929494932227 0.30404526294819945 0.6928828266000973 | 1.2190806743905826E-9 -3.154000132170829 4.108884019796769E-8
0.5011241349836756 0.3044919455028796 0.2569567499098276 | 3.600716581206779E-4 -3.1577891395280733 3.430316474599877E-4
0.5014834075007908 0.30604197903802294 0.329946265743998 | -6.055851229186504E-4 -3.1625422674562356 -2.2269703239630203E-4
0.5009643011025897 0.30729683652114387 0.3933088106635427 | -0.0025496133106293426 -3.1584604440572077 -8.869636391525032E-4
0.5013933918487671 0.30821182963709165 0.4490416139396979 | -0.006268815391242538 -3.1468191793741256 -6.127095855056543E-4
0.5015912309916847 0.3080953804533027 0.5015912111297388 | -5.595527843829872E-4 -3.150741267265681 -5.596127190244961E-4
0.5010881710158527 0.30701132094169675 0.5570390166718324 | -6.209728595700367E-6 -3.154131488209062 6.7781598960626E-5
0.5008608378152352 0.3057350709142253 0.6198655878824787 | 8.075771032801962E-8 -3.153995757021689 -1.823860892754182E-6
0.5005107254973888 0.3040453629408815 0.6928828955324183 | -2.5290839130119544E-9 -3.154000079227737 2.2694029475917625E-8
0.5535368218688091 0.3034664680352146 0.25832902978317773 | -6.476616639199626E-6 -3.1538563764275636 3.2839523580332414E-6
0.5551074818022738 0.3050419545780905 0.3313279487248064 | -2.586145754353414E-5 -3.153744667337727 2.399410197388453E-5
0.5561515592666431 0.30611745578308924 0.39388216525989345 | 2.306915131563588E-5 -3.154025030376564 4.879070709851579E-5
0.5570297027608362 0.3070019036068003 0.4489185616347465 | 1.1013405432996137E-4 -3.154247282970966 -2.8583304127195964E-6
0.5570389855267449 0.3070113065172385 0.5010881465687178 | 6.776577714439654E-5 -3.154131430318294 -6.213062582571572E-6
0.5561484351965308 0.30613176524716984 0.5561484329640372 | 4.248030256577933E-6 -3.154025216389335 4.250463550066761E-6
0.5550364795575179 0.30503280428897267 0.6187050029965091 | -3.217098287146369E-9 -3.153998972788744 -3.9021704558328577E-7
0.5534602252869731 0.30345663687592267 0.6916590432703734 | -1.0605500901997964E-9 -3.1540000221460502 4.201639714194162E-9
0.6134297010321438 0.30286190081253644 0.2611280761415485 | 1.697382653385811E-6 -3.1540012229577017 -6.946486031607814E-8
0.61656774814931 0.30404711485559727 0.33343462418388126 | 1.5295292160261276E-6 -3.154000804577056 -3.8429190717726493E-7
0.618704844703776 0.3050308149979654 0.39496480177169135 | -2.2733275209207767E-6 -3.1539953694254015 -8.086377562954999E-7
0.6198655318733486 0.3057344223467854 0.4491399350904192 | -3.2646817896879984E-6 -3.1539929701942233 -6.976866792888182E-8
0.6198655852646161 0.3057350702179558 0.5008608382133698 | -1.8244673197953817E-6 -3.153995757684894 8.134965562689855E-8
0.6187050014109026 0.30503280401188493 0.5550364781690035 | -3.9019179440102094E-7 -3.153998973021072 -3.260421124233603E-9
0.6165653666645171 0.3040466536782794 0.6165653665654045 | -3.609687956057056E-9 -3.153999952904301 -3.6268356867108833E-9
0.6134258335356966 0.30285933522156433 0.6888719819992821 | -1.4629789757368416E-10 -3.154000001498274 7.782123532450567E-11
0.6849916750964813 0.3023353945113936 0.2650087380403322 | 3.2751923607675925E-9 -3.154000010631701 2.5378722533338327E-9
0.688872187568369 0.3028592320959247 0.33657416968072384 | 1.3013497151042295E-8 -3.1540000410440934 1.0517213064000697E-8
0.6916588566048902 0.3034563895968253 0.39653976749085734 | 3.4066750646731866E-8 -3.1540001189907083 1.204681437783579E-8
0.6928828267433774 0.30404526307908925 0.44948929501110574 | 4.11227438172213E-8 -3.1540001322475706 1.147022351736408E-9
0.692882895442217 0.3040453629883836 0.5005107254626997 | 2.2704612701552828E-8 -3.1540000792425777 -2.5609757321317894E-9
0.691659043108373 0.30345663684961643 0.553460225263969 | 4.2029728076591714E-9 -3.1540000221451643 -1.0638227391484626E-9
0.6888719819650417 0.3028593352274929 0.6134258335051921 | 7.760736864484808E-11 -3.1540000014980514 -1.4597863482778678E-10
0.684991269571304 0.3023353318103754 0.6849912695690417 | -1.0317949373439937E-11 -3.1539999999920223 -1.031068592817861E-11
0.2514155750567186 0.43942712807462686 0.251415583049931 | -0.1399668302361617 0.4445176434655287 -0.13996677688026998
0.24877147446872588 0.44152487958102427 0.34093440121307667 | -0.07916916692816486 0.4595103763298035 -0.009732128997362682
0.25732886350747947 0.27852664296095386 0.40004104260065004 | -0.012266045476962582 -0.10268919906981591 0.02279922836544992
0.25437957190219723 0.2454879422729976 0.4625140253503489 | -0.006634726352430202 -3.3455712467319487 0.024178940693285533
0.25547206969379516 0.25091987242473546 0.5005568905272101 | 3.813620902302398E-4 -3.159813359699543 -0.0013863537505032413
0.2571340912061907 0.2504610735894277 0.5542065982027501 | 2.4560192598708776E-5 -3.153529163583199 2.8250750866954844E-5
0.25999445969788815 0.25048048151725627 0.6143426823084384 | -6.523681560928584E-7 -3.15400531011398 3.2236267349840724E-6
0.26412039062522785 0.25037410255049686 0.6858795953193151 | 1.0667362223883057E-8 -3.1539999904173137 -1.9872964685694996E-8
0.3409343859111641 0.4415248494656593 0.24877134682156082 | -0.009732353956620334 0.45950954801099547 -0.07916998540196812
0.33782254623950536 0.4459974786337632 0.33782235628321966 | 0.0352600422225577 0.6920222972914187 0.03526101286279165
0.33373671925173554 0.3284610713888129 0.40003267288876104 | 0.008945051438736125 -0.013796871359543056 0.012960210894420105
0.32816726742531455 0.24168385290802818 0.45983561579119314 | -0.008543705780027028 -3.4059276440616837 0.024147079784985648
0.3287779166152369 0.2511602917156724 0.501060972374825 | -1.9789744355408955E-4 -3.164872181489687 -0.0037207840799477606
0.3301761071703242 0.2508026748784019 0.5557832862449473 | 6.360786196381074E-5 -3.153464477763962 -2.3099563233732065E-6
0.3323605531652753 0.25067520241084357 0.6176385120591853 | -1.4698052525765358E-6 -3.1540039622533347 2.8720663883256156E-6
0.3356628429992396 0.25047771237612404 0.690004605644669 | 2.9021952854157432E-8 -3.154000049440904 -1.3382734492998331E-8
0.40004095938442746 0.2785265418929048 0.2573292931370515 | 0.022799605356673597 -0.10268800222097992 -0.012261639281241554
0.400033962237971 0.32845764580419323 0.3337439250992892 | 0.012929787193509417 -0.013802891303884221 0.008979346293890132
0.4009576513148329 0.45016690269756443 0.40095234430836457 | 0.0682237844946007 0.6290148656787726 0.06813161097805848
0.3930786518284943 0.24056014845461235 0.45648144215896586 | 0.004746036861409114 -3.4237882626789333 -5.333116316388899E-4
0.3925817843847277 0.25120309355976533 0.501087888001276 | -9.717343025102132E-4 -3.1655767583669756 -0.0038385924457944895
0.3929925960040391 0.25104343030702403 0.556953521388589 | 5.279453665596669E-5 -3.1539742464228437 7.878171159457346E-6
0.3942632797449274 0.25085043544050994 0.6198585296741816 | -1.7334754344411386E-6 -3.153991857766868 -2.036211784187E-6
0.3959510242966129 0.2505066773179923 0.6928818423838746 | 3.839565050201973E-8 -3.1540002084123007 -2.0701248169662348E-8
0.4625142332820431 0.24548805750098893 0.2543799824737661 | 0.024180491407846776 -3.3455667676231293 -0.006627674066345768
0.45982335736852864 0.24169041123630813 0.328170894935068 | 0.02394689065149752 -3.405589774807614 -0.008680860561816967
0.4564647801523389 0.24055979886460951 0.39307295923825947 | -1.1641283377189916E-4 -3.423843835941416 0.00477674199306089
0.4504546576516949 0.24408728411083713 0.45044776166453304 | -0.009953473135812036 -3.336244505762868 -0.009939772269635438
0.44898640604017775 0.25190024852923687 0.5018401212042459 | 5.261266081417102E-4 -3.1409888712335348 -0.0037088617672119857
0.44865827720775453 0.25131398989183185 0.557971226761678 | -4.939775972121807E-5 -3.1544232971093855 1.3743685694861068E-4
0.4489266384821721 0.2510671826207722 0.6211417044211194 | 3.904095373896131E-7 -3.153984307193712 -4.518355939579735E-6
0.4493720027483048 0.2506241427891218 0.6941476070227065 | -7.689189484396542E-10 -3.15400026137551 -1.715088031038227E-8
0.5005566880397563 0.25091973564529263 0.25547241243977103 | -0.0013855523114221324 -3.1598221822280057 3.787116872020534E-4
0.5010618460248022 0.25116019063588807 0.32877795423315537 | -0.003703657203896975 -3.1648433312986524 -2.015115223435351E-4
0.5010872516021746 0.25120465826655636 0.39258164594852285 | -0.00395380000790119 -3.1653046893864865 -9.695647028904197E-4
0.5018395187518429 0.25190035816969253 0.44898564648237 | -0.003715177047645329 -3.1409943215513603 5.254939275737241E-4
0.5019568265835326 0.25171813603656623 0.501956936217387 | -2.6668193953139225E-4 -3.1493868909656944 -2.6658150770143336E-4
0.501339296417245 0.25132959831656254 0.5580044526975103 | -9.07686192266657E-6 -3.154275739474471 9.91877227759809E-5
0.5010711761732223 0.25106929709370657 0.6211451807544343 | 4.811880628516584E-7 -3.153989648850475 -3.3051694127244035E-6
0.5006278827926559 0.25062431055981543 0.694148038759311 | -1.5500713071216213E-8 -3.15400020398151 2.9189530334799346E-8
0.5542065814782114 0.2504610537453002 0.25713406966702196 | 2.8216230760432774E-5 -3.1535289097387107 2.458277861578271E-5
0.5557831761213404 0.25080273834132133 0.33017608551836647 | -2.0153863691924232E-6 -3.153466927130105 6.380106919358532E-5
0.556953686615825 0.2510434799370732 0.39299261519527 | 8.106782298914523E-6 -3.1539778578755633 5.2847802058833294E-5
0.5579712672701985 0.2513139980150912 0.4486583470603343 | 1.382468402581569E-4 -3.1544236203599088 -4.9851159441733804E-5
0.5580043935007035 0.2513295819100489 0.5013392443561678 | 9.931658011591296E-5 -3.15427569258913 -9.188711129025086E-6
0.5570295553608317 0.25107970098313487 0.5570295514480851 | 5.4643491319419895E-6 -3.1540458256767505 5.462140882690065E-6
0.5557386902700343 0.2508579780291465 0.6198665154200675 | 6.965092301630998E-8 -3.153997347971508 -7.603569981822175E-7
0.554048959450995 0.2505071455877344 0.6928829926058775 | -5.758973826397579E-9 -3.154000065410587 7.554684124874304E-9
0.6143426794732813 0.25048048028687814 0.2599944607482086 | 3.230535270739733E-6 -3.154005311727563 -6.526850620710351E-7
0.6176385092716365 0.2506751985222331 0.33236055093968675 | 2.8474610812128624E-6 -3.154003919927669 -1.4730214233273935E-6
0.6198585327959765 0.2508504396920989 0.3942632783790482 | -2.055092717041646E-6 -3.1539917923721763 -1.7276196631543792E-6
0.6211417098206271 0.25106718466037886 0.44892664039987806 | -4.524343726717758E-6 -3.153984288286633 4.060218305812037E-7
0.6211451816759354 0.2510692979243927 0.5010711797476574 | -3.310178945096501E-6 -3.15398964604153 4.911154649407351E-7
0.6198665128280344 0.2508579781819336 0.55573868790582 | -7.614252003321816E-7 -3.153997348118111 7.085646107247104E-8
0.6176403011327893 0.25067876398105315 0.6176403010017267 | -2.7960835531522886E-9 -3.1539998834750502 -2.8327489459319674E-9
0.6143372360968531 0.25047816703697845 0.6900053664467826 | -7.097115401424686E-10 -3.1540000051892183 3.4609414564449586E-10
0.6858795953245693 0.2503741026248505 0.2641203905744008 | -1.988208837627292E-8 -3.153999990389779 1.0676582968768406E-8
0.6900046053150638 0.2504777121237691 0.33566284293272736 | -1.3224552154270015E-8 -3.154000049876311 2.9075233588493827E-8
0.6928818424627047 0.25050667712728475 0.3959510242105 | -2.0690979950038665E-8 -3.154000208917699 3.829545498190687E-8
0.6941476070297953 0.25062414256603144 0.4493720027853433 | -1.719322641781726E-8 -3.1540002615775866 -1.0367797294767163E-9
0.6941480389894911 0.2506243105686535 0.5006278828852736 | 2.9254103431234143E-8 -3.154000204082058 -1.5693174079791506E-8
0.6928829925651632 0.2505071455789496 0.554048959541786 | 7.574221462654898E-9 -3.1540000654230287 -5.807856099162522E-9
0.6900053663800468 0.25047816703915743 0.6143372360461041 | 3.4743670855005575E-10 -3.154000005189242 -7.118021628028929E-10
0.6858796235151166 0.25037437839244747 0.6858796235116675 | -3.976263390314829E-11 -3.153999999966312 -3.971276226696948E-11
0.24780972881573343 0.4378391124185208 0.24780973589132674 | -0.16544536037008192 0.10681568797104743 -0.16544532355548267
0.24663285712484145 0.44164484725864334 0.34087716920536915 | -0.08223520298040918 0.12500052950231266 -0.018011871459406914
0.25791754150251966 0.30102898538502865 0.4000334678386809 | -0.009219004835820522 -0.020875967329832015 0.009083250247996272
0.25521058238707656 0.18873062086940984 0.4565985236612754 | -0.0014933993754051367 -3.3258603580165067 -0.006719400274077218
0.2553913422946453 0.1988860040828178 0.500062011265286 | -3.387581978407375E-5 -3.1615499275543257 2.4684036828183565E-5
0.25717196405641707 0.1994363346654405 0.5541039772564277 | 1.3460341043603179E-5 -3.153537230707337 1.57095457610299E-7
0.2599949586975054 0.19950752188728488 0.6143389720276434 | -9.442373665578195E-7 -3.154011299021377 1.7383084819436278E-6
0.26412051578709794 0.1996184276289325 0.6858793707578893 | 1.631729478301772E-8 -3.1539999130360914 -1.703526620998558E-8
0.3408771645609981 0.4416447892834799 0.24663276405858583 | -0.018011991309665704 0.12499975362139307 -0.0822354819812207
0.33839534915526015 0.454108172869585 0.3383953802457204 | 0.03818561102557022 0.4351672912481663 0.038190590423468264
0.334345625047534 0.33825082261687195 0.40007229103817077 | 0.01203351577885653 -0.012776824110966794 0.016322936353403775
0.32880216531889717 0.18591615772878511 0.45422262042018374 | 1.542439952110127E-4 -3.3689598518870034 0.009264591615965939
0.32886023132542486 0.19813753262399803 0.5008148185006427 | -5.940113055991472E-4 -3.1634973738451126 0.0035333099416713534
0.3301698895328212 0.19909860602383916 0.5556440708139229 | 5.6766326357319856E-5 -3.1534900902699237 4.94607989292071E-5
0.33236248234158566 0.19930536078828157 0.6176318198071986 | -1.7135967338895285E-6 -3.1540118399170796 5.088315750984011E-6
0.33566303213017695 0.19951454488350842 0.6900040438635647 | 2.0062375749617993E-8 -3.153999948473071 -2.9431524570344995E-8
0.40003351179417335 0.30102880054317005 0.25791802522680973 | 0.009083839162361483 -0.020875356925708827 -0.009216405337179026
0.40007481463205846 0.3382444245475122 0.334351647103776 | 0.01628578504296252 -0.012799560731593105 0.012073163346790225
0.40226657370928276 0.4577395668539885 0.40225852582978927 | 0.07019126169360072 0.3472686480617928 0.07008706875939215
0.3927268506102189 0.18605845192448617 0.4493615924825984 | 0.006523496987162887 -3.3774782317830137 -0.042239667186341825
0.39267916371484707 0.19816034421994339 0.5012456949668247 | 8.830467807276548E-4 -3.15488235668068 0.002916605092254741
0.392966535011342 0.1988807107726545 0.5568684650317033 | 4.780885835701204E-5 -3.153842396009432 -2.2837173758740745E-5
0.39426255680394273 0.19913058683498724 0.6198519499179558 | -2.4586702020283176E-6 -3.1539970963116386 4.13119968756427E-6
0.39595103006677845 0.19948570747989106 0.6928815574816832 | 2.6186219605520065E-8 -3.1540001414161787 -1.1446145912684206E-8
0.45659868918573443 0.18873078501780918 0.2552115768418208 | -0.006726643618411064 -3.3258554658334964 -0.0014863773205179374
0.45420125341476614 0.18593452050197923 0.3288034038742338 | 0.009056277084994069 -3.368507257101465 -2.2030842447700878E-6
0.4493602016878286 0.18604569708897975 0.39271187626711745 | -0.04167244893979639 -3.377856869692615 0.006365885906155359
0.4488120721689391 0.19021454619175618 0.44879819197593657 | -0.007813169140454395 -3.3000021317510333 -0.008010339247632904
0.4490104685971603 0.19859045100218037 0.5019662554438695 | 7.741850095634073E-4 -3.1386287724512227 -1.4242323510162694E-4
0.44863211348563053 0.19866707222523522 0.5579561738532792 | -5.475049005954034E-5 -3.1545440763039267 7.574916536701495E-5
0.44892367098980096 0.19892447767443597 0.6211380967088695 | 8.540737504147068E-8 -3.153985070328184 6.791855994814447E-6
0.4493718399094651 0.19936821261842463 0.694146869389703 | 3.6304647939425694E-9 -3.154000279589181 3.25793319477851E-8
0.5000613717994103 0.19888546074570976 0.2553923053408555 | 2.4973830940351594E-5 -3.1615779786083693 -3.656667989486537E-5
0.5008163042226823 0.19814017009800058 0.3288596412931566 | 0.003511225117381315 -3.163380763078179 -5.924944227276303E-4
0.5012454697198826 0.1981666381172823 0.39267842275656245 | 0.0028279194229791486 -3.1547279865555056 8.707570778924272E-4
0.5019652134251524 0.1985917783284166 0.4490104418440565 | -1.6339582847596805E-4 -3.1386230419284202 7.862323490484117E-4
0.5019758497197865 0.19849838789517765 0.5019763572493493 | 3.754911951877198E-5 -3.1490400942640973 4.248992456533817E-5
0.501341317774497 0.1986881926626094 0.5580218042169555 | -1.5637560141737E-5 -3.1544068967745504 9.03990583504424E-5
0.501069217841159 0.19892569057297205 0.6211440507721656 | 1.7326061529714185E-6 -3.153983978009008 -8.136756595879955E-7
0.5006277402429463 0.1993683204434982 0.694147630732865 | -1.4995009709152415E-9 -3.15400030341289 3.639541667583357E-8
0.5541039582154085 0.19943629335952345 0.2571718686548505 | 1.1097132668066951E-7 -3.1535366740441315 1.359494053666731E-5
0.5556440772016134 0.1990986315366392 0.33016994930525306 | 4.899795648522544E-5 -3.153494231584754 5.7644537995212764E-5
0.5568686149871748 0.19888060446758743 0.39296661170180003 | -2.4923575263310517E-5 -3.1538464545856413 4.710229493171758E-5
0.5579561719019583 0.19866700626598388 0.44863214998141365 | 7.445404157594736E-5 -3.1545458409631806 -5.589835111625517E-5
0.5580217710921279 0.1986881904841972 0.5013412510158912 | 9.084946699775191E-5 -3.154407014453528 -1.6197577094803847E-5
0.5570380739102472 0.19892524280692306 0.5570380621863976 | 4.20250309878301E-6 -3.154064614992922 4.14349475285123E-6
0.5557385188183748 0.1991365599156656 0.6198673766413965 | 4.545595815982416E-7 -3.15399537177515 -6.111900533804454E-7
0.5540488948100482 0.1994857285887941 0.6928830608448009 | -8.658484776926442E-9 -3.154000122728388 1.3396953640007334E-8
0.6143389722386057 0.1995075272875243 0.25999496680218764 | 1.7461289089017408E-6 -3.15401130537583 -9.455937449848696E-7
0.6176318093948029 0.19930536094907125 0.33236247670105806 | 5.074160892440921E-6 -3.154011751483153 -1.719786915948996E-6
0.619851946185982 0.19913057882603488 0.39426255194297927 | 4.132704352157747E-6 -3.153996999984814 -2.46694735248034E-6
0.6211380937087065 0.1989244658283735 0.4489236748705753 | 6.825092154759524E-6 -3.153985049775779 1.1180597676496496E-7
0.6211440517603054 0.19892569044153638 0.5010692226394609 | -8.195844762608257E-7 -3.1539839631754925 1.7547227356829096E-6
0.6198673750205543 0.19913656056923987 0.5557385174333426 | -6.15480142845907E-7 -3.1539953706185555 4.60630084347781E-7
0.617640948293977 0.19931396617115943 0.6176409482402453 | 1.7780687252585074E-8 -3.1539997836340294 1.7959857945135497E-8
0.6143372334725576 0.19951465083192207 0.6900054878731577 | -1.7992189661323163E-9 -3.154000012187776 1.2662609585465548E-9
0.6858793709166872 0.19961842774802885 0.2641205156957774 | -1.704334625131915E-8 -3.153999913024782 1.6329463049848467E-8
0.6900040433082965 0.19951454479010905 0.3356630321640499 | -2.941789409280819E-8 -3.1539999492666873 2.0055142879619634E-8
0.6928815569170322 0.19948570739355437 0.3959510301397462 | -1.1455326329004859E-8 -3.1540001422184583 2.6082281017868982E-8
0.6941468690748653 0.19936821266581742 0.4493718397981937 | 3.261902740093731E-8 -3.1540002799126117 3.286039141293596E-9
0.6941476307710766 0.1993683204532265 0.5006277401510724 | 3.6446201316614194E-8 -3.154000303646409 -1.8098613351746094E-9
0.6928830608730788 0.19948572862284522 0.5540488949044775 | 1.345568600112535E-8 -3.154000122791867 -8.805184497420858E-9
0.6900054878379567 0.19951465082318898 0.6143372334438651 | 1.2757849659830105E-9 -3.1540000121903824 -1.8139966629381548E-9
0.6858796377396783 0.1996183841841384 0.6858796377373158 | -1.1322702528751086E-10 -3.153999999881588 -1.131414289729971E-10
0.24495977357999946 0.4307315147106755 0.2449597797522769 | -0.177811595959281 -0.18352945568804957 -0.17781156861551858
0.24510869371311383 0.435569365979608 0.34078993707750166 | -0.0797819893544479 -0.16343249420547412 -0.020622620481422573
0.26042989565356656 0.32179855747716063 0.4000459367373833 | -0.01765349896705191 -0.01392670325787687 0.010620713550088964
0.2575182239661438 0.1340627877321351 0.4458790665407372 | 0.00500924644673758 -3.2830188461354965 -0.05363106803377678
0.25689685370651955 0.14480063169941287 0.5002443653083352 | 5.6394188548494054E-5 -3.155565592050985 0.0014467590749700353
0.25839178673802904 0.14654046945075047 0.553373445998726 | 3.285280162678054E-6 -3.1536662315544057 3.6763005373803006E-5
0.26113254167915323 0.14712924191393695 0.6134254353461387 | -2.3416442866968473E-7 -3.15401133322827 -4.460476535766639E-6
0.26500879316070547 0.14765736893104087 0.684991142788709 | 1.1218825350867887E-8 -3.1539998408816485 -2.0311018152199874E-8
0.3407899274467939 0.4355692933008617 0.2451086028809117 | -0.020622919802160553 -0.16343321698212715 -0.07978229743568106
0.3383785441213639 0.4593287933048946 0.33837852703265314 | 0.031888683275175106 0.17382864673103102 0.03189121786268298
0.3346818746475092 0.3385455736717823 0.4000651339735207 | 0.011328926844600826 -0.01293890574397902 0.016613570024922843
0.3304777659804302 0.12962451861411647 0.4452806327246063 | 0.0038462331169855962 -3.32571681024832 -0.04076133787853311
0.32998133706635296 0.14302586998760405 0.5008195276586028 | -3.0849798515336863E-4 -3.1546008287984333 0.0038439962930604922
0.33133364629986023 0.14499848964825146 0.55488962192297 | -2.444522147107304E-5 -3.1533895785376296 3.655717629399264E-5
0.33343821740119506 0.14594585842354363 0.6165546063380335 | -3.594124522805889E-7 -3.1540179119940714 -8.329802051298885E-6
0.33657420697277374 0.14713349017569655 0.6888711912264432 | 7.668584606681269E-9 -3.153999771289483 -6.965943987821683E-8
0.40004597352669313 0.321798601550286 0.2604301741253178 | 0.010622045767266301 -0.013927225453731725 -0.017651831823516064
0.4000615423016188 0.3385440480987919 0.3346885648158726 | 0.016572671343291587 -0.012963488023313336 0.01136990571244644
0.40055437545819417 0.29839696314132536 0.4007134030494686 | 0.029815827895155116 -0.1202393581993514 0.03073600363603994
0.3929166089886074 0.1305699365237574 0.44647479129399414 | 0.0023505092048427866 -3.3123950296887483 -0.04302045821398089
0.3933350966709476 0.142189515197002 0.5011023729567019 | 9.304662728467081E-4 -3.1485940440181435 0.009603256147352267
0.3938350219657085 0.1438944159177395 0.5560007126188996 | -1.171146393250037E-5 -3.1537876423826017 2.9637036414984473E-5
0.3949603361445515 0.14496464039506626 0.6186939415007712 | 4.344501271332778E-7 -3.1540070824235187 -1.7160164331905936E-6
0.39653994927792435 0.146536223381808 0.6916579169030278 | -6.168972955403847E-9 -3.1539999681841957 -2.1507049929997933E-8
0.44587939301843144 0.13406297130069392 0.25751917907068334 | -0.05363078333845626 -3.28301637728697 0.005010218086425172
0.44527311134866504 0.12964419588469497 0.33047185735216883 | -0.040687096315251435 -3.3254155183477354 0.003679733538763313
0.4465070415606338 0.13057201409239658 0.392883683716554 | -0.042379025610063084 -3.312382513425836 0.0018514129411522247
0.4490952941020165 0.13429901152291207 0.44906748451110284 | -0.001177979825693977 -3.2554797352840144 -0.0016605816094283432
0.4492249487788694 0.1422393293907944 0.5017457647718329 | 0.0012951727674378637 -3.1394737590134034 0.0029614644948876114
0.4488660806642022 0.14302113148664847 0.5570028660904642 | 4.3792745507811615E-5 -3.1544004474438943 -3.0024796114007737E-4
0.4491317548875905 0.14425675118400527 0.6198542102196667 | 7.365994045243459E-7 -3.153987794380233 -4.354477878399216E-6
0.44948919721082015 0.14594748737575344 0.6928813790647409 | 1.5571321713405596E-8 -3.154000213878079 -6.288622578873608E-8
0.5002436712794555 0.1447999204231575 0.25689780972593096 | 0.0014509840621395086 -3.1555914587168337 5.679510445255842E-5
0.5008233955255083 0.14302850198971076 0.32997818013565 | 0.0038579094791734267 -3.1545493503249022 -3.1041091558117994E-4
0.5011060717878946 0.14219120165939117 0.3933337677213264 | 0.0096310160103245 -3.1485979819543592 9.360022847167351E-4
0.5017449739829524 0.14224076482337675 0.44922805666680776 | 0.0029401048850811206 -3.1394698998210537 0.0013407137589567743
0.5017366237931834 0.14220489247686896 0.5017376954032118 | 2.8232385563717885E-4 -3.1493753281968178 2.97722624865204E-4
0.5010893557061724 0.14298044773191435 0.5570753661906266 | -5.262755603788289E-5 -3.154485075989926 -3.435433047826831E-5
0.5008557465347463 0.14425884530747293 0.6198620488810624 | -1.680249976633918E-6 -3.153983202500816 -3.5696704939412005E-6
0.500510284411138 0.14594738311717553 0.6928818864734919 | 1.2032777366170102E-8 -3.1540002996731897 -6.339908620495078E-8
0.5533735826895003 0.14654050545071232 0.2583914561206948 | 3.71804476549905E-5 -3.1536654983726304 3.2827383450573594E-6
0.5548897261080059 0.14499839717969398 0.33133372247707493 | 3.5721603169973006E-5 -3.1533920116173753 -2.420600548625908E-5
0.5560003615037813 0.14389439960112646 0.39383522132368126 | 2.8692714702835524E-5 -3.1537887138097718 -1.174402577650511E-5
0.5570025034283314 0.1430209949623236 0.44886607201098383 | -3.029553932756506E-4 -3.1544002737635286 4.295367452349812E-5
0.5570753863120262 0.14298040723930575 0.5010892771439693 | -3.3622204317553684E-5 -3.154485316874073 -5.389711383332317E-5
0.5561717666782704 0.1438595007404182 0.5561717451087702 | -5.145105975459597E-6 -3.1540836284102234 -5.368089843410175E-6
0.5550366618663166 0.14496131833325293 0.6187086874548691 | 3.9683237500325533E-7 -3.153992740309311 -4.876855858768715E-7
0.5534600036964172 0.1465361463119262 0.6916591222697197 | -1.4971373441970475E-8 -3.154000166493015 -2.544879548339233E-10
0.6134254421854517 0.14712924697442334 0.2611325570835357 | -4.4711393767504856E-6 -3.1540113408374264 -2.3643067003229282E-7
0.6165545917589649 0.1459458719789503 0.3334382234646563 | -8.288026704816067E-6 -3.154017851145509 -3.6960031471840994E-7
0.6186939317323189 0.14496463636515478 0.3949603414286956 | -1.7143061924598523E-6 -3.154007044406676 4.5912307012697534E-7
0.6198542023998234 0.1442567527871532 0.4491317487768574 | -4.349770065840769E-6 -3.153987787348242 7.547539670060736E-7
0.6198620436051239 0.1442588493147492 0.5008557393423662 | -3.5752249383635073E-6 -3.1539831951227266 -1.6646824984423235E-6
0.6187086868044335 0.14496131931940323 0.5550366614674757 | -4.972705682027456E-7 -3.153992736844197 4.11173500937595E-7
0.6165673218755009 0.1459462912748132 0.6165673218795494 | 1.8174519823211033E-8 -3.1539995493810227 1.926825864138544E-8
0.6134258605382577 0.14713345823183888 0.6888723534010741 | -2.5201425219786843E-9 -3.1540000247835738 1.81529678796843E-9
0.6849911428504463 0.14765736896942686 0.265008793037291 | -2.0387830830991165E-8 -3.153999840844717 1.1218141106450396E-8
0.6888711899749954 0.14713348998649622 0.33657420703943436 | -6.97057200487929E-8 -3.1539997720250117 7.783510724045712E-9
0.6916579163111416 0.14653622322605614 0.3965399492165852 | -2.117064274616386E-8 -3.1539999686821707 -6.3697379440575495E-9
0.6928813788834695 0.1459474872337987 0.44948919712967 | -6.310872965007195E-8 -3.154000214138538 1.527774082251856E-8
0.6928818861792134 0.14594738301241153 0.5005102843499032 | -6.347962209306833E-8 -3.154000299875877 1.1755059142974484E-8
0.6916591219731051 0.14653614629093203 0.5534600035640627 | -2.0764677667745224E-10 -3.1540001665843924 -1.5185844375869574E-8
0.6888723533896952 0.14713345822869822 0.613425860527345 | 1.841161380472215E-9 -3.154000024793119 -2.560869425593546E-9
0.6849913125913338 0.14765743246123478 0.6849913125895961 | -6.217951226752182E-11 -3.153999999712147 -6.223990293138838E-11
0.24531601998287353 0.41144207842591624 0.24531602661663754 | -0.15584054739414963 -0.47625373407736615 -0.1558405279967445
0.24629128403036368 0.421149712656463 0.3408819189113799 | -0.059716353277234804 -0.3419979101149777 -0.012766338106880225
0.26658661547096063 0.3482721979474568 0.40005503304808704 | -0.014030803702559753 0.007233051199265172 0.004707942158891588
0.26072981134110396 0.07828636656869578 0.4398852191135965 | 0.004123391606488961 -3.2199929992626113 -0.04520002576899055
0.2601646993733446 0.08452333819963366 0.5006006820538502 | -7.658877730296989E-4 -3.1495597558604254 0.006911049820728227
0.26113745656945203 0.08659378546528 0.5528524685718544 | -4.8157477637644876E-5 -3.15391935707745 1.417478341418913E-4
0.26392447839930794 0.08849595652104505 0.6114974097056542 | 7.90000877113567E-8 -3.154007747917178 -1.5729328999420777E-6
0.2677635924267094 0.09097547133094863 0.6822363264466502 | 2.4671192457353337E-9 -3.153999787257288 3.967773904240039E-8
0.34088191193362505 0.42114968371270783 0.24629118920211426 | -0.012766555349071904 -0.3419984901660414 -0.05971646312653716
0.33859525543752816 0.4490504041816588 0.3385952164997277 | 0.03707194171016558 -0.1361518070795728 0.03707414666700894
0.33811204316825555 0.3542513176161978 0.4000749148596865 | 0.0036203766269358425 -0.008180496399570525 0.02369589784104202
0.3332424295184001 0.07304442788402685 0.438522762121447 | 0.005581207504421609 -3.2488571428785096 -0.04603456959177738
0.33233479194851084 0.08116942077823762 0.501138732449285 | -0.001007113912697885 -3.149171059285825 0.011463968804522709
0.3334338080731965 0.08346170099222754 0.5540517236068768 | -8.536685684841244E-5 -3.1538415287258665 3.6611916218288017E-4
0.33538001305679904 0.08538201362444772 0.6146146571017715 | 3.7656579034395596E-7 -3.154015484750797 1.4207572524631489E-6
0.3385003443882876 0.0884968579897835 0.6860751038641272 | -1.702269849747337E-8 -3.1539995669750316 9.871732352677568E-8
0.40005503296477796 0.3482721979377337 0.26658661345250506 | 0.004708337324154001 0.007233346646618745 -0.014029682939755582
0.4000749148596865 0.3542513176161978 0.3381120431682556 | 0.0236507040171991 -0.008347359340500331 0.003838676679738564
0.4062447903466139 0.3164191073061388 0.40641247102328026 | 0.07155937046878288 -0.42815900876375246 0.07296861573818393
0.392808848280902 0.07203696955625541 0.4401500523735967 | -0.0019769932394379294 -3.238643602894673 -0.043749258223453706
0.3940924417509649 0.07933905483896045 0.5013077240797513 | 5.608849189275111E-4 -3.148019314167551 0.010747905543917203
0.3949464045439596 0.08134470250718487 0.5550438715990171 | -1.2689922332804558E-5 -3.1540907381720844 3.303378193657279E-4
0.39594841713221374 0.08343506713947345 0.616559648401056 | -2.5222249802956275E-7 -3.154005850296813 4.068987695830437E-6
0.39713726128543947 0.08657075701121106 0.6888710453103584 | -1.408969566808237E-8 -3.1539998029201803 6.364760427920825E-8
0.43988543289177084 0.07828642537663268 0.26073032672715635 | -0.045202753768347995 -3.21999580693163 0.004125773830063908
0.43851937408678127 0.07305522626601177 0.33323628517988746 | -0.046026128632500496 -3.24870146618045 0.00550533701466281
0.4401599924887738 0.07205025950824419 0.3927731550372084 | -0.043541122362560705 -3.2384676648085846 -0.002386492746174077
0.44808528144455023 0.07271859541872013 0.4480554809371978 | 7.914111681321726E-4 -3.2124324301728073 4.57673326709772E-4
0.44909842094618646 0.07887474363876254 0.5016733503640333 | 0.0017991824834551397 -3.1449332811085187 0.005980525086967442
0.44910664488554825 0.08010218150014693 0.5557377782976193 | 3.247511501594118E-5 -3.154497316348048 2.05841715404803E-4
0.44931495152524037 0.08235941054836024 0.6176328058658078 | -7.5845541666589E-7 -3.1539860808049234 1.0239906131620653E-5
0.44951818316944453 0.08565928622729137 0.6900042215207494 | -1.966303956173157E-8 -3.1540001790388916 2.5704100795249792E-8
0.5006006875337726 0.08452298658809637 0.26016477785271425 | 0.006916391231230463 -3.149567297427223 -7.649685694620917E-4
0.5011401250075599 0.08116917913044187 0.3323320219861929 | 0.011454693188396243 -3.1491865274282387 -9.996075999640175E-4
0.5013126239048078 0.07933479327840223 0.3940920684926041 | 0.010755182633385752 -3.1480685354751072 5.914122702472735E-4
0.5016713133366415 0.07887294454016561 0.44910168568849157 | 0.005963519076518786 -3.1449495827839566 0.0018437095862763207
0.501305562438637 0.07885667300769478 0.5013070437319067 | 5.272317684407809E-4 -3.150942366877489 5.436601387232368E-4
0.5009110868820731 0.08008993919354024 0.5558078768883782 | 5.909520348155381E-5 -3.1544206882499126 -6.367244302912698E-6
0.5006761159984887 0.08235677968219052 0.6176389486078256 | 2.296894535521772E-6 -3.15398191395832 9.57313487010974E-6
0.5004814445375385 0.08565919905444891 0.6900045376532911 | -1.442285301322426E-8 -3.1540003451546323 2.5357843879440958E-8
0.5528526126133404 0.08659383733132402 0.26113721011175484 | 1.4169347199168562E-4 -3.1539191019831585 -4.8163076366300185E-5
0.5540518995696851 0.08346170880893389 0.3334337951706911 | 3.6594865352747064E-4 -3.1538414633234346 -8.555676330385188E-5
0.55504356500232 0.08134493558900263 0.39494662391627283 | 3.295767742198692E-4 -3.154089144150047 -1.2816742571857759E-5
0.5557375535444455 0.08010238859278442 0.44910675680713735 | 2.048157283978176E-4 -3.1544957793476596 3.059790462454835E-5
0.5558079200815333 0.08009000763911496 0.5009109251824329 | -5.443206512668711E-6 -3.154420249289692 5.762833590915829E-5
0.5550786555184397 0.08128343861153846 0.5550786213694331 | 3.3606892091566282E-6 -3.154080409664998 3.007315984037011E-6
0.5540529303835621 0.08343124092593451 0.6165730356299168 | 3.690808144319042E-7 -3.1539914071540234 1.4412356426322531E-6
0.5528626052573837 0.08657049469174392 0.6888721620684725 | 8.437060322725435E-9 -3.154000230037672 -6.4728784997254526E-9
0.6114974181279809 0.08849595279001676 0.26392448734139046 | -1.5747542832441962E-6 -3.1540077577904646 8.043241014883381E-8
0.6146146479052498 0.08538200825672355 0.33538002502923536 | 1.4506259011297049E-6 -3.1540154951237334 3.776951866271155E-7
0.616559627691937 0.08343506090396854 0.39594842430348537 | 4.083662114687712E-6 -3.1540058874029424 -2.327118361125566E-7
0.6176328030236051 0.08235940759328264 0.44931493974174225 | 1.0228815558392395E-5 -3.153986102552096 -7.261152244162845E-7
0.6176389525057788 0.08235677511321446 0.5006761151752006 | 9.562548831411447E-6 -3.1539819355023617 2.3269226086714138E-6
0.6165730326434824 0.08343123980440623 0.5540529295746679 | 1.4276353021778325E-6 -3.1539914118093706 3.9085593548019687E-7
0.6146231208892737 0.08537739588227417 0.6146231210253146 | 1.6313730446167372E-8 -3.153999231685639 1.9025123916298815E-8
0.6114997953892418 0.0884966851706191 0.6860762557922906 | 8.895537481036198E-10 -3.154000046391781 -9.545513636726656E-10
0.6822363266008443 0.09097547134827705 0.26776359250476367 | 3.9723974629995694E-8 -3.153999787088267 2.439492708702576E-9
0.6860751020865438 0.08849685841181401 0.33850034454398126 | 9.873393684740752E-8 -3.1539995668151675 -1.697300622319776E-8
0.6888710445995517 0.08657075721903974 0.3971372609687754 | 6.389458165502285E-8 -3.1539998025905924 -1.433706156074282E-8
0.6900042213057326 0.08565928639541807 0.44951818302743823 | 2.5412210373064545E-8 -3.154000178727475 -2.0061597313666685E-8
0.6900045374125853 0.08565919923086461 0.500481444459888 | 2.5291916415546025E-8 -3.1540003448958545 -1.4874684649655028E-8
0.6888721619824524 0.08657049473500433 0.5528626053454846 | -6.399450719110364E-9 -3.154000229929412 8.068673473660415E-9
0.686076255703637 0.08849668516713677 0.6114997953197584 | -9.011076588104058E-10 -3.1540000463791227 8.004033346497624E-10
0.6822365116637669 0.09097544451258174 0.6822365116599225 | 1.3598048171105191E-11 -3.1539999999049435 1.2404188613961348E-11
0.2519492917884769 0.400080098451257 0.2519492987074344 | -0.001495142841445651 0.0051867576791582125 -0.001495139712243563
0.24986170795349252 0.40013703767140124 0.339253393779133 | -0.0012571517623353764 0.004471281198642132 -1.1079148473190632E-4
0.2517621600601246 0.3472385798876916 0.4124157703145354 | -0.01644150046935132 -1.5565235041359478 -0.004063094649409498
0.2670605313918149 0.012820276445933844 0.43308361400922796 | 0.0024295049640280886 -3.163301904507987 -0.0300857327977356
0.2652101538118999 0.01368526638493282 0.4991432432854591 | -5.4783411235080745E-5 -3.1520737239581544 4.901648063741239E-4
0.26499294273146023 0.014973710089712874 0.5523624746142695 | 1.8606493574929965E-5 -3.154131549979635 -1.027824447619286E-4
0.2677578314104844 0.01776454039905382 0.609024521972731 | 5.585569380415043E-7 -3.1540003529508516 -3.7046930264233168E-6
0.2720064151135114 0.022002636749706744 0.6779940727716259 | -1.0050796457592589E-8 -3.15399998253161 -6.1727643769372775E-9
0.3392533852063246 0.40013701956338354 0.24986161720609432 | -1.107905171611614E-4 0.0044712737692559935 -0.0012571763340965718
0.3368545101781841 0.40017089887127444 0.33685415596241464 | -0.013591458774634666 0.03998821250461454 -0.013594160336118754
0.3336738713062436 0.36710655833223144 0.4198591458005442 | 0.04061857666500289 -1.4350845850149228 0.08125292470954447
0.33787566886655507 0.008307540246139018 0.4296108129705389 | 0.003077351385890057 -3.1634111997338756 -0.032657123869574284
0.3358950499790343 0.009545378584321636 0.4988111621139813 | 1.4162769574265204E-4 -3.151589085556351 4.666650482227147E-4
0.3365860777600195 0.011081580141696683 0.5530154374087649 | 2.8227939340793926E-5 -3.1542137993338257 -1.5444247028644412E-4
0.3384959982400588 0.013928933133948398 0.6115050800297307 | 1.2556225317224753E-6 -3.1540019994301867 -6.092434716007858E-6
0.3409792381154728 0.017759813849818215 0.6822363655788637 | -4.4425926293174536E-9 -3.153999960736353 -1.4735597274443318E-8
0.4124152308495377 0.3472380755571181 0.2517635983060658 | -0.004071919180429689 -1.5565161569485548 -0.016444623527773518
0.41985954238581136 0.367101839096475 0.33367825889370567 | 0.08074457301755744 -1.435005583991917 0.04081004588763461
0.4152681392069992 0.3666284236425006 0.41524014481689026 | 0.21482659086659406 -0.9054137689219359 0.21450536088825792
0.3904159027679918 0.005467929963614585 0.43360659718617023 | -0.004774223417926559 -3.162674549348343 -0.024928682831764245
0.3949941777675954 0.006935005544297527 0.4993684351595825 | -2.0103294335496586E-4 -3.1515981041604895 4.6960450325789975E-4
0.3965728837994887 0.008310781666577349 0.5535508858333306 | 5.4958314490968125E-6 -3.154230694138899 -1.7056444683629597E-4
0.3971461987698488 0.011131257309844041 0.6134298898981193 | 8.247343459593303E-7 -3.153998999358715 -9.445627734243784E-6
0.3976607689054879 0.015004998473326404 0.6849913758258184 | 7.853755510185236E-9 -3.154000016127893 -2.4466937042249914E-8
0.43308363017100765 0.012820580764895593 0.26706089107270886 | -0.03008609392903527 -3.1633023460486163 0.00243048916943166
0.4296102337320868 0.008306988910036195 0.3378756908957418 | -0.03267360346269578 -3.1634100426053218 0.003093391787653617
0.4336075381162064 0.005473268685189009 0.39041162627681075 | -0.024925872342680497 -3.1626184048365533 -0.0048188301235189265
0.4457916334039571 0.003048660344374082 0.4457921461564027 | -0.0012238701419498667 -3.159808522881179 -0.0012002939703606081
0.44786288383896533 0.005721377924544942 0.4994169628358325 | -2.4261529293217475E-4 -3.152561054977377 4.7729765653417626E-4
0.4495274705553351 0.007087836446428358 0.5539871277023676 | -2.7546967606681184E-5 -3.1541881435212744 -1.7742189921941088E-4
0.4495275286670556 0.009993015961711506 0.6143431290457996 | -8.904100276287611E-7 -3.1539940421098818 -7.020163986479785E-6
0.4496220094687808 0.014116877922939813 0.6858802983268453 | 3.181406609092008E-9 -3.154000118970317 -5.634133406792828E-8
0.499143279018856 0.013685125368618788 0.2652100288341609 | 4.900364532914792E-4 -3.1520738526165597 -5.478157108070522E-5
0.49881048058454014 0.00954609176511748 0.3358948878134359 | 4.634398669707036E-4 -3.1515923491682307 1.438091940141081E-4
0.4993676982390172 0.006934588890317941 0.3949950316997452 | 4.6489610155408585E-4 -3.151606084469914 -1.9120075028607983E-4
0.4994175156147484 0.005719104874371464 0.44786343774912235 | 4.7269528741443944E-4 -3.152565063659825 -2.3694047861123738E-4
0.5000064961487407 0.005910641836914233 0.5000065601925754 | -6.22518685604484E-5 -3.1537829258463943 -6.236012839528736E-5
0.5004143696665964 0.007085691235577968 0.553910932849048 | -1.3792472312733235E-5 -3.1540748254033444 -5.3446885237390325E-5
0.500487270021407 0.009988586562360654 0.6143379596502035 | -1.6939248022084887E-6 -3.15399406958232 -2.3021761913344234E-7
0.5003784092556931 0.014116903517278713 0.685880293767746 | 6.43658304970526E-9 -3.1540001546088154 -3.007385386712445E-8
0.5523624754625055 0.01497371219181078 0.26499297135082106 | -1.0276865812470014E-4 -3.1541315389653266 1.8606096978080393E-5
0.5530154032129316 0.011081472088184396 0.3365861766652831 | -1.5437247758015392E-4 -3.154213515684671 2.8025678998282296E-5
0.5535510826280231 0.008310488938408543 0.39657279847947347 | -1.7017294747622214E-4 -3.1542302662110573 4.955935902181146E-6
0.5539871612243574 0.0070879816489230465 0.4495274006775406 | -1.7713569991708786E-4 -3.15418776801379 -2.8082663395856498E-5
0.5539109416889857 0.007085790863854938 0.500414385588029 | -5.3296525615559506E-5 -3.1540746992851814 -1.399566578158706E-5
0.5533966590971404 0.008325380221498577 0.553396655623084 | -1.3041436367979557E-6 -3.1540062452404505 -1.290407942765671E-6
0.552856862782483 0.01112264633457918 0.6134161329903273 | -4.596023151856629E-7 -3.1539982536651925 1.296247706921381E-7
0.5523393309249497 0.015005056275904883 0.6849911789677039 | 1.2164585930556643E-8 -3.1540000741246326 -1.0466465417891892E-8
0.609024519398103 0.01776453842534401 0.26775783479556703 | -3.7028775593400958E-6 -3.154000358696107 5.579503399079512E-7
0.611505089667903 0.013928937267857721 0.3384959876659645 | -6.0796500267255415E-6 -3.1540020003150273 1.25032331296707E-6
0.6134298922582477 0.011131279309794986 0.3971461996912272 | -9.427537036783583E-6 -3.1539990211461415 8.261258973620857E-7
0.6143431255584368 0.009993023776381975 0.4495275360999069 | -7.011816946707498E-6 -3.153994037585917 -8.697619661231958E-7
0.6143379579781217 0.009988582592741654 0.5004872702242001 | -2.3789916299628366E-7 -3.1539940782745273 -1.679825056254345E-6
0.6134161342117874 0.011122644497796349 0.5528568635380383 | 1.2743643345637702E-7 -3.15399825550549 -4.5658868011941647E-7
0.6114945849977362 0.013920273228123363 0.6114945850447905 | -1.714396823543221E-8 -3.1539999285135427 -1.7224002752914047E-8
0.6090207363407691 0.01775989814692008 0.6822356911274773 | 2.117532942209352E-9 -3.1540000123053673 -1.7652062794639102E-9
0.6779940730923601 0.022002636643138732 0.27200641481287696 | -6.15233636605549E-9 -3.1539999824451184 -1.004689523979707E-8
0.6822363659604299 0.017759813871804038 0.3409792382206593 | -1.4713255959783463E-8 -3.153999960681168 -4.3905527991373325E-9
0.6849913756853536 0.01500499817387355 0.397660769050841 | -2.4335311125232666E-8 -3.154000015906281 7.753194836435522E-9
0.6858802982703767 0.014116877714915104 0.44962200947742753 | -5.640040502719719E-8 -3.1540001191087064 2.951458912782387E-9
0.6858802938332429 0.014116903480677723 0.5003784092538793 | -3.006841084221031E-8 -3.1540001545489957 6.204506670204904E-9
0.6849911789367548 0.015005056335554202 0.5523393308743342 | -1.0434622600504687E-8 -3.154000074066083 1.2055884853514703E-8
0.6822356911489159 0.01775989815302163 0.6090207363593602 | -1.7582183446616444E-9 -3.1540000122988503 2.106266704821742E-9
0.6779934407049956 0.022002735908577837 0.6779934407048788 | 7.343259308303527E-11 -3.154000000161199 7.332262989476295E-11
