512
0.2795570149970937 0.40664261506020116 0.27954806826011475 | 0.024621179272996733 -0.438520458007135 0.02462518114935703
0.24433415811957282 0.2204254408693366 0.41440800010669016 | -0.05147155392259502 -1.9915848805501128 0.0036400302794525633
0.2591136244002619 0.06501925368814286 0.4000001571703201 | -0.002616804079337502 0.004772687609916986 0.0025156891694213326
0.14827374372780858 0.05883774842323303 0.4468428341944194 | -0.15649115961485635 0.05926673410960259 -0.08077773965784799
0.21422478879121556 7.640005716893009E-5 0.46994119306583054 | 0.0016065216658866426 0.003655824747648858 0.004468990715307453
0.2932924767275714 3.1679602701261723E-4 0.6020932893749994 | -0.00606880814809698 0.004384652531519623 -9.995603484427389E-5
0.3693072466251989 1.7539472688450492E-4 0.6488690262306096 | -0.0019540640238180015 0.00457343586050247 0.0014560696118035197
0.2928232055534135 0.026355910509901517 0.7216548040667438 | 0.07471017282700938 -0.5848465318809585 -3.053029733991273E-4
0.4137660679136045 0.2187622873960928 0.2447340155278195 | -0.0030323335655390547 -2.012583260233209 -0.04662318276453473
0.3439022857921188 0.4000093623358199 0.3438965147977949 | 0.0035746195180231186 0.004235021977896478 0.0035804596124388
0.35172266209630626 0.08451549767533711 0.4002706681704678 | 6.933839025328563E-4 -0.28976727385203976 -0.0012367664201233415
0.2249154501574096 0.0134169178340111 0.48051754572946054 | -0.17089708631141678 0.8679268844748045 -0.03316728003989321
0.28829141273886066 0.059192502226683125 0.4785170605646674 | 0.008605032384499587 -0.31080956582641944 0.002417925006082304
0.2386074977591574 0.034177252890871195 0.55109511341629 | -0.10067226174065196 0.5980527851841345 -0.0394934921173184
0.2820057046425574 0.005895255806240804 0.6452435188693757 | -0.05280633575052924 0.8598482981306805 0.08744715846118553
0.2810681804730667 0.016306086879074824 0.7291591292612838 | -0.02068364440561154 0.788830882512728 -0.05232997135512885
0.4000004492860806 0.0650601427776213 0.25912792652188527 | 0.011142188761911588 -0.008654925674084477 -0.0035590984492138954
0.4007007600823529 0.08579133623647743 0.34234637241313337 | 0.0018360120791773473 -0.547535980302035 -0.004880140631714187
0.4103500292750279 0.0917826895351443 0.41062613112186563 | 0.04747014208440137 0.7963300857251614 0.04576148076208235
0.371537203008247 0.039650784838302644 0.48356246865462843 | -0.004657644821685742 0.392622475872461 0.14218106111908244
0.3626269174571563 0.00526800238309399 0.4832524284472053 | 0.07797377534618134 0.9035390965902818 -0.02861950622668338
0.34068729596239083 0.019383273353013198 0.5706768727123546 | 0.046532491498598914 0.43001042745355234 0.08392290953709103
0.35708766376363354 0.018806042209556863 0.6529010605052807 | 0.05041253612933589 0.4913788519568649 0.061102941064058856
0.35560475649109574 0.0026749318227480483 0.6824020858552792 | 0.022570574312461015 0.9223248699148076 -0.0637583252218703
0.4478632298105243 0.06221868245850911 0.14801705833375373 | -0.08568924010383906 0.0646781194769048 -0.16161925961236012
0.48111507312652757 0.011162725837719972 0.2243140899740065 | -0.03530984906004155 0.9017337437406233 -0.17340509641336033
0.48399397927243365 0.03587184792935275 0.3694829639496667 | 0.1290503405586019 0.38976396534720154 -0.02203892122198025
0.42518688991891 1.5880178985309235E-4 0.4250740420676215 | 8.47364561876323E-4 0.004931378516962146 0.0011098014299125338
0.45687356381719185 0.04891386974833387 0.48548803698405774 | 0.08886893146240751 -0.34165665365001935 -0.06107406761418924
0.4294121711328291 0.04528635416094985 0.6213564051037168 | -0.0026720644738989683 0.43760991478076533 0.12655509867046744
0.4308255140344133 0.022339070537008315 0.6347291760113098 | 0.027768978589340475 -0.1827701676065765 0.03322217470952931
0.4403877234467997 0.03859359764618126 0.6477444148957854 | -0.008262864542015198 0.43292451534771076 -0.05671650056898887
0.47056625145456243 1.359981554853883E-4 0.21420925811224611 | 0.004445623908326462 0.0036377903867168488 0.0015972592200857681
0.47680786114830903 0.060926331094095315 0.28795710067134184 | -0.002965477890696309 -0.3030231083000707 0.008992621305910522
0.4844016220085078 0.0018954723119562688 0.3622168710081113 | -0.008322528677961573 0.9258219004310653 0.05976021115129036
0.484949614101558 0.05024340757897654 0.45337592119677356 | -0.0863600532602967 -0.2509657054424344 0.05652872052406899
0.5178688111067085 1.8125491047621238E-4 0.5165620484082759 | -0.0028784671052955856 0.005812999072570211 -0.0022391031469232484
0.5101539134932459 0.03410408168004639 0.6063242608505878 | 0.004087030858175238 0.2614918037824729 0.009987160042968212
0.5178955785693785 1.3280465148739562E-5 0.6549730770294492 | 0.0011540000330537068 0.004195557960136266 3.0899480538608924E-4
0.514463469763963 0.027268898602720835 0.6633887235845536 | -0.01972117168506486 0.4681080842580468 -0.0696539182475554
0.6012060509722025 1.806927995196667E-5 0.2920098947115258 | -2.2674350606155985E-4 0.004292487686210571 -0.006106329641552972
0.5507205425902516 0.03415369626806761 0.23875767580264606 | -0.042700225077133114 0.599731315488956 -0.10157332299617156
0.5712780630522448 0.019426767270843408 0.34009756088037524 | 0.08458961902690092 0.4335058777703585 0.04088183299905527
0.6206038237334882 0.04654931862547549 0.4289914887583295 | 0.12281042855618167 0.43897070749492195 -0.0058437873136661465
0.607129559113858 0.03360052782914285 0.5103023775139207 | 0.011743245433228272 0.26007716772495815 0.004684353079572269
0.5922607948889803 0.01472045062457474 0.5923447891880852 | -0.07365962892146041 0.30275995842518744 -0.07245232270205164
0.5857822260912399 0.017336540024776432 0.6848139504446688 | 0.018319865068927646 -0.44090690099562824 0.08356202715977189
0.5964364157976936 0.023337054021504062 0.6926311747020966 | -0.03392990647010567 0.4612878048179797 -0.016469662818860024
0.6501151710121821 1.0317673530929979E-4 0.36965349370452477 | 0.0016028208495214502 0.004738142654260248 -0.002442727507747835
0.6454543073567238 0.005865333196186448 0.28191014686067345 | 0.0896898563400981 0.8615419272513412 -0.0528360272363916
0.6534683980733075 0.018940123366733293 0.3568034286118858 | 0.0643698802409447 0.48728290789824924 0.049181306718202776
0.6350775814945118 0.02180467105725919 0.43112941477943606 | 0.03310350826575639 -0.18150788078593105 0.029468888958275718
0.653891774365932 1.6490699824383637E-5 0.5173114526355811 | 8.991988921320671E-4 0.005103035003201439 0.001981021396188015
0.6847279024623794 0.016755635763901 0.5858091054307147 | 0.08384668001286534 -0.4412459045409379 0.018185869713902306
0.66802223096539 0.03715085291570849 0.667999081946479 | 0.06234177491347872 0.007103932788751079 0.062412479983391424
0.6680352175163268 0.0370779406291711 0.6671119162089414 | 0.06193068980356866 0.148158399319626 0.06409969157720784
0.7217801736181946 0.02634725913111396 0.2929059610965671 | 1.4460030065602356E-4 -0.583101357076649 0.07485606205853809
0.7291937475375427 0.01624638395889091 0.2810595780233829 | -0.051790158757254394 0.7891512099644782 -0.02072316121430856
0.682081639869308 0.0029302809824485166 0.35565771252899997 | -0.07363590406189274 0.9202271216989246 0.02452485497546373
0.6476687993150696 0.0387458698665301 0.4403121387267465 | -0.058497176836368646 0.43163682652934604 -0.009350691353912555
0.6636497782188175 0.027316339413265316 0.5144705587431488 | -0.06868595355326991 0.4658337955628766 -0.019558707453839502
0.6926484113956483 0.023339778580881564 0.5964008074479353 | -0.01644261569021438 0.46117327050343493 -0.03428557040232591
0.6671306912806703 0.03708479625975974 0.6680123281044947 | 0.06403625644460613 0.1481434123917362 0.06199605393360567
0.7314679822074363 0.04614728878804353 0.7314699994196702 | 0.0855567314906811 -0.24253957423490372 0.08558699114469372
0.2789658316404849 0.4005029986405768 0.278953315469642 | 0.03676162859183431 -0.14723033608898978 0.0367120434531065
0.22051174924550737 0.31147190939811153 0.43175638187659576 | -0.02606520034583772 -1.4173264468855158 0.09921874659995551
0.26021273030962533 0.14142763691896373 0.4000000336341943 | -4.0918991965520037E-4 0.005554734366261006 1.5817505591673772E-4
0.2290298265176045 0.011614865659757482 0.4000447861371314 | -0.001318786736629349 -0.010410274723562417 0.010507813966526046
0.2232125266033332 9.510259404423843E-5 0.46896155694461317 | -8.447435522455849E-4 0.0038201920555430316 0.004750633693566007
0.270682840584874 1.4437770243842582E-4 0.590409914614578 | -0.0030577572917953946 0.005316283224532036 6.273635278392491E-4
0.30916970733967875 3.545723672794383E-5 0.6544749202856317 | -0.005646514184056192 0.002591067615521665 8.590994162697148E-4
0.2545281709305235 1.870855564144817E-4 0.7040773208952287 | 0.0015441355992623195 0.004650469662518051 0.0024563752011082613
0.43176140648908695 0.311421535138502 0.2205231934462244 | 0.09922445277821552 -1.4173945873278504 -0.026184471816407057
0.3437227636690865 0.4000050056401913 0.34371698798490674 | 0.004294087791872364 0.0036416442604955282 0.0042986138579421225
0.3597741454281846 0.12625999840535093 0.4044475474559172 | 0.0838040105309082 -1.3656403465254778 0.0039182981154221915
0.2161142471953885 0.030738035219908633 0.4801753766143354 | -0.1565648533589295 0.24079058546365387 -6.974600069446606E-5
0.2871448256814345 0.06291840433256259 0.4759551517443903 | -0.0038697258751730916 -0.2748377802284791 -0.005953849644478902
0.23406772795157943 0.04984164581091118 0.5502629722037753 | -0.09567982656236129 0.1147838873560518 -0.02762424535501357
0.2201858864773854 0.042325090252708066 0.6545484944585299 | -0.13035126513230424 -0.11760193239445596 0.00509522763664616
0.29271731406617296 0.04631371412360377 0.8100555657766391 | -0.07278367711628221 -0.1617408591989763 0.12132838617874728
0.4000033188361027 0.11009327686142217 0.25780280612749074 | 0.0024754276671444977 -0.40260305333681434 -0.02960949330358416
0.404518711084274 0.12836304037859533 0.36092386241568586 | 0.0032596561658950617 -1.3534505788449545 0.1087381038110935
0.4378179029995877 0.07471957665600985 0.4361071772379198 | 0.0401846572464384 0.06493056857318114 0.03208266655297378
0.3314901415905129 0.0032672480777460444 0.4000644038042483 | -0.007231303181608308 0.0025043015619776905 0.002952278178952947
0.3716600932731012 0.030688029118520477 0.4826733605770761 | 0.007197835660771484 -0.18086405770948188 -0.027950679367242784
0.3448269225201017 0.03385392373533009 0.5726914134663117 | 0.02508062900607474 0.2014005564651697 0.09376562224005143
0.354695942558756 0.027122576726295707 0.6572108846983807 | 0.024687555349711742 0.1969870456183062 0.01748928841884441
0.361793388020105 0.04913830071892805 0.8002727978449974 | -0.027591286005269517 -0.0827899046131356 0.1253265978222417
0.40005920879969925 0.01148355638710696 0.22692164564399628 | 0.011446141145359686 -0.004588048346243658 -6.594065987703749E-4
0.48047679882045663 0.030194674123830114 0.21500639981327943 | -0.002223170558800602 0.2895660316681087 -0.15948798878070594
0.40008460711805544 0.010311524263908845 0.33645640077827055 | 0.003033165454708443 -8.016511108011676E-4 -0.009753385534751564
0.43894524496259185 2.2916595770584156E-4 0.43920693670678135 | 0.002425994261832277 0.004836787560850161 0.002862968077966463
0.45754974090412526 0.04298847397385032 0.48410683917054637 | 0.06219704917619393 -0.4704215774630738 -0.04866920897253289
0.4257798767657566 0.04163009182141235 0.6103991263916376 | -0.0074812360663274995 -0.013235590038600347 0.039971440838780944
0.434290872716894 0.009699885312022044 0.6373577842378737 | 0.026696578574965303 -0.3484299472259482 0.03731623682554433
0.43772239790712963 1.4877850475932138E-5 0.6350248182522431 | 9.096320491714569E-4 0.005281265387304236 0.0017793391202951434
0.46820903354786453 6.170400682128035E-5 0.2225076458355843 | 0.004894795223375809 0.0036774274173323692 -9.92276016105937E-4
0.4748713068149243 0.06376282666475967 0.2872222315425864 | -0.00774830873031262 -0.26622618614845067 0.0016999571522801065
0.4857686352055787 0.030689255484072368 0.37025427559226715 | -0.008799432279730882 -0.15422197450155128 -0.006906293676373418
0.4839766851674548 0.04545655595505695 0.45454324121112133 | -0.06638407082659681 -0.38619190695821565 0.0494107386424839
0.591381022171966 1.2618880527471601E-5 0.5914326460534116 | -0.003176610736622597 0.004850172896514503 -0.002950999274226319
0.5038466944089277 0.04680477922696129 0.5812795034984927 | -0.03340728524173336 0.14766130777423783 -0.04482930075763447
0.5154566228503241 1.0434062294976E-4 0.6494376906315522 | 0.0034785609806832073 0.004118106777114787 0.0034392543063845385
0.5192210744881606 7.61760965109215E-5 0.6451656261608604 | 4.112504760292862E-4 0.0040277663833634915 0.004950000868962389
0.5902947452405031 2.0169221882984997E-4 0.2707544524117859 | 6.884370546640488E-4 0.005278367500341985 -0.0031800407964448214
0.5494067964137668 0.05000860956738993 0.23415092421377184 | -0.03099553943468234 0.12143006766398878 -0.09488764267755578
0.5737313464148412 0.033640186835755016 0.3444449072368621 | 0.0985779681634303 0.20046897329166427 0.026675216019844808
0.6088056733343101 0.04270185460478571 0.42520517368434724 | 0.0340853051012509 -0.011339720217479367 -0.01005569496896415
0.5817108319416009 0.04665869701820336 0.5039246314541314 | -0.04023178536056925 0.14653007367061688 -0.03325923837533095
0.5909409341994424 0.016927835791521694 0.5910146725798391 | -0.031657121122914654 0.006719717751824627 -0.030709026607035866
0.5773775360045551 0.05654545086643656 0.6823213947208382 | 0.030023774372195847 -0.007865792642556355 0.051097167583957756
0.5931386617729527 0.016340517587221763 0.7915431366173941 | 0.006639836591337314 -0.29768572415376077 0.120083541252705
0.6544524048907809 9.392009027859444E-5 0.3092411009280494 | 9.304890458417394E-4 0.0025162031430327036 -0.005737643684352769
0.6547416222819311 0.04257121058018809 0.22010304905727207 | 0.006089819006069549 -0.11742685816434578 -0.13102020884340626
0.6572400881883456 0.022532012782067363 0.35491036462238185 | 0.016794488849586023 0.21484524986811146 0.024081224084029195
0.6374546553903272 0.00922726132332366 0.43436355526952924 | 0.03625426319634509 -0.35419760782910764 0.027594409594028854
0.6481046083904763 1.9722642605484407E-5 0.5148879107701242 | 0.003560362850079367 0.003851091437632608 0.0036056013146662166
0.6822318711573447 0.056521605122560284 0.577274684348868 | 0.05085883053626367 -0.007844162297227134 0.029887862224667553
0.6688911461474254 0.03392814535189687 0.6688667668315985 | 0.0625598059822759 -0.0680312870229961 0.0626096148298876
0.6438035561734472 0.027942142275859682 0.8492341887448261 | 0.05723769589322509 -0.5017552967004736 0.1884412710004997
0.704070653209979 2.024283241479886E-4 0.2545269946166542 | 0.002472136870175241 0.004643196034080518 0.0015244307166465865
0.8100764495904583 0.046315902842253384 0.292730168856396 | 0.121400300091667 -0.16177924835350585 -0.07278354114711044
0.8002894476363296 0.04908604719161651 0.3618160991579885 | 0.12513468291466887 -0.08341313525922145 -0.027632772480011808
0.634782804173303 5.917295015972192E-5 0.43766452083453744 | 0.00190951382354426 0.005295044753432555 8.903114343021221E-4
0.6451187459843902 4.3553618982990265E-5 0.5191816832878187 | 0.004724376269197263 0.004007993548814736 3.938085247423356E-4
0.7915215779112229 0.01634509298480583 0.5931261798914862 | 0.12004630647761855 -0.2975315353084403 0.0066549500482772205
0.8492260853119025 0.027948913624578717 0.6437907063319233 | 0.1884352425676284 -0.5017021968815053 0.05721307621449217
0.6781290076823258 9.496718671174524E-6 0.6781172067717189 | 0.0017577321780746422 0.005093526760437732 0.0017520318631557435
0.17348883906394627 0.40000173494126046 0.17348892167062982 | -0.006381396978713938 8.745197605391859E-4 -0.0063813855905009405
0.223567179433235 0.4000045133371587 0.3464327864315845 | -0.0038952468199940885 0.003680147244529123 0.004557398498198004
0.25317910348612266 0.20713315217665743 0.40000000165462973 | -0.0031911788929073993 0.006188054376978505 2.499641559758366E-4
0.20403873281329757 0.10629375272253946 0.40000099599318656 | -0.006150047063031087 0.0036600196696223012 2.3035064885478508E-4
0.2643879005339651 1.0603285336112313E-4 0.4550085923037501 | -8.058931576222208E-4 0.005465746076243382 -0.001388899748358099
0.2676397642352873 8.776908226312816E-5 0.5822247664363336 | -0.0016731945246726933 0.005349798276673829 0.0030924518073200615
0.28414741122905596 1.4394448612253795E-6 0.6455556024904783 | -0.001747417889217331 0.00384101973937158 0.004794336440104715
0.15995112518058321 0.0013990416782548418 0.7804303157881191 | -0.0607922206963069 0.27254212965655567 0.06443374337602602
0.3465404444866517 0.40000080530260607 0.22359285397942383 | 0.004416954024934991 0.0037168763076006425 -0.003970810035873803
0.3435883744063473 0.4000159403219293 0.34358258596317864 | 0.004609115520781281 0.0033324648681720063 0.004613044774316763
0.3246756894337607 0.017789514232146142 0.40006108151025316 | -0.004751804908129656 -0.012575312649926099 0.007110253309329813
0.22515354490212164 0.013310809244658725 0.4000388543207027 | 0.00101503426207366 -0.010751313848949376 0.010414413015041986
0.2885329400929743 0.0590049615489821 0.4786423796210099 | 0.0125422003259263 -0.4224233157304373 0.009180396824429829
0.24823294433518184 0.047106644873900184 0.5713723909099431 | -0.0629375996104067 -0.07666264442899971 0.029882405869431562
0.22107632743785607 0.04261810296113367 0.6538368300093013 | -0.1187622211618742 -0.09048350642292616 -0.005144053266084139
0.3310726148930157 3.2571587710036984E-4 0.8458435362758145 | 0.025985185419375927 -0.07576390991430694 0.10048722301699463
0.40000143460006216 0.16170817044491645 0.2481058029819444 | 4.6869552306900937E-4 0.006146892070923918 -0.001515499929944947
0.40008244824449585 0.02167238682336368 0.3254852110311707 | 0.0049040336955470665 -0.013328328613884246 -0.0064930775487764885
0.43572538956847984 0.10011852838307651 0.43625537836449385 | 0.03993910646048293 -0.12542920856401688 0.061836240785660405
0.411871645672548 0.038209122940500766 0.4183628797281212 | 0.1647419911571078 0.3030049313426322 -0.006083223824792475
0.3728908069636511 5.241978479425031E-5 0.4860566923076323 | -0.0013508982364495619 0.004627449214187433 -0.0023741721997670925
0.35339022067378817 0.039510977061456676 0.571409673787687 | -0.1453972319709444 0.6472661687425233 0.07652022913247487
0.28607705711989173 0.010718304912821957 0.6517064399343118 | -0.14098427270780972 -0.31072868053001934 0.02943835875258304
0.3652065615956096 1.4265317493943551E-4 0.6441618336578193 | 3.6172581179909287E-4 0.004136822501948494 0.002751842980641136
0.4000001421526856 0.10669908576569397 0.2037592548748512 | 4.1640114633332946E-4 -8.731049087640588E-4 -0.012987953998036275
0.40000306618936043 0.014754036025177508 0.22310274570199004 | 0.02378478715323796 -0.012718070564577383 0.009706376803357309
0.4166937503567457 0.03390775756439474 0.39603429967287024 | 0.019272919500277604 0.38818169789704854 0.1302160956994826
0.4092065145506078 1.4510119820994256E-4 0.40765157433315335 | 0.0017007679581945167 0.005193344995112658 0.002430011539471603
0.4255051115274571 7.0520431035064035E-6 0.550952715209486 | 0.001707112448266827 0.003675615003050211 -0.005830131976116726
0.42451068184145974 0.047754694050178015 0.5954984569195524 | -0.031043575923542666 0.09380345313974302 0.007018543871751749
0.4468234603366605 0.03907557204813373 0.6956527443125383 | -6.664075090518449E-4 0.1968617156029693 0.043489404401314415
0.4404051219072851 2.3334822190006145E-5 0.6327170787308392 | -5.379682138645465E-4 0.005283943883451159 0.0028182398815199527
0.4553119771652968 2.475543940739551E-5 0.26419246026134124 | -0.001492751913223551 0.005477426612162562 -8.943894816182597E-4
0.4784215910994396 0.058733702582933776 0.28847565294599214 | 0.010737037170746323 -0.40028973644516164 0.01690910097219803
0.4876619562620926 4.196874238228938E-5 0.37158369392684165 | -0.002008459093832103 0.005106356156542411 -0.0014996547960106849
0.5509873166429795 1.0628903466833362E-4 0.4257082721213753 | -0.005561070004022886 0.0036757015380743095 0.0018671029566498059
0.5986822917852016 2.509419771326079E-5 0.5988307683894188 | -0.006099294735599521 0.0019035185178277283 -0.006134219393851371
0.505010958937088 0.053697464215516556 0.5747723858452262 | -0.05311425220067338 0.37717770079185003 0.015708022341748416
0.517648689240517 1.1532087902819621E-4 0.6564277097415021 | 0.030108496828525722 0.04367180832325887 0.029240681283582204
0.5154874786881641 3.190698816093893E-5 0.6339595915587165 | 0.0018197826031981239 0.0037948039449881483 0.0054218696446985334
0.583386454084728 2.0803949741938134E-5 0.267979117458948 | 0.002893514251067619 0.005351630010869783 -0.0018496123800119113
0.5719373229101302 0.04577906979736047 0.24876534404049766 | 0.024857624764628224 -0.07307737215163951 -0.06326372581210671
0.5729600924920406 0.03315419658899553 0.35360898318068074 | 0.08388124250903911 0.6846329179313875 -0.13872917515263325
0.5942006692204457 0.04800501903080822 0.42414548403763425 | 0.004627362477312811 0.0877464681000023 -0.03302256876785445
0.5742234173134972 0.05391955487418753 0.5052063176801261 | 0.013922300149025481 0.37404294754710704 -0.05157356282742297
0.5906105395716554 0.029664711705572232 0.5906545161951107 | -0.034391860784709315 -0.053464898508193706 -0.03356611017860891
0.5914175950129784 1.3880454014535273E-4 0.6831335387247581 | 0.004655032375662538 0.00949352219390108 -3.4203040700671566E-4
0.6054683544344875 1.1338650636769402E-5 0.6624917069214111 | -5.341382421670199E-4 0.004757696327651731 0.003961766419777579
0.6455391220560698 1.292069090130702E-5 0.28416379180766427 | 0.004927811343278158 0.0037581290940621936 -0.0018090490303247471
0.6540289264081615 0.042737214249851954 0.22100013687465517 | -0.004178018614283901 -0.09050465229601676 -0.11934923083464956
0.6525134649618708 0.010154368045693777 0.28605884306481444 | 0.032691824612565624 -0.3104559150106775 -0.14167129568450684
0.6954074787400889 0.040393964425417705 0.4471245007344932 | 0.04553559421215126 0.19801768791758706 -9.871697521359165E-4
0.6559646114039515 7.172845883157301E-5 0.5176157498444256 | 0.0030377204509551077 0.020559695952980694 0.012179447791365917
0.6830028213841759 2.6772961069066595E-5 0.5913304173961345 | -4.3755659058657685E-4 0.009337282466063957 0.004384314378866117
0.7062226428939465 0.024450971344816965 0.7062543487974302 | 0.07560484389266464 0.45091679580154825 0.07564138045561113
0.6375922551361505 9.75483771448186E-4 0.8505506892348023 | 0.02021372132980907 -0.8957304192767377 0.18298725072672117
0.7804186193046895 0.002818273969213682 0.15996862146374974 | 0.06488949503989978 0.24938534339022236 -0.061307776817282875
0.8458465244036001 3.2164528502025866E-4 0.33106855704294236 | 0.1005146269047999 -0.07580621846445489 0.025985636693339868
0.6442215254960308 1.1346051904920614E-4 0.3652085571851858 | 0.0031966718026205003 0.003983154720288707 3.9020951489037917E-4
0.6326977459239352 1.0667785238953361E-4 0.4403944215016082 | 0.0027880240706128242 0.005124709586747644 -5.926790008242645E-4
0.6339334494707444 7.27901461046801E-6 0.5155047918778548 | 0.005017371807156722 0.0034725363506395612 0.0016925109504953321
0.6624327218589025 3.8111906273650975E-6 0.6053899560950228 | 0.00398255851963349 0.004746116348492276 -5.829662481619625E-4
0.8505446176707744 9.737068946020818E-4 0.6375803431578042 | 0.18299894354409943 -0.8957744114400434 0.02019594674800222
0.7950388508256984 0.011394234294497286 0.7950386182857727 | 0.08536503562915441 -0.7970367268602574 0.08536522626358599
0.1921562308686619 0.4000048307831806 0.19215625642786707 | -0.006430418243242429 7.700718387487017E-4 -0.006430417911927533
0.21850705937882262 0.40000314847830115 0.34560721607482175 | -0.005412438491254084 0.002814150922670825 0.0047377162268135466
0.23896650415767484 0.07482108262541226 0.400005105399074 | 0.008427323722975505 0.0017509420251242721 9.690625845758209E-4
0.1345724099895683 0.029891544306410184 0.40005334408858834 | -0.0062922230056386115 -0.005880308961550473 0.00915968733503223
0.15503315892557556 3.2958362384735316E-5 0.47336067477801924 | -0.0037257920948868587 0.005213025049192062 0.0010922047828212445
0.19254099359110777 1.0802404099015652E-5 0.5690235847750164 | -0.0031082853941297745 0.004792282167579244 6.603813165614332E-5
0.13575213160394206 0.005452216756367524 0.6474898206466877 | -0.03717930221546697 0.29013025816315796 0.042894639752428305
0.1613147425840163 0.00322222069424573 0.7802670262308454 | -0.062124045763335176 -0.11011787296039133 0.05390008952985252
0.34561192578814676 0.40000292827972456 0.21850639704140914 | 0.00477594122847816 0.002807428622738725 -0.005388818169154235
0.34351551705705113 0.4000026586348156 0.34350986298114244 | 0.0047884692210316965 0.0031408229535384966 0.004791350701160672
0.3235526908422731 0.020485098844202868 0.4000358797884779 | -8.606804866360924E-4 -0.01467311081288603 0.005981009308506162
0.2716875468238349 0.17565867085639056 0.4000001530867645 | 0.011731615250829198 -0.004643603192022504 0.0026810324953445218
0.29868172907459467 1.0967276799550248E-4 0.513197835516208 | -0.0025846964467421737 0.0049801826440065864 2.7572518076532095E-4
0.18795470835040232 0.0750319493174404 0.504956938900651 | -0.20557942977444427 -0.09744932809408138 -0.12254861200830712
0.21510955601573734 0.03871426910696172 0.6572136520076184 | -0.13581531653524942 -0.3528510662039225 0.0411966917417935
0.2574482818901663 1.895708407700377E-5 0.7972279733604674 | -0.0017502579166925594 0.005276466502687767 0.002082776501587622
0.4000421310217957 0.21811037768207128 0.24794630605752851 | -3.344729556751039E-4 -0.07171055625681697 -0.0019494249227743506
0.40002527258684173 0.014142144444064631 0.31996712961062906 | 0.008491059812947243 -0.012393170864398954 0.002162989506053526
0.43886912580813037 0.11399217034497541 0.4403381566887166 | 0.00856576076859919 -0.3039603391939402 0.027871039248069975
0.329541550889457 0.008901505935272292 0.40003217211521686 | -0.007889709878670251 0.0016798593120225557 0.003333978447317927
0.3708369159335318 0.050277523046607556 0.48497912837715046 | -0.0350538052470869 -0.3088170591918863 -0.024851612386616578
0.34473387722513676 0.040785188815271566 0.5744063547560693 | -0.046154825093301446 -0.18752420113837573 0.09170001542342654
0.36173340603520066 0.023476627550912295 0.6583693860936973 | 0.024261156784591894 0.03995192554598295 -0.013461926404740625
0.348449884537413 3.248119806732128E-5 0.7290776738821186 | -0.0014941082917899098 0.0045424316627332584 0.008208404864000103
0.400000399479179 0.029604916819303273 0.1342483388165472 | 0.008960289576657409 -0.005664251668899605 -0.006594424016904567
0.4000001360363551 0.17564889898168076 0.27155704422438903 | 8.342186093712702E-4 0.006173856657892824 0.004814440001448828
0.400132532755552 0.0048865816153733045 0.33483525431278344 | 0.002999306103172429 7.659962833673521E-4 -0.008769004980563919
0.42167414932924135 5.792567215917356E-6 0.40483662722892366 | -0.0036648494513762545 0.003633706054728564 0.0042933323379714195
0.4208245828675542 1.6575145749333193E-4 0.5589805309060375 | 0.0029590298722406818 0.0029578419739571026 -0.006237070428750259
0.4267516101984891 0.008844829548460371 0.542058489329188 | -0.05848475088873613 -0.10144156427983453 -0.02586006693728457
0.4314363195652048 0.003262424638522424 0.7246703929739201 | -0.0018344904510657221 0.30946065538036216 0.07928662695981205
0.4370829369554635 6.369401990617385E-6 0.7392608657216335 | -0.004592853148872558 0.0037015700441917253 2.6673949648589716E-5
0.47314745002020303 7.966950138525066E-5 0.15488348537716884 | 9.482721067768915E-4 0.005203132399899197 -0.003924085724668419
0.5133503734311464 5.4128377601282064E-5 0.2989729590690403 | 5.573451234768225E-4 0.005343601230403964 -0.0035792597000144782
0.4889374297784713 0.053584537930441885 0.3697552266790079 | -0.004676862379259568 -0.3352430392572118 -0.05140557227765914
0.558815919877368 5.2611634776932856E-6 0.42100585107094873 | -0.006309286680398009 0.0030542018594600455 0.003168834634781136
0.5984119531864084 1.8373096000402962E-5 0.5985729796843234 | -0.006099787499065377 0.001892354251193526 -0.006147793438934369
0.5045160784452296 0.05841913869319684 0.5689850011851741 | -0.029736932272684726 0.03130226622530757 -0.01748272589772102
0.5170717658178801 0.03811448948842559 0.7699567449358218 | 0.046546762047269076 -0.6497959318999397 0.14760565913812032
0.513300231297191 3.431937138028245E-7 0.7312143078008299 | 0.002839100120715836 0.005123618533949304 -6.211667985844314E-4
0.5690109028574782 2.998174740931583E-5 0.1924938410856389 | 1.0930462799447089E-4 0.004814452549505525 -0.003141324728367358
0.5054700813121307 0.07453100570727726 0.18873906227914566 | -0.11917473966561395 -0.10318922609144722 -0.20201568237329404
0.5756317294132004 0.04107402532547551 0.3444094316642858 | 0.09611465550311643 -0.17937812848115892 -0.04269251270927237
0.5417318601056097 0.008764096557436636 0.42743179073995624 | -0.02211652473846093 -0.1169771068543497 -0.05168631089480762
0.5678287899680942 0.05942946019243258 0.504560032035864 | -0.02408844054780095 0.03125962740011911 -0.02943824859354219
0.5914668844761974 0.0010263009136355756 0.5915376216982753 | 0.009613355312801273 -0.46992848403322046 0.009962473105287735
0.569709117233713 0.05850755685427462 0.6824947698736069 | -0.01056190346699707 -0.14906935073419486 0.022718966864986312
0.5979637039165018 5.982006554368149E-5 0.7168393036465469 | 7.536369354821669E-4 0.004482860111815476 0.003876291445628799
0.6474630179045966 0.005483161821906713 0.13572998799646388 | 0.04286152551517423 0.2902491527140859 -0.037148943489427856
0.657276894155162 0.03876336869250244 0.21510368203129449 | 0.04126501920032379 -0.35157708802083915 -0.1359380785113916
0.658683751001991 0.02284037711901462 0.3618868603503057 | -0.011913273600912311 0.029362654303582564 0.023254420776420367
0.7246090856285565 0.0030748246113119 0.4315002008062496 | 0.07897501488896426 0.3098973803046866 -0.0021553634599856424
0.7699420532173521 0.0381474024351276 0.5170543688188575 | 0.1478108354058983 -0.6500207857710211 0.04644465318218899
0.6824757977145499 0.05850818680743602 0.5695121194342824 | 0.022718008794199746 -0.1487445058137498 -0.01095768088772566
0.6761008052494792 2.87444545125513E-5 0.6760715398055064 | 0.0019522706127211094 0.005047029927776717 0.0019505208400371356
0.6851259882930394 4.939227292930686E-5 0.7928380499065293 | 0.004120030463776057 0.0044018874153029415 3.1889514013426165E-4
0.7802523463384937 0.0032456173152147828 0.16131059127281025 | 0.053707982659469 -0.10930393695125268 -0.06211418247606775
0.7972528071463828 1.714153492153016E-5 0.2574341304249697 | 0.0020868474449385935 0.005278367150774258 -0.0017668403846321302
0.729100066855529 3.8532249764030045E-5 0.3484528242933976 | 0.008302736851307878 0.004451396718803882 -0.0015094385434356924
0.739266486746706 6.8378814961844965E-6 0.4370840737782869 | -2.7245363999836567E-5 0.0037276352113003257 -0.004517777681090322
0.7312129280561637 2.5962741292783423E-6 0.5132987291794789 | -7.284531240293672E-4 0.005108469877858407 0.0028344726081992316
0.7168391927097757 5.850901496312657E-5 0.5979629773071475 | 0.003901308903065507 0.004474356994876498 7.606792077095844E-4
0.7928346077503938 5.2350817337555735E-5 0.6851248329640839 | 3.160091403740377E-4 0.004401501197690778 0.004120503052618523
0.7928071595981928 0.006314527732666144 0.7928070617054253 | 0.04281662467260768 0.11423558795807115 0.04281716805068825
0.2140629248530909 0.4000048197214068 0.21406293638446477 | -0.004497486467404902 0.0035159836457119595 -0.00449700247665795
0.23210855685321455 0.4000073546479893 0.3431599007755431 | -0.004131039811522659 0.0018894139171406572 0.006841344540634308
0.24143599954343017 0.07803004698342315 0.4000001403297553 | 0.0099646601321187 -8.414570465095791E-4 0.001353845949160771
0.14327130955619374 0.030316210203735 0.40007505993906545 | -0.008129361754101202 -0.005110481761872749 0.007564828605820046
0.08877205131034717 0.012269376248875799 0.49830856786880867 | -0.1315303705597901 -0.039891590579705594 0.01234265076829582
0.20011270755101906 6.06851922824683E-5 0.5661508827840237 | -0.0050600590766403785 0.004053092167420823 4.103868785718571E-4
0.1440980267047883 5.0213139905738174E-5 0.654345387733837 | -0.005237261105786294 0.003911356661827548 -8.631386614902399E-4
0.16581142613410052 7.007381545818197E-6 0.7755695062928569 | -0.005685863949429697 0.0016234854552004436 0.005833054142717489
0.34316243617854403 0.4000072344800633 0.2321086600234608 | 0.006851500884253911 0.001886720512947727 -0.004118531085608178
0.3435082821909901 0.4000016534490282 0.3435028930839878 | 0.004804672417683879 0.0031237500244376873 0.004805981666461422
0.32246907074921244 0.02008502462953893 0.40002219461702043 | 0.0018100913150606505 -0.01442945199680947 0.006116430259197276
0.28890187031742215 0.14626294839211537 0.40000028987757036 | -6.674229331410517E-4 0.005250611672020284 1.8909909307244144E-4
0.300161167782936 5.570277700757161E-5 0.5132524033632995 | -0.0036154038265132707 0.005016734563128518 1.7175739888805863E-4
0.18669365033070848 0.07819703007765205 0.5025336101483933 | -0.210643549046769 -0.05228423041240986 -0.12430595124363049
0.21231913072650513 0.03904619965003415 0.666924885124061 | -0.14586223615018745 -0.4018696808082286 0.06644969419970277
0.25730561556892567 5.132991940704084E-5 0.7943501998027395 | -7.54456903376504E-4 0.0045802889648830164 0.004477048870843835
0.40000471337023796 0.11489522734762297 0.24309639562449267 | 9.732756288577713E-5 -1.699795771056522 -0.004690702493534592
0.4000386190782134 0.01411264250230414 0.31856602345292945 | 0.007798473277089576 -0.011071010414102191 0.005613035212023046
0.47185815016296745 0.08467346563690076 0.48609833887745846 | 0.15337254637468775 -0.7137791414416217 0.19019398406311533
0.3234426616642817 0.01284669887632778 0.4000446373686398 | -0.0017824038179709279 -0.003592055100922753 0.010772833644964827
0.37055371485632244 0.04666965522697263 0.48568111100029676 | -0.044352775660535956 -0.5442534353441261 -0.017270939802919775
0.34251536375808356 1.7863329690537798E-4 0.578990675430316 | 0.002965532115170382 0.004917605435704884 -0.002907015327431065
0.43514343508388953 0.04518664133633682 0.7266799529326968 | 0.03766421292586958 -0.4015815979148214 0.08331915398652567
0.35209851627170424 1.412385291255766E-4 0.7302554900880471 | -0.0032470043840143762 0.004404388560602312 0.007921012394886733
0.4000320790104578 0.030579945281581297 0.1430329623000609 | 0.00722032122945867 -0.004846107223867107 -0.008435851193675223
0.4000004385586629 0.14560929946341905 0.28944017315718185 | 7.933813683676011E-5 0.00430904444070484 0.0022785118873203483
0.40005340884219054 0.008304444262940146 0.3286253241751531 | 0.003750622778821968 3.9848911624073153E-4 -0.008730132584765099
0.41835975789182317 8.152996040026818E-5 0.38783249528536373 | -0.0023045756309083548 0.003682446810840285 0.005480788902572327
0.4234853675202486 1.5462301539358013E-7 0.5543701795423857 | 0.0026893636283920838 0.003071648562641381 -0.006373575951142539
0.42635779729501583 5.905471824867745E-5 0.5425002934037296 | 0.001760016158321608 0.0040083939040472345 0.00489829143880907
0.431460582510949 0.0025387893109229957 0.7266251383781529 | 0.003258277271117213 0.31000513055085105 0.07374440480491683
0.4376316130326504 2.0520900505784805E-4 0.7443064424026292 | -0.00430477256201725 0.003735733118701616 3.836352624710604E-4
0.4982263673081222 0.012267254583416076 0.08890957009735438 | 0.011987048028838293 -0.03916944862122344 -0.13050578893073553
0.5123593309481185 1.084413583469685E-4 0.30063375768259853 | 0.0010217295959946892 0.004918677797787786 -0.0043349670192480046
0.48872718612717003 0.04652618008181976 0.3696374921293008 | -0.0036185120261108842 -0.5791786674865915 -0.054287132857144135
0.5541416134201673 1.3708207359082597E-5 0.4237214977079959 | -0.0062058270303168035 0.003140684333790871 0.0028603371138001023
0.5869836395597716 3.070206623119671E-5 0.5871903935877238 | 0.005232639990956741 0.0030727010558096518 0.00500208520823583
0.5034115989245871 0.052575430819325704 0.5731718137002038 | -0.009643467564151204 -0.32584574236319114 0.02581526222347798
0.5153102163247163 0.03911297292889228 0.7736012227129072 | 0.026953743618171513 -0.6995922736872436 0.17991402318952363
0.5125780703380964 9.549971471206328E-6 0.7415875324720516 | 0.0035695213962117062 0.005904281665426122 -0.00324662115929872
0.5661329204870649 9.931200033290813E-5 0.20008112762972827 | 4.789359175860633E-4 0.004063618362945803 -0.0051023549985604886
0.502982222539503 0.07724066430680743 0.18717269367642916 | -0.12266119864052578 -0.0631614610447475 -0.2103359788022374
0.5789302665735401 7.760756030359615E-5 0.3425332596794681 | -0.0032592790235433707 0.004763815487794521 0.003324052795558555
0.5425722448241529 1.643547456116253E-5 0.4266422948757272 | 0.004640788138574095 0.004109752680995169 0.0020156137290422466
0.5724233133890161 0.05306210814146439 0.5035344947907411 | 0.02543161648549177 -0.3279415792992946 -0.007755108889771981
0.5947148135866048 9.113490690932726E-6 0.5947565416465633 | -0.0058583031467633415 0.0021315644205877446 -0.005751618409960504
0.5106189360839375 0.07612436567074758 0.6957093394214132 | -0.09747027912249615 -0.14575465899976217 0.03286082819748711
0.5938996897393439 6.0384320816307734E-5 0.7264657160144979 | 0.0019703204231641337 0.004518306172690782 0.0031824336866672705
0.6543522103996309 3.860818972763586E-5 0.1441036140594872 | -8.806931024432775E-4 0.0039091816162161895 -0.005236211806216558
0.6668853986396824 0.03899378761376227 0.21236354505057367 | 0.0667067481184532 -0.402716607869857 -0.14563734490981606
0.7264805454529231 0.045598722651564554 0.435224822109368 | 0.08315582088136418 -0.4014641001306428 0.037863838916671715
0.7265264685759804 0.00245842478702324 0.43151116248122795 | 0.07322703418519547 0.30988292511889654 0.0029755762061079165
0.7736037780806968 0.03915589062300229 0.5152864519065425 | 0.1802434980788395 -0.7000135019544892 0.026842624369629867
0.6955492183823073 0.07604773526254711 0.5107338779376182 | 0.032649300685768205 -0.1443462015145601 -0.09703586042453556
0.7334831974866806 0.07400459813626675 0.7334840711537605 | 0.09756318761810685 0.0969350976875532 0.09756546822505316
0.6863594395928329 1.923733287528099E-5 0.7936476698298007 | 0.003305886549055527 0.00471038259538091 -3.958829531706847E-4
0.7755541782602668 1.1479985447637645E-5 0.16581275463516873 | 0.005912352153754945 0.0015194748453600925 -0.005768772939196032
0.794374211130513 4.783638723065731E-5 0.25729409229609 | 0.004480678771561942 0.004580959298401098 -7.721246861783011E-4
0.7302660495656155 1.4169316478487257E-4 0.35209958171918265 | 0.00803087501893312 0.004318433353645199 -0.003223775781094877
0.74430384852198 2.0884941711303855E-4 0.4376320129534065 | 3.460297850041758E-4 0.0037422527492150543 -0.004263898520068362
0.741587953357087 1.0559873447019947E-5 0.5125775180699086 | -0.003323143509875237 0.005866025077238168 0.003542776168256891
0.7264652706178534 6.012129526081049E-5 0.5938989729655092 | 0.0031994380112468934 0.004510738192773708 0.001985968452259985
0.7936460746985547 1.98468524450765E-5 0.6863608314215558 | -4.02023513820791E-4 0.004710420219251308 0.0033045422754261152
0.789026278548296 1.9281736425436257E-5 0.7890263068287049 | 0.012677406198402616 -0.014620413609156446 0.012677318115965864
0.2252411249884605 0.4000002772006596 0.22524113243400132 | -0.004276988659009118 0.003541758038628581 -0.0042739780198779624
0.23617535161799136 0.40000151306119375 0.3417757589287807 | -0.004459117803651919 0.0014955524989794721 0.006992648449509413
0.2481734656950055 0.20811099353946558 0.4000004619980246 | -0.0031296338811647754 0.006151169540438273 7.590997140092254E-5
0.15698005395813494 0.023368391597449464 0.40002219130863664 | -0.009245338415191073 -0.002933229987351082 0.005581226757906831
0.0912217387721746 0.00911166563923486 0.49707696391240336 | -0.1424326784107414 -0.17713658121105974 0.022333897927265527
0.1958512080144662 2.2950840422027722E-5 0.566170780261137 | -0.004051710326451092 0.004426672003928309 6.074338162712099E-4
0.1457369729414647 4.83307392224548E-5 0.6541588733633469 | -0.005700969434944605 0.0036192304546463403 -8.014883443623279E-4
0.16796308735972254 2.2232537758213576E-5 0.7734557483124345 | -0.005867425177106316 0.0016029651044490905 0.005725179425830362
0.3417752611880985 0.40000161049353294 0.23617502387087874 | 0.006998945695326401 0.0014943485910951975 -0.004450642133734099
0.3434911296506791 0.4000071549112912 0.3434856740530108 | 0.004823034154001649 0.003103217344459 0.004824704027054276
0.32308051939316385 0.02137734877384887 0.40005112938374143 | 2.947735409584629E-4 -0.014890858964647638 0.0056737041257807165
0.31055932927182234 0.11163007211565808 0.40000073012013904 | 0.009583122941360276 -0.005453192742693713 0.001274684980332517
0.30104654427935496 8.791624505663288E-5 0.5121186102217661 | -0.004087726323762988 0.004939034153169095 8.326525876710628E-4
0.13898181557887762 0.043213906194831904 0.5393163974872668 | -0.25597336192006076 -0.6694472768574783 0.019794055457791327
0.2013609427038077 0.02553230942417571 0.714095559041502 | -0.11204280240918156 -0.5803107035088881 0.09483087772454228
0.2573625353582943 5.776988152967379E-5 0.7940850595842656 | -7.478834810171445E-4 0.004508208584668029 0.004623802108475234
0.40000424085415975 0.11545892244314383 0.24320082761606862 | 9.437163558551581E-5 -1.7015296060450735 -0.004960581250618566
0.40004435228217994 0.014007856636144046 0.3179109137569317 | 0.007399708055792505 -0.01016165364760483 0.006790781183840837
0.5049199477652856 8.172718702893606E-4 0.5062370189547 | 0.059092519709862 0.7036818229390044 0.03850335098150354
0.3244251744215106 0.011468726885118238 0.4000710345839161 | -0.004774854869795226 6.720270926356938E-4 0.00793461168427546
0.37082421959487494 6.721950178957955E-4 0.48277189553771654 | -0.011516753489338375 0.3404312797377239 -0.013288450892983883
0.34471925319731794 0.01842478214975596 0.5743680953171659 | -0.046450375273915274 -0.7913704758742314 0.07405080115333214
0.35530370527824456 0.07798537196836514 0.72311773725425 | -0.10929531004798904 -0.3098207037478278 0.022647891742203347
0.3574250390366755 1.0467098794663474E-4 0.7514912675912291 | -0.004361181469264181 0.0029442136648740055 0.0037340668765275006
0.40002692765447667 0.024108478037030787 0.15717257208441662 | 0.00520125799468885 -0.002651221510078623 -0.009379420708592335
0.4000001459587191 0.11156178306681834 0.31053408522799303 | 8.369062982077188E-4 -0.004735238050247754 0.010733351515547107
0.4000673796827386 0.010695120411129126 0.3244519920915291 | 0.00651243810252372 -0.0027375322594906477 -0.008604125623756982
0.394190807283515 5.731408034459221E-6 0.4038523407472753 | 0.0046066123493527945 0.0042296792717289805 0.001266717762058012
0.427398388596839 7.36045307993003E-5 0.5450498632981116 | -6.05554761852407E-4 0.005337647478061419 0.0013488153736839028
0.42628687280220995 1.3295398523676774E-5 0.5429542968646885 | 0.0019285923807758256 0.0041903623927497715 0.0044918829359942535
0.4317364709660889 0.003689725843718541 0.7279905092895613 | 0.005712545077005081 0.2510803680061006 0.0665779736071303
0.43712621239793426 1.52087445571026E-4 0.7527939132899545 | -0.002957162076473583 0.003811619583906078 0.002795758231898993
0.4969660476772308 0.009203584922870886 0.09134041092330734 | 0.021719541493164414 -0.17699409120365733 -0.1413406735582991
0.511023270263428 1.94645085379822E-4 0.3012077892657841 | 0.001693837322764766 0.004746838947331729 -0.004463874849955247
0.485581165028153 0.0028216846112006544 0.36921679488083525 | -0.006308476401872964 -0.7504291698679095 -0.036900161215882764
0.5450951233255098 5.760239565039222E-5 0.42743597988527166 | 0.0011643973294395633 0.0052948870906435125 3.240900898654727E-4
0.5113795511523015 2.1300904385711424E-4 0.5115931134795068 | -0.002134113649716147 0.0058432193925954615 -0.0023417269878311716
0.5039902457658207 0.03975745885577518 0.5755297343170102 | -0.007363065581893923 -0.5058858626342964 0.025682899160920616
0.5124198759824066 0.033281405515435555 0.7772965723947347 | -0.006119615660451775 -0.7403362756210273 0.18137315758324915
0.5131122157226582 5.1719506624286126E-5 0.7514903684259172 | 0.0025418451291285703 0.0062571749233736535 -0.004199516683045886
0.5661536815789993 5.721859649460861E-5 0.19582139919714917 | 6.841377218868097E-4 0.004443509313283711 -0.004093279801564417
0.5394660637866077 0.04361328784499523 0.1389574710190652 | 0.019644996508603442 -0.6679137282930679 -0.256508086393578
0.5752982273706061 0.017546355575947904 0.3445132740439561 | 0.07721039825497678 -0.7989210046750554 -0.045250053738042764
0.5430568374563365 1.1544137090710247E-4 0.4265849332438916 | 0.004104324135685682 0.004333589910207511 0.002129059132447448
0.5748689789571294 0.04082487269578868 0.5040447893832705 | 0.0259758610013395 -0.5048399933857501 -0.0064069565685326325
0.5909660775211932 0.00315802190606034 0.5910397937643168 | 4.026733099795228E-4 0.1052777825018415 9.59928055311585E-4
0.6009596689212686 0.05973021608003056 0.787390685429756 | 0.10149807602305239 -0.4685791338455525 0.19028807492463684
0.5888400869163034 2.8073029977311215E-6 0.7617824882613953 | 0.0030476750642894524 0.004483784392394782 0.0038941410277437355
0.6541680267803136 4.069077074358106E-5 0.14574413827770955 | -8.167175532067512E-4 0.0036184549693677186 -0.0056979296949753785
0.7140814629231995 0.025583087670238185 0.2013588434985461 | 0.09529293424452684 -0.5794215232248983 -0.11270354351894332
0.7229143226171616 0.07784354188533976 0.35524331100297896 | 0.015779276451315497 -0.31060165347290203 -0.11185319112400996
0.7278631656120436 0.0034391858266905897 0.43177317198772935 | 0.06594428837467811 0.25195794306567093 0.005381836084683282
0.7773130032007108 0.03339234506085653 0.512402496883692 | 0.18232220949131114 -0.7409429804586323 -0.006169994181471386
0.7873427078338212 0.059738704497443736 0.6009776448215286 | 0.19015523677170892 -0.4684198034611854 0.10146414132048366
0.7329300619433807 0.0673384397133822 0.7329308530317638 | 0.0916735448816347 -0.03546633479272433 0.09168752318969478
0.6867514534686331 5.227694162528143E-5 0.7941107142207166 | 0.003027445650519052 0.00476415298016844 -9.565101842945339E-4
0.7735925814317509 3.8033062131482173E-6 0.16777383599136497 | 0.005806084459118608 0.0015250844793042405 -0.005914163183131416
0.7941085872290251 5.300136128444781E-5 0.2573509759508207 | 0.004627955175378387 0.00450832935979104 -7.65051389399406E-4
0.7514860337378504 1.0825021049372437E-4 0.3574276067381264 | 0.0037634350366804008 0.002958904444573041 -0.004398412306727785
0.752789919022041 1.5588929526959516E-4 0.4371265403857584 | 0.0027860261254493246 0.003794857497514391 -0.0029595504066044424
0.751490668205769 5.284212924314976E-5 0.513112080260772 | -0.004217269275278957 0.00624750994800229 0.002527292614341251
0.7617808201707355 2.2503452688063912E-6 0.5888389749859689 | 0.003902952478854448 0.0044845779117890375 0.0030414357851060946
0.7941092982623829 5.268303879117632E-5 0.6867529014428977 | -9.637838563084856E-4 0.00476393506623408 0.003025416934342784
0.7860554770408335 2.2564323165831466E-7 0.7860555174245097 | 0.00701406116565029 5.642185472203496E-4 0.007014055278557394
0.2393892278999267 0.40000018324521935 0.23938924631536512 | -0.0038231190082904307 0.0037522608746917026 -0.003817316472610119
0.2422307416645387 0.4000016262909018 0.34188467932271305 | -0.004849345437249772 0.00142341960166916 0.006760405490154585
0.23951959242381704 0.009752685167656079 0.4000422830025912 | -0.008092178022153718 -0.008206528019571509 0.007770002053807121
0.1918138186759429 0.09339585705435659 0.40000897177705197 | -0.003691258639558417 0.004889882002381587 6.781321026178655E-4
0.17299256508253275 3.794011934275273E-5 0.4744076158696507 | -0.0058299196023843085 0.0038767041254263858 6.105114000835349E-4
0.0837331642184945 3.0959256462176647E-4 0.5806852106043756 | -0.09502115817829691 0.15141436354553278 0.023317232772530942
0.14687745747698897 7.177183858252193E-5 0.6542590196847307 | -0.005892546074588379 0.003462511716932412 -9.074065971220913E-4
0.16996988155755244 2.5479178007102068E-5 0.7715597396365139 | -0.0060231182402517855 0.001629512143992721 0.005604621257505329
0.3418846628590171 0.40000157416690624 0.24223061678701943 | 0.00676278249405282 0.0014227706697307568 -0.004846591370819728
0.34356941898490995 0.4000016311002601 0.3435651625503755 | 0.004687874992924233 0.0032544417372028273 0.004682151434653117
0.32246788369618573 0.020823299950372996 0.4000064781084047 | 0.001709047642794891 -0.014664398591680082 0.005797160850737193
0.31022363088295185 0.10477399927607021 0.4000001689204707 | 0.006521395036789146 0.002232702317930321 0.0014555266244943837
0.29680540197414657 2.5234570458765977E-4 0.5092100927275407 | -0.0010311702685506826 0.004876389801482046 0.0027745383737407237
0.13236653362295808 0.0329572016990247 0.5780663082697117 | -0.24205228937412204 -0.7621190171689872 0.12395393535056805
0.20452710363000873 0.019128918466836783 0.7200881594707677 | -0.10298391581263519 -0.6623359766880734 0.11545030183816354
0.25770471993668687 2.2068838870153134E-5 0.7933826362120642 | -9.149429633247579E-4 0.00431828052248476 0.004947209873684083
0.4000384105442985 0.009385734299908887 0.2391835719049642 | 0.007477659030610659 -0.0034219594211268196 -0.008348443108183771
0.40002679717474043 0.01103769107100662 0.31541497942226937 | 0.00586294639482624 -0.0037431080989824886 0.009136091792358983
0.49517481562778953 0.005542012472032208 0.49583006757643516 | 0.05173275825333947 0.4390305977286636 0.03531299980667819
0.3199997557873648 0.013617960502566986 0.4001148919356643 | 0.008546473311318688 -0.0035120859141180645 0.006672260921691333
0.3721791542229676 1.0592003373253329E-4 0.4854919974524607 | -0.0010026629921777938 0.004772908040734732 -0.002116380183115803
0.3448377967057165 0.02580091840974754 0.574335962322997 | -0.04616365251212185 -0.7616744510460567 0.07210568217381663
0.35738542637559295 0.024198425586027972 0.6925797401814137 | -0.011826554633334091 -0.9011110761521053 0.07587233054160014
0.3643789060371016 0.014037376674288568 0.8818773807052632 | -0.010153868529001738 0.09227080314696065 0.15986272386702347
0.4000034226554592 0.09495585501284878 0.1923119840112344 | 9.63589007165518E-4 0.0030427934750401624 -0.006508395554657538
0.40000041772140116 0.10461636507726332 0.3101123337191807 | 0.0013794355436563721 -0.002652396505775887 0.01047172885739035
0.40010171260801136 0.01321574306437152 0.323842108105904 | 0.007290905097766261 -0.007978663888907833 -0.008051317204032226
0.4075848051760186 3.5352943094453494E-5 0.4086527412394962 | 0.0028151408178672213 0.005085077975659785 0.0013546834384109288
0.42846577579635026 4.199161587637617E-6 0.5409964081881025 | -0.0015844297336526942 0.00339563376157572 0.005848794757481656
0.42567492225176806 1.2030963946527449E-4 0.5444003378489253 | 0.003125148997290784 0.004669706462727099 0.0024734197532300228
0.43172523329923707 0.0045251500374592175 0.7276532537711932 | 0.004530926309236535 0.21001092263227084 0.06981416542419185
0.437777538360582 0.012595454299172582 0.9080654937611012 | -0.01720101151281533 -0.018515812892879478 0.17487676193066068
0.4744557310169351 2.105100531354367E-6 0.17294581087765795 | 5.242610144093807E-4 0.0038041114410129907 -0.005959205281519436
0.5093283596256554 1.803031738109018E-4 0.2962382233196015 | 0.003414051697253674 0.005469742474561439 -0.0012837995463005232
0.486595255836811 2.0648730096807814E-4 0.3708786325549827 | -0.0012609922687441184 0.005215386413951454 -0.0010945618949909919
0.5410180090033757 4.052367347336965E-5 0.428565782273376 | 0.005733570142827994 0.0036070646762729557 -0.0010176236766838032
0.5083939422468725 1.07777560202692E-4 0.5085807245903563 | -0.0015102135014335135 0.005989990511731989 -0.0016741207902310948
0.505481358694691 6.179009368747808E-4 0.5774562759495921 | -0.010784933796383307 0.3312347327897071 0.04161856716879908
0.5127519463054976 0.027068881865197302 0.7752037714770258 | -0.0062783286348341 -0.769422704656884 0.14664203629094869
0.5065571570253302 0.015455672714959307 0.9050313825161653 | 0.002501306861429216 0.054993699471484095 0.1883922601843542
0.5806352781095664 2.5272879806024465E-4 0.08377285891998831 | 0.023126043660991417 0.15136811533844413 -0.09477934067704051
0.577985077120564 0.033032524606139924 0.13244365576234501 | 0.12347748031455194 -0.7633859195818402 -0.24192234902732312
0.5753721456114698 0.02521664634031723 0.34455181148611047 | 0.07610723687496557 -0.7688228308527236 -0.045030472591099005
0.5448596204640477 5.8282098537241025E-5 0.4254554626253115 | 0.0015877239342800143 0.004508302478394575 0.004020186406121779
0.5768753700211262 0.0016512419683064367 0.5056395949548549 | 0.04189052771291508 0.353502389134959 -0.010404465321210447
0.5901634861779866 0.03957077995731344 0.5901601357106154 | 1.9947819342182598E-4 -0.7678859687783447 0.0010473915938611525
0.6458121029623648 0.0380188424202292 0.7449111899703279 | 0.16331229146256343 -0.7683781109347199 0.08210597402008228
0.5803909735698339 0.014528332939328684 0.8917073168394569 | 0.022396553160372926 0.08135505770098145 0.1623574601529872
0.6542687184179631 6.464913982750272E-5 0.14688514460077692 | -9.206854147392062E-4 0.0034624076593859905 -0.0058886157265610455
0.7200871058608288 0.019167468868256127 0.20451689243356835 | 0.11415382082730956 -0.661070520480688 -0.10393521335355622
0.691923863162758 0.024102057610301406 0.35778345740193973 | 0.07607796081407461 -0.8989739567276741 -0.009069166728123097
0.7275441939748125 0.004314136534555722 0.43175472052079 | 0.06951744888417415 0.21159529302637614 0.003977735333214321
0.7752632780537221 0.027402646296525033 0.512716348567069 | 0.14786083880613646 -0.7695483270479793 -0.00640059008859173
0.7448875830858941 0.038034449541046275 0.645780910229529 | 0.08212092652136983 -0.7681590056953396 0.1632492595544832
0.7300330979581733 0.06034682347345212 0.7300342089529169 | 0.06042031242112408 -0.2152393298104947 0.060441525054701246
0.6868205299852469 6.3192304526911555E-6 0.7938661003745879 | 0.0028914946049074944 0.004831747971808818 -5.74281762680992E-4
0.7715439754628262 2.934717811908553E-5 0.16997536688829984 | 0.0056472148104470075 0.0015838303123796719 -0.006075448673532933
0.7934061318376642 1.7490127120886473E-5 0.25769305684693117 | 0.004950597190253757 0.004317603524160596 -9.3108666076601E-4
0.8818815066567058 0.014036376471260784 0.36438502509617293 | 0.1598943330976626 0.0923214425160649 -0.010133656929533181
0.9080582244373903 0.012592216238320464 0.4377777640237391 | 0.17486198686262402 -0.01851647459439928 -0.017199251095862945
0.905025014943801 0.015454481918786574 0.5065572417722182 | 0.18839337086116012 0.054999200970198135 0.002501474284447815
0.8917063687709922 0.014527510726325 0.5803860039225697 | 0.1623638037621942 0.08136251177644792 0.022384514232421042
0.7938646948091735 6.655385290485582E-6 0.6868219395876414 | -5.812876242539143E-4 0.004831807903912269 0.0028894859686181672
0.7819680391913703 1.1863498482709908E-6 0.7819681357709999 | 0.0065615892361114165 0.001576946291905721 0.0065618171421667265
0.25213007088753747 0.40000718712305305 0.2521300802829471 | -0.003117017429827614 0.005048335121639838 -0.003118730287059411
0.2498498871448597 0.4000012233897605 0.33922821154863536 | -0.004051049167592318 0.0012790148430013918 0.007346251840348241
0.22447106609113476 0.036279925627676235 0.40002392698141576 | 9.278915646809713E-4 -0.013760989863775677 0.008072043235626209
0.20884630917840274 0.10524383017171705 0.40000071698067485 | -0.006212854223526266 0.0036179525627011056 1.4301549376575867E-4
0.23327847568022828 1.8718987489044193E-4 0.47950157542565075 | -0.00512612089417878 0.003900495531762181 -3.720077901801552E-4
0.19636832841082616 9.894749267071371E-5 0.5663767454517299 | -0.004200937594809795 0.004375122040910863 5.412281680504118E-4
0.14983861887537864 6.410580908591384E-5 0.6538297079478755 | -0.006169895731043612 0.003244560603820209 -7.79521389697718E-4
0.1871550320669699 3.6796810991771356E-6 0.7575307876622696 | -0.006557389289004998 0.0038695465184864354 0.0019832913864279754
0.33922818798137083 0.4000012065294853 0.24984966577103243 | 0.007343860072418728 0.001279055499466078 -0.004055053215281175
0.3436430936977415 0.40000239507411595 0.3436374705888695 | 0.004516979033893311 0.0034266068578467155 0.004520055067536951
0.3155671594336643 3.101728600534738E-5 0.4473060335161748 | -0.003269742658042791 0.005455807099537231 0.0020085144930944766
0.3243409325426144 0.09345678470868529 0.4000051135329207 | 0.001372183888833324 0.00603009188110078 6.483451214738771E-4
0.3014191546380288 6.250959860160899E-5 0.5111086735585343 | -0.0042245871290521415 0.004864926908473347 0.0013994338342968842
0.2646329781188571 0.0060647997933220045 0.5972542023138802 | 0.006419006147449289 -0.935995687805535 0.061184145803096834
0.21576969166779952 9.824649312526641E-4 0.7174994132412583 | -0.01981031022556139 0.12801101769051837 0.015801315282216902
0.2590417315869733 3.7986621992752047E-6 0.791025852507135 | -0.001443849817191478 0.003755783875264428 0.005619171654662533
0.400003851577182 0.03643984819583155 0.22430512094691094 | 0.009023512815896044 -0.01168641908701016 0.0026058317994689596
0.45771200004243257 9.132165406207078E-5 0.3057923003159465 | 0.001043419971137176 0.005169270452571245 -0.0037953091697056373
0.49852259309740116 3.416617118205391E-4 0.49865459702101766 | 0.0015646291979654644 0.005632666114846774 0.001555675265620214
0.31791003227685094 4.1378798213262765E-4 0.4000403170127112 | 0.004465587881389896 0.003840642021717563 0.003857913040014568
0.3737417768243167 1.94175517954317E-5 0.4845450253100892 | -0.0018356194928583376 0.004765056368663199 -0.0015357553339734689
0.34424247607027014 1.551079776659575E-4 0.5750911211151348 | 0.002112784591797762 0.005620148965840922 -5.166929142135944E-4
0.36534115928733213 3.412001310488177E-6 0.649789840173531 | 2.2287670085433588E-4 0.004809116188518073 0.0014694985454457485
0.3500435055301633 1.4931389963271558E-4 0.7432275689835852 | -0.0017429954794592826 0.004014076569869207 0.004803728051144382
0.4000005290456361 0.10396143344497231 0.20833179333195992 | 3.714761148936713E-4 -2.9060075220514525E-4 -0.015252063000019958
0.4000008373471201 0.09332127075255157 0.32439641060917285 | 8.760060813630826E-4 0.005036008629545308 0.004172068073810281
0.4000849567894462 1.9770106877162934E-4 0.31205791091387225 | 0.004629649212345325 0.002222715301946477 0.006405889142915295
0.4248608146128011 1.7254233748687143E-4 0.4260172178847697 | 0.0012367413107505197 0.004832021774865945 8.340750842217882E-4
0.42900480491070514 1.396405225312611E-4 0.5394513414273944 | -0.001825330444910126 0.0029834000800706465 0.006323115548313575
0.4448830548905805 6.690779548984023E-5 0.6413607430157499 | -0.002396881520879627 0.005290530296098045 -3.2717287366038967E-4
0.4317949789027801 0.0022049908851288448 0.7262550940241459 | -0.008232329758518356 -0.1791317707575804 0.07395247153490145
0.427334088295575 0.012785793063655806 0.8299086645459236 | -0.03277264798585935 -0.20948147358428312 0.12362742354106077
0.4795015119474629 1.949646072032398E-4 0.2332804489945515 | -2.2393279558124835E-4 0.0036753095985200394 -0.005392195286832955
0.5105562667012554 3.441802862990557E-6 0.3010470839605544 | 0.0019695539624483074 0.004743652912154872 -0.00436530122304828
0.487175644600186 8.752075895173246E-5 0.3723625501218636 | -0.0016243921972576398 0.005072231616081603 -0.0019885804392722
0.5391948190866079 1.4088335485013773E-4 0.4291480877602128 | 0.006380950147184386 0.0031279381619521234 -0.0013349203706662708
0.5346958695161649 3.197310592006179E-4 0.534920345888216 | -8.425702413121176E-4 0.006580722085805534 -9.801664113665777E-4
0.49976165607328465 2.4180234431757212E-5 0.5901574996186525 | 5.903707452480064E-4 0.004714098492382825 -0.001458669167736412
0.5143208741378545 1.6603445898252095E-4 0.7323266058567577 | 0.0024103554522489825 0.005383923229505229 -9.028318097353221E-4
0.5148723364810476 4.895632612734585E-5 0.832019221755978 | -7.401768044486967E-4 0.004021896937920868 0.0059793032991801096
0.5664411600149534 1.3175351986811505E-5 0.19599196690243217 | 6.100736661356221E-4 0.00441843644191009 -0.004162030624379526
0.5970762427193099 0.006299366617543018 0.2643675636053848 | 0.06098424840600362 -0.9289078784191533 0.007604210078222904
0.5755321553204846 4.5103682420302076E-5 0.3441892279069926 | -7.822207315703142E-4 0.0055675775482070455 0.0024605450804862897
0.6412687284919193 1.1428423886563352E-4 0.445095820002972 | -3.236364336774698E-4 0.00532539755419987 -0.002655207274283634
0.5904200638456674 2.6557564419993622E-5 0.49972130022735584 | -0.001852026413267837 0.005689602093220679 7.182674504582179E-4
0.587432822307928 1.1046181187970097E-5 0.5874849146370537 | 0.005002586040461098 0.0031606930507861895 0.005071475675959886
0.6035730985263922 8.318540080847083E-5 0.666485542849545 | -6.504601397425465E-4 0.005019341560431593 0.0032952073306969573
0.5844321487372272 1.5015473179734492E-4 0.7946773691177424 | 0.0023453840271063842 0.004416852419364557 0.004709633132045859
0.6538428680348575 5.5791033175328304E-5 0.14984618945900952 | -7.894011831756447E-4 0.0032452394577611684 -0.006165541119767156
0.7175212906535221 9.370382060868616E-4 0.21580020568545283 | 0.01596250267360721 0.12820200171149185 -0.019620982308967222
0.6498986999473528 4.195329780766721E-5 0.3653191497000329 | 0.002196415534864339 0.004809870653327334 2.390100454697638E-4
0.7262021181664126 0.0014795369867093347 0.4318012579895932 | 0.07282123589484622 -0.1547771509464216 -0.008448538319552624
0.7323683691031646 1.5166469855366828E-4 0.5143165046134021 | -0.0010253072671148385 0.005367103774101944 0.002406251226149092
0.6664147826186436 9.194108755686438E-5 0.6035096797913282 | 0.003315872539623313 0.005007401363728769 -7.139972153627394E-4
0.6983569842547344 1.3436628997225098E-4 0.6983466494174577 | 0.0012281379236804043 0.005246928818030685 0.001229336536930274
0.6845873050085686 8.76714800477607E-6 0.7900146173373267 | 0.003258824041202311 0.004130788627121018 0.0033898387283772913
0.7575272874415229 3.5522181371723937E-6 0.1871561124456033 | 0.0019373835597965088 0.0039273371430459695 -0.006473918480055503
0.7910485506546248 6.401319418613238E-7 0.25903068390415546 | 0.0056192042489452325 0.003752927805285619 -0.0014568010497951714
0.7432373188255542 1.6006715430845315E-4 0.3500525386747516 | 0.004851956788904985 0.003966797252065458 -0.0017301377312810649
0.8298978894351995 0.012806389168622763 0.4273465255171183 | 0.12372281491142499 -0.20961031722098103 -0.03274746502013504
0.8319999865033517 2.7523045496933387E-5 0.51486893977623 | 0.005966820892600026 0.004031803968366946 -7.383952358400404E-4
0.7946805806246512 1.4311544461306723E-4 0.584424378816027 | 0.0047130838578880495 0.004421758035715756 0.0023315613615504287
0.7900134649013624 9.087243775810013E-6 0.6845884312150187 | 0.0033892014307300954 0.004130585053602657 0.0032592354105970747
0.7437455636135751 5.629649114125538E-6 0.743745526534862 | -0.0010107518525219244 0.005307089207997335 -0.0010107689225782026
