512
0.26164687198471454 0.4224223064190052 0.26164693013613194 | -0.06783599444990823 -1.3274632022378725 -0.06783548973404391
0.2416262004910906 0.40380835167750906 0.36304198696327733 | -0.06006473474672356 -1.263875448745609 0.04240283377652727
0.2592622362869403 0.06506059481253791 0.4000815945412194 | 0.00538442564991162 -0.011703553862362142 0.004597343209084749
0.2238806920264909 0.14678181843006802 0.44254472932424604 | -0.13877664329337702 -0.036653928082808346 -0.07756267524066103
0.23763098258079504 0.08180594775329193 0.4821560114966511 | -0.0674437121175599 -0.21915824897069502 -0.0040440686355465326
0.2831966740554056 0.08389534661433364 0.5687629788918624 | 0.1430186488506889 -0.016656908847025975 0.07291015578998247
0.2877322725609646 0.08562857048666828 0.6366322414469603 | 0.4308340649397721 0.008472591390041369 0.07272571908285991
0.2705303291323349 0.09631444523675722 0.6910871511368167 | 0.11919817650260003 -0.02671958462261391 -0.03231731495295699
0.36304220418400973 0.4038081264429783 0.24162632369547785 | 0.0424040289779948 -1.2638731977928854 -0.06006470504151314
0.33904095662985423 0.4345544045831581 0.3390461148504491 | 0.009202192423387065 -1.3068728196778232 0.009207680675291928
0.33508847554313365 0.10701203680602686 0.40005844870354373 | -0.006456171249096917 -0.02706314345937135 0.004332250294019739
0.2840178347880403 0.19556843611360927 0.4660925479640259 | -0.18390965548904067 0.361118307699473 0.0152978622762207
0.30541035508114966 0.10321573533830639 0.49509981415564297 | -0.06675543896691531 -0.02362763743019114 -0.03498214107072135
0.29469682809923264 0.16127652654545752 0.57322084756456 | -0.11863216717554376 0.35938846751110615 -0.02086806805511223
0.3151961959217655 0.13774011025153565 0.6311385924143951 | -0.05289832609602229 0.5073597523886865 0.02322419455458363
0.3018489733182389 0.16234236946840816 0.7038408848978119 | -0.08709398722074152 0.42654480571738834 0.12691098949246715
0.40007799497664337 0.06505961558945478 0.25926057876110215 | 0.004620196848477936 -0.011777953926986915 0.005289316244397619
0.40005311674337807 0.1070352500518906 0.33509603563335794 | 0.004376551946789248 -0.027469406255849066 -0.006497116048696964
0.40296132742896945 0.4521708661091871 0.4029765172511496 | 0.006178686308579243 -1.24311506262742 0.006208266235632424
0.37097579554125765 0.20652296372320714 0.43912725507928396 | -0.028638896652998118 -0.1349311096753255 -0.038414078603582966
0.3746316243398502 0.18282341591689444 0.4880007420691736 | -0.07087036478045973 0.4184009748152124 -0.03664552452501472
0.35653293600004576 0.13524823749340975 0.5650108278927916 | -0.18193444097705316 0.49428490354886306 0.06987850534731117
0.3632049268992546 0.15234802342170853 0.6364620434521914 | -0.11498895740371577 0.3917452347753741 0.02199239510532194
0.3609092878638264 0.17443763654938826 0.701898246483129 | -0.10887906293711101 0.4653829353306081 -0.09236459700886676
0.44274549753548126 0.14699802711615292 0.22391072663664258 | -0.07673140667626484 -0.03419964141378209 -0.13885986725261512
0.4661091593592296 0.19609318846436047 0.28379343322035755 | 0.015974803257028727 0.36630808005438326 -0.18624336272245987
0.43886859594278793 0.20611527352809514 0.37097221569804917 | -0.04306099928957406 -0.13854856118471756 -0.030817834212225836
0.42345105922991955 0.12768043691200404 0.4236303957501886 | -0.17592542446486492 0.05354982285800672 -0.17363170500668132
0.4428515646218749 0.11406343665338164 0.5125528374551004 | -0.08738447745777972 -0.09541312319253555 0.1698090203217406
0.4341417127500603 0.1477871493285231 0.5918058747694372 | -0.022287785590305358 0.35787757734033626 0.03569300078667754
0.43073765692048227 0.09544830189422031 0.6152311204611368 | -0.04611594142181009 0.3637771255560774 -0.11777161420955974
0.4394175752368347 0.15211591193210508 0.6759851711990372 | -0.0044498891078950525 0.2688342465368385 -0.09492259757532559
0.4821314803411378 0.08169306401125513 0.2377204819182052 | -0.004248913738566544 -0.2193909744808033 -0.06730295343543644
0.4950081328706539 0.10348736265744961 0.30539050364413234 | -0.03498869342945706 -0.02312748430658968 -0.06712057703523498
0.4880583305802405 0.18304303337743447 0.37467647304802304 | -0.03597480026197542 0.4198277617782687 -0.07063321176845826
0.5126761772667819 0.11348218154214246 0.4427267091356006 | 0.17104788495635037 -0.10026413652803287 -0.08854829070771973
0.5238322268867308 0.1179180129176742 0.5238506229994241 | 0.13658651952938805 0.17723680464214384 0.13709634449959174
0.5049485290040981 0.14250508110587307 0.5977147172217734 | -0.03007305197352087 0.34583710975307375 0.06577252813192508
0.5090702996521771 0.10245856250915457 0.6194364556924943 | 0.021433913881156244 0.3393097482421999 -0.10027143639063713
0.5102014985624704 0.1508107615321825 0.6823182502752241 | 0.01538887198960311 0.2542695929413257 -0.08547039602982247
0.5687142072241937 0.08394242453632098 0.2830827725421905 | 0.07217897372538333 -0.0167200046929016 0.14070655546545036
0.5732078028298752 0.16123778092651758 0.29466903509857356 | -0.02087371731442366 0.3592028760918359 -0.11863966718247311
0.5650186826043389 0.13530383338887036 0.3565397690775388 | 0.06962383303861854 0.4944704114054675 -0.18124538262266543
0.5917783685603691 0.14791327921376551 0.434154921456977 | 0.03463225252842606 0.35807196637022 -0.022025505153655724
0.5976648897152562 0.14251643158370061 0.5049456919092581 | 0.06564780108323129 0.3458841305589828 -0.029991243685987358
0.5856726483619497 0.12883836694471087 0.585660004195769 | 0.07828627799584974 0.31867821212454744 0.07801164827521577
0.5760217507359847 0.10011413907129692 0.6359875615504113 | 0.05929628664737378 0.20897948720028175 0.010951934336469672
0.5870275855982952 0.17029436741525303 0.7006578545677952 | 0.09244571404567022 0.2944330222858426 -0.053245036917339277
0.6366310252071218 0.08563224851921994 0.2877227525094548 | 0.07273454159331072 0.008537899476452615 0.4306752613385096
0.631156153694603 0.1377215872503447 0.3151758043887269 | 0.02342654935874974 0.5070133236384183 -0.05317159935951118
0.6364735703780824 0.15230063165083318 0.36320233099022764 | 0.021759781889414857 0.3915417610774279 -0.11538019117074036
0.6152116536001587 0.09548573763401885 0.4307346690723227 | -0.11783042350005736 0.36431407578926983 -0.04609196202596688
0.6194207231917086 0.10245349128349876 0.5090625495581246 | -0.10047486906503389 0.3395517096860434 0.021441483865401324
0.6359850453127157 0.10012030553471025 0.576020758644021 | 0.010961143803915122 0.20905831865989127 0.05933115393014008
0.6491834903547825 0.12451436414803171 0.6491829145039318 | 0.04317164605544037 0.21694911045327422 0.04317111762029405
0.6509575428108649 0.13011115671205645 0.667590877546473 | 0.07967236697699158 0.41421642666333425 -0.043571365383719966
0.6910854100448256 0.09631036354228745 0.2705331658033447 | -0.032361322809542764 -0.026766296214429896 0.11922643904949079
0.7038447875368937 0.16234490628188708 0.30184438607427627 | 0.1269489778724877 0.4265444659197276 -0.08710201952021389
0.7019014673633335 0.17443641413588212 0.36091079841648516 | -0.0923268155772338 0.4652729713014338 -0.10890631118814946
0.6759906151646655 0.15211453567767919 0.4394178735218549 | -0.09500915930596793 0.26898678744069215 -0.004494317910223208
0.682312092113834 0.15081176224589124 0.5102001232947958 | -0.08547811949474149 0.25424964243927417 0.015381653977875937
0.7006575122111505 0.17029448677274206 0.5870273431378947 | -0.053252547439060015 0.2944482163163703 0.09244470695272004
0.6675907943450812 0.13011130026640214 0.650957084857072 | -0.04357169704978934 0.41422129037017386 0.07967847679207979
0.6963742282070128 0.11537491733057134 0.6963741903558353 | 0.009378790249481548 0.14527182431016375 0.009378936995106241
0.2585331917745707 0.4174567022252563 0.2585333558061014 | 0.009071046136787508 0.2536436783797342 0.009071605363215112
0.2346837480458625 0.4107633827632804 0.3620295279554891 | -0.03906282287776509 0.38740961086894615 0.014161058567138625
0.26044137998646605 0.1412386377220692 0.400003277206669 | -0.0037181203244414014 0.002969006192681885 0.008146154355119981
0.23707430967808546 0.10179923642159994 0.42530464432830023 | -0.12569202586472855 -0.3202679133735644 -0.10836209907993226
0.2387593506115392 0.05924035685263394 0.47572902496185204 | 0.006389016092567263 -0.5476390200794673 -0.06339212326777997
0.24148122266747368 0.06603581864381079 0.5619880216845656 | 0.07862246023068904 -0.8224839783132933 0.024314694849655066
0.2862996583872993 0.06678225924717547 0.6400642213042325 | 0.37362734239834533 -0.26677429048144163 0.11975674325509678
0.24992341122225478 0.06333913852180488 0.6989305198611524 | 0.03514606353255817 -0.41872482948671813 -0.029210836816748492
0.3620296473688319 0.41076331067632676 0.23468351818886704 | 0.01416272578237521 0.3874092756461145 -0.03906312519829427
0.3438739460627677 0.40934234912510387 0.3438728346490253 | 0.010897132744922057 0.5031615946770548 0.010792824622249802
0.33594920628101427 0.19111022378472908 0.40001206186744614 | 3.158817130308376E-4 0.008184721348065813 0.0018361844135952523
0.27976360872950323 0.16753322486702457 0.4558022235782528 | -0.17823892692158147 0.14110896428223074 -0.003959523281717355
0.29686382869738354 0.13750092446168088 0.487869842758964 | -0.044348518173116774 -0.20930329494101538 -0.02339017688885936
0.28729721793999224 0.15572995759564118 0.5702055190891806 | -0.1622762089749577 0.12362348215299694 -0.057190400214572765
0.2899704555500802 0.15798646461437307 0.6468651413879433 | -0.17102909210435494 -0.10757086325852522 0.11292398043521301
0.3051131285417075 0.16186624385405998 0.7480912029668945 | -0.07483036544917455 -0.2331340692570878 0.21461767247227262
0.40000239375972224 0.14123945235730875 0.26044274746938034 | 0.008071336261927105 0.003073212332170174 -0.0035140256223827526
0.4000200269433394 0.19111673575600013 0.33596657558207443 | 0.0018088911244549556 0.008086346213096923 3.085379381967239E-4
0.4107851388885277 0.3781616844100294 0.4107861843127443 | 0.02865515366649446 -1.589969152679853 0.02864372253741265
0.3524436692393238 0.13882944750062268 0.4099484992525708 | -0.1094328339759321 -0.3098127866379899 -0.06656864743448748
0.37067478102916934 0.11200248992444993 0.48343872197830506 | -0.07477475443512777 0.1428273259802827 -0.03670537562256413
0.35561305400888277 0.14148400425699745 0.5648535855563799 | -0.15490462929580967 0.2815623481409098 0.06700780223090133
0.362574426814878 0.14683581750625363 0.6392550369350889 | -0.1242224667091444 0.20769337348035385 0.043614255960789564
0.3699338860188124 0.1191177212316158 0.7274779980413064 | -0.09494628979625981 0.007490127488420076 0.12357782158143064
0.4253330719335848 0.10182930013700008 0.23693131827619734 | -0.10790629464604924 -0.3206582369223243 -0.12637209136637234
0.4559266179340903 0.1683578531867367 0.27941745907564824 | -0.0037550023416052297 0.14752895434728064 -0.1808695788438968
0.4100081136448704 0.13824431424622333 0.3525973368976406 | -0.0646483760024934 -0.3162860514894141 -0.10679311872718047
0.4324780606027637 0.14560673358330187 0.4325549796832758 | -0.09186908410297857 -0.08970462503883973 -0.09073798486845817
0.4489984616874824 0.11432392015747866 0.5080318020265615 | -0.024609026488193856 -0.31234011456382255 0.13693378686912347
0.4337367152462865 0.1395332656287182 0.5885694357981813 | -0.030742137226935456 0.12832443354482465 -0.005767365310768201
0.429740559520225 0.08508073674579963 0.6158714901266269 | -0.05707587121307599 0.1792315836956681 -0.1466448758459324
0.4368271296066811 0.06742436187759787 0.6861285116480487 | -0.04071675152867572 -0.2659687371493672 -0.13671935080090214
0.4756919562276627 0.05918540942610978 0.23884317809926028 | -0.06379078361877011 -0.5477537907942824 0.007207054587912616
0.4878712413483577 0.13746002508294122 0.29695754177562766 | -0.023255192963023003 -0.20829357927857856 -0.04417484507690172
0.48348554571315666 0.11216965465934646 0.3707451167530635 | -0.03596076316465788 0.14536883886629484 -0.07410324870383603
0.5082412676886724 0.11344579437059858 0.44877502217241727 | 0.13935713528170018 -0.3200150863310318 -0.02631125543070103
0.5398470256297261 0.08956777383897806 0.5399161548860034 | 0.3488204360900719 -0.19003574614399604 0.349853946188343
0.5068989008601348 0.14421887566233743 0.5916467218842896 | -0.012162266573954672 0.12199026809320801 0.02398362183927354
0.5101445336845132 0.09164122135577672 0.6193687950969278 | 0.03566361778870276 0.17108016896092185 -0.13401932091003435
0.5121849911876714 0.07194199136310175 0.694831718622837 | 0.03531955909509572 -0.25370252724075426 -0.06943175209941628
0.5619648536293668 0.06602176963705136 0.24149804324532942 | 0.024242626059891432 -0.8224918440969072 0.07862486870747337
0.5701939924389906 0.155704037113772 0.28726713967281736 | -0.05704665471411291 0.12311961069361894 -0.16207013627475686
0.5648548881398832 0.14160637248656688 0.355624382473412 | 0.06648916632501917 0.2816950715223314 -0.15417682193744725
0.5885224474912627 0.1396458155078886 0.4337468152932738 | -0.006304033944510644 0.12826334826208408 -0.030615321663930706
0.5916198062027873 0.1442218045265359 0.5068977264419087 | 0.023989731829109805 0.12212535467044758 -0.012113511360240527
0.5875659374438634 0.13070010596422946 0.587559316056697 | 0.10014311810269143 0.09855611784496365 0.09999433440215563
0.5815092553163737 0.13880467458312823 0.6502158727512436 | 0.08118740231600224 -0.010471067084139531 0.023969973185531655
0.5811369728159864 0.11008499843368137 0.7266446998400247 | 0.09814726612486625 -0.01917038020438684 0.09780232144537965
0.640058283396897 0.0667816507718761 0.2862985708534092 | 0.1197160809107819 -0.2668033161346862 0.3736303670127031
0.6468696631097615 0.15802007190046435 0.2899609638958494 | 0.11283697603881769 -0.10714666375292656 -0.17113489475639895
0.6392746996665042 0.14680497584346697 0.3625752336538461 | 0.043605780021696336 0.20751262338415719 -0.12427588093922186
0.6158409265764281 0.08512239023594431 0.4297390391078973 | -0.1467481043234213 0.17964785544616546 -0.057077160722892734
0.6193527321297331 0.09163322548289357 0.5101416679363143 | -0.13417708310172147 0.17127479656792124 0.03570091692892485
0.6502158419796554 0.1388106511427667 0.5815063000866387 | 0.02397212328272246 -0.0104603327209066 0.08117250787901349
0.6513259779897067 0.13535189606982126 0.651325493437665 | 0.04863469711660355 0.032173488160280796 0.04863415715054456
0.6442678155388386 0.14089625943405223 0.75142447385912 | 0.0582911537801343 -0.3983796121780234 0.23528103174739107
0.6989311140572433 0.06333923437993307 0.2499248201360387 | -0.029200984277451162 -0.4187286718883308 0.03514040908814711
0.7480917677606465 0.1618650463762865 0.3051127333032805 | 0.21462526923551878 -0.23313048302920636 -0.07482906673237694
0.7274865365013822 0.11912016352393094 0.3699387906138737 | 0.1236095563769573 0.007483631977486324 -0.09494420907279996
0.6861237162731222 0.06742081588764248 0.4368263358649385 | -0.13672362832066964 -0.26598628994931284 -0.04072384589021628
0.6948343037890304 0.07194166894872567 0.5121844634169008 | -0.06938552396390733 -0.2537234596336671 0.03531145338606964
0.726643773609318 0.11008410023736391 0.5811372484437769 | 0.09779790961125477 -0.019168896995981434 0.09814323549527197
0.7514244267673974 0.1408968157344431 0.6442676800948606 | 0.2352799293463524 -0.3983755648476324 0.058290647518248966
0.6869895979371408 0.0517798261324997 0.6869895739677321 | -0.14962455978220585 -0.4811211459465238 -0.14962457165996626
0.1981593369778776 0.4138394536031132 0.19815939555546816 | -0.09847876350953677 -0.1613219251264323 -0.09847872236451785
0.22620663530016422 0.4091470297108464 0.35174474998542626 | -0.043651117132820695 -0.16079138181201524 -0.003530888674620796
0.25680885445407103 0.21290059266303557 0.400000736921672 | -0.007434818530461064 2.099291704125142E-4 0.005049668181697595
0.20468781713686968 0.10635423411622602 0.40008408348024566 | -0.003636669128590073 0.005210866871403516 0.004883708453109575
0.2547037937107765 0.028823846537241984 0.47121428063437765 | 0.18087089114451219 -0.6045241619200472 -0.14393298419381576
0.22838697489035245 0.06148942996749889 0.5626122540780291 | 0.009336723218963039 -0.9258638805690287 0.005974428666025936
0.2715481214227936 0.047711978781855 0.6426799637655127 | 0.21303905078350024 -0.591325032404132 0.12132136475124305
0.2049618629888275 0.11422061921277875 0.7399885781067131 | -0.14794524643808596 -0.5980120777628128 0.13308767648831205
0.35174470473540126 0.40914672372793354 0.22620599167040528 | -0.003530585253461641 -0.1607929055413454 -0.043652361939310096
0.3446033834694902 0.4155483548985226 0.34459884369858235 | 0.010801630733001282 0.15435096423830602 0.010717550716475977
0.33667020428294625 0.20452658650266267 0.40016791759887094 | -0.023126840751763075 -0.8578575322614249 0.11464455972441456
0.2556191890885399 0.1924408592998108 0.40419254793767423 | -0.0894883453428215 -0.3080453485467946 -0.14389337219437884
0.29567816769982186 0.12786999485065592 0.4884088738242858 | -0.04848175827259484 -0.42062270860604306 -0.011818535441548974
0.2902178554476466 0.13965806273653092 0.5733909063758612 | -0.15890283472976616 0.09469204572846807 -0.049118963277604503
0.2810686147279892 0.17337427796942514 0.6533842934463282 | -0.15780405695579808 -0.2614488926341586 0.09801106108728286
0.3072433278985571 0.13905762043888714 0.7528393124477525 | -0.032540705166755335 -0.567403685811181 0.2288548092770783
0.40000039285294625 0.21290212960254712 0.25681109175619565 | 0.0051969331020520395 1.329761562616061E-4 -0.00738558582855653
0.4000756361946266 0.202697627047102 0.3370553461557472 | 0.11098523842053389 -0.8513219870936184 -0.018858023802631463
0.4174222327305223 0.316412274300269 0.4174041900518222 | 0.04696140553480965 -1.8349978396657802 0.04692524649495755
0.3469049536395463 0.17207446145023636 0.4036136775289978 | -0.11309907558522445 -0.620635228630365 -0.1316908820465708
0.36812264702644115 0.07897234481387819 0.4844540033368987 | -0.08367837142047536 -0.07988629806546824 -0.041506100456726626
0.3626489609492996 0.1944671382086078 0.5672106383158642 | 0.011644544260246045 -0.06143426891683707 -0.010740505199777792
0.35739004353458353 0.11885746556692649 0.6359558928222921 | -0.17536375809226612 0.05485920047424908 -0.02581716022095979
0.36486347501394617 0.05634551913177673 0.6809494282711928 | -0.09107885168303931 -0.5946884487766738 -0.30828593438252033
0.40001743988385124 0.1065924025469632 0.20415132581136233 | 0.004806056316321057 0.005185506433069292 -0.0037568235994761305
0.4042359214102344 0.1929661416780384 0.2555351080639586 | -0.14623730528498613 -0.30172638404039537 -0.09128602748357799
0.4040549096659312 0.17187874002304632 0.34717913195739486 | -0.12857446484642387 -0.630882440620326 -0.1102541739689458
0.4217029279931676 0.10385297132478014 0.4220754780416888 | -0.17140291158215287 -0.40354775710640667 -0.16451212233237275
0.4346413476576976 0.0776502850077103 0.5272806406404915 | -0.09429924143427537 -0.5411954430546887 0.253192589956217
0.4347717413302927 0.18475486471382915 0.5771014831411063 | -0.02963606271119182 -0.21724615789601995 0.005239012362633227
0.44103553529950873 0.14142833299024402 0.653863642740444 | 0.002141750856482507 0.09570956766610711 0.14647997736293064
0.4395723230958821 0.02739363868122607 0.6752771550292416 | -0.026286615448019263 -0.7665141333670493 -0.3598056009413733
0.47122199699790696 0.02886216255935054 0.2547405678868082 | -0.14416835977701528 -0.6041770722336655 0.18139610990531985
0.4884141326612342 0.12772928456978477 0.2957844782039196 | -0.011823647823514721 -0.41892216407596355 -0.04778350831496453
0.4844484292433168 0.0791344807832798 0.36810426669056884 | -0.04478443766679612 -0.07575707927889413 -0.08223983707079942
0.5277275840506438 0.0767600090928859 0.43437872125450816 | 0.2547769982339999 -0.5462251926422222 -0.09555875997933579
0.5536258032618159 0.06750980621634663 0.5537209579461454 | 0.536028837765055 -0.33070701447222367 0.5375210402692622
0.5130860084276174 0.1873934814388525 0.5763639094457204 | 0.027669516543347733 -0.17835400591032827 0.013698414040933833
0.5094018588414705 0.11454135482718206 0.6316014391974741 | 0.006129797905141712 0.14925083255718585 -0.022362124203687727
0.5108837663076636 0.03074974761642454 0.6742752010282623 | 0.032364130638790546 -0.7578048723171736 -0.3823666943211139
0.5626002240250786 0.06148107435433629 0.2283738865898315 | 0.005928997572222986 -0.9259332795998428 0.009318184058854383
0.5733863571826573 0.13961493852388351 0.29019377376312616 | -0.04908559562396983 0.09412106780893889 -0.15877773580581994
0.567259145178656 0.1944480664953317 0.36260539351523646 | -0.010585436765782224 -0.06057686941942857 0.011105630316497998
0.5769601427235465 0.1847272637461183 0.43477195012502856 | 0.004695855159788956 -0.21690035139388897 -0.029637041967539773
0.5763811013795765 0.18741069517706477 0.5130997770908615 | 0.013630479177979542 -0.17825350325517686 0.0278409456124649
0.5894193200766831 0.1679546432945285 0.589423104655351 | 0.052543654144309615 -0.26759039081548286 0.0525543633416091
0.5830693986365576 0.1079597718672896 0.6459076138479797 | 0.11466339768957694 -0.07266331827511396 -0.008645570198435468
0.5877500356093042 0.051574851932826855 0.680185535140614 | 0.11181037785564366 -0.482727360335625 -0.3843740784046067
0.6426724377384057 0.047714302212523915 0.2715480060786854 | 0.12129264796999685 -0.5913576462847673 0.21303659542273334
0.6533778742416744 0.17336641364131838 0.28107456259761315 | 0.09790997267397099 -0.26133742700931883 -0.15781116104866372
0.635974560439657 0.11883348206321698 0.35739336959137763 | -0.025765515196571904 0.054685298981558876 -0.17535307899173097
0.6537584293489573 0.14147559153214406 0.4410404342888396 | 0.1462067579620616 0.0966459091013033 0.001977106527048942
0.6315865940951523 0.11449141904963812 0.5093999951416754 | -0.022666509873135357 0.14897153684934078 0.006174328511708154
0.6459077804253935 0.10796369980652801 0.5830685238648935 | -0.00864547379280437 -0.0726539223808651 0.11466219674793204
0.6569649921988633 0.17264177304056408 0.6569650328744211 | 0.08135847730154432 -0.15853235930946466 0.08136259224800019
0.6418929689876683 0.12459872980738272 0.753645558178522 | 0.018956002173698458 -0.6700531154905639 0.21429099822939607
0.7399885667336311 0.11422066126121087 0.2049620177242587 | 0.1330893231166429 -0.5980081839222077 -0.14794533671482019
0.7528393239313407 0.1390559135778065 0.30724295335885976 | 0.22885560272471678 -0.5674137367105643 -0.03254345453663308
0.6809530691487847 0.05634295816026259 0.3648652852006538 | -0.30838002056640923 -0.5946625242048249 -0.09106573779619892
0.6752754814887577 0.027401063941080297 0.43957219336740017 | -0.3597053928685802 -0.7664913875701888 -0.026278281252068172
0.6742768528081501 0.030748344155100846 0.5108840643087181 | -0.38236707321170366 -0.7578137456853854 0.03236336535009555
0.6801843545402405 0.051574885259475255 0.5877498929958782 | -0.3843742974551294 -0.4827347944617449 0.11181097552202567
0.7536455575194345 0.12459909339915534 0.6418928564771503 | 0.21429152771723556 -0.6700505667111656 0.01895577015537834
0.7454026930976823 0.10588092349377659 0.7454026952109611 | 0.14996263012294803 -0.6363711858018859 0.14996275998861364
0.19575209943516145 0.4003628751076847 0.19575212255529198 | -0.06750999015654006 -0.038929348502794614 -0.0675099721527857
0.21908072266405001 0.4000003100847486 0.3465471590977982 | -0.007950905018926906 0.002784970127559085 -0.0030005780864366433
0.25305792281811035 0.27229586518805066 0.40000042807858954 | -5.18608418266594E-4 0.00568676919282769 8.254971796253744E-5
0.17068709053037365 0.07851484129999925 0.40706790916628316 | -0.1340695723680347 -1.004360418158808 0.15344977407539842
0.19427223294453966 0.04282166620297567 0.48168155013305625 | -0.007104493526892416 -1.054631357017673 -0.04188039929156221
0.2101560879929018 0.04364607500318609 0.5638194660893677 | -0.04603411156629338 -1.044432458576339 -0.0060642282486079255
0.19171537295888086 0.08801948973331505 0.6409291469817318 | -0.1581754384995436 -1.0026535664612866 0.019484353368921327
0.199317761984647 0.09129571600479969 0.7464907799643903 | -0.16260865415295567 -0.7812717081669529 0.15098494381938674
0.34654705003117486 0.400000123293917 0.21908009919445443 | -0.0030006006178766947 0.002784687641502449 -0.00795124867267624
0.3453243616763109 0.4069482170950885 0.34531739306367626 | 0.01107425194845257 -0.1963424811075277 0.011007864435918701
0.344573855542453 0.13516146304470408 0.40591608128686174 | -0.002250098131415524 -1.7867347685086827 -0.004544208747542488
0.2716657251715998 0.17556768770354045 0.4000858461488373 | -0.003932601384965104 0.0031655507410272912 0.0030797483045168143
0.2997179464845668 0.08968232389962734 0.49477689645012723 | -0.048516446495960035 -0.5260327496569498 -0.013280262595648006
0.2694150227505785 0.16542310491504456 0.5584813633761535 | -0.20861096983320981 -0.3225833627385106 -0.11100087468952449
0.27776224169214186 0.15965349212975846 0.6547216265605934 | -0.21465608176506573 -0.3761808429509083 0.11480531782644098
0.30550295490314655 0.08174182961222273 0.7547911938583125 | -0.02982923252895696 -0.8480001981427734 0.1329439104348035
0.4000001559451894 0.2719674808121296 0.2531408691049595 | 8.047106393073719E-5 0.005539633400046278 -4.949275406511762E-4
0.4061689038318489 0.1324625731459691 0.34462464063798903 | -0.0032777816599959646 -1.791193385922585 -0.0020495104351372457
0.41992175644689 0.2457675295539937 0.4198886629153654 | 0.05619693564179251 -2.0951637339020297 0.055935783620903956
0.3474264699965483 0.16212782474710577 0.4035812681575261 | -0.10907419593609026 -0.6773874144554867 -0.13072844551077833
0.3849047456736498 0.15707151496180152 0.4884833537127827 | 1.5165920543280356E-4 -0.43939522188642083 -0.03515727360428866
0.36219852930356217 0.17367883019738717 0.5642030357720546 | 0.02287652818256196 -0.26308494104304414 -0.038259304314805585
0.37044336932876176 0.1602530877247811 0.6464631265877215 | -0.020457774906876478 -0.06183347273255822 0.06908351392900985
0.3690180179496622 0.02342657785953764 0.7287276461895394 | -0.06730343837143499 -0.9987403626309308 -0.12293809737371249
0.4070470700954169 0.07838217955625071 0.17070714245981897 | 0.15388919950871807 -1.0048628706140272 -0.13233144883939515
0.4000867132065795 0.17565445346376 0.2715709128436652 | 0.0032007196282103434 0.0032780415114926254 -0.0039164571384751835
0.4039996248683441 0.16171714576077473 0.3477196905255261 | -0.12677081683210153 -0.6866758036962546 -0.10573919601311356
0.4025544609069439 0.04452910375706403 0.3972623484936899 | 0.20018719778358027 -0.6592573607550356 -0.21912765210980711
0.42621079444591925 0.04604075699017321 0.5415633479826606 | -0.13258506732403408 -0.7085401416376002 0.3032654132887835
0.4346573573812171 0.17287015934454425 0.5722537419635892 | -0.03327341262428305 -0.37033880782415063 -0.04868688642152744
0.44172714119715306 0.1317760289969399 0.6834852133380377 | 0.05022515178653503 -0.6572303283822375 0.2438763642633783
0.44027450595666695 0.0017299006085341674 0.7337420717992618 | -0.02978488418244756 0.5413053016743372 -0.056943065132402604
0.48159444249359956 0.04275319907854466 0.19434167700710733 | -0.042437413911576766 -1.0550478168457484 -0.006550842950453518
0.49470664482724125 0.08983405103177139 0.2997285038558558 | -0.01335672818692713 -0.5254533904503054 -0.048826207982855384
0.4885719922863711 0.15708140742435384 0.38513208248184616 | -0.03388154500737719 -0.4403902745995578 0.0011833380843422438
0.5415863561193277 0.045545380864939394 0.4261916492710266 | 0.30273120151981925 -0.7124112037958825 -0.1322930626722518
0.5578786391816313 0.05226309086798174 0.5579901415811122 | 0.5326356156808574 -0.39674609699802504 0.5341503022732262
0.5128299834648107 0.17661117480045171 0.5732205557734412 | 0.03927579710186225 -0.34504019654641255 -0.020331516385717202
0.5081657217962912 0.13799692709272227 0.6870211161172747 | -0.03512130224276024 -0.6454869265169727 0.27739076307793503
0.5099038760560894 0.0040713339781491015 0.7309394630450555 | 0.027705301010337892 -1.0794245138662562 -0.11348054233296995
0.5638068554990924 0.04363669540678444 0.2101348445408114 | -0.006078220204859173 -1.0444676007760716 -0.0460485571474696
0.5584763499278729 0.16544332635845602 0.26941149020667615 | -0.1107371033571718 -0.3227882847439794 -0.20842285260335341
0.564251608304039 0.1735862433294543 0.36214289149670853 | -0.038085752903204 -0.26199917705125825 0.02230096173757639
0.5720690681960636 0.17281868816981424 0.4346650659595524 | -0.04969363557308816 -0.3694654668162007 -0.033208514977973405
0.5732450290441081 0.1766245132875832 0.5128476303331565 | -0.020306338829018774 -0.3449738598401697 0.03949980663302385
0.5878300597623546 0.14858067969831545 0.5878327514241046 | 0.04428046426281414 -0.43971025719851226 0.0443002161783062
0.5785255941694367 0.14433525297711122 0.6617142326412153 | -0.004939808021877801 -0.2910855043080759 0.07143897975145681
0.5836092849931345 0.014173335808321788 0.7264090288667269 | 0.06972003659038044 -0.9718179972456782 -0.13942132675395175
0.6409262041896653 0.08802147521439702 0.19171730949520663 | 0.019492327128566484 -1.0026514452733712 -0.15817635098804522
0.6547142976998809 0.15965117260612846 0.277771463108137 | 0.11469527490622736 -0.37598337385980113 -0.2146782792423516
0.6464937489558836 0.160264779125837 0.3704526986982544 | 0.0690645211049039 -0.06200041567787759 -0.020441076633723944
0.6834716254557828 0.13176369356569517 0.44172679340698817 | 0.24381222482312132 -0.6574605386548197 0.05009903386088249
0.6870167746950606 0.13798815204393117 0.50816587949609 | 0.2773228187027228 -0.645518472976845 -0.035118441945451946
0.6617163278435185 0.1443444098200232 0.5785225097717186 | 0.07144592467072265 -0.29102546772102056 -0.004982610563019
0.6540223337470803 0.11794316441000854 0.6540217360014943 | 0.061021156318349506 -0.2311535707123273 0.06101970154563654
0.6434084561724033 0.08333974786972205 0.7547244015236442 | 0.023068367183001585 -0.9269654144882029 0.17543013142904015
0.746490856343053 0.09129568896551597 0.19931778333523104 | 0.15098685947602253 -0.7812680440899079 -0.16260911502407768
0.7547912349790066 0.08174094554558907 0.30550298010523025 | 0.13293933881800762 -0.8480158718732509 -0.029833084621214995
0.728728458469811 0.02342618122093826 0.3690182301273613 | -0.12292998475675677 -0.9987472415961177 -0.06729693816447456
0.7337420976812956 0.0017303588883875339 0.4402748286412894 | -0.056940050694795706 0.541304492494948 -0.02978492493541374
0.7309402345657622 0.004070948383752175 0.509903931333761 | -0.11347356300901984 -1.0794271383049039 0.027703382300028036
0.72640943569793 0.014172823135635344 0.5836093529201263 | -0.1394216456729614 -0.9718208636097986 0.06972025665052034
0.7547244253931824 0.08333988848672856 0.6434083796860235 | 0.17543088384627972 -0.9269637713216213 0.023068314261793586
0.7497773944154007 0.08962143034498117 0.7497773959567801 | 0.16670472604588996 -0.8032823350691932 0.1667048111183306
0.2140629248530909 0.4000048197214068 0.21406293638446477 | -0.005616299658264945 0.0022248373527639434 -0.005616308247579958
0.23240129614688657 0.4000010338891486 0.3431938402535326 | 0.002013858422143614 0.0017302565089479618 0.008920907702299127
0.25182971379864366 0.2830813504732658 0.4000000042099039 | -7.934565432578106E-4 0.005643852624510791 7.418080552986074E-5
0.17331254263228812 0.06737426338358042 0.4057986218553944 | -0.06365656515952144 -1.0884226239985932 0.1468329042937588
0.16640323357353096 0.034017122718382906 0.49082662228235613 | -0.10190449977370751 -1.3993394360137656 0.06432794380474766
0.20674238446864457 0.0021967886383251036 0.5651961925494965 | -0.004580124776097007 0.48822582712961304 0.0038455393555021644
0.1851995809268041 0.04227574589037676 0.6460556197007052 | -0.14282135842886118 -1.2136582854570266 0.02315153724201551
0.19512630423409394 0.06446274361362013 0.7514336364719829 | -0.17323841817276228 -0.9482045346200391 0.16333846365383498
0.34319334209390334 0.4000009330888085 0.23240097241473215 | 0.00892068448030065 0.001730595005642716 0.002013516010078457
0.3447557783798427 0.4000331668502993 0.3447451236774821 | -0.005674334479921173 -0.025599289937654788 -0.005713802697561862
0.34541415540325016 0.12635203539086778 0.4071016073021726 | -0.001882856138990498 -1.839351652403454 9.757938000226594E-4
0.28890187031742215 0.14626294839211537 0.40000028987757036 | -0.003201223264575533 4.6138710511990465E-4 0.0014113001685137233
0.3000720346906959 0.08215288252857916 0.49469882225691447 | -0.03766845268962825 -0.6228108507519945 -0.01878400183032786
0.26867648450592063 0.17639314408403495 0.552527114834341 | -0.21412804495481574 -0.5455661703728634 -0.12161415430230349
0.27455555241438995 0.1621269022193288 0.6570396517761639 | -0.23479683363537085 -0.5263834776265407 0.1176305736855282
0.2993331664422871 0.05655582804325447 0.756684223346378 | -0.05178994152223709 -0.9528374019819343 0.11545674441098218
0.4000002498065963 0.2810015137414192 0.25153267433784793 | 6.646915925283376E-5 0.005210989518370319 -3.0777149249751356E-4
0.40709779840239696 0.12483668437252034 0.34532727287365794 | 0.001047150425184247 -1.8390222878752849 -0.001611769262353032
0.4258566757520147 0.17770791772330438 0.42582628955757523 | 0.10311332475602632 -2.4065654117885176 0.1027626247387613
0.3469728512561855 0.15238170724677824 0.40146915147532625 | -0.11257650544648823 -0.710983110659738 -0.1516799660129644
0.38733764578948066 0.1469721426430161 0.4882178953455005 | 0.01703161000186391 -0.6666767170298206 -0.036686975543537254
0.35487105102188526 0.09194023828986267 0.5723657620098427 | -0.223014115482492 -0.32561750566934367 0.21196292934959612
0.38947465715817403 0.18520005811326573 0.674161661869091 | 0.2540616207345024 -0.5657930155442707 0.22765001729401727
0.3616432956814221 0.002174074944553425 0.7346364407998408 | -0.07613620853257969 0.47617910706867916 -0.07248776934156852
0.405795489691878 0.06736400536235147 0.17331419361252745 | 0.1476519243026441 -1.0895998068064079 -0.06197064936660754
0.40000178462917496 0.1454742014463255 0.2895849107509406 | 0.0013573644580487255 4.4521052933151235E-4 -0.0030958576715905367
0.4018906205211926 0.1516714466582001 0.34727858457072275 | -0.1466489017145684 -0.7202506993124999 -0.10920204592143981
0.40750981674481035 0.026805767156239297 0.3878419076867869 | 0.2053629812549008 -0.9033899796806589 -0.25139137645506854
0.42649691951913826 0.02531091282083571 0.5429743728088372 | -0.11692728285052792 -0.8888329198605792 0.2951110677246965
0.43425574412149753 0.13955990339113764 0.5757511441951284 | -0.03184148686348192 -0.37989456990179266 -0.08787805909574947
0.4413570385566437 0.12597470761551577 0.6884745759638021 | 0.05818463200595496 -0.8075338865173433 0.27562707292799604
0.4388710252910459 0.005498347883988769 0.7439036815446296 | -0.018745585777058253 0.15169236122281982 -0.056286684983603404
0.49078932463046976 0.0340191388935228 0.1664327805337186 | 0.06403443924844823 -1.3994891795873 -0.10170547335566883
0.49462617829614036 0.08238512631498016 0.3000677741781562 | -0.01873675997502282 -0.6218722238124101 -0.03808040259046816
0.4883093871314713 0.14695173953646945 0.3875613922424137 | -0.0353938768720624 -0.6662065764152417 0.01766691275803374
0.542744677999268 0.0249319533536641 0.4265788511484964 | 0.2926682474981331 -0.8931851258092527 -0.11568489470008536
0.5585674179662334 0.03474708545623182 0.5586935174776576 | 0.4647030213539659 -0.5458140803480724 0.46601402754028987
0.5106520659584428 0.15638285218016312 0.5746009448297539 | 0.0054082820381773766 -0.366046985920314 -0.032977265457424076
0.5079440409803514 0.13517731221252038 0.6916784183628091 | -0.04894827662148122 -0.7938391377526415 0.31207095974891497
0.5110975178009471 0.0061896476515616635 0.7420295364219153 | 0.02243090282814572 0.17484441266362577 -0.0688135540636382
0.5651877474598583 0.0022062720201709053 0.20672384580185466 | 0.003806344128977 0.48825160644340443 -0.0046645422158378734
0.5525347175053017 0.17635690226434445 0.26867531567852154 | -0.12157505375656391 -0.5462789802420085 -0.21420823530980443
0.5723614421618648 0.09191575777037932 0.35489105147378447 | 0.2115980970866185 -0.3243398356434649 -0.22257410189079466
0.575549150513725 0.1396477899991091 0.43427023314327 | -0.0891020100956403 -0.37771430615412765 -0.031696702016482906
0.5746301415117366 0.15636326665027395 0.5106638032862607 | -0.0329378735438142 -0.36593038005246525 0.005538144451881881
0.5877053928130251 0.07763690975038272 0.5876893651786941 | 0.11383864553235397 -0.40854348709964283 0.11366751306431322
0.5692941760572291 0.1716641396299813 0.6778070888200559 | -0.17778991969888192 -0.6341431167102454 0.17698505045716634
0.5877296485832598 0.0045820647353524676 0.734674373096135 | 0.07388206203818724 0.3919941048333132 -0.0882639798856688
0.6460543003453424 0.04227558583018344 0.18520268980513627 | 0.023155964855127775 -1.213662359051385 -0.14280339827327926
0.6570343451448886 0.1621342395531152 0.27456320023138914 | 0.1175329712888229 -0.5262025207442294 -0.2347565125396699
0.6741445231652008 0.18519728156153192 0.3894737598072847 | 0.2273985103589344 -0.5657883434848885 0.2540452217649848
0.6884684949530244 0.1259592089395388 0.4413573315831448 | 0.275609182134307 -0.8077150629898212 0.05812844502931301
0.6916744540554599 0.1351722741559025 0.5079432353882712 | 0.3120184352868642 -0.7938333890330377 -0.048962352449799
0.6778063831557077 0.17166558456192854 0.5692917615011067 | 0.17697953168015637 -0.6340900885314793 -0.17780431514203623
0.6671082272683437 0.17981334715586797 0.6671084130658907 | 0.15100683791122155 -0.520474157173953 0.1510104552933632
0.6517678172390554 0.04525590598593564 0.7596217574012153 | 0.035775576286259575 -1.073184155004736 0.15621444758445394
0.7514337485642467 0.06446291199797499 0.19512622461229176 | 0.16334012331062467 -0.9482013187585182 -0.17323880889425797
0.7566849310168177 0.056553375861286115 0.2993328894990767 | 0.1154494559711132 -0.9528581816217827 -0.05179216645595014
0.7346367599505994 0.0021733018617267346 0.36164387516680735 | -0.07248059076170774 0.47618148298270724 -0.07613598628033949
0.7439036523914015 0.0054983155954946355 0.438871346574206 | -0.05628422669770836 0.1516921407191205 -0.018744158672275864
0.7420304902623437 0.006189342194748323 0.5110974577262293 | -0.06880591924018589 0.17484289631314198 0.022431103305797045
0.7346747344839935 0.004581855666574638 0.5877296577759646 | -0.08826372377818897 0.39199525434136023 0.07388162008720467
0.7596217485005228 0.04525616426657189 0.651767733800157 | 0.15621538092178766 -1.0731822996357552 0.03577554263155014
0.7538496624370966 0.06621244565531444 0.7538496610772627 | 0.1817549178164137 -0.9743124709251679 0.18175496735838975
0.2253270903895926 0.4000511042566567 0.22532709834488931 | -0.0029706628212505374 0.004759182335802877 -0.0029706849415960016
0.23617535161799136 0.40000151306119375 0.3417757589287807 | -0.001403807401246942 0.0023369158950267066 0.008377530781504028
0.25173253272370755 0.2753654064635406 0.4000160001448752 | -6.348650084755091E-4 -0.5049195935544049 9.067725750666009E-4
0.17361492659055097 0.05012217745833124 0.4028994459059678 | -0.04215402578921183 -1.1672477744479626 0.11789082773800016
0.17430986384055883 0.02335520204710929 0.4849132081087343 | -0.03355338398607079 -1.4330255208433786 0.005287942430464222
0.20098337797036 0.004738897797567847 0.565365602225086 | -0.007035891184540376 0.4011272439126321 0.0032621233953712644
0.18227263279955058 0.019695019095419077 0.6485658752055897 | -0.15579597685501337 -1.3660627811759571 0.026932185896763793
0.19426234528846628 0.04858226729568789 0.7531051995406179 | -0.16012884308709072 -1.069468859333717 0.15513857618637789
0.3417752611880985 0.40000161049353294 0.23617502387087874 | 0.008377167747077063 0.002337306177525254 -0.0014036893144548823
0.34418938851381736 0.4000028814997057 0.34418054259479397 | -0.0018842388858991675 0.005209857281593828 -0.0019161102398694391
0.3456294792104112 0.12573310549385297 0.40727134554164274 | 5.117059523809982E-5 -1.8433206558187634 0.0014126152233479572
0.3105366325969297 0.11157906025277277 0.40005611260319107 | -0.010167783001428439 -0.01651641125053536 0.005442495868422581
0.3002426018059798 0.07390932063809166 0.4946094611410226 | -0.037308474550550856 -0.7293931130610386 -0.021272077572897737
0.2587663253475902 0.15715043253636124 0.5540734570262805 | -0.32981658487102894 -0.6138669251480827 -0.1332955022274857
0.271816959130637 0.15515953523721637 0.6588094825954062 | -0.26838515715649647 -0.6113740895653492 0.13602874248076202
0.29738063081054156 0.05286314219877752 0.7603361561333762 | -0.0755372273588309 -1.0009923554826279 0.13616149069214564
0.40000005821541923 0.2795878298746193 0.2517858182364417 | 4.657502741375757E-5 0.016152166036465083 -0.01876693314328654
0.40733512520266385 0.12269597334970532 0.34549322228379625 | 0.0027851955115052885 -1.8472044475842557 -0.0013373638248034168
0.453085363579322 0.047768333266352506 0.45346480122336535 | 0.1343563288485483 0.9038434477529874 0.14097501122822498
0.34905583669446744 0.1450538192273214 0.4073236804677688 | -0.06777894014427426 -0.7929455584844106 0.024909418448884155
0.3864007822952806 0.13064025134785645 0.487368226870207 | 0.0233594912853022 -0.7683467511773246 -0.03522048757228126
0.361954953248007 0.13810759978954817 0.5605564123301678 | 0.007304177418149798 -0.7506512377858994 -0.0373465889580728
0.38009707991891944 0.16303275609674908 0.6803509927148232 | 0.11624619010637971 -0.6654225685821566 0.2208645176674385
0.361214245303152 0.0038836976500015467 0.7548815953856797 | -0.07460603358943514 0.45762067254716765 -0.013696209348371496
0.40284398956240014 0.05052316854916685 0.17354932381644986 | 0.11736974375033182 -1.1651721753297444 -0.041705838541532717
0.4000636846287721 0.11157104947776604 0.3105249242003917 | 0.005562958390065311 -0.016416387774937664 -0.010429314103795169
0.4070506740855858 0.14563020449003758 0.34913444280920525 | 0.023985023964311604 -0.7744915785669015 -0.06223150538972691
0.39459690787584945 8.699438003126394E-4 0.4033770641864584 | -0.0833543706262492 0.08157949122006594 0.06146301024812917
0.43134700700895046 0.011004218630940735 0.5334031148446912 | -0.07597626700652733 -1.2732567923059606 0.23654837743222976
0.4345112295246643 0.13922335828254778 0.5722562592586689 | -0.03146620085541221 -0.4987355351328019 -0.06491360900798318
0.44008170725265133 0.11480331188340905 0.6940298530813962 | 0.05200904891042541 -0.8793704141725348 0.3202395692780821
0.438580145308997 0.00461191016902313 0.7522453263678597 | -0.024272800427537676 0.18187943191324318 -0.024026017797844725
0.4848865949849344 0.023384161190354878 0.17428455693293213 | 0.005251775347240369 -1.4331523459554598 -0.03384812994721991
0.4945507892343579 0.07414987271327783 0.3002240886956587 | -0.020958784006688463 -0.7284230718055517 -0.03790816381567414
0.4874591823991432 0.13061948782521732 0.38664134924086496 | -0.03444852528214163 -0.7686590982268435 0.024351578693029622
0.5332763869946896 0.010881800227832411 0.43134512235944206 | 0.23561400523983986 -1.2735444529864808 -0.07576292741926885
0.5083481839634769 0.05612147188230554 0.5083441613502023 | 0.1910940378231501 -1.373608548920103 0.19217846080148707
0.5097466464688022 0.1484173460077145 0.5712978736831822 | -0.015069632372514784 -0.4961822963312266 -0.05740670704423154
0.5086652974462882 0.12366371842144838 0.6981871498624381 | -0.050560342966692096 -0.9001020453448944 0.36549253194107006
0.5113008280109604 0.006539350120773854 0.7513436850600884 | 0.026999959996672488 0.18202234523061842 -0.02925618206232534
0.5653575247380846 0.004745590176862735 0.2009658118895618 | 0.0032256294483181108 0.40115608446312395 -0.007096209159048534
0.554083394575131 0.15714565696580812 0.25877565427623517 | -0.13304981873327895 -0.6137409292419633 -0.32964795317091217
0.5606030458472286 0.13805979002072957 0.3619095751863519 | -0.03745065792969756 -0.7492267651912549 0.007117852276079639
0.5720334630231678 0.13928100964371043 0.43453386380208164 | -0.06590745861356008 -0.49750622528926314 -0.03131969250381035
0.5713324465239465 0.14838450100575135 0.5097530955232243 | -0.057063056194053614 -0.4960060670013757 -0.015138049597514079
0.5863671327882619 0.13094330140073637 0.5863681676515751 | 0.01859558448488604 -0.7177210976403876 0.018616185223832765
0.5751595754032425 0.15177252832801455 0.6881512385623287 | -0.1245009693300411 -0.7711761667628062 0.27349295884777836
0.5875972067221278 0.005284703276159468 0.7558431340227747 | 0.06753395785642824 0.37596144906714507 -0.006549900418234819
0.6485656570292304 0.01969785643645176 0.18227761760303102 | 0.026935434554767733 -1.3660535466830692 -0.1557568861712472
0.6588050703728617 0.1551687077421245 0.2718252840835901 | 0.13595209275735715 -0.6111726230868934 -0.26833530614956697
0.6803333871268837 0.16302125456820293 0.3800937564029147 | 0.22071049182371005 -0.665625917466225 0.11621067060374968
0.6940241293549516 0.11478820034660488 0.4400826075129983 | 0.32007810840502493 -0.8796677712003169 0.051984937531286975
0.6981843575802089 0.12365949339273825 0.5086638177245351 | 0.3654799881109096 -0.9000940283828119 -0.050583370235985324
0.6881516261989025 0.15177164737674367 0.5751572713771915 | 0.27351715177213226 -0.771176618523838 -0.1245447461874239
0.6705642398490331 0.17172604692871596 0.6705643963451515 | 0.1790779256156411 -0.5990313669135757 0.17908057436197092
0.6544975365622933 0.037201763961908135 0.7643316012251373 | 0.05590397910566827 -1.1400316611224897 0.18353386080738446
0.7531046040723719 0.048583850204458726 0.194262963260612 | 0.15512495320044875 -1.0694436241317327 -0.16011320683932792
0.7603369897816559 0.05286021847331245 0.29738023966898525 | 0.13615446651184537 -1.0010142692526416 -0.07553923948026386
0.7548805540811129 0.0038831460001604286 0.36121499130138 | -0.013701135753297239 0.45762452447914864 -0.07460263860580181
0.752245118742901 0.00461237104971264 0.43858044434940296 | -0.02402389047040781 0.18187958401087842 -0.02427147801206447
0.7513445847558198 0.006539127454748694 0.5113007216064704 | -0.02925029251784515 0.1820240897121319 0.026999299576490235
0.7558434014043247 0.005284500039475613 0.587597272247947 | -0.006549616966005287 0.37596228770414936 0.06753386507788933
0.7643315956725486 0.037202115994993894 0.6544974577390474 | 0.18353508468439308 -1.1400288467207216 0.055904022409151856
0.7572010885950544 0.03664637879241903 0.7572010837185658 | 0.18554927714040054 -1.1624496007253977 0.18554928767247553
0.23942760229941776 0.40004600190329853 0.23942760998924364 | 0.003982282827953983 0.004288057878413817 0.0039822655836434335
0.2422307416645387 0.4000016262909018 0.34188467932271305 | -0.004170518428618999 0.003102156620722407 0.006146179661221047
0.23373693597530348 0.1197882810380687 0.405851137961996 | 0.0027643578171607053 -1.7442916400612298 0.05960192641713203
0.1918138186759429 0.09339585705435659 0.40000897177705197 | -0.009109772929160572 0.0028428499565230775 0.003966823092115166
0.19409696879963806 0.013977518106947869 0.47775502843110773 | 0.08845256590989753 -1.2741650784994538 -0.05743654986493989
0.17750913982920183 0.022373912731490614 0.5627912385083971 | -0.10118488899881475 -1.3374082518021242 -0.013528790867802367
0.18348086850352613 0.013580022605961571 0.6504707493818639 | -0.13702435309427427 -1.40752003627733 0.052353657194518045
0.19538274591333402 0.04006399805193222 0.752051404331424 | -0.1466395441953727 -1.1001280374365277 0.14321490212167037
0.3418846628590171 0.40000157416690624 0.24223061678701943 | 0.006145868660300408 0.0031023510975194623 -0.004170579472739868
0.34226090561751193 0.40001366360989776 0.34221260618966215 | 0.0045492632321836495 0.0033226226290899376 0.004651430507914125
0.3459153693752307 0.12061074534004704 0.40815064871707707 | -0.004520281393668248 -1.8808716954600222 0.0063867414687187075
0.3098954505995708 0.10477634999488762 0.40000628751034406 | -0.009085204173502668 -0.015169174639472344 0.005116797781579507
0.29242796457701214 0.12029982708595749 0.48629902281960824 | -0.07009431039898384 -1.0111932667537147 0.02757614294485841
0.2528261639582605 0.1420715032230346 0.5584746944735254 | -0.35869012259316363 -0.6279549302452542 -0.08814311388018156
0.26843977745936276 0.14710874446718536 0.660774122695428 | -0.29054687909437843 -0.6479824362072241 0.1532986720245091
0.29565549498490656 0.048623362556626665 0.7603633681211643 | -0.09764580239747671 -1.0522061003527357 0.12697761286510226
0.4056345864928369 0.11963390670926502 0.23402089935453146 | 0.0596265185343862 -1.744015261409636 0.0013028344278038042
0.40810023812384427 0.11913458411204714 0.34582504635647576 | 0.006616323263858396 -1.8827412048641379 -0.0034661154648249932
0.45343621481863117 0.05305762340060566 0.4538635938623658 | 0.12524365370877913 0.753777297036064 0.13265899611145412
0.3617784110325712 0.09957744367039158 0.4129710225242247 | -0.044903902729095876 -0.908983851178255 0.012637468099584152
0.38529863198889336 0.1020252688818971 0.4851967435234576 | 0.05163788568754918 -0.9289709405763678 -0.03395456514420448
0.36227724804643247 0.15145941056595044 0.5631071543546906 | -0.010772446552503081 -0.934741747733767 -0.06714860784987745
0.3693628813223641 0.13504297757541028 0.672607789404624 | -0.013321451658985331 -0.6282739146045143 0.12941403538217877
0.3835455957473323 0.016349359229772483 0.7972444713514464 | 0.010135759514594563 -1.8264025090103335 0.24082909957861381
0.4000410983874538 0.09473229217218002 0.19246202667569157 | 0.004006725986433595 0.003358471549871329 -0.008454339546657828
0.4000029261442439 0.10475334251424491 0.30988873083951324 | 0.005257212817386683 -0.01511659289770037 -0.009370337916425782
0.41273311515333194 0.0998185947523142 0.36211557739175704 | -0.023858967403703035 -0.914971481629631 -0.033319614427401945
0.4075848051760186 3.5352943094453494E-5 0.4086527412394962 | -0.015853780719030767 0.061797979405920876 -0.0015987246266612738
0.43326892320982857 0.003928100907817815 0.5294904508820858 | -0.029918144674225444 0.6473782780491514 0.0943508147791316
0.4353997233434999 0.13476844864247964 0.5661660072757037 | -0.02813286323675977 -0.6569976286149992 -0.0622366826042977
0.43990246280819606 0.11260740586499061 0.6929744160934828 | 0.0421809490233355 -0.9591978761829432 0.32817783640829096
0.44445423268931933 0.013200355000632345 0.8085975392759318 | -0.005510082992890093 -1.8683433563140182 0.4259348785790078
0.47770891793821685 0.01398065225806482 0.19409519753213716 | -0.05755237315786617 -1.274647460178656 0.08862015275333796
0.486314413472391 0.12021342724944921 0.2924784186018169 | 0.027550479669680026 -1.0098492395042566 -0.07005314039244238
0.48529644599415656 0.10215279376152092 0.3854923046789519 | -0.03295435437453768 -0.9275949984669437 0.05211091783010557
0.5293824032092395 0.003813507953559829 0.4332562713379879 | 0.09371107456231782 0.6475601753675212 -0.029774640105247115
0.5039258494631764 0.047551160637240124 0.5039320924985687 | 0.1587227837828931 -1.5760580696082649 0.15991309511287385
0.5090736924034734 0.1417409455188983 0.5640933673581406 | -0.020595716539492506 -0.641752542308245 -0.11585377996707688
0.5090382301364332 0.1219505963796695 0.6966053558894932 | -0.03978718412413277 -1.0142533854538045 0.3889635766638071
0.5052560985843404 0.01367611591852011 0.8080246167440089 | 0.005943224172892909 -1.8776699023706898 0.42746761328196425
0.5627822579144988 0.022333248218435183 0.1775146903121793 | -0.013478761481371742 -1.3374637310668394 -0.1011221052552212
0.5584977832251975 0.1420794953635594 0.252870828698607 | -0.08779009817995241 -0.6272941290555533 -0.35812717730596355
0.5632001822120966 0.15147930835880835 0.3622270135638604 | -0.0666558048383787 -0.9339398322862925 -0.011361283346773285
0.5659222795436352 0.13478488336703137 0.43543941050908846 | -0.06348093156816034 -0.6554988193488046 -0.028055082358372077
0.5641255110928776 0.14171018941125083 0.5090781493296567 | -0.1152474479807319 -0.6415620054769804 -0.02071037678082723
0.5883936457160758 0.1456916349281199 0.5883964100984542 | 0.035791105382046065 -1.0151973640774048 0.0358020911697606
0.5800347744250861 0.13026571894045166 0.6886582077642153 | -0.031446408581317434 -0.731654609823739 0.21327364531418433
0.5635860052976761 0.013647853273944738 0.8081325051656021 | -0.06503404889095099 -1.9092451572834006 0.3558884419820223
0.6504705462481807 0.013587412953011913 0.18348585176866183 | 0.05235922382053649 -1.4074647080708593 -0.13698770647412564
0.6607675859000457 0.14712291871312133 0.268452501805059 | 0.1532049204847712 -0.6477941295985198 -0.29047063126930883
0.6725979947780717 0.1350315229130588 0.3693590736746549 | 0.1293712601671359 -0.628457207521287 -0.013369663938855183
0.6929681829993546 0.11260103529568971 0.43990466574102366 | 0.32805950988942495 -0.9590131923330345 0.042215683628926595
0.696603907155889 0.12194804644658477 0.5090367592074707 | 0.3887897482912027 -1.0131956099879387 -0.03977157769951378
0.6886587486157734 0.13026454414659128 0.5800339093891637 | 0.2132780947135079 -0.7316849845245053 -0.03144838755835078
0.6733438761369469 0.16040312405718932 0.6733440032304944 | 0.1833556939925095 -0.6303730068261162 0.18335758714551728
0.6566753282096504 0.03350956851082269 0.764967452901048 | 0.0837889144063742 -1.1738254961223191 0.17892144939667418
0.7520515763878555 0.04006443587843687 0.19538254195556812 | 0.14321715673896157 -1.1001220433847958 -0.14664082483521979
0.7603647657931434 0.04862134941424506 0.2956552727402309 | 0.12697826833926568 -1.0522221954753572 -0.09764714654694234
0.7972449286153601 0.016349932353802565 0.38354614241884044 | 0.24082643746568097 -1.8264086997133973 0.010136387579477796
0.8085967389930877 0.013201837481681978 0.4444543425310795 | 0.42594252364931395 -1.8683380662536782 -0.005508951865616502
0.8080251228256873 0.013675840365044524 0.5052562560927528 | 0.42746584338533355 -1.877667026097046 0.005944694610772449
0.8081326305777575 0.013647847613909223 0.5635861683229221 | 0.35589021042134983 -1.909245903667968 -0.06503351763363324
0.764967414909518 0.0335099080079039 0.6566752611626278 | 0.1789223706169238 -1.1738226900990631 0.0837889934007171
0.75532924558645 0.011782704410441968 0.7553292383452576 | 0.16514842857699022 -1.3093241143465773 0.16514842742150937
0.25213007088753747 0.40000718712305305 0.2521300802829471 | 0.011177019843685354 0.0058408059297511555 0.011177175000145942
0.2498498871448597 0.4000012233897605 0.33922821154863536 | -0.0019862374844096483 0.0049859379792759565 0.00316016595798758
0.22447106609113476 0.036279925627676235 0.40002392698141576 | 0.005350462814694935 -0.01283536389429178 0.004671143447782195
0.2128153150513247 0.10726544995338225 0.4000043334735028 | -0.00281803282930118 0.005412654998330318 0.005282027263696954
0.22767201231012318 0.002000531154522813 0.48022113050991677 | 0.08585216322656115 0.2652482267389995 -0.022526509033494454
0.2069257251615707 0.004164775340666979 0.5640449014918927 | -0.022802961955817283 0.6043980334410031 0.0074777752782974865
0.19001968605501304 0.007566916817575377 0.652260566369797 | -0.07327788228052107 -1.4214794622688194 0.07636717295561683
0.20092196435718235 0.002087519997242294 0.7470163827053674 | -0.1389646185992471 -1.1984533961710713 0.13496950179180167
0.33922818798137083 0.4000012065294853 0.24984966577103243 | 0.0031580149414605118 0.004984713656110665 -0.001996284050742568
0.33695635825232273 0.4000032334769378 0.33695579668768455 | 0.005413740348751824 0.0024394829251175795 0.005403161755001877
0.33250121354265266 0.045621785880169886 0.4444933065045437 | -0.02515343542007235 0.4118158014306835 0.023314267252103987
0.32427354019040866 0.09301021228907448 0.40005653988634843 | -0.010973431784422191 -0.022238014823585582 0.007082809957943239
0.2974257440878265 0.06943054333481927 0.49342598622560097 | -0.04863402272246069 -1.0508127249925212 0.007542624755055087
0.2632108095447075 0.11785712303586653 0.567715203802076 | -0.17489386675212187 -0.6642164139304475 -0.0022244215004282603
0.26651300763425645 0.1349207682189842 0.66330798318489 | -0.2542705167377776 -0.683645328977222 0.15859496254255645
0.29395750947333593 0.03829322837537462 0.7571592422283443 | -0.10722954736421582 -1.1565151437327428 0.1096305336377305
0.400003851577182 0.03643984819583155 0.22430512094691094 | 0.00470319267605652 -0.012870018288508879 0.005299362059091523
0.4449678374590644 0.04567248367107066 0.3317767310347367 | 0.025973380695246056 0.4242421805382662 -0.02487314308240552
0.4863619944382469 0.051744380449640054 0.48635992971747893 | 0.15833180629146046 0.09607884208418667 0.1582028423520601
0.3410718130337235 0.028296009998644116 0.4087852001726531 | -0.09329785910963619 -0.9731588082895578 0.05491651805526218
0.37556569022453806 0.046380439069618515 0.48301943723121515 | -0.0077710679011724045 -1.1654941842378446 -0.004358811787407569
0.36093893045630177 0.08261252543207152 0.5648022835238966 | -0.04792092484750525 -1.1311263010422685 0.033677140731655335
0.3624919886867531 0.07729820008379645 0.656764431245295 | -0.08071154888361516 -0.8115504829189484 0.03847600352644139
0.36883152674802966 4.8208398163854596E-4 0.7447234773692416 | -0.11713400415948419 0.7124007966935642 -0.035814746115496066
0.4001323834310001 0.10784995970004824 0.21352955479873392 | 0.00525398447631242 0.005379221911445725 -0.0028703358712691
0.40004753341444055 0.09299279113990357 0.32427302826437177 | 0.007461352660063238 -0.02224561181820807 -0.012004999927114221
0.40871376854147495 0.027915940440822302 0.34038073345671827 | 0.06223478944509065 -0.9801363805577837 -0.11956622898452929
0.4244022389145239 0.001718105648454071 0.425309732811993 | 0.022891933561143787 -0.15492481975299904 0.04728346389600885
0.4334979209322294 0.009633909427083705 0.5295848398742167 | -0.039861875754789625 0.33750894851436386 0.11220504202975233
0.4363270597785906 0.09777128882663788 0.5746498248377727 | -0.018509321801909256 -0.7715914923174046 -0.009675820908863257
0.43834573570278695 0.09451197554968359 0.6979354905979607 | 0.02152517864455975 -0.9302561133300545 0.2396722408217707
0.4419003935216466 0.002170585221756269 0.7633134954831865 | -0.04791649994745143 0.7780519763536066 -1.229786064311593E-4
0.4802163987336975 0.0020190632061256463 0.22767368266949775 | -0.022468813672782112 0.2649629762879692 0.08589996647170517
0.4933915874308713 0.06954400156575934 0.2974253595516311 | 0.007714882583912562 -1.0500813413193524 -0.04896157446136083
0.48357723696362614 0.04668674481711724 0.3754995044187629 | -0.005066593528160867 -1.1670159557226105 -0.008340171940154704
0.5294307402244699 0.009505144361447736 0.4334958771223253 | 0.11122824194623446 0.3372620390740815 -0.039694211462667266
0.528090098540605 0.01023059560744342 0.5281731551109311 | 0.29326992409157215 -1.5122347835765662 0.2948088847828438
0.5031826526476746 0.10186527507914288 0.5748038573926134 | -0.0896324485861512 -0.7161737580904867 -0.042683680852373784
0.510828414688883 0.10136589246591897 0.7022095645274365 | -0.011840719697637076 -0.9882012184388146 0.2810203062134216
0.5086735031703344 0.0036383931765149626 0.7575018006203165 | 0.044059938280612915 0.7431031802409122 -0.03026297968866356
0.5640393968957188 0.004153419061980311 0.20691083785115144 | 0.007435985654265104 0.6043868968280594 -0.022842600913244537
0.5677409034766426 0.11781519668796427 0.26326705477820095 | -0.0020733908751978383 -0.6638408383615427 -0.1744843405113022
0.5648388667680517 0.08257432288472084 0.3609235673141318 | 0.03330335250867583 -1.1305914386724618 -0.04799782158449547
0.574418493266335 0.09798800710596588 0.43634599097033994 | -0.010053513959342003 -0.7693415615678789 -0.018427222106248777
0.5748217494836518 0.10182034974407778 0.5031701537274352 | -0.04224991097139046 -0.7158906317954392 -0.08987364902573856
0.585876184819403 0.09323436363212848 0.585869227874248 | 0.05792412907420436 -1.0217637794383616 0.0578204785176474
0.5846574245567395 0.07358484861490681 0.6704563711558944 | 0.06980803128479729 -0.7407844987363302 0.026086048858043318
0.5766346240585448 0.006544836625697707 0.7562541126425584 | 0.06075894091347155 -1.46314944959034 -0.0452959195492524
0.652260091097871 0.0075711717096304115 0.1900242728835455 | 0.07636648660551623 -1.421430339918399 -0.07324988610927623
0.663305727689581 0.13492839932749212 0.2665194790844077 | 0.15854848049294445 -0.6835012449802128 -0.2542533627567744
0.656773600304582 0.07729185295103017 0.36248964610242557 | 0.03884617191199126 -0.811372913186384 -0.08081497701847526
0.6979175428199674 0.09455753764795871 0.43834724444206946 | 0.23969582257059852 -0.930085468145049 0.021524059339350872
0.7022105672598166 0.10136807341741667 0.5108262681311548 | 0.28119498675249227 -0.9881899537372618 -0.011873896575062307
0.6704584260460879 0.07358474100476094 0.5846582897075973 | 0.026049909553741545 -0.7407732653347828 0.06982709715509636
0.6746650051049337 0.13405429101728708 0.6746650326938746 | 0.15689364469424927 -0.6646140657474187 0.15689455769254926
0.6590973476443401 0.024384499191352663 0.7602461618020347 | 0.10350840235951989 -1.2339545061098873 0.1282862853882834
0.7470166059133304 0.0020874896254183934 0.2009215941214527 | 0.1349720943904857 -1.1984518446128718 -0.13896627676466802
0.7571611246909191 0.038292395075884125 0.29395760011666006 | 0.1096351405557015 -1.1565263626874185 -0.10722834710280858
0.7447248252249855 4.7858886335016377E-4 0.3688313655134679 | -0.03580319873065386 0.7124097081971147 -0.11712920930662714
0.7633092990606758 0.0021749377727231217 0.4419006241205448 | -1.5042143791713146E-4 0.7780439301810302 -0.04792061814085686
0.7575027187547217 0.003638922682304056 0.5086734766743325 | -0.030256799749366757 0.7431009600619757 0.0440595185985282
0.7562538911439917 0.006544588463653278 0.5766346764244011 | -0.04529636396136249 -1.4631548393627474 0.06075824958156889
0.7602460708569175 0.0243846444998862 0.659097324881185 | 0.1282865363389232 -1.2339528670788587 0.10350848187122343
0.7442606075329393 0.0032619381462145876 0.744260595003619 | 0.023974042277141984 0.5634466825782272 0.023973992667779907
