512
0.28151147779358277 0.4000030197381564 0.28150180648858686 | -0.0019601736819879058 0.005182610171881105 -0.001959799739028969
0.2248782501352054 0.024995886077085007 0.40001574629261355 | -0.0018026422023990267 -0.012656556388098308 0.007278314785333429
0.2591136244002619 0.06501925368814286 0.4000001571703201 | -0.0029772771400835827 0.0050637708655886775 0.001186076070727746
0.05203319878597038 3.5093474967694375E-6 0.4035770244896234 | -0.004351692134808946 0.003331145636175809 -0.004976331363421371
0.21422478879121556 7.640005716893009E-5 0.46994119306583054 | -0.0038447408463843057 0.003385311756059195 0.004637671259451645
0.29275532873996846 4.938892564570776E-6 0.6020573221287536 | -0.009204318598378981 5.923841743567691E-4 1.7861082492110161E-4
0.3689880861456205 7.211709696990732E-7 0.6492311696086625 | -0.005179086659398956 6.802891280739691E-4 0.007090457831033173
0.2790853238797243 5.24599534159657E-6 0.7184093516613584 | -8.060983951551753E-4 0.005194414877876757 0.003154273903117997
0.40000658300692477 0.015629283690281073 0.22255963719558491 | 0.008147674211901643 -0.010786851450102884 -0.0016244088827489242
0.3439022857921188 0.4000093623358199 0.3438965147977949 | 0.004728965299237504 0.003284784894764526 0.004732939681685695
0.4076804313954942 2.6845397971607767E-6 0.407555191662672 | 5.738465732683607E-4 0.005644789062001123 2.7576634686394256E-4
0.1435993535408292 3.332245569040056E-6 0.4734588371500837 | -0.0034346061881605247 0.0047988357913931485 -0.0030430380050919673
0.26653500286494014 1.4862389259899522E-4 0.4649887745888218 | -0.03670456021804127 -0.9545507414252212 -0.03787946035458085
0.21898172339110344 0.032296144246123856 0.53220283195603 | -0.0038725794201011233 -0.14886593588751657 0.01762460732586351
0.28577740598980256 0.023991288803214657 0.6823354296384319 | -0.006864179299848191 0.10826989741772228 0.01873768345783748
0.28124733573076377 0.024239582631386706 0.725474607123198 | -0.005127286750934739 -0.2695871190074705 1.0093056493552484E-5
0.4000004492860806 0.0650601427776213 0.25912792652188527 | 0.0020232979574900784 0.005156635767936012 5.801277560604698E-4
0.40001882993917987 0.0015156919527157353 0.3515503920857312 | 0.003987494276005269 -0.0022892315454231546 -0.009705387536086916
0.40783562916511606 9.51402399441382E-5 0.4073426232136937 | 3.6659092503000656E-4 0.00564352043587968 5.645629628954707E-4
0.35343995817291707 4.947404655138662E-4 0.5033792173771882 | -0.03792875145378434 -1.5234930536986815 -0.08011859275657517
0.37038996828800774 4.013251205703161E-8 0.4830552035107278 | 0.005536395843773441 0.005285023627631785 0.0012080503072038015
0.34821997470761257 2.6238808863695216E-5 0.5760935844351847 | -0.005174728240356504 0.0026307801008190056 -0.003554105761688525
0.3648851720580103 4.496253878494351E-6 0.6570449096679918 | -0.007341504115480366 0.00204348538769223 0.0024361424057191927
0.36396292922791007 0.01154046365237091 0.6602951483855214 | -0.0159841707114602 0.3918645727186661 -0.0734282914089292
0.40352740394550407 9.505578902473794E-6 0.05064901684198431 | -0.0049180877579116196 0.003428965894098599 -0.004208226980301717
0.47510347830352034 1.0975581832711407E-5 0.14845445135782803 | -0.002172676691567363 0.005030904993045632 -0.0031504351198528503
0.4857509802077792 9.433648860244614E-4 0.3688551321182191 | -0.002598461425207141 0.08982647124487612 0.001275969813975059
0.42482573485209985 4.519285629128668E-7 0.42471999811892686 | -0.004128285789994312 0.00387279383753654 -0.004364084387575489
0.4641389345674318 7.902157791724057E-6 0.4634559793861599 | -1.1618558704293768E-5 0.005705453425297375 4.888617905460273E-6
0.4397498463796637 5.451590566502692E-5 0.6408517649040815 | -5.146909679357544E-4 0.005504029252134241 -6.416744509348359E-4
0.43802728697115306 3.839296965182698E-6 0.6386981880561136 | 0.002831624311139645 0.004910379824452343 0.0020988341694624752
0.48475847242593445 0.04248820588762364 0.6901739789756611 | 0.07217286816558595 0.12311108589588941 0.008343176532910175
0.47056625145456243 1.359981554853883E-4 0.21420925811224611 | 0.002731331593787697 0.0046663613466040475 -0.001855754445400907
0.46758697255755766 0.01832813623337126 0.26628652518411966 | -0.02738622613540623 -0.890890606629464 -0.04134255896213496
0.4856152782651762 9.072340105021394E-5 0.36896565301616135 | -0.0015487556833508323 -0.002923442345562216 0.0015852647669945396
0.46402541728864116 2.0900165089945393E-5 0.4635136129671572 | 2.1990812334545516E-4 0.0056968457531020545 -8.401633939040516E-5
0.5175361543600245 1.0770395844016477E-5 0.5162575896803133 | -0.005360160154893549 0.0030850521483918505 -0.004552468696976884
0.5023120298476286 1.3554458439332505E-4 0.5817738477203974 | -7.276144636303162E-4 -0.01637685626289474 -0.005555360177547413
0.5178955785693785 1.3280465148739562E-5 0.6549730770294492 | 0.00570894850298252 0.002755078769686429 0.004505545180791634
0.5233840717815385 4.087569090389031E-5 0.6584803568424739 | -0.012709106359522363 0.0578462626046016 0.004242341201076686
0.6012060509722025 1.806927995196667E-5 0.2920098947115258 | -7.046565553411904E-5 5.375924507925545E-4 -0.00931925236986697
0.531506478055153 0.03159516898114376 0.2200008570055287 | 0.00971667076038527 -0.11708012943010206 0.0010763980555891814
0.5755996606789313 7.9753984566772E-6 0.34821467082899804 | -0.002251318147336037 0.002983296902367746 -0.006812647174889062
0.6413848011087459 2.9074842447297144E-5 0.43990871001934756 | -0.0017371417901775059 0.0054778833450045104 -8.734452708309186E-4
0.5812363473591902 7.708036994824013E-4 0.5024808449246029 | -0.010968686992258196 0.06482527582723786 -1.9827057627451317E-4
0.5896681125663602 1.1985219935639465E-5 0.589756911165231 | -0.004289754518396113 0.003163326742668654 -0.005187235920786626
0.5969873354016062 2.581482148635105E-6 0.6786805598448394 | 0.005145372489966574 0.0014164631540926674 -0.006720913138543835
0.5998700262620891 8.596919082038688E-6 0.6752774205386799 | -0.0021421850410231814 0.004991916444700755 0.002442106952144031
0.6504876319909616 1.6652519747006382E-6 0.36937040653847575 | 0.006410264826635378 6.458476540731746E-4 -0.005965236495310329
0.6857316453303697 0.020679496931930465 0.2851181264999777 | 0.02279723565423011 0.09943570925189978 -0.0059761955206775
0.6572480156267994 3.4247204631887653E-6 0.3648192582877002 | 5.280748916215968E-4 0.001973623992993699 -0.007709647166804277
0.6389561757687403 2.422531000497775E-5 0.4385168201809247 | 0.0018498704773133334 0.005310574983934295 0.0018436489076771373
0.653891774365932 1.6490699824383637E-5 0.5173114526355811 | 0.004546019720850586 0.002562382799970359 0.005686446100772765
0.6805669406091879 6.768358542772464E-7 0.5946423767202322 | -0.00645746502258321 0.0011502149202046953 0.005660642688219489
0.6832767886237571 1.0070329118705613E-6 0.6828652648246618 | 0.006035948046955368 0.0020678887186933413 0.005452615153491623
0.6836206524348631 1.1405347378791504E-5 0.6831939104978038 | 0.00573303268282814 0.0025663149336396423 0.005044753761301478
0.7190962048890055 3.1204593240600532E-6 0.2796936305183246 | 0.0023226115696804933 0.005413794997222465 -5.619752669877152E-4
0.7262916022176551 0.026660848956493358 0.2824694384917171 | 0.0020909015446620486 -0.2746072015608845 -0.0028566249602896185
0.658915717870589 0.009491381692274465 0.3624566325912822 | -0.04776797662518494 0.4923345119663275 0.014350842238871188
0.6906223025332026 0.043475934182866285 0.48622917770905033 | 0.010332596444375952 0.13404051518732826 0.08003670211127259
0.6577905702664513 0.0016918973290831868 0.5234600421494168 | -0.010006122694677457 0.14784274358141 -0.021089067946091132
0.6754936618014202 4.7293085316054E-6 0.5992140738342845 | 0.0027871060823847576 0.004609874764760155 -0.0031324941300489993
0.6836239759467061 1.2978881247736852E-5 0.6831904834074292 | 0.0057183502214074875 0.0025678184311815214 0.005058994639570714
0.740763758072775 2.689809271145625E-6 0.7408079246278427 | -2.6707908243957067E-4 0.00700582584735687 -2.812995546155659E-4
0.2809784801992638 0.4000044860753599 0.28096827759643067 | 0.003547578067994601 0.004328497905704663 0.0035533394355625665
0.1547512387310561 0.012378422975893942 0.5282188648127633 | -0.20002967028251328 0.6474175001811387 0.09894809256350198
0.26010356777929655 0.14243634031647623 0.40000000064559355 | -6.639465478708104E-4 0.005526952818558002 4.891471364233288E-8
0.2290298265176045 0.011614865659757482 0.4000447861371314 | -0.003223470999984009 -0.009601554313565583 0.00874600672627159
0.2232125266033332 9.510259404423843E-5 0.46896155694461317 | -0.005124904460626916 0.003777747921041534 0.005475769131841799
0.2705429271115326 5.179111177680264E-6 0.5903247386335073 | -0.004682986986046043 0.0018430695198993546 -0.007122260909199891
0.30916970733967875 3.545723672794383E-5 0.6544749202856317 | -0.00824218352967206 0.0017778143012630123 0.001581708897005049
0.25475302225148544 5.910347989393475E-6 0.7043735668962 | 0.003924615074774008 0.003047427147745867 0.0060497156136417925
0.5288716942131986 0.019578965027343843 0.14802340744239692 | 0.13728114164186844 0.6603767363646196 -0.22545816972758992
0.3437227636690865 0.4000050056401913 0.34371698798490674 | 0.005069373804668221 0.0028964288257577425 0.00507273330498398
0.4096007283739991 0.05160616301116217 0.4038108589693582 | 0.03223152004755814 -0.6382227386398502 -0.05237229082253847
0.1939790159861449 1.089601587045267E-5 0.48219264699687475 | -0.0046031878342797355 0.0027896982295631065 -0.0044166565633368725
0.2664126697388786 9.057845248242101E-4 0.46484694418776634 | -0.036343108316755066 -0.9288502509042014 -0.03930393453486487
0.19862176626704706 8.00238378507003E-6 0.5522159255951239 | -0.003841140310269338 0.003077861706277934 0.005483086322432721
0.2151809165747723 2.2274116066375854E-6 0.6443825018782499 | 0.0028744614615176635 0.0046477462523245175 7.53259278031694E-4
0.28008286901002866 1.2045421358348722E-6 0.9060740262129329 | -0.007352382612248707 0.0018588397262951006 0.003708926454088578
0.400000035667793 0.10533074205393601 0.2559689159391311 | 1.1433081557399953E-6 0.005508616591920989 -3.7686084622257256E-4
0.4024697722930246 0.06516776307669958 0.4136810099402213 | -0.028812573103339047 -0.6740416070380006 0.025350292399930613
0.4629327915671847 0.029409768016380435 0.4636043604319449 | -0.036416878440899046 -0.13760379023511746 -0.001205615494428338
0.3314901415905129 0.0032672480777460444 0.4000644038042483 | -0.007284835157622836 0.002374982457840257 0.0025790115250524156
0.371795045776813 5.726279144448366E-6 0.48261919270090925 | -0.007823130493183492 0.002783646162837315 0.003951505473024204
0.3482683947893957 2.3435187060636026E-5 0.5760584255634345 | -0.005493164482570796 0.002590627564806954 -0.0031605552094681006
0.36327048623995434 2.7699875416347438E-8 0.6577053997103783 | 0.007007039678713658 0.0018818336958776475 -0.003416025494877263
0.38564411729252795 1.933678031517068E-5 0.8330237915949034 | 0.008639294865042786 0.0014828734379387397 -0.002374307875761137
0.40005920879969925 0.01148355638710696 0.22692164564399628 | 0.008284511058285303 -0.009236486704941755 -0.003495000760759562
0.4780838079672167 6.448245249752451E-5 0.17965872763316323 | -0.0028714115165989922 0.002371317336679787 -0.006999506698727175
0.40008460711805544 0.010311524263908845 0.33645640077827055 | 0.002607352506384242 4.1968105299606927E-4 -0.0091381710291835
0.43929532911202634 6.711139274505185E-6 0.4395833282562039 | 0.004191172703543339 0.004002435440560218 0.003975759275120387
0.46407315054360737 3.9101639397534726E-5 0.4635385237835577 | 1.0819988855754318E-4 0.005698345486553279 -1.4985502218020045E-4
0.43918011940387164 1.3948315736835322E-4 0.6401142934110874 | 6.687032548645059E-4 0.0056138992853652795 3.380781017455851E-4
0.4372985878487971 3.267007052605781E-5 0.6385781703785653 | 0.0041084101559110756 0.00451529341692126 0.0018683841651507686
0.43772239790712963 1.4877850475932138E-5 0.6350248182522431 | 0.0016727639862552158 0.0036399268817255796 0.00591697201966457
0.46820903354786453 6.170400682128035E-5 0.2225076458355843 | 0.003629600566423643 0.005097147294476538 -0.0031185896856276876
0.46772213985684596 0.019536904288690427 0.2663655547951085 | -0.027870637153009404 -0.8825812860445076 -0.04154051828285561
0.4856264525034716 9.279379553602429E-6 0.3689627097217993 | -0.0015101731094638968 0.005484177602293969 6.895607480907354E-4
0.46410253013145575 6.819221139898802E-6 0.46345039134013677 | 6.928994976718883E-5 0.005700115079517264 2.6554204491396164E-5
0.5895905379329279 4.752527592853277E-6 0.5896817062192415 | -0.0037477553603490568 0.003580147589217525 -0.004887538822244169
0.5023126529672901 5.755284036926907E-5 0.5817735867618483 | -0.001102611634302039 0.011796235188071245 -0.004004229740742156
0.5160263120496684 2.1853069805334922E-6 0.6499564063211296 | 0.00553327271954125 0.0017329064458924423 0.006145329360917105
0.5192210744881606 7.61760965109215E-5 0.6451656261608604 | 0.002774440224978144 0.0013333072275119476 0.008077222199648269
0.5903091089121223 2.7730019097962233E-6 0.2706286360138392 | -0.007603259470501519 0.002151685222963965 -0.003577136926619086
0.5379594841764537 0.007807368392203746 0.2136663824414003 | 0.01844393257923642 -0.004465475635300352 -0.005403515274860134
0.5755719985835615 1.9711135950455434E-5 0.3481670036955174 | -0.0020941822041588187 0.003109585793872453 -0.006702739964996445
0.6405774408677931 0.0012174884886551707 0.43945606747004967 | 0.023279346933234017 0.05300776270051272 0.01921025479650929
0.5812266779150619 4.2099354488907856E-4 0.5024638626786567 | -0.014093452129509788 -0.04932552311590119 4.006888756198271E-4
0.5896503691840942 1.8422729666667983E-5 0.5897430139603727 | -0.0041446357772962445 0.0032664288701073404 -0.005132711053035229
0.5998337041923568 1.1820337890125239E-5 0.6753385040800985 | -0.0018988586297418977 0.0052033728070092185 0.0015827331594636758
0.5946338175901087 2.3073181546827377E-8 0.8091600853147114 | -0.0013985516409601067 0.0025416257963621187 0.007094705969460788
0.6546485318085418 1.1167521806937825E-6 0.3086823763303669 | 0.0013992182084756927 0.001638361639636281 -0.008425790397697705
0.644332703230474 4.980917346473614E-6 0.21506871280062356 | -0.004347938653688586 0.0043024938433433284 6.41476531725735E-4
0.658450334408227 6.842777775873112E-7 0.363708256360198 | -0.007757250884253973 0.001590927377302815 0.002005595897609683
0.6383877119865613 1.7126476975128405E-5 0.43676714325724086 | 0.0017649145353835585 0.004280842501898454 0.005021504165012486
0.6481046083904763 1.9722642605484407E-5 0.5148879107701242 | 0.006037766572929045 0.001539335581558506 0.0055044062768489195
0.6755613297592679 1.8201289863040946E-6 0.5991696923194395 | 0.002124121838480234 0.004811547602798626 -0.0029874477067784884
0.6827925302398943 8.388973840505867E-6 0.6824307395168314 | 0.0062999561017229285 0.0016416765013481606 0.005726230948536216
0.6560382349365126 3.023827007807452E-7 0.8898931653052746 | 0.008272818091810793 0.0017026320447204933 0.0012833695805442146
0.7043533171068791 4.2486142737958076E-7 0.25474518850527306 | 0.0060264729937315915 0.003089157786210286 0.003949256647350852
0.906067440245275 4.954468743657459E-6 0.28012610743600863 | 0.0037102818300977147 0.0018555792235860362 -0.007355744244818072
0.8321478724245059 1.5884128992045993E-7 0.3849277342438577 | -0.002159128496578155 0.0022264756117091646 0.00770155505145861
0.634965145699208 1.901495355160327E-7 0.43759441307705527 | 0.006136691890782828 0.0036609501252009573 0.0018506191089723066
0.6451187459843902 4.3553618982990265E-5 0.5191816832878187 | 0.007838572666813834 0.0013614331401736175 0.002604031125592707
0.8093429529920939 7.344885901538005E-6 0.5947152903733287 | 0.007067390066811779 0.0025774160549148564 -0.0013494393943268535
0.8899102870935888 4.583800574930591E-6 0.6560213750332196 | 0.0013137556478129062 0.0017013085891598718 0.008269201966344501
0.6814957298132115 5.4486426438044564E-6 0.6812252593894841 | 0.0065957577441725125 0.0010470856483774029 0.006093079389009963
0.17348883906394627 0.40000173494126046 0.17348892167062982 | -0.006381573986195435 8.74430986034782E-4 -0.006381562654125141
0.223567179433235 0.4000045133371587 0.3464327864315845 | -0.0044665922527099815 0.0034376426984282626 0.004715171244059366
0.23500645960109595 0.0719979371287249 0.40000057009258355 | 0.006271188281755417 0.0036135283364197163 1.0953519111444508E-4
0.2029118941994121 0.10695096114374683 0.4000000007717403 | -0.0056102890915770845 0.0040162458545928955 5.576557336766267E-7
0.2643879005339651 1.0603285336112313E-4 0.4550085923037501 | -7.260011851737928E-4 0.005068951176084374 0.005030915676266345
0.2675709226017187 6.022643850270832E-6 0.5823589895952951 | -0.0023921460389998437 0.0034975898209672943 0.006216019486561707
0.28414741122905596 1.4394448612253795E-6 0.6455556024904783 | 0.004023067946487167 0.002372949615081896 0.006544374266931384
0.14874765909144066 5.10443095525194E-6 0.7927996122337446 | -0.006399331446942698 0.0010327997106356081 0.006198219745215416
0.3465404444866517 0.40000080530260607 0.22359285397942383 | 0.00457624370154713 0.0034704906961793174 -0.0045446042714588865
0.3435883744063473 0.4000159403219293 0.34358258596317864 | 0.005232376330977854 0.002693774944818928 0.00523542865160635
0.3246756894337607 0.017789514232146142 0.40006108151025316 | -0.0065925026330934024 -0.007705311580463095 0.00838812371964449
0.22515354490212164 0.013310809244658725 0.4000388543207027 | -0.0017316091693158817 -0.01050218280820118 0.008808486752245133
0.266207743671155 0.0031987281835930163 0.46435360385655583 | -0.03543622401193004 0.4070990397367147 -0.055135803057707294
0.2658328956537504 2.8891686201619115E-5 0.5831771439527877 | 0.005909234391360697 0.0036678307723047652 0.002679939931786944
0.21515978578173758 1.93422307166035E-5 0.6443879879443374 | 0.0030043553102581215 0.004607236198978792 6.785852919548376E-4
0.33111097284051527 1.6170425060758946E-5 0.8460604820377323 | -0.007212671531839847 0.0023085376738891518 -0.0037918309298192467
0.40005804246801957 0.04668137487871472 0.2384137612815196 | 0.009907635722442375 -0.0033103922440237328 -0.0016214976492638156
0.40008244824449585 0.02167238682336368 0.3254852110311707 | 0.0054417845407561645 -0.01043949074142326 -0.007867333072678886
0.4624948130076074 0.031069511322610023 0.46410326422466897 | -0.047024552378820084 -0.15531048494853797 0.012168878543813422
0.40852303183921257 5.17512907016328E-6 0.4092091878129058 | -2.4310380206682137E-4 0.0055256270649199565 -0.0017104565648026636
0.3726069217979274 1.437925498374498E-7 0.48547224315533205 | -0.006234261468891217 0.0014171040087386185 -0.008331518361446705
0.1990923769605138 0.008599976213111097 0.6249044328364686 | -0.1669565313172197 0.6815168531592085 0.13326086328706382
0.282551989162245 6.331252380688218E-6 0.6560383740044008 | 0.006014094175740581 0.003039868530322655 0.0033923088559887596
0.3651406199027185 4.083558148597505E-7 0.644691225825735 | -0.0010723615734830095 6.40732214063985E-4 0.008671018559586342
0.40000005706474967 0.10679918547354969 0.20322035879594036 | 1.1704828957379948E-6 0.00412322721413572 -0.005435273460296386
0.40000306618936043 0.014754036025177508 0.22310274570199004 | 0.008238639907477013 -0.010543731034411896 -0.0018509303079487919
0.40890247304308475 2.2655501110106886E-6 0.408134055136703 | -8.420521418500245E-4 0.0056263978806191306 -3.2208349357249405E-4
0.40921650274656907 4.449387904039101E-6 0.4076839899506175 | -0.001273396007352628 0.005587142237076638 2.9344512111622207E-4
0.4255051115274571 7.0520431035064035E-6 0.550952715209486 | 0.001940223439486493 0.0011974822245748476 -0.008349704318323456
0.42931026781886406 0.046745957793548176 0.6239902841436599 | 0.08260006587111035 0.014735408868128394 0.07768552886673334
0.48588098905146526 0.05840823512707369 0.6900162877208962 | 0.08086748542023299 -0.1342187818335979 -0.006295668544801136
0.4404051219072851 2.3334822190006145E-5 0.6327170787308392 | -0.0026419244622078145 0.002719033865653795 0.006843925576380753
0.4553119771652968 2.475543940739551E-5 0.26419246026134124 | 0.004046773428554567 0.0058032820718495306 -0.0018367083104783776
0.4668823807040538 0.012840130712169237 0.2657508968489539 | -0.026320416028945838 -0.9179748289062057 -0.04093127203996691
0.4856243489124418 1.200239763856498E-5 0.36896167232519195 | -0.0014104438276557414 0.005064422709087025 7.581114725657087E-4
0.5506824426651966 1.0466947798088126E-6 0.4259018423162632 | -0.008531371984417177 0.0012198687634613053 0.0010289221931837032
0.5896950882863002 1.6340217685586607E-6 0.5897865674173997 | -0.004448597046134409 0.0029908388803388526 -0.0053350008632998824
0.5022457836611218 0.007939434197290686 0.5819107086975144 | -0.002448326047714856 -0.38492032241271973 -0.013915481165398898
0.518042108042922 4.6008546725523826E-6 0.6566166770224932 | 0.005918540323305893 0.0031620267981002296 0.003347780786269775
0.5154874786881641 3.190698816093893E-5 0.6339595915587165 | 0.003500264512749099 8.505872807417505E-4 0.008388050053233901
0.583386454084728 2.0803949741938134E-5 0.267979117458948 | 0.005731867755441945 0.004165770468440377 -4.843430604582839E-4
0.5829969170123814 1.420209440457656E-6 0.26579316602558134 | 0.0032445828466803935 0.002732318333662592 0.006541057356354856
0.624577215932687 0.0026296340109155498 0.20745072135534434 | 0.1607516508416393 0.7376205951214707 -0.1636304964862777
0.6264480676154021 0.04561260465642023 0.43192370494105 | 0.08562893770240994 -0.05027720758145497 0.09083896672874717
0.5809529825926921 0.00724392570528446 0.5022660998565659 | -0.03011304512482144 -0.3698287264809115 -0.008369473436470598
0.589890994925424 2.762268399473426E-5 0.5899801540531255 | -0.0050976944542946365 0.0023668710717536638 -0.005695334772471782
0.5976378353060221 1.3303196592178874E-6 0.6778714805448866 | 0.005023056143911607 0.001701084743328786 -0.006517368445714886
0.6054683544344875 1.1338650636769402E-5 0.6624917069214111 | -0.0013744184777673082 3.785596590094164E-4 0.00920584185759986
0.6455391220560698 1.292069090130702E-5 0.28416379180766427 | 0.006664167351849637 0.002099786209353764 0.004493479119645527
0.6443098563359317 4.5783091091009856E-6 0.21506954342653606 | -0.004161534018569532 0.004072298550001505 6.027821326425282E-4
0.6566870632937601 1.7938393791052348E-6 0.28244399939676545 | 0.003396071238445623 0.002796880692306777 0.006439270103503044
0.6904247229003349 0.056622887657246844 0.4867287660929241 | -0.0028318197858615926 -0.11704865053686309 0.08612356592520294
0.6559646114039515 7.172845883157301E-5 0.5176157498444256 | 0.003220669282486901 0.0030717641760344997 0.005899132465622347
0.6786481405996748 5.661459348411947E-6 0.5962047411532554 | -0.006106522931873643 0.0015736045887032092 0.0055767505543778
0.7407631122045693 3.282559132894698E-6 0.7408072310531795 | -2.33510991626626E-4 0.0028137948286639136 -2.4512888515808843E-4
0.6488772714442838 4.693366919849036E-6 0.8841945536730493 | 0.00854538541963099 0.0010771479548418303 0.0024094979461791897
0.7931048896765003 1.4755925614342345E-5 0.14844605205371153 | 0.006206332032729452 0.0010167303308393297 -0.00640785035154687
0.8460636431162624 1.1921928154932465E-5 0.3311069194016112 | -0.0025346553382398834 0.002635465151208949 -0.007057682182118148
0.644785391822569 1.1472381962203648E-7 0.3651711456989015 | 0.008652588108460221 5.547973783811448E-4 -0.0011576004566560595
0.6330369049535128 6.815387740672941E-6 0.44012205146302547 | 0.007010834565984095 0.0028436909738637694 -0.002530827670154165
0.6339334494707444 7.27901461046801E-6 0.5155047918778548 | 0.007891650417219804 8.409765603041479E-4 0.003220874764096718
0.6624327218589025 3.8111906273650975E-6 0.6053899560950228 | 0.009241041080516307 4.0323217489292366E-4 -0.0015417784319805856
0.8841960757245906 5.222419333738567E-6 0.6488704899666455 | 0.0024493392333062467 0.001074987961544275 0.008535733632125581
0.8060655610134106 9.163733873239583E-7 0.806065577119326 | 0.0061610858453839835 0.001268917374671512 0.006159561721304277
0.1921562308686619 0.4000048307831806 0.19215625642786707 | -0.00642833210405791 7.691170983043637E-4 -0.006428331631674532
0.21850705937882262 0.40000314847830115 0.34560721607482175 | -0.005642300630740189 0.0027028641285376446 0.004783506503889525
0.23905830528164057 0.07483659110967981 0.4000009181038638 | 0.008841028452162596 0.0011316291381297577 1.3425822642497447E-4
0.1345724099895683 0.029891544306410184 0.40005334408858834 | -0.005302615611840816 6.674540184269438E-4 0.00747633572360103
0.15503315892557556 3.2958362384735316E-5 0.47336067477801924 | -0.0075652473564893985 0.0028459367812238667 -9.8861155806909E-4
0.19254099359110777 1.0802404099015652E-5 0.5690235847750164 | -0.00428730435737971 0.0028825035917238217 -0.005127459680522504
0.12865323282544747 2.541394207010698E-7 0.6572081664501723 | -0.00508612630438364 0.0022698617880868178 0.006397119802441882
0.1553112935438506 2.880030357329924E-7 0.7868345292779456 | -0.006146862857098436 0.0012860091204728694 0.00617790167555865
0.34561192578814676 0.40000292827972456 0.21850639704140914 | 0.004821768812370843 0.0026966278203616615 -0.005618720010479936
0.34351551705705113 0.4000026586348156 0.34350986298114244 | 0.005341227643047764 0.0025524179167403615 0.005343526345325006
0.3235526908422731 0.020485098844202868 0.4000358797884779 | -0.0017417267092246305 -0.012696588745124342 0.007914451512142524
0.28107808777520993 0.11129247897752709 0.4000000074803749 | 0.004399193013626158 0.004624704825856186 2.6838427687133324E-7
0.2985145925822886 4.902064049985979E-6 0.5133198137923365 | -0.00880791695414046 0.0017511269122865423 0.004952021173246632
0.06982158687053538 7.585369253032314E-4 0.4952866862537168 | -0.06826905577902226 0.03534307977606904 -0.03355506649111965
0.21509886985558066 2.0129284504014202E-6 0.6441591337286883 | 0.002978114048426885 0.00429172767894391 0.002053030379022304
0.2574482818901663 1.895708407700377E-5 0.7972279733604674 | 9.688238285865753E-4 0.0031216766382581133 0.006715767626945953
0.4000011754285762 0.06637211837430036 0.2272368567566114 | 9.430835770057961E-4 0.005068233834034258 0.0029136614057528685
0.40002527258684173 0.014142144444064631 0.31996712961062906 | 0.009851396247535766 -0.007059293155100504 0.0031869919366887323
0.4625475698123751 0.030245678559210478 0.4640108464482919 | -0.04398671061562077 -0.18366251038274206 0.008478239124854042
0.329541550889457 0.008901505935272292 0.40003217211521686 | -0.007335087265099908 0.002241839830025581 0.002835147183024492
0.3706705019550281 6.431130293469607E-6 0.4815673017743091 | 6.435527355339408E-5 0.0023733013972939477 0.009187901297271992
0.3469590711500715 3.289588845450019E-6 0.5751083312846472 | 0.004961149832873987 0.002525247736468331 0.0043159115819678216
0.3658725209331732 2.7835348323127964E-6 0.6557330446269838 | -0.006686734114239443 0.0011579373798216233 0.005242584979575756
0.348449884537413 3.248119806732128E-5 0.7290776738821186 | -0.0017327986729539842 0.001493846574033603 0.008492879527172275
0.400000399479179 0.029604916819303273 0.1342483388165472 | 0.00663037524978646 0.0010260921150854266 -0.005955068868826541
0.4000000013429463 0.11001439833133941 0.2984511297130535 | 7.529990942674595E-7 0.002153811665532677 0.008135896206295337
0.400132532755552 0.0048865816153733045 0.33483525431278344 | 0.0026576203144983743 0.0014532045566072538 -0.008263884289763499
0.42167414932924135 5.792567215917356E-6 0.40483662722892366 | -0.007079302285841484 0.002880054196338213 0.0024760228073579978
0.42114782894048947 1.715846462240171E-6 0.5582204458987754 | 0.00384154969362593 7.569085988002961E-4 -0.008037298832686678
0.4266672340144094 1.5529495111610537E-6 0.5459616439113272 | 0.0018181641399206334 0.003015545819343062 0.006412382011702608
0.43256297760419565 9.156237852747201E-6 0.732496594337782 | 5.5176033491656634E-5 0.002869381256197495 0.007186276327842345
0.4370829369554635 6.369401990617385E-6 0.7392608657216335 | -0.008273334226971836 0.0017617801313370676 -3.5449929149844553E-4
0.47315536684491283 4.0806704393521995E-6 0.15485980169110905 | -2.4125653430513624E-4 0.003950671199993086 -0.006116634363279007
0.5133503734311464 5.4128377601282064E-5 0.2989729590690403 | 0.0032645574461256117 0.002358414499524708 -0.005514600595960585
0.48562795946201515 1.0414017726449522E-5 0.3689591668677084 | -0.0015767385651896599 0.0056103935995932466 8.39265621660921E-4
0.558815919877368 5.2611634776932856E-6 0.42100585107094873 | -0.00814923457466279 7.190087054904858E-4 0.0037976491709058777
0.5896744193815457 1.207972157813088E-5 0.589765208483844 | -0.00431500815461039 0.0031263681937048027 -0.005227527132815128
0.5023271813991883 3.333896288380935E-4 0.5817605945609954 | 8.158101979457049E-4 -0.1040645679587017 -0.00880845956543737
0.5077426717829858 3.628088992490321E-6 0.8377459415440343 | 9.048297120091576E-4 0.0037313123659401303 0.00600694996645731
0.513300231297191 3.431937138028245E-7 0.7312143078008299 | 0.005551375982022475 0.002110701003882948 0.0056290686688748506
0.5690109028574782 2.998174740931583E-5 0.1924938410856389 | -0.003391281072321408 0.002964786563749265 -0.005803271419651201
0.4957054022994885 6.137090125414626E-4 0.07050476435190722 | -0.04108433883517361 0.07053156167704616 -0.06630152478053451
0.5755235387206762 8.142663837614291E-6 0.34700603235403354 | -0.0025937515061250087 0.0032205495059465738 0.006391246690917838
0.5460427829235075 3.026544791676433E-7 0.426977938750553 | 0.006861198911947053 -0.013607020139618802 -0.0015076627289528687
0.5812253394725119 5.147631767893038E-4 0.5024884611754058 | -0.009971298603394664 0.09746566919296193 -6.574855993476408E-5
0.589582430030838 1.420359529214529E-7 0.5896649901440478 | -0.0037407219045002865 0.003651137357882659 -0.0047587568394382935
0.5998212723095195 1.8036363607223813E-5 0.6753436696060742 | -0.0016945343152560395 0.005244387666516927 0.0015533207245034578
0.5979212725334306 9.198690422958038E-7 0.7173385918407629 | -8.17327129794763E-4 9.003263433432311E-4 0.008427851830022124
0.6570513637936161 1.4248575821164916E-5 0.1286731030836223 | 0.0071942234726668185 0.0022361432084969817 -0.003551592836024511
0.6441467958697853 2.3057664858967668E-5 0.21497696325724425 | -0.0034193587397765937 0.004625873140833828 0.0014138348514318919
0.6559189559807599 6.702095356255503E-7 0.36604650176522724 | 0.004351821223011651 0.001088827764316634 -0.007305826883338356
0.7326659214243246 1.46483003587387E-6 0.4325703990966069 | 0.00711993911423082 0.002943974644719607 2.1202541636901846E-4
0.83785429880945 5.164390061365091E-6 0.5078466589709691 | 0.006450737764478947 0.0035146402911362274 3.152101988532718E-4
0.6755765063000178 1.0203905502751462E-5 0.5991818376994519 | 0.0018114166477786375 0.004801059598125721 -0.0032093599738231074
0.6813514262345964 1.1103561358550774E-6 0.6810936239190504 | 0.0066168448541493435 0.0010056603808760829 0.006114142810862031
0.684956923169411 5.262806334481964E-7 0.7931789971856066 | -0.003940981399783438 0.0010012773903789742 0.007691050672629324
0.7867338055553547 1.1029341372717236E-6 0.1553856783665232 | 0.0061743100007617254 0.0012977828718170716 -0.00613736458092319
0.7972528071463828 1.714153492153016E-5 0.2574341304249697 | 0.00651529584238687 0.0033285641774927267 7.757504556504996E-4
0.729100066855529 3.8532249764030045E-5 0.3484528242933976 | 0.008645083335523749 0.0014625254625538382 -0.0015371886013087778
0.739266486746706 6.8378814961844965E-6 0.4370840737782869 | -4.567491202152816E-4 0.001761243434220737 -0.008300768030891064
0.7312129280561637 2.5962741292783423E-6 0.5132987291794789 | 0.005391514863078187 0.002262817251406182 0.005526328452505634
0.7173308193425985 1.9016520309611255E-6 0.5979378546140219 | 0.008589837909505764 9.669098977510722E-4 -7.684459368044495E-4
0.7931738623530405 8.58130485884641E-7 0.6849555499722424 | 0.007678055479857106 0.0010302936926824655 -0.0039357046835531515
0.7988240301739596 6.403574516737072E-6 0.7988240159895251 | 0.006322983520405945 8.991918081521999E-4 0.006318061537848058
0.2140629248530909 0.4000048197214068 0.21406293638446477 | -0.0038643937301944984 0.004092412148722029 -0.003864169801501378
0.23210855685321455 0.4000073546479893 0.3431599007755431 | -0.004622028253340355 0.001642142948915136 0.007040768504118902
0.24143599954343017 0.07803004698342315 0.4000001403297553 | 0.010354048024686978 -0.009141307329658822 8.096302166071012E-5
0.14327130955619374 0.030316210203735 0.40007505993906545 | -0.008897827549129196 -8.896210795155311E-4 0.004635670918623601
0.07001543317551222 1.687773568637792E-6 0.49283036876878394 | -0.008421568095895757 0.0015758452208580146 4.1592103230336786E-4
0.20011270755101906 6.06851922824683E-5 0.5661508827840237 | -0.006251223079283954 0.0023618051612327626 -0.0037668991052675228
0.14374458903254214 9.180905820624201E-7 0.6543798742831259 | -0.009366724124931712 8.678032627023459E-4 0.001821474293393824
0.16581142613410052 7.007381545818197E-6 0.7755695062928569 | -0.006279817484600011 8.827462263508798E-4 0.006467830432076927
0.34316243617854403 0.4000072344800633 0.2321086600234608 | 0.007051506878598106 0.0016398867814924098 -0.00460906677868665
0.3435082821909901 0.4000016534490282 0.3435028930839878 | 0.005351255986864242 0.002539874051948367 0.0053523591480864495
0.32246907074921244 0.02008502462953893 0.40002219461702043 | 0.002087440928351846 -0.012217756529452938 0.00815333213985182
0.2985380252647852 0.10814131454285998 0.40000000667708746 | 0.006838742407779382 0.003165523776851773 6.483904624254284E-7
0.299786850173326 6.658308472593033E-7 0.513406151040114 | -0.009767463864719664 -0.018140145956172082 0.004002512019943685
0.06969762554881677 8.017503035334509E-4 0.49522865766245294 | -0.06732846001828727 0.037693977001636694 -0.03239681267443726
0.2150990559351786 1.9978284367345376E-7 0.6441683915774314 | 0.0029924655414677237 0.004297097777804155 0.001996661117882123
0.25730544743426453 8.993329332961659E-7 0.7944005439610066 | 0.0016983378004301545 0.0019454562800157666 0.007879762607012585
0.40000061316260893 0.08207773491389825 0.24259766749457565 | 1.6768390398404361E-4 0.0049011268225779905 0.003683510375208884
0.4000386190782134 0.01411264250230414 0.31856602345292945 | 0.008402017257740108 -0.005748804238458135 0.006211297230492215
0.5056374064992719 0.05795405731404715 0.5193703925657802 | -0.07146442910469311 -0.6917652674861867 0.07044390261061984
0.3234426616642817 0.01284669887632778 0.4000446373686398 | -0.0022294135401832367 0.0016173511134450218 0.007983562941453953
0.3713270480901011 7.810225547035684E-6 0.4821358266852434 | -0.004421873369629344 0.0027875615892853567 0.0074771818234919095
0.3427766351954669 5.239201265472033E-6 0.5788050848694907 | 0.0069081040970555944 6.068749693967019E-4 -0.004681542491465179
0.4327673607007148 3.575469732658472E-5 0.744111779661189 | 0.001460840723476635 0.0025356209566635766 -0.007358914245934704
0.35178725486084494 7.382543621244406E-7 0.7305608266788157 | -0.004518714308390011 0.0012754218260632765 0.007576369022237522
0.4000320790104578 0.030579945281581297 0.1430329623000609 | 0.004242727621438918 -4.079619207565698E-4 -0.008829638362008002
0.4000000519207142 0.15180249285336733 0.29748543614394257 | 1.3486596011542413E-6 -0.6212713068962679 0.002300269093598297
0.40005340884219054 0.008304444262940146 0.3286253241751531 | 0.003256881748112363 0.0015436394774509777 -0.007788203155156964
0.41835975789182317 8.152996040026818E-5 0.38783249528536373 | -0.0035863685029071933 0.0028565710861637042 0.0063748348264167885
0.4234853675202486 1.5462301539358013E-7 0.5543701795423857 | 0.003318335468901968 8.423904440026201E-4 -0.00819710068143581
0.42645826093059447 2.422290297568114E-7 0.5428100940600957 | 0.0019975481129208402 0.0010706933328812215 0.008269085857730675
0.4326654201642717 3.3023156082803704E-5 0.7332537831601882 | -1.221231148126771E-4 0.003114304023095198 0.006895439303280595
0.43738029481492374 3.774636254387536E-7 0.7442996310012704 | -0.00805403965655544 0.0014797958098864612 -0.002800281134949273
0.49281015295922853 1.618941659119753E-6 0.06964834962191539 | -3.090474271727316E-4 0.0021818024322864302 -0.007934018637060471
0.5126242887467216 1.1724073842523511E-6 0.3002601830794034 | 0.0032990034408275216 0.0020031862306498223 -0.005855297163065803
0.48562218135584695 6.082575573726679E-6 0.36896356245336537 | -0.0013531235551368884 0.005968734905845854 7.296893076885524E-4
0.5541416134201673 1.3708207359082597E-5 0.4237214977079959 | -0.008293466260726235 8.197259218254917E-4 0.003241596944287347
0.5896713800571952 2.388617532882321E-5 0.5897633136333612 | -0.004260738182424807 0.003177049625012243 -0.0051889009992284576
0.5023083889075867 2.963427479673404E-5 0.5817795820455159 | -0.0012051062018264974 -0.009126795650815409 -0.00518297623219196
0.5078459316673153 1.5130015089598253E-5 0.8378767857362613 | 3.1675036232749405E-4 0.003949382250162064 0.005722106660060834
0.5125780703380964 9.549971471206328E-6 0.7415875324720516 | 0.007670924841493714 0.0017130098745996118 0.0031398133251429026
0.5661329204870649 9.931200033290813E-5 0.20008112762972827 | -0.002829661133310337 0.002371434668728463 -0.006850840818641431
0.4956999196300655 3.6980703480088097E-4 0.07043116082721661 | -0.03992519832342523 0.08790675422861259 -0.06472974599981529
0.5787182496894752 3.571906568303744E-6 0.3427942244320894 | -0.00569583251456485 6.379344578203907E-4 0.0073459611038253205
0.5425722448241529 1.643547456116253E-5 0.4266422948757272 | 0.008740212965015823 9.80641236971417E-4 0.0015468634383292669
0.5812005540421981 2.6123730926356717E-4 0.5024607832748315 | -0.013874158364754186 -0.033645309138792295 6.608679010212113E-5
0.5895488702257363 1.2783646010098582E-5 0.5896399454279557 | -0.00330700431940772 0.003903336371763146 -0.004587357577928365
0.5196319977712898 0.005043116500228089 0.7505845640848993 | -0.012440203220523149 0.03220084688953628 8.05621487215541E-4
0.5939603452486665 1.4342672824456237E-6 0.7269400797466132 | 0.0010475395468560584 0.0010231896196674555 0.008351844321762864
0.6543965639518378 5.988675721035947E-7 0.14373744159269583 | 0.0016406290585848293 6.728846578994146E-4 -0.009426632683832158
0.6441446259829778 8.992093694509004E-8 0.21497370512762715 | -0.0033962220118872993 0.004629851962525251 0.0014474425839838781
0.744180134627864 9.008486106795962E-6 0.43284407785485524 | -0.007492384510672984 0.002490716836697424 0.0011984399810884157
0.7328588302725068 1.4516473375029179E-5 0.43261488053111247 | 0.007040951855657267 0.0030136126710189884 1.0522239772172047E-4
0.8378843794012114 5.0201646455000935E-6 0.5078709776312659 | 0.006403222329468755 0.0035521480432470086 1.8858785120399823E-4
0.7524349587682694 0.003917968850942032 0.5192832265004645 | -0.01035393466632846 0.21908050331124793 -0.015815224132006648
0.7408395038153759 4.5329600782733986E-5 0.7408858240191515 | -5.03902810409783E-4 0.1169616021074926 -5.143169059575924E-4
0.6863594395928329 1.923733287528099E-5 0.7936476698298007 | -0.004638795205967101 9.308516877521599E-4 0.007351183454721196
0.7755541782602668 1.1479985447637645E-5 0.16581275463516873 | 0.006454602281814943 8.888655402724594E-4 -0.006287101557505796
0.7944259654653775 6.425700419292668E-7 0.25729476265022627 | 0.0077976615995719745 0.002084094515749619 0.0015856039858484134
0.7305859373889841 2.7327223163783884E-7 0.35179253384957665 | 0.007873619328925736 0.0012623156857591814 -0.004196484686087076
0.744308615110117 6.835269755981887E-7 0.4373871115612239 | -0.002818160523970177 0.001472915063376598 -0.008091558088179985
0.741587953357087 1.0559873447019947E-5 0.5125775180699086 | 0.003019557638100833 0.001870467029475485 0.007509188853507735
0.7269413416285002 7.635776412637393E-7 0.5939845504531128 | 0.008609350171864769 0.0010888408818447407 0.0012797464592522716
0.7936460746985547 1.98468524450765E-5 0.6863608314215558 | 0.007336636336910178 9.564228450885577E-4 -0.004640088789887285
0.7896547180742174 3.3462028921727534E-7 0.7896547403606216 | 0.0064800322051698795 4.736077162035274E-4 0.006473787867230488
0.2252411249884605 0.4000002772006596 0.22524113243400132 | -0.0035771873975985673 0.004312709830593996 -0.003572738616489657
0.23617535161799136 0.40000151306119375 0.3417757589287807 | -0.004935107638059936 0.0012467910811858277 0.007214184372735117
0.23117454125310344 0.059118069242051485 0.40001265957067 | 0.005284933752186025 0.004103481355750535 0.001405117002630762
0.15698005395813494 0.023368391597449464 0.40002219130863664 | -0.009342060743622062 -6.96153880027421E-4 0.0033308662364356294
0.07355829605192594 1.3084401387473767E-7 0.4929796902598548 | -0.008912851314732753 0.001068643078010699 -1.965375362222516E-4
0.1958512080144662 2.2950840422027722E-5 0.566170780261137 | -0.0054602785880554245 0.0029134902148380774 -0.003813724685592567
0.14533161919146603 1.7071662525860345E-6 0.6541914435898009 | -0.009459481432677575 8.018911321136827E-4 0.0016397585122928911
0.16796308735972254 2.2232537758213576E-5 0.7734557483124345 | -0.006521689753143474 8.144708692739409E-4 0.00629305286264127
0.3417752611880985 0.40000161049353294 0.23617502387087874 | 0.007220939107433191 0.0012457842437435683 -0.004926521205355423
0.3434911296506791 0.4000071549112912 0.3434856740530108 | 0.0053596802967827125 0.0025284464501713743 0.005361063059266249
0.32308051939316385 0.02137734877384887 0.40005112938374143 | 7.154890767597715E-5 -0.0133598323419323 0.007451815575634475
0.3157306885101661 0.10932405878547802 0.4000000208846354 | 0.008444672843136382 0.0016189290829622446 3.1449933488917164E-6
0.3007330558986833 5.060159915768262E-6 0.5123439285938687 | -0.009387079193585642 0.0012897929605063603 0.004684624711109755
0.1080955574561381 2.2568115359268583E-7 0.570227013903266 | 0.0023157428525091804 0.003587873877791639 0.006605011690571636
0.2066127838328461 6.124853449002236E-6 0.7163318388800656 | -0.0012230370235996918 0.00461488895715115 0.004304853319060227
0.25736179776768553 3.275665371712407E-6 0.7941432903599162 | 0.0016319749679497347 0.001893554065533285 0.007942455584789326
0.40000001956326 0.08197762117618938 0.24260128851576646 | 2.599309059512287E-4 -0.01169125494835695 0.0037820033920836593
0.40004435228217994 0.014007856636144046 0.3179109137569317 | 0.007735796439698315 -0.0050497340806730665 0.007003849247991183
0.5097977291625425 4.5420133716179794E-5 0.5088872965019655 | -0.0025044433534622446 0.00525091064250847 -0.0014368933384685226
0.3244251744215106 0.011468726885118238 0.4000710345839161 | -0.004064121970954935 0.0027258551986400056 0.005958799791575184
0.37068840890812177 6.443322434519015E-6 0.4819736992608878 | -1.9890075170166076E-5 0.0028229273247645263 0.008721807352095459
0.34713359041869674 8.100434782701592E-6 0.5763244378067971 | 0.0037092220608513572 0.0023970809411345915 -0.005386946131117075
0.33841276495839057 0.0010280475969058505 0.8259143839870728 | 0.0017425497133288755 -0.37275150410813673 0.08725211499656592
0.35700616337511504 7.4145301731308005E-6 0.7516223616943728 | -0.008542574338291718 8.240455093550547E-4 0.002743129527498067
0.40002692765447667 0.024108478037030787 0.15717257208441662 | 0.003239552500224232 -2.9227639240690943E-4 -0.009154888334439417
0.4000000027335371 0.11090618861206876 0.31313348576215383 | 5.058232100957262E-7 -0.001209143833935853 0.010562821389439156
0.4000673796827386 0.010695120411129126 0.3244519920915291 | 0.005660953532792649 3.855160055808004E-4 -0.0070978280100786155
0.394190807283515 5.731408034459221E-6 0.4038523407472753 | 0.006122717531432067 0.0037411235228610178 0.00153442192130451
0.4274142026737747 4.284480390055848E-8 0.5451983665926461 | -0.0027902833008298113 0.00215227286067733 0.00712190274125859
0.42628687280220995 1.3295398523676774E-5 0.5429542968646885 | 0.002445172682885446 0.0010835288366249634 0.008133317933873839
0.43268043535682704 1.5463177917001672E-5 0.7332991877876873 | -1.645783079514561E-4 0.003114377578434375 0.006894534577553911
0.43691130095095415 1.961597915096788E-6 0.752734087771628 | -0.007447349447775897 0.0014598135085158409 -0.004236221195301293
0.49272821776075787 1.7892108403787924E-7 0.0731264109924674 | -4.259169464974046E-4 0.0014436842775804098 -0.008637127485567447
0.5113228258185358 7.827215417737997E-6 0.30086285629701875 | 0.003906057210078509 0.001854886099943391 -0.005778889884342638
0.4856225988725462 1.40073206904738E-5 0.3689639285466728 | -0.001346494776718886 0.005984915002060659 7.009739087764776E-4
0.545234976276219 5.180020518955907E-8 0.42738690509633864 | 0.007526656530559055 0.001952092082354116 -0.002813897556359774
0.5112834035417795 5.787722150364453E-6 0.5114551349446671 | -0.0031048173319839943 0.004552243933669427 -0.0036551827692482847
0.5023129686228782 1.7550038615141324E-5 0.5817831484080017 | -0.001973501892824589 0.018336393313058464 -0.0034119042183249097
0.5077617595698879 3.5026369599760234E-7 0.8374627259743568 | 5.385788740934976E-4 0.0033647255591897907 0.006575057134189233
0.5133874744167378 2.062639454348808E-6 0.7513586353471339 | 0.008347768801429725 0.001322699822230732 -0.0022626801651275353
0.5661536815789993 5.721859649460861E-5 0.19582139919714917 | -0.0023536271930851495 0.002876080313667445 -0.006391253562713811
0.5720212549063604 1.1985982344575125E-5 0.1060782043560819 | 0.0061575319179133494 0.004039940763513704 0.0014239335138440418
0.5766992653352854 7.336994628156176E-7 0.3471105239768642 | -0.007860806618200577 0.001841179689928642 0.0027927663299915422
0.5433194415705626 2.006148475259977E-6 0.4267791717382035 | 0.008680595992316556 0.0011249994299497902 0.0011584281109798397
0.5811954505763717 1.7174106819488018E-4 0.5024608738483072 | -0.014616852761930513 -0.04523554984019875 2.432797575585898E-4
0.5896076951070887 5.602565259392675E-6 0.5896989642955113 | -0.0038868244220181133 0.0034733885947722965 -0.00497481271202983
0.5933634521689726 7.5016117323654025E-6 0.8592902880936913 | -0.004446736311355811 0.0022404783618964006 0.006502312407150106
0.5888400869163034 2.8073029977311215E-6 0.7617824882613953 | 0.003317824810052608 0.0017854748082735486 0.0072454210972367926
0.6542095268762281 1.4340332465938258E-6 0.1453294160752556 | 0.0014619655560304922 6.09767737995667E-4 -0.009520814129508386
0.71639716621879 2.1877661236008433E-5 0.20666344675830797 | 0.004514684205190736 0.0044995761645159095 -0.001154510475553969
0.8257696406182826 0.00894174610701187 0.33780966872507134 | 0.0916424768208165 -0.11969920034211928 0.001643349076194454
0.7332639367695889 5.245030762306441E-7 0.432745346867637 | 0.006892752160735872 0.0031337889407955953 -2.763700450832631E-4
0.837583326311085 7.4615826321873505E-6 0.5078082570382125 | 0.00685990910384114 0.0032047908421837554 3.603192774428558E-4
0.8590536270319488 9.082936548416489E-6 0.5935275810115923 | 0.0064856145818526795 0.0022490463143791466 -0.004456562576866258
0.740766926878904 2.517867244457299E-6 0.740811230548161 | -4.723799668667976E-4 -0.004127423206693978 -4.925268385842322E-4
0.686543578934081 4.064340398655342E-7 0.7944338506660011 | -0.004779669887542285 9.578476803406734E-4 0.007232086262589917
0.7735925814317509 3.8033062131482173E-6 0.16777383599136497 | 0.006305330383316554 8.210612081644344E-4 -0.006503313017282203
0.794167934090622 1.714688044946329E-6 0.2573509003211367 | 0.007863956279026734 0.00202744294865056 0.0015237671031621178
0.7516446898088837 5.233789507682303E-6 0.357011673919892 | 0.003127746865255411 9.664375815990126E-4 -0.008403959547617124
0.7527365103987042 1.374213393020184E-6 0.4369070391621088 | -0.004080639819725074 0.0014492830902678843 -0.007581662287706478
0.7513658152661262 5.565480224297816E-6 0.513388072330912 | -0.00197384612314948 0.0014969221670075377 0.008143052397497377
0.7617808201707355 2.2503452688063912E-6 0.5888389749859689 | 0.007582992092835822 0.0018354751390611298 0.003368297974397932
0.7944304957633939 7.741988989509861E-7 0.6865459673290265 | 0.007216182098870145 9.837512323554447E-4 -0.004781902389297079
0.7860554770408335 2.2564323165831466E-7 0.7860555174245097 | 0.00649542755757877 4.031251143026008E-4 0.006488751137671109
0.2393892278999267 0.40000018324521935 0.23938924631536512 | -0.004824448901072668 0.0031802553520879416 -0.004816689631969595
0.2422307416645387 0.4000016262909018 0.34188467932271305 | -0.005362241870077781 0.0011337058367447107 0.007008286351768498
0.23951959242381704 0.009752685167656079 0.4000422830025912 | -0.006508580561356098 -0.007686420732820467 0.007290071186752491
0.19072605263100323 0.09412690832922926 0.4000000204165223 | -0.004785614146472053 0.004449306567098133 1.8826271317873443E-6
0.17299256508253275 3.794011934275273E-5 0.4744076158696507 | -0.007891405354243918 0.0024194867482845977 -0.0018023041358129546
0.07923898284870387 5.11269271584872E-6 0.5823521985801908 | -0.005367725139598948 0.0014593947202170754 0.006732277446571185
0.14641192996084107 1.1591101741758605E-6 0.6542830962401859 | -0.009521245591955572 7.638574429542019E-4 0.0014666389494769256
0.16996988155755244 2.5479178007102068E-5 0.7715597396365139 | -0.0067540598336537664 7.673408643649597E-4 0.006091555076612344
0.3418846628590171 0.40000157416690624 0.24223061678701943 | 0.007010800814052876 0.0011330986165360387 -0.005359616292472238
0.34356941898490995 0.4000016311002601 0.3435651625503755 | 0.005284652182028922 0.002631012871153566 0.005280468395174521
0.32246788369618573 0.020823299950372996 0.4000064781084047 | 0.0020557355327875835 -0.012806959862146042 0.007661185235731525
0.31061426444162016 0.1048042954340287 0.40000000030756133 | 0.006478487724798736 0.003441299663862526 1.7776540709742723E-6
0.2967009151116409 7.779772486753117E-6 0.5095676320638081 | -0.004073953365746998 0.0015226471283870883 0.009380303756687866
0.07306147325471629 1.7249617163527003E-5 0.5878477430009603 | -0.007533443978162769 0.001701207618954747 0.0036803160924204262
0.20795635128386314 3.740740696899355E-6 0.7165564392918764 | -0.004469405720519707 0.004318091567286326 0.002543588525090322
0.25770471993668687 2.2068838870153134E-5 0.7933826362120642 | 0.0012350306504556306 0.0017813629528394598 0.008115491538712835
0.4000384105442985 0.009385734299908887 0.2391835719049642 | 0.006565027302950867 -0.00687341629777516 -0.006654107391881585
0.40002679717474043 0.01103769107100662 0.31541497942226937 | 0.005665337811120614 -0.0010724922446487554 0.007634786455030333
0.5040771643774702 7.318854155960957E-6 0.5034016414957238 | 0.0024252096909296184 0.0050180829927135295 0.0030865778515466323
0.3199997557873648 0.013617960502566986 0.4001148919356643 | 0.006695727772477629 -6.542623322596753E-5 0.006545443714731914
0.3720846777752196 8.532972242250936E-6 0.48520348877187536 | -0.005335595834386667 0.0016266321856078 -0.00874379193930536
0.34702038044405337 9.218194430493158E-6 0.575965837295166 | 0.00531301406840291 0.0027254425186792625 -0.003180520074438191
0.35164509134397104 7.973560912991367E-7 0.7144179965273584 | -0.0021573059088037414 0.0011519252168206617 0.008348627126854663
0.3621894223044689 1.7970192963687146E-5 0.9114021624246703 | -3.6818795662629735E-4 0.0014914426772303848 0.008486089181225835
0.4000000372735025 0.09564799436836811 0.19115023942740678 | 1.7858207550392857E-6 0.004324899361327998 -0.005042458474517419
0.4000000242103419 0.10458776940771057 0.3106064839018286 | 1.2990851624655892E-6 0.001642003760073981 0.008707225862655758
0.40010171260801136 0.01321574306437152 0.323842108105904 | 0.007259072850137156 -0.003197121842329641 -0.007546413294277288
0.4076960416877267 3.2049964375060966E-6 0.4086763239628119 | 6.777074605993791E-4 0.005582348171265622 -0.001140246350937944
0.42846577579635026 4.199161587637617E-6 0.5409964081881025 | -0.0021243120649654976 9.23335414758818E-4 0.008399029966089239
0.42591027749343197 9.685190953449402E-7 0.5445862621074156 | 0.0042707272498614625 0.0014272666741835564 0.007041239731053471
0.43264846781196964 2.955578441588168E-6 0.7334852877745202 | 4.491093007785337E-7 0.0031656231460329516 0.006833333502883809
0.4343467491744055 9.860772874817897E-6 0.9279855378641969 | -9.671640891903541E-4 0.002986985208249639 0.006994968930766172
0.4744557310169351 2.105100531354367E-6 0.17294581087765795 | -0.0012573983042728728 0.002609744014769511 -0.007723578794385015
0.5096948002803741 4.38204881889739E-6 0.2961394893987545 | 0.007069956388785941 0.00281176258291388 -0.00234026634563777
0.48562462992109456 1.811353863003041E-6 0.36896253901317544 | -0.0014274600532131734 0.005914966175980043 7.002757719738989E-4
0.5410180090033757 4.052367347336965E-5 0.428565782273376 | 0.008625760750288206 8.75065880483489E-4 -0.0024500893214935136
0.508460658651305 5.867936303849807E-7 0.5086333454084446 | -9.580352425478153E-4 0.0054931905884792265 -0.0015785083185919685
0.5023100210218477 3.0086844073864832E-5 0.5817775127891501 | -0.0011236337224888803 -0.011281835704341754 -0.005006263109905634
0.5074782700773148 5.144488456099037E-6 0.8367512569407809 | 0.0012732517905756522 0.0027024131316057643 0.0072924283947519205
0.5070378972914792 6.223873947178316E-7 0.9288220651051893 | -7.641423113329342E-4 0.0021439593701240377 0.007934356352968457
0.5821638070487325 9.743101451858746E-6 0.07951825057407494 | 0.007013169242077594 0.0016308385997063615 -0.004881023095450738
0.587672798490378 1.754391729148517E-5 0.07374177008061576 | 0.0035435139802496092 0.0018728311842784123 -0.007444599404698817
0.5767932452458153 1.7578779569255856E-5 0.34722282916096703 | -0.008088276829504984 0.0018083757345806095 0.002155876902556742
0.5450333847701865 1.5931275893261078E-6 0.4256194303445393 | 0.006527517878373752 0.0013424592965629166 0.00552624256634185
0.5811880985404869 2.203894952576289E-5 0.5024707934531916 | -0.010118514267803263 0.05101339388631316 -5.499905516717402E-4
0.5898656503515507 2.2737013604558417E-5 0.5899562278918156 | -0.005035419586377058 0.002424352233640101 -0.005671222558664355
0.6345850004049186 0.010273193181473744 0.7524544931264033 | -0.0213161660317333 -0.6085938021374645 0.010802814108827734
0.5760221869900171 6.029829802502752E-6 0.9144600206683774 | -0.00230881534488529 0.001356585619171313 0.008347277367995303
0.6542960722089592 4.732565267566853E-7 0.14646427534059026 | 0.0012835065592858817 5.72631621203734E-4 -0.009585115056742453
0.7166400034424212 3.205788799802027E-7 0.20799986230923634 | 0.0027039713622137966 0.004271049228310646 -0.0044424188851801705
0.7095646493889748 4.2752537600202555E-6 0.3536843580723861 | 0.008177976595801145 0.001117767518995678 -0.0021716906184493403
0.7328546195092547 3.917014758639748E-5 0.43265173048044037 | 0.00701753085706692 0.0030343184804513096 -2.8816091479289818E-5
0.8368996723230997 1.3525897993789224E-5 0.507568756978613 | 0.007484494023274642 0.002625785935110864 9.546732733416213E-4
0.7527911775047191 0.011066849040637414 0.6342227344065664 | 0.011620837558595148 -0.6080701358280381 -0.02160569487130894
0.740763135057503 6.7846961914245285E-6 0.7408072475141695 | -2.634498021017085E-4 0.011185932682321898 -2.756041404040764E-4
0.6868205299852469 6.3192304526911555E-6 0.7938661003745879 | -0.004849925995423773 9.071255468441422E-4 0.007234650765964851
0.7717508044161708 2.585389320303673E-7 0.16974346742940138 | 0.006105772350469786 7.729876724399163E-4 -0.006735911812738428
0.7934061318376642 1.7490127120886473E-5 0.25769305684693117 | 0.008041370887983835 0.0019057514835986698 0.0011372155594004513
0.9113934226877716 2.2785118947999958E-5 0.3621964593241436 | 0.00843027093162479 0.0016123441875397747 -3.2254122381971686E-4
0.9279869666374027 4.250936375135607E-6 0.43435100167944996 | 0.0070039127828370636 0.0029799496865257234 -9.648925064798243E-4
0.9288071846723568 1.5810225995730586E-6 0.5070365279908844 | 0.007955147876528611 0.002122856060827931 -7.598453923605445E-4
0.9144627639211115 4.497365613203612E-6 0.576018166835132 | 0.008340584739225054 0.0013609134578014765 -0.002320031535920009
0.7938646948091735 6.655385290485582E-6 0.6868219395876414 | 0.007219758043133678 9.315861807769002E-4 -0.004852676320985113
0.7819680391913703 1.1863498482709908E-6 0.7819681357709999 | 0.006497184934361159 3.592746131000611E-4 0.006489989286329044
0.25213007088753747 0.40000718712305305 0.2521300802829471 | -0.005277194784833908 0.002631658979931091 -0.005279169893931972
0.2498498871448597 0.4000012233897605 0.33922821154863536 | -0.004605073459260507 9.461448057535445E-4 0.007686902014342124
0.22447106609113476 0.036279925627676235 0.40002392698141576 | -0.001583577679193818 -0.013749978441360168 0.00643924808503635
0.2077141767401545 0.10593579083915831 0.4000000520288864 | -0.005517921738281962 0.004071298611974069 5.619060746650945E-7
0.2329059923053287 7.609605290386299E-6 0.4794849750366263 | -0.00842142623435727 0.0036142943562817633 8.451710666638973E-4
0.19636832841082616 9.894749267071371E-5 0.5663767454517299 | -0.00556179372368063 0.002801097249612888 -0.003898537394033066
0.14933298995757707 1.4709061305156777E-6 0.653856133786227 | -0.009612434197720348 6.893274235601573E-4 0.0012980014436036885
0.1871550320669699 3.6796810991771356E-6 0.7575307876622696 | -0.008861024102184829 0.001027172612892582 9.535349892360278E-4
0.33922818798137083 0.4000012065294853 0.24984966577103243 | 0.0076843388794814935 9.459975370119693E-4 -0.00460941847996332
0.3436430936977415 0.40000239507411595 0.3436374705888695 | 0.0051886655720552455 0.002749728766412371 0.005191041619184157
0.3155671594336643 3.101728600534738E-5 0.4473060335161748 | -0.0036687696058523064 0.005021292378285668 0.0015580648565861179
0.32453173443567884 0.09394467513155105 0.40000004741487893 | 0.0030697282474719803 0.0050405788289762145 6.33210068305514E-5
0.30098907084152743 8.084229075880809E-6 0.5113693756539126 | -0.009194484929313797 -0.018420611041003964 0.0054224655006060414
0.26649991960841823 2.216419867368409E-6 0.5913283247457276 | 0.004246323623642517 0.0015003448987504825 -0.007711601727362514
0.21552537608681296 5.985948633848913E-6 0.7170747420644855 | -0.007787276478298193 0.0024004450453185824 -4.8753083096229305E-5
0.2590417315869733 3.7986621992752047E-6 0.791025852507135 | 1.5079797837436865E-4 0.0015152600736583705 0.008435875318038518
0.400003851577182 0.03643984819583155 0.22430512094691094 | 0.006507240264498834 -0.012656416056978165 -0.002059260901585218
0.45771200004243257 9.132165406207078E-5 0.3057923003159465 | 0.001502054233000789 0.004911592093757356 -0.006141343922821326
0.49879091967319883 5.3208438555669356E-6 0.49888350035452644 | 0.0042809584460184345 0.004141561422951318 0.0040605698330199525
0.31791003227685094 4.1378798213262765E-4 0.4000403170127112 | 0.0041056784578291875 0.0033282949385085568 0.004660138239726291
0.3735275519790896 1.179783800799194E-6 0.4843761980418473 | -0.009347450425779951 0.001485216722789646 -0.0042777844765806315
0.34440753475015823 2.513691107498894E-6 0.5751016607056184 | 0.007972561526307959 9.555101270483858E-4 0.0010578988398720973
0.36534115928733213 3.412001310488177E-6 0.649789840173531 | -0.001975015682666236 6.921254247125208E-4 0.008530392820587276
0.3498514454841719 2.1111282667957754E-6 0.7433066440663195 | -0.005544723595438676 0.002109178496614076 0.005845165971798657
0.4000001104559166 0.10456046882662591 0.20723188836327092 | 1.301821014958607E-6 0.004262357387423853 -0.00518220927087117
0.40000001121700013 0.09358937797834797 0.32480018881204803 | 3.0655033950298055E-5 0.0045410998767869545 0.004560151441994847
0.4000849567894462 1.9770106877162934E-4 0.31205791091387225 | 0.005367173667328739 0.001628774176337767 0.005633524080528749
0.42459281711597535 5.818960094014603E-6 0.42565349273249337 | -0.0037042978505038397 0.003916636386979922 -0.004572950435912619
0.428854075726197 4.662777838337452E-7 0.5399527091987091 | -0.0022939486032438903 8.474688549526801E-4 0.00840628016194478
0.44439315552384 3.2886313045486963E-7 0.6413002163891107 | -0.006632331939058332 0.003348908705728575 3.571345495253955E-4
0.43193899257742924 3.8882715235770334E-5 0.7278687042876494 | 5.056775356284703E-4 0.0021187845925641066 0.007972990155693081
0.427278090236816 1.6679669932938349E-6 0.8404157360018067 | -0.007829606116487486 0.0017445933262435803 0.002705738017407575
0.4795266503174804 7.290074004037632E-6 0.23290298641226298 | -5.0955987873019744E-5 0.005583983349968127 -0.0068951233743276275
0.5105562667012554 3.441802862990557E-6 0.3010470839605544 | 0.004266984557530255 0.0018099307632736133 -0.005680672921154591
0.4856216472726938 4.129069960731121E-6 0.3689622598225251 | -0.001331765185499155 0.0027565398105108764 8.116653822138559E-4
0.5397224174452131 1.4285666554095904E-6 0.429042619615321 | 0.008648609822128941 7.789206283964294E-4 -0.002620958331202648
0.5344864026165003 7.872713841860204E-6 0.5346634581227684 | -0.005345756378565991 0.002464621580985252 -0.005509993055784237
0.5023095056855797 2.9703529952137177E-5 0.5817785361593435 | -0.001126397276113398 -0.01128684947943109 -0.00514045973676325
0.5145467619750319 6.512959772887733E-6 0.7321090918252116 | 0.005076157600404049 0.0021759695177432283 0.005989083813170617
0.5107996849702265 5.799392727484908E-6 0.8337735720027316 | -0.004703028519035559 0.001282142192680973 0.007347670838314184
0.5664411600149534 1.3175351986811505E-5 0.19599196690243217 | -0.0025115133947504415 0.002814646370054665 -0.0064123490762360985
0.5914008279378598 9.289400206586728E-7 0.26649606689994776 | -0.0072696039339639204 0.0015091700563285987 0.005094236927025918
0.5755531383207215 1.1406122436503419E-7 0.344493983003014 | -0.0011795006940630327 0.001080315846539514 0.008876601584353605
0.6412222711575998 3.251309269113167E-6 0.4445835356736574 | 3.279619191347433E-4 0.0032500306780726892 -0.006893869139797222
0.5812174859244198 1.1619473982455557E-4 0.5024578955081402 | -0.010106397704706201 0.03451953161137837 -6.093787549913044E-4
0.5896335973593002 2.737871064349771E-9 0.5897192234520232 | -0.0065771044010004935 0.010994886625676957 -0.008070598893622325
0.6035273862705279 2.1191547967131957E-6 0.6668336652560404 | -0.0015810540751782936 5.33619578419012E-4 0.00905042989388038
0.58473452064231 4.950980420608395E-6 0.7949387181928382 | 0.003413986461477774 0.0015580286373834634 0.007366357705155644
0.6538699406777032 6.399890183007166E-7 0.1493343340802689 | 0.0011406640558883354 5.038077847180074E-4 -0.009684979481059055
0.7171318855559878 3.9222027172945776E-7 0.21556626398244877 | 9.360970147656982E-5 0.0023933181797897492 -0.007807579178982527
0.6502873561608515 1.3531591588228827E-6 0.36521560827499744 | 0.008529273256033094 6.309053816106991E-4 -0.0020506414874338586
0.7270338088680106 1.133963917163784E-5 0.43184169015427326 | 0.008049628241392935 0.0020249653333941175 6.260339887327501E-4
0.7321494270864868 2.3220597970458168E-6 0.5145494293055952 | 0.005727473236576409 0.0023404576278728485 0.005030239133368736
0.6667484383450795 9.97745957873526E-7 0.6034581443682007 | 0.00901741571216489 5.570744962282738E-4 -0.001926985783208739
0.6979070154695667 3.4090037499737413E-6 0.6978961267887843 | -0.006623628430966966 4.8246510442950043E-4 -0.006677475259807142
0.6845873050085686 8.76714800477607E-6 0.7900146173373267 | -0.0037829483259684453 8.679975857928354E-4 0.007913781565514158
0.7575272874415229 3.5522181371723937E-6 0.1871561124456033 | 8.739037290759527E-4 0.0010354358265969278 -0.00886315593017637
0.7910485506546248 6.401319418613238E-7 0.25903068390415546 | 0.008365349526916402 0.0016256523985809413 7.187679066733076E-5
0.7433598272626595 8.872058021329775E-6 0.3498568288061868 | 0.006549689373383186 0.002095235335984026 -0.0047601798158873315
0.8404772738779821 1.0000170610394276E-5 0.4273359647787492 | 0.0028007180236657133 0.0017836141850558133 -0.007802032071731813
0.8337789171407595 7.996825525299716E-6 0.510692477356106 | 0.007607186360774507 0.0012556845048677264 -0.004435521564904273
0.7949393381819183 2.509567504380568E-6 0.5847268494825159 | 0.007328968119885626 0.0015753609594867388 0.0034616389014673387
0.7900134649013624 9.087243775810013E-6 0.6845884312150187 | 0.007902901886670633 8.93549600721238E-4 -0.0037793345462994806
0.7407628746288331 5.332241656225533E-6 0.7408069707742433 | -2.538769015223722E-4 0.011185388629447372 -2.6510813567249186E-4
