512
0.28112135801166854 0.4048874041389969 0.2811115584425456 | 0.018561603828644243 -0.06307367248780744 0.018553435010913125
0.23565668000126494 0.12358280465941675 0.42274852682115965 | -0.07527261561981057 -2.068524771897544 0.044470621289029386
0.2591136244002619 0.06501925368814286 0.4000001571703201 | -0.002274956248473171 0.004030191089770998 0.0038406696687283645
0.13160285641548014 0.05793728150426025 0.4459262721085833 | -0.17323231517958973 -0.46277534626539907 -0.09334981069626802
0.21422478879121556 7.640005716893009E-5 0.46994119306583054 | 9.152891540050585E-4 0.005003636741468195 0.002851009454606227
0.29275532873996846 4.938892564570776E-6 0.6020573221287536 | -0.006257873691719897 0.003599098340835483 -2.6766483617926535E-4
0.3693072466251989 1.7539472688450492E-4 0.6488690262306096 | -6.849190049066251E-4 0.005622836450415115 5.260366420808073E-4
0.2893430401129407 0.005023909567322354 0.7237223606434942 | -0.009676960221620895 0.37999146767145525 0.0021735455542928953
0.4228537743340919 0.12393640301781216 0.23638267682464942 | 0.06503197488718411 -2.071364152972038 -0.08805221660569829
0.3439022857921188 0.4000093623358199 0.3438965147977949 | 0.004501824525150376 0.0035021548316138246 0.004505998087848505
0.35920880244404624 0.07255816597724953 0.40234886848342355 | 0.0722853240446871 -0.8232915045783741 -0.010290325818413274
0.2136643278399658 0.04499577195878184 0.4797212930449008 | -0.1555352124283082 0.3040898804641366 -0.04298665509239732
0.28810897724526774 0.05120649488808609 0.47561121933289646 | 0.010469839039458011 -0.8145434894413995 0.00417388909298452
0.2371614972562754 0.06594414005690054 0.5504869680913216 | -0.10564748716806553 0.08420243388882394 -0.038307635133767136
0.282031946594519 0.0413220677066924 0.6524960465450002 | -0.037653608009075135 0.3597454909864288 0.06820468166078525
0.2801711592981314 0.05334439691765418 0.7258095441185614 | -0.023251757266564452 0.2628729107813026 -0.05223860619123845
0.4000004492860806 0.0650601427776213 0.25912792652188527 | 0.009720140826687373 -0.004481367222948836 5.762490677353608E-4
0.4019754076981749 0.0659715602187578 0.3486135207671372 | -0.0015438747470508773 -0.9768178691344526 0.056519751727152644
0.4126706924026319 0.1292852158412501 0.4127058889106824 | 0.035679240709534495 0.22691179104847947 0.03504454419601199
0.37243177845588055 0.06290817930938458 0.4921680466666138 | -0.009428639454706152 -0.1520119361480954 0.13202728662520474
0.3712728410376188 0.03480765194969188 0.48266784273311475 | 0.0617151102038597 0.2805666161062994 -0.008107362078019374
0.34592954254504377 0.03667615236246208 0.5742557970302508 | 0.03140006485766911 -0.11086757084795787 0.07717928907950743
0.36105784283163056 0.03952802493959472 0.6594917244140404 | 0.046023845888053846 -0.03768967551571435 0.049017205535160494
0.36087010267663683 0.04010341614743146 0.6761271247663205 | 0.021769484094960444 0.29390068836717453 -0.05082885767821679
0.4466565293635312 0.061490185406756104 0.1310233426111809 | -0.09561755700593048 -0.4552697223991611 -0.1829196994793301
0.4798031331355015 0.04354783564588372 0.2133180477045916 | -0.043943218175750164 0.3262029960148622 -0.150154580120682
0.49252221228113435 0.05942724527885533 0.3698461171827938 | 0.11539679337060842 -0.15971196924546693 -0.024107680517844277
0.42518688991891 1.5880178985309235E-4 0.4250740420676215 | -1.7564461811187925E-4 0.004746732061429787 -3.9077709343588314E-4
0.4576267096571101 0.03147192615368924 0.48162840973008747 | 0.08984114415290599 -0.8567815924813342 -0.08274685276968079
0.42657345270885766 0.07090493455371928 0.621262315749303 | 6.888421019529409E-4 -0.10364729501685518 0.10567427226384965
0.4380321473812633 6.708505062724771E-5 0.6387210625352706 | 0.034845328226719256 0.16955302796108326 0.027322876003772503
0.44227459901785193 0.06438225230964432 0.6510501092153022 | -0.0013574381264119353 -0.09280080977427518 -0.04118430784645301
0.47056625145456243 1.359981554853883E-4 0.21420925811224611 | 0.002725090925053362 0.0050011733022047485 9.412935134990287E-4
0.4737174089563893 0.05268727944162661 0.28749222282884074 | -0.0021066192187230728 -0.8111444797470854 0.014688259912448922
0.4853449024365728 0.030084661952562 0.3694857618312827 | 0.003646963991057614 0.30112250154601666 0.04915590045521019
0.48323155670364926 0.03719997822384077 0.4530245633387839 | -0.10962869456196245 -0.7925209404559418 0.08410509237106994
0.5178688111067085 1.8125491047621238E-4 0.5165620484082759 | -0.00194353474624451 0.0052094171681303595 -0.0016119966218103275
0.5120390280597866 0.05012370860576492 0.6056310534926752 | -0.006314479605699759 -0.3203020746211137 0.0016835383808425093
0.5178955785693785 1.3280465148739562E-5 0.6549730770294492 | 0.002081885352088085 0.005107524336198854 4.2255880560399726E-4
0.512333946660647 0.05004735987419716 0.6641960702122869 | -0.02699165089064194 -0.05396926494150628 -0.059318439491762485
0.6012060509722025 1.806927995196667E-5 0.2920098947115258 | -3.7050641862854816E-4 0.0035852959018938878 -0.006223613564741667
0.5498307820294003 0.0659586939095448 0.23746214274387015 | -0.04148414781848447 0.08760529920486734 -0.10733760785100693
0.5753258147714481 0.038344668036262304 0.34535414694831 | 0.07871951182695884 -0.10241426461566695 0.02677863853694635
0.6202781750809933 0.07196068048306344 0.4257596843619691 | 0.10298804839268708 -0.10003088374928593 -0.002255498536263968
0.607908921685135 0.04958630745937689 0.512521551969106 | 0.001796016029390502 -0.31940265569236415 -0.005250447379117253
0.5893067170285192 0.010438740352354812 0.5893973488235196 | -0.04559111478774745 -0.2395503822670857 -0.04489406063311653
0.5912230775826021 0.0010694313255612544 0.685808725426326 | 0.039035403379086744 0.08495115533969971 0.014608403647294328
0.5903693129442112 0.04267354853536836 0.6941235287311063 | -0.02839110993464046 -0.08588734549102808 -0.005781532441032451
0.6501151710121821 1.0317673530929979E-4 0.36965349370452477 | 4.436469200003824E-4 0.005616183676489448 -0.0010819688501823605
0.6529595197798121 0.04167204482022033 0.28211986796677646 | 0.07127733544819287 0.36557240988285267 -0.03650336073961864
0.6603878749035214 0.03862074178349365 0.36118928585215043 | 0.05079075846692778 -0.045984888948223474 0.04370805962527378
0.6387681489142714 3.682440020409039E-4 0.4382591223367512 | 0.023880206304974203 0.1453862821300382 0.035637563401889394
0.653891774365932 1.6490699824383637E-5 0.5173114526355811 | 8.475025157502117E-4 0.0049933853003891375 0.0024611734793019576
0.6855538154241001 2.135272393422971E-4 0.5911022733658737 | 0.013414267914090467 0.08513902309297225 0.03761508464480264
0.6696581076333449 0.04039836537757801 0.6695924787751911 | 0.06383103360192738 -0.4777821195954034 0.06373453502552973
0.6693079231974832 0.045738004956629295 0.6689320440523954 | 0.05979845415262347 -0.3665571682531092 0.061904515186232516
0.7238990055777985 0.005120233134106972 0.2895373448990179 | 0.0025524258336596653 0.37837213589797286 -0.00830117065876647
0.7259125321891204 0.05331679555419713 0.2802433778329174 | -0.05157117820123621 0.2644256930438637 -0.023516100777576647
0.6744717514089449 0.04087670244215859 0.3610335995704364 | -0.05868319837580745 0.29460921792065675 0.023188879252419563
0.651112577900391 0.06439895753181288 0.44211882831364896 | -0.0446057641806164 -0.0925193398024769 -0.0031185018516813137
0.6645960685294243 0.049975153063493684 0.5122568798431387 | -0.058806546029239064 -0.05774109959017286 -0.0268652968733823
0.6941525199923895 0.04274345763352966 0.5902786902210094 | -0.00577746129449555 -0.08627175204505098 -0.02857342204357986
0.6689941683966346 0.04574292505608152 0.6692440107928918 | 0.06193926288339703 -0.36657815925967313 0.05977901924294451
0.7368920194607771 0.03142452035058696 0.736891874687186 | 0.0782270104831296 -0.736515044160712 0.07825470691089012
0.2807847002366891 0.4000060518098658 0.2807741545558625 | 0.013204793923652048 -0.03043719516509761 0.013225832611219665
0.21716516679542056 0.23032812952704906 0.4391962283674029 | -0.05775059810915078 -1.932071151495743 0.13998962715861193
0.26021273030962533 0.14142763691896373 0.4000000336341943 | 0.0010522007395688203 0.0067606530875406684 0.0013038755139060236
0.2290298265176045 0.011614865659757482 0.4000447861371314 | -0.001303030677324795 -0.010885812595475232 0.009707134673688549
0.2232125266033332 9.510259404423843E-5 0.46896155694461317 | -6.401041628165104E-4 0.00521537950020936 0.0028611332543571743
0.270682840584874 1.4437770243842582E-4 0.590409914614578 | -0.0032556641288423254 0.004759864149565418 -1.9193316388087996E-4
0.30916970733967875 3.545723672794383E-5 0.6544749202856317 | -0.005309043326228861 0.003908237842548171 0.0013026150210364348
0.2545281709305235 1.870855564144817E-4 0.7040773208952287 | 0.0027450747333673258 0.0038711435220542476 0.003011550697411846
0.43864867836126203 0.22961480135842363 0.2177227477739481 | 0.13060061748219748 -1.9228072082163399 -0.049314022487401056
0.3437227636690865 0.4000050056401913 0.34371698798490674 | 0.004894495640096711 0.003083723637962059 0.004897991576610056
0.3664925687798041 0.057804371775138835 0.4082626654275473 | 0.13029184398105453 -1.868995487775437 0.017890933869845364
0.20838759088839284 0.03646528070522758 0.4816409659534058 | -0.1467957923948909 -0.22076191142660057 0.01863484562110784
0.2873322353609072 0.053701237246229896 0.474585620484921 | -7.729695514648179E-4 -0.7807230398331039 -0.003620920457498696
0.2347806188206515 0.05761140891714084 0.5503586112463728 | -0.10152007755312029 -0.3607082909750955 -0.03520183548173511
0.21220343617341764 0.03169782465802575 0.6507038020940186 | -0.1369700408228093 -0.6610321518105835 0.011610888020616019
0.2949140690315112 0.0402456866190384 0.8228668751950051 | -0.052290388969617095 -0.6747167541983291 0.17256128592256798
0.4000033188361027 0.11009327686142217 0.25780280612749074 | 0.004426365593687098 -0.018286258985238907 -0.005151807083632609
0.4088060026914251 0.06047337017878602 0.3667342429558794 | 0.010600616150142224 -1.8294291154497995 0.1186908857363457
0.44102391825911197 0.08308367989435952 0.43887389056181847 | 0.0693476163228001 -0.355256070868755 0.06658933787752913
0.3314901415905129 0.0032672480777460444 0.4000644038042483 | -0.008763186733293868 9.753950463811171E-4 0.0033212959192203194
0.37161374893799376 0.019219883238950183 0.4821229812792907 | 0.004868898293822361 -0.6176440172428429 -0.01933885582990564
0.34628656479576736 0.04465337565896475 0.5745713320963404 | 0.017625970341169975 -0.3066424266001838 0.08957081941392935
0.35880916612970615 0.036559381448630676 0.6597491143304881 | 0.02429338013775547 -0.2794929685933422 0.008710486775746368
0.3641469642113025 0.03805824513563873 0.8090055380110018 | -0.028394298087649615 -0.5894942307999236 0.13316807679649043
0.40005920879969925 0.01148355638710696 0.22692164564399628 | 0.011104800356136691 -0.0061593963259934555 -7.765861956084647E-4
0.48137393323379934 0.038606242738386184 0.20729664026438419 | 0.016065296719040913 -0.17333804569761238 -0.14850141662722013
0.40008460711805544 0.010311524263908845 0.33645640077827055 | 0.003260977819245276 -0.00299248852424357 -0.01130053274866565
0.43894524496259185 2.2916595770584156E-4 0.43920693670678135 | 0.0016462626927843504 0.004907828588423673 0.0018532381606592874
0.45723051387232305 0.01829637657692569 0.47714161108186676 | 0.060278508030803916 -0.9814539934886012 -0.07738507129615667
0.4227843433139461 0.05399657139411714 0.6098216658871005 | -0.002818752078513552 -0.4875863020963246 0.03814735895744572
0.4372985878487971 3.267007052605781E-5 0.6385781703785653 | 0.0015763792953438613 0.0052996128839034535 9.462260430837952E-4
0.43772239790712963 1.4877850475932138E-5 0.6350248182522431 | 0.0010475123243360773 0.005035346063024153 0.0027925015125526923
0.46820903354786453 6.170400682128035E-5 0.2225076458355843 | 0.002986117529725979 0.005217529547335944 -7.05214225268016E-4
0.4731061800891857 0.05478195231805594 0.2869864404708986 | -0.006747076323704292 -0.7740882897484163 0.008191605951838942
0.48587359278414094 0.02154408704081762 0.3697217447493031 | -0.005496275843884861 -0.6029980188196541 -0.009079535495547889
0.47980752511139924 0.02714069969502047 0.4539397252893779 | -0.09627129364903476 -0.9052403879870171 0.070246353316786
0.5903561353404869 1.0463577432244406E-5 0.5904396693375449 | -0.02284865297227695 0.0543121679113859 -0.022531845857088995
0.5025641480508282 0.05529258096817517 0.5764374727725189 | -0.024857595867640733 -0.37876288541619213 -0.024569705917410086
0.5154566228503241 1.0434062294976E-4 0.6494376906315522 | 0.003631583841933875 0.003995996947556316 0.0031677570691194088
0.5192210744881606 7.61760965109215E-5 0.6451656261608604 | 8.258071503921429E-4 0.0038406836816417067 0.004829786171472393
0.5902947452405031 2.0169221882984997E-4 0.2707544524117859 | -1.2244684618010113E-4 0.004770205362923079 -0.0032648177005503063
0.5494126115019823 0.05784328466489349 0.23508178823177112 | -0.038619994877851165 -0.3549989415990436 -0.10181196355090398
0.5760253726419847 0.044569519860942014 0.34579941065649383 | 0.0932366155239386 -0.30798551058970386 0.01813409877508657
0.6082227118447578 0.05537321880288534 0.4219913065507013 | 0.03170283161850003 -0.48710221214091143 -0.0064271310183424005
0.5758937121905916 0.05523976173454069 0.5023006934892735 | -0.026945915818819707 -0.37654610623504997 -0.02995168033896605
0.5898743272065167 0.0017110998367166732 0.5899619203826413 | -0.020007134428006643 -0.4432890853916881 -0.01950681210132428
0.5776527881696298 0.06160110614549313 0.684212358860111 | 0.025789025507801582 -0.49152372974937475 0.05329503135538479
0.5932709893763222 0.002096582000901573 0.8026392172084742 | 0.002232368321017096 0.1068062247898261 0.09532271509435561
0.6544524048907809 9.392009027859444E-5 0.3092411009280494 | 0.0013251587506346563 0.003786033261234936 -0.005483390380347185
0.6508809780706659 0.03191086355854472 0.2121208073348235 | 0.012405330669005564 -0.6615008037055797 -0.1378537026501572
0.6601053182150894 0.02996709197263869 0.36011874545890943 | 0.010673874572895219 -0.2664285726292926 0.024142258030862923
0.6383877119865613 1.7126476975128405E-5 0.43676714325724086 | 8.634237808580545E-4 0.005246900798725811 0.002065659714563313
0.6481046083904763 1.9722642605484407E-5 0.5148879107701242 | 0.0033949556006287345 0.0038674493114373085 0.003760823033198701
0.6840781108161491 0.061481889176882465 0.5775322196081777 | 0.05301636792127556 -0.49159787146823525 0.025364879820467902
0.6706389294859472 0.034143007100816816 0.6705722178111411 | 0.06533001768180459 -0.5334241662491463 0.06517266446632261
0.6454881261730984 0.004378905172800095 0.8663152793598956 | 0.027253071051574623 0.3731770085632837 0.1616471638952745
0.704070653209979 2.024283241479886E-4 0.2545269946166542 | 0.0030022268176663276 0.0038839931914679856 0.002721855133620314
0.8228929218645537 0.040241989042156166 0.294928261558583 | 0.172605806204882 -0.6748777317388027 -0.05230737272542642
0.8089790808402152 0.037999542271873986 0.36416347067621513 | 0.13306486075035218 -0.5902445398843879 -0.02841638893580414
0.634782804173303 5.917295015972192E-5 0.43766452083453744 | 0.0028576633027642497 0.0050187307048856645 0.0011584399946461138
0.6451187459843902 4.3553618982990265E-5 0.5191816832878187 | 0.004697925274411225 0.003951820684766241 7.836107259761321E-4
0.8026197033851016 0.0021165908990679614 0.5932560199639504 | 0.0953386496132431 0.10744418033730663 0.002236425840917812
0.8663031044752971 0.0043897277512076754 0.645471961999267 | 0.16162600659442034 0.37314068560233266 0.027213264199677435
0.6781290076823258 9.496718671174524E-6 0.6781172067717189 | 0.0014156685164236136 0.00561240902013425 0.0014088568070013817
0.17348883906394627 0.40000173494126046 0.17348892167062982 | -0.006381621086716499 8.744614146838432E-4 -0.006381609725633961
0.223567179433235 0.4000045133371587 0.3464327864315845 | -0.004284160171942168 0.0035775058284230783 0.0045830854385200915
0.25143682640399173 0.20837029341574853 0.40000085594699586 | -9.171759811318657E-4 0.004467304407120359 0.00197876990314512
0.20403873281329757 0.10629375272253946 0.40000099599318656 | -0.009201479936206068 0.002741086406616502 0.0012083279495358847
0.2643879005339651 1.0603285336112313E-4 0.4550085923037501 | -0.0017784567161827464 0.005743686874808312 -0.0010939302413824176
0.2676397642352873 8.776908226312816E-5 0.5822247664363336 | -0.001859344361707453 0.004747531549704836 0.003328320523265014
0.28414741122905596 1.4394448612253795E-6 0.6455556024904783 | 7.744032271645049E-4 0.0038908642877663055 0.0042425785623055315
0.1539860008021423 0.0018980509842089015 0.7873524557899645 | -0.05242464071723773 -0.21439090304660208 0.05651372571549292
0.3465404444866517 0.40000080530260607 0.22359285397942383 | 0.004444043507445907 0.003610765828022578 -0.0043597378023471425
0.3435883744063473 0.4000159403219293 0.34358258596317864 | 0.0050817942678445535 0.0028637782600645437 0.005084953877291035
0.3246756894337607 0.017789514232146142 0.40006108151025316 | -0.005929646156881062 -0.012310026969441031 0.006521407941063326
0.22515354490212164 0.013310809244658725 0.4000388543207027 | 0.0011756459964837869 -0.011138061511095141 0.009594162126410228
0.2881934568676113 0.04745128779058109 0.4757203459987391 | 0.012995741326949162 -0.9114407205173569 0.011100175064880986
0.24706012157313725 0.0501617310847679 0.5687775277794176 | -0.06119037347446033 -0.5390453094780109 0.029311492024227098
0.2127659102245634 0.03296179127453809 0.6500835541247606 | -0.12799866488372127 -0.6368530104161375 0.0033816512514404685
0.33111097284051527 1.6170425060758946E-5 0.8460604820377323 | 1.524716768308669E-4 0.005520289336218177 0.0017882843551615725
0.4000094023220378 0.16492882260143601 0.24704886909286736 | 0.0010466319265735407 0.006321049864850334 -8.152814391929695E-4
0.40008244824449585 0.02167238682336368 0.3254852110311707 | 0.005075563237219578 -0.014158147222562617 -0.006750854524204425
0.4398442085217196 0.0939356190632399 0.44196297003894114 | 0.054360947604425 -0.5545014240560624 0.07732002027245856
0.41630215534264164 0.05470336217423384 0.4131708424192496 | 0.14976387061468932 -0.18168163149414635 0.004355196384518717
0.3728908069636511 5.241978479425031E-5 0.4860566923076323 | -0.0018736707498619434 0.005139773465312642 -0.00378757956438885
0.3440251450743769 0.0714759841420292 0.5734877174132805 | -0.1315541603714444 0.057996626669736 0.08141086762002028
0.28236315345813856 1.358926041088718E-4 0.6558445563752633 | 0.0015004354768323287 0.003818375135129209 0.00201286278747277
0.3652065615956096 1.4265317493943551E-4 0.6441618336578193 | 0.0010743463601257408 0.0054326870647164105 0.0019692823939178685
0.4000001421526856 0.10669908576569397 0.2037592548748512 | 0.0012119300309557063 -2.5688265550025114E-4 -0.01133265917066727
0.40000306618936043 0.014754036025177508 0.22310274570199004 | 0.01077511433665212 -0.007244798103654356 0.0024059624149826444
0.41368675649172665 0.055744447920377235 0.40555066127818423 | 0.04676612278042863 -0.13382271131899254 0.12892398215496617
0.4092065145506078 1.4510119820994256E-4 0.40765157433315335 | 0.0013907747322797418 0.005404052955340289 0.0015227718130735673
0.4255051115274571 7.0520431035064035E-6 0.550952715209486 | 0.0015804821599012047 0.0038547996736737777 -0.0049966384654958045
0.41947539955495117 0.06343454852187087 0.5977517186241106 | -0.03446757281704372 -0.3997988111351721 0.0038943151572551366
0.44943345896887144 0.058026060701218046 0.695263245181445 | 0.0022036509776490166 -0.32781109093053035 0.03316421796910379
0.4404051219072851 2.3334822190006145E-5 0.6327170787308392 | -7.90668064275426E-4 0.004683138185046924 0.0038253980896488624
0.4553119771652968 2.475543940739551E-5 0.26419246026134124 | -0.0010757285403658811 0.0057287608353982725 -0.0018618912475728134
0.4745785904063281 0.048711188712966924 0.28788343323378296 | 0.012482399930081085 -0.9024795131088922 0.020381606127106214
0.4876619562620926 4.196874238228938E-5 0.37158369392684165 | -0.0032342907140708024 0.005383920461853584 -0.0017817076500599627
0.5509873166429795 1.0628903466833362E-4 0.4257082721213753 | -0.004682903330210146 0.004090609684013741 0.0016965086524511482
0.5950391686450348 4.396381502481529E-5 0.5951649208876224 | -0.026581470909548047 -0.03431986958395476 -0.026761318316184557
0.5029874454015585 0.06958378441176757 0.5736447660869722 | -0.04687842804702041 -0.17271592189007673 0.01378150818336353
0.517648689240517 1.1532087902819621E-4 0.6564277097415021 | 0.002073762834350302 0.005151894665883578 -3.622368234467494E-4
0.5154874786881641 3.190698816093893E-5 0.6339595915587165 | 0.0018630408583625183 0.003510688354784065 0.005843464104467661
0.583386454084728 2.0803949741938134E-5 0.267979117458948 | 0.0030332348262361126 0.004806889248688839 -0.0019198921275982808
0.5691611500513666 0.04921164255472759 0.24762111017040303 | 0.022348165840978713 -0.5340331310144354 -0.06234268854479206
0.5755222139898367 0.06620279555183949 0.34348229820947324 | 0.08759648603667636 0.10770216919735928 -0.12707416782127595
0.5968619869403884 0.06356990689846709 0.41916560444874473 | 0.002227224325362713 -0.404786639117864 -0.03613332608620078
0.5720365352046087 0.06978297432666919 0.502758366437616 | 0.013407338434597512 -0.1750896909927121 -0.046926984882181035
0.5897154397454675 0.02043468001617359 0.5897518357451315 | -0.026592424336295387 -0.49069187220713345 -0.025970714586577143
0.5914175950129784 1.3880454014535273E-4 0.6831335387247581 | 0.0017192546775398583 0.005331190186962561 -0.0012394626001694887
0.6054683544344875 1.1338650636769402E-5 0.6624917069214111 | -3.7620185746737885E-5 0.004162189326221897 0.004389303607890119
0.6455391220560698 1.292069090130702E-5 0.28416379180766427 | 0.004302105467207868 0.0038793115406814045 6.632300281567956E-4
0.6502570710321028 0.033077484224947475 0.21268975385317415 | 0.004142931665360781 -0.6374971139734762 -0.1287874008100127
0.6565284647390187 2.3651204737419636E-4 0.28227121975833946 | 0.0019487404533787217 0.003932202503737751 0.00143970034930912
0.6950815320895453 0.05912986130979638 0.44956700722377 | 0.03391795725515834 -0.3265417632169101 0.002078923602779826
0.6559646114039515 7.172845883157301E-5 0.5176157498444256 | -3.1225901181796464E-4 0.005177769361044771 0.002012520452262617
0.6830028213841759 2.6772961069066595E-5 0.5913304173961345 | -0.0012605666441866245 0.005344302166245973 0.0016182548386811336
0.7146062687910492 0.0307465050826005 0.714652238669552 | 0.06304408383154046 -0.10154792853318573 0.06310104203102941
0.6382457278163582 0.009955131775562825 0.8659095677934281 | -0.0055924570059180815 -0.04024115900993053 0.17723570794652688
0.7873611393352399 0.002106065705108799 0.15397268377042334 | 0.05530246961122743 -0.23648388124065026 -0.051359441593254035
0.8460636431162624 1.1921928154932465E-5 0.3311069194016112 | 0.0017914779602665406 0.005520608047464621 1.5405176638047836E-4
0.6442215254960308 1.1346051904920614E-4 0.3652085571851858 | 0.002386653993482027 0.005355792336260748 0.0011090129060615653
0.6326977459239352 1.0667785238953361E-4 0.4403944215016082 | 0.0038553710704820675 0.0046874635745484585 -7.971007886530917E-4
0.6339334494707444 7.27901461046801E-6 0.5155047918778548 | 0.005787224210612821 0.0035017826143635467 0.0018408881360112248
0.6624327218589025 3.8111906273650975E-6 0.6053899560950228 | 0.004403996826952421 0.004153250512339686 -8.440484122064992E-5
0.8658970558497583 0.009955746429454604 0.6382310456374385 | 0.17717188445892082 -0.0402192877277511 -0.005612764248673222
0.7979717940430201 0.008098489505476139 0.7979716150694564 | 0.0362852105356047 0.0697863312424776 0.036285784310085695
0.1921562308686619 0.4000048307831806 0.19215625642786707 | -0.0064290396585796215 7.693700842466983E-4 -0.006429039263893653
0.21850705937882262 0.40000314847830115 0.34560721607482175 | -0.005564886119181932 0.002776401747745817 0.004729998518414473
0.23896650415767484 0.07482108262541226 0.400005105399074 | 0.010463460239670035 -0.0030502206980296577 0.003923736655463351
0.1345724099895683 0.029891544306410184 0.40005334408858834 | -0.003924251213556343 -0.006631367554110656 0.010083905796526769
0.15503315892557556 3.2958362384735316E-5 0.47336067477801924 | -0.003227505247934721 0.004983294379876314 4.667438106599926E-4
0.19254099359110777 1.0802404099015652E-5 0.5690235847750164 | -0.0032868835717267293 0.004800286356453066 -0.001930593088009485
0.13295156413496345 0.003830956725609659 0.6530027782895527 | -0.04570703400554422 -0.21299570169894888 0.04237432754020848
0.15589849954194399 9.235216296074634E-5 0.7862026789113474 | -0.038817647365315275 -0.043301417531109665 0.042784953851327405
0.34561192578814676 0.40000292827972456 0.21850639704140914 | 0.004768297364650561 0.0027700389804549324 -0.005541448805403404
0.34351551705705113 0.4000026586348156 0.34350986298114244 | 0.005202381996491456 0.002714736761091259 0.0052047550513869235
0.3235526908422731 0.020485098844202868 0.4000358797884779 | -0.003180828022194059 -0.014058930288571305 0.006010758841097785
0.2716875468238349 0.17565867085639056 0.4000001530867645 | 0.0041384404043659515 0.003912981363884416 0.0013098370217510496
0.29868172907459467 1.0967276799550248E-4 0.513197835516208 | -0.0033353247682103267 0.005285305331293911 0.0016987160166770875
0.17146829595937044 0.06854175754805175 0.5017007846841935 | -0.2721384100210944 -0.6019033215078742 -0.11432397880290424
0.21099945147594673 0.019748915738941143 0.6527243362046733 | -0.1310185002190449 -0.8643086146199666 0.03856551141144828
0.2574482818901663 1.895708407700377E-5 0.7972279733604674 | -0.0017979678673473176 0.005585808062125085 -3.6344485016406164E-4
0.40000552044635684 0.21829943395262635 0.246592319283007 | 0.002110294728402393 0.004569805189408166 -1.2055448654577185E-4
0.40002527258684173 0.014142144444064631 0.31996712961062906 | 0.007602241947106661 -0.013178822827758887 -3.5754055503951136E-5
0.441244180708589 0.09758672173369742 0.44442489041235883 | 0.025533647871863453 -0.7175298184821486 0.046719864146017344
0.329541550889457 0.008901505935272292 0.40003217211521686 | -0.009579004125115665 -4.3439683374452094E-4 0.0038437490208137527
0.3711983776464995 0.04011422675361738 0.48520809581111907 | -0.03230745548756629 -0.7357385772390015 -0.01891863658828995
0.3444140309927679 0.0338146730155286 0.57522807901329 | -0.03937149771899373 -0.6258376905172273 0.0853974366760696
0.3630866062826318 0.021401781167116704 0.658867139845821 | 0.022294535595959526 -0.4082438862955759 -0.008540815149153289
0.348449884537413 3.248119806732128E-5 0.7290776738821186 | -0.0017188993531327495 0.003902712936587058 0.005610099827064352
0.400000399479179 0.029604916819303273 0.1342483388165472 | 0.009913452110986784 -0.006523840085577569 -0.004371721600029248
0.4000001360363551 0.17564889898168076 0.27155704422438903 | 7.156385985916232E-4 0.004742544848435819 0.002002578450734141
0.400132532755552 0.0048865816153733045 0.33483525431278344 | 0.0032912317340816825 -9.8144461872849E-4 -0.0103356097691136
0.42167414932924135 5.792567215917356E-6 0.40483662722892366 | -0.0030574378319173207 0.004408773325615532 0.0032125591324505803
0.4208245828675542 1.6575145749333193E-4 0.5589805309060375 | 0.0035057213627709876 0.002505457254042142 -0.006766638448939185
0.42651645428248813 8.881252366508765E-5 0.5458652615100461 | 3.648242192635211E-4 0.004443100938838782 0.0037811909461380163
0.43256297760419565 9.156237852747201E-6 0.732496594337782 | 0.007768753779968799 0.014143000389918834 0.028518750537401053
0.4370829369554635 6.369401990617385E-6 0.7392608657216335 | -0.005472543617839037 0.0043445305415969315 -5.198075351910621E-4
0.47314745002020303 7.966950138525066E-5 0.15488348537716884 | 3.3819589467564976E-4 0.004948282515203103 -0.003296520227589204
0.5133503734311464 5.4128377601282064E-5 0.2989729590690403 | 0.00197778094655997 0.0049566144084464804 -0.004053238487626124
0.4901535146014138 0.04373052946945073 0.3693202968792354 | -0.002794782523215543 -0.7746151752576793 -0.04639434795274528
0.558815919877368 5.2611634776932856E-6 0.42100585107094873 | -0.006602604005862671 0.0025767674522126785 0.003592119114947179
0.5948490685897343 5.622705003500661E-5 0.5949811880606485 | -0.02650607414736287 -0.0341891839703978 -0.02673523299279635
0.5027896421833156 0.06061153470260414 0.5699049489078631 | -0.029553540956688863 -0.452259019146342 -0.011952687514118019
0.5155212397548711 0.0031864485404229387 0.7880586646854527 | 0.03839025677945377 -1.045580278236737 0.16624750477829045
0.513300231297191 3.431937138028245E-7 0.7312143078008299 | 0.005070628444489583 0.0028946794237008086 -0.0033288731746085472
0.5690109028574782 2.998174740931583E-5 0.1924938410856389 | -0.0019521088824503547 0.0048004032764174115 -0.0032562295241886506
0.5024197637108694 0.06792282655201098 0.17223755903011267 | -0.10872679830484891 -0.6055415100879749 -0.2719705995422056
0.5766096234822011 0.035013286025473725 0.34400773204579865 | 0.08964780234493994 -0.6168344217398294 -0.03630191746591112
0.545957770670766 3.481945452229206E-5 0.42699537528656817 | 0.003731332068737402 0.004592696772742476 1.1540840570096065E-4
0.5672445759061996 0.061594639098625774 0.5021396396799547 | -0.019060872246967554 -0.4651652141025953 -0.034515192977218105
0.5903119216701801 4.7683343896376266E-4 0.5904065192126654 | -0.009338120121583492 0.09748453945596043 -0.009493132271572708
0.5704772048000863 0.05765590910951105 0.6836022392588575 | -0.012757993025918783 -0.6156445861817841 0.025546719245451415
0.5979637039165018 5.982006554368149E-5 0.7168393036465469 | 5.869605654411493E-4 0.004826024132038238 0.004805434958483251
0.6529711219384841 0.003873143080293624 0.13292416131702056 | 0.04229462045166891 -0.21284765674930883 -0.04567190620755427
0.6527982102652051 0.019825665543401445 0.21095569247439774 | 0.03873541709786002 -0.8649207250004227 -0.1315672070190171
0.6593493741639475 0.01931555889198697 0.3634368799220777 | -0.0053777795638370665 -0.4145564185316446 0.021338353636367248
0.732400359962313 5.7649203810787674E-5 0.43261457230387496 | 0.038776077636031386 0.025053766491384178 0.006095735324697313
0.7880906437744579 0.0031760807586904715 0.5155008982048851 | 0.16710096801762978 -1.0483560027186531 0.038367880395022556
0.6835816167308107 0.05753346647110931 0.5702656588153704 | 0.025492127325843456 -0.6155207962341501 -0.013256938304969967
0.6761008052494792 2.87444545125513E-5 0.6760715398055064 | 0.0016743881567714929 0.005570873879708658 0.0016701990067682498
0.6851259882930394 4.939227292930686E-5 0.7928380499065293 | 0.002819440291466674 0.0031116881053781125 0.006402153106104702
0.786218402862671 9.893883583733299E-5 0.15585897250602332 | 0.04520951364787233 -0.01713601832096603 -0.04122901813527279
0.7972528071463828 1.714153492153016E-5 0.2574341304249697 | -3.549882809164362E-4 0.005581245261239092 -0.00182308523645115
0.729100066855529 3.8532249764030045E-5 0.3484528242933976 | 0.005903085987405994 0.0037982607616985926 -0.0017860481674537977
0.739266486746706 6.8378814961844965E-6 0.4370840737782869 | -6.493849411856362E-4 0.004328280997128309 -0.00548147365674365
0.7312129280561637 2.5962741292783423E-6 0.5132987291794789 | -0.003500201584737981 0.002842300428831906 0.005070577170218603
0.7168391927097757 5.850901496312657E-5 0.5979629773071475 | 0.004858427169946822 0.004803897522634539 5.914043839630612E-4
0.7928346077503938 5.2350817337555735E-5 0.6851248329640839 | 0.0063970956633645475 0.003113849990463496 0.0028228556641955917
0.79569706668891 7.013840902961048E-4 0.7956969986679654 | 0.02830248149404868 0.13356073902937735 0.028302797327836433
0.2140629248530909 0.4000048197214068 0.21406293638446477 | -0.003952015967752801 0.004027489322104268 -0.003951747089082639
0.23210855685321455 0.4000073546479893 0.3431599007755431 | -0.004482123623133712 0.00181868225717784 0.006918732250549678
0.24143599954343017 0.07803004698342315 0.4000001403297553 | 0.010742132365047913 -0.007204720479635233 0.004484328368878619
0.14327130955619374 0.030316210203735 0.40007505993906545 | -0.0069862897345070694 -0.005684140934512336 0.008272832648491771
0.07811284738741804 0.001104584495872509 0.49602257919772225 | -0.10128288830174406 0.17805354118542857 -0.028858727106088597
0.20011270755101906 6.06851922824683E-5 0.5661508827840237 | -0.005767686043924923 0.0038706274837689634 -6.914854339760356E-4
0.1440980267047883 5.0213139905738174E-5 0.654345387733837 | -0.0068166632662377755 0.00283513375640329 1.549307931963528E-4
0.16581142613410052 7.007381545818197E-6 0.7755695062928569 | -0.0063117692517902285 0.0012231550813845212 0.007005274136639619
0.34316243617854403 0.4000072344800633 0.2321086600234608 | 0.006929379873092909 0.0018162630536890383 -0.004469446638814999
0.3435082821909901 0.4000016534490282 0.3435028930839878 | 0.005213454781787817 0.0027014800634338407 0.005214588147585773
0.32246907074921244 0.02008502462953893 0.40002219461702043 | -0.001291622699223542 -0.014116260629929893 0.006250693126665644
0.28890187031742215 0.14626294839211537 0.40000028987757036 | 0.0031492255529058893 0.004278722260531669 7.99965718900245E-4
0.300161167782936 5.570277700757161E-5 0.5132524033632995 | -0.004139577014251689 0.005039253201779476 0.0015185478143645006
0.17118701500827022 0.0723544724367375 0.4993471099617437 | -0.2654025377969158 -0.5604178336808757 -0.12032000808494592
0.20955005656392106 0.019315594544646736 0.6595402477714075 | -0.14093322084121782 -0.8777231679279711 0.03793431470512578
0.25730561556892567 5.132991940704084E-5 0.7943501998027395 | -3.570549173654914E-4 0.005019639316351472 0.003766137482571628
0.40000064108498345 0.10044235101588726 0.2427791808686171 | 0.006226540200173579 -0.017914842444406987 1.2003245377742459E-4
0.4000386190782134 0.01411264250230414 0.31856602345292945 | 0.007452375791435319 -0.012476009405150663 0.0026968705904169845
0.4787053849859617 0.05486573774841122 0.501472953330167 | 0.1253545483299139 -1.2012262082900753 0.1395855647885588
0.3234426616642817 0.01284669887632778 0.4000446373686398 | -0.005112050878021047 -0.008036857376849749 0.00934494686669277
0.37052097070885204 0.023839451206741493 0.484063323110588 | -0.03949340275729847 -0.9401572548626308 -0.016911546114125514
0.34251536375808356 1.7863329690537798E-4 0.578990675430316 | 0.003235359794154227 0.004943561574268397 -0.0017338969729174512
0.4355465593520922 0.040516602488498824 0.7304267861318002 | 0.03234671376088235 -0.8257072348326783 0.0707273513675559
0.35209851627170424 1.412385291255766E-4 0.7302554900880471 | -0.0032189433303853395 0.0036597039842546993 0.00517173082067985
0.4000320790104578 0.030579945281581297 0.1430329623000609 | 0.007875297834466173 -0.005404063176849371 -0.007442418655412893
0.4000004385586629 0.14560929946341905 0.28944017315718185 | 3.981167381325638E-4 0.004077854607487134 0.0034837073269491582
0.40005340884219054 0.008304444262940146 0.3286253241751531 | 0.004228241043136383 -0.00213312362776935 -0.010348934282391437
0.41835975789182317 8.152996040026818E-5 0.38783249528536373 | -0.0015352790326839 0.004525965023062585 0.0048716493479818625
0.4234853675202486 1.5462301539358013E-7 0.5543701795423857 | 0.0030161983514201637 0.0027760403029051498 -0.006338753073384667
0.42635779729501583 5.905471824867745E-5 0.5425002934037296 | 8.05712006634722E-4 0.002953164153293719 0.006291180246055711
0.4326654201642717 3.3023156082803704E-5 0.7332537831601882 | 0.002369569442679019 0.009415137113104915 0.00729807089491979
0.43738029481492374 3.774636254387536E-7 0.7442996310012704 | -0.005741645834901117 0.003993439878631286 -0.002051157676464228
0.4958956817532305 0.0011569950964577288 0.07832024226699597 | -0.02953915137614018 0.17772423474943388 -0.10075042970709408
0.5123593309481185 1.084413583469685E-4 0.30063375768259853 | 0.00237888493815781 0.0047137117666060085 -0.00474601508098293
0.48759441946695026 0.023015875534022432 0.36886408775492635 | -0.006747008174404835 -0.9656347842153589 -0.049361111240696476
0.5541416134201673 1.3708207359082597E-5 0.4237214977079959 | -0.0060427752615325155 0.002986960089077273 0.0031356656410252842
0.5890576921592066 2.4252783209336982E-5 0.5891698709888984 | 0.027881282780284334 -0.07733873682082128 0.026656631723556506
0.5024961851177484 0.04113378967972961 0.5759060800312426 | -0.01843100380087771 -0.7726689008669949 0.026825306989485886
0.513295424405444 0.001297922269355796 0.7926716263627894 | 0.02199874427380028 -1.0862339768894298 0.19016559279098355
0.5125780703380964 9.549971471206328E-6 0.7415875324720516 | 0.0044950078659369026 0.0017600602933137846 -0.005972100255159565
0.5661329204870649 9.931200033290813E-5 0.20008112762972827 | -6.8099355148884E-4 0.0038537043061096753 -0.005787213136727133
0.5000507165232436 0.07118613971848947 0.171537065001366 | -0.11629517313084922 -0.5701665937018177 -0.2694435772092144
0.5789302665735401 7.760756030359615E-5 0.3425332596794681 | -0.0015524287714417482 0.0048015432821202925 0.0029169199074331833
0.5425722448241529 1.643547456116253E-5 0.4266422948757272 | 0.006285586200899654 0.003070218980011545 0.0010600711960336965
0.5746132551101509 0.04178772513708478 0.5024389854758251 | 0.031236717196120565 -0.7765514129124488 -0.015454396645324695
0.5920061234230232 5.654862292731668E-5 0.5920791992177215 | -0.03494538292547357 0.019811410952137076 -0.034697022225386856
0.5037801692904228 0.06785669060487527 0.7015916397567595 | -0.10702042133616303 -0.6402219213538248 0.06583617005624802
0.5938996897393439 6.0384320816307734E-5 0.7264657160144979 | 0.002023906302068628 0.00465066675543699 0.0042510716518080055
0.6543522103996309 3.860818972763586E-5 0.1441036140594872 | 1.4308410396575845E-4 0.002840010381247738 -0.006812297344574237
0.6595007831833564 0.019219870016575723 0.2095810135313496 | 0.03828412554401337 -0.879411211589504 -0.14029427419062243
0.730294741264343 0.04124496803125104 0.43562817623711303 | 0.07008115006219952 -0.825511543890397 0.03239927635938599
0.7328588302725068 1.4516473375029179E-5 0.43261488053111247 | 0.003067845616110731 0.004900873114167178 0.0011115359893758146
0.7927241271771868 0.0012637300837857097 0.5132674631430552 | 0.19053560607173262 -1.0896872574428447 0.022142595678151078
0.7014023513975719 0.06775553781952723 0.5039878185200187 | 0.0649456621529389 -0.6393734897284946 -0.10589833154341022
0.7399828351357076 0.07197562982462899 0.7399811109777105 | 0.099255816018431 -0.42586496534038554 0.09925562555046362
0.6863594395928329 1.923733287528099E-5 0.7936476698298007 | 0.0017066677371813774 0.003322344822763345 0.00641642650543866
0.7755541782602668 1.1479985447637645E-5 0.16581275463516873 | 0.007002046881727637 0.0012205211632680807 -0.00631586460280818
0.794374211130513 4.783638723065731E-5 0.25729409229609 | 0.0037652064062607183 0.005017754641742887 -3.8820877340369956E-4
0.7302660495656155 1.4169316478487257E-4 0.35209958171918265 | 0.00547937520298199 0.0035682099385848146 -0.0032456883224050883
0.744308615110117 6.835269755981887E-7 0.4373871115612239 | -0.0020655768411474026 0.003981361603707819 -0.00575809523598848
0.741587953357087 1.0559873447019947E-5 0.5125775180699086 | -0.006094028919883439 0.0016991187868972994 0.004481778938377686
0.7264652706178534 6.012129526081049E-5 0.5938989729655092 | 0.004293585833696795 0.004631142063739283 0.0020399191519067162
0.7936460746985547 1.98468524450765E-5 0.6863608314215558 | 0.0064123703092833105 0.003324585479462563 0.0017080445257229035
0.7896547180742174 3.3462028921727534E-7 0.7896547403606216 | 0.00568754067194888 0.0017702583818330541 0.0056875470486152995
0.2252411249884605 0.4000002772006596 0.22524113243400132 | -0.003491640968307508 0.0043725620757515795 -0.003487804959663154
0.23617535161799136 0.40000151306119375 0.3417757589287807 | -0.0048021810915064595 0.0014276067978332707 0.00709664236102594
0.24641788859683458 0.20875780364761926 0.4000104808335041 | -8.742474272475485E-4 0.004426948941330577 0.002339743262412725
0.15698005395813494 0.023368391597449464 0.40002219130863664 | -0.008908210527507423 -0.002784579832035204 0.005507408565782273
0.07991673853371141 0.002277743698167251 0.49509848295079817 | -0.11625834568642629 0.008809662117760743 -0.023020382644971544
0.1958512080144662 2.2950840422027722E-5 0.566170780261137 | -0.00470829406691393 0.004382788338285027 -4.775310507742919E-4
0.1457369729414647 4.83307392224548E-5 0.6541588733633469 | -0.006962858903325421 0.0027488339671530473 2.2416103927468248E-5
0.16796308735972254 2.2232537758213576E-5 0.7734557483124345 | -0.006513758959416099 0.0012400882009595854 0.006850815758764442
0.3417752611880985 0.40000161049353294 0.23617502387087874 | 0.007103289248429091 0.001426543660809024 -0.004793712948700017
0.3434911296506791 0.4000071549112912 0.3434856740530108 | 0.0052236868131409885 0.0026883015098044445 0.005225109292593772
0.32308051939316385 0.02137734877384887 0.40005112938374143 | -0.002275618753113634 -0.014358130973453448 0.005877330304294025
0.31055932927182234 0.11163007211565808 0.40000073012013904 | 0.0101488534380665 -9.44194480590754E-5 8.819430741830961E-4
0.30104654427935496 8.791624505663288E-5 0.5121186102217661 | -0.004499195203409516 0.004918034323695263 0.0021814638993584295
0.1229655683057625 0.001008470848861335 0.5408537733626106 | -0.25285680685132744 -1.211823546016869 0.023310118784230005
0.2005774698862926 0.0063624431709190755 0.718433628498043 | 6.371178939479276E-4 0.32332387077667296 0.02839904250090558
0.2573625353582943 5.776988152967379E-5 0.7940850595842656 | -3.3899479913652937E-4 0.004919509233814396 0.004025976952119003
0.4000007825944586 0.10097411464710636 0.2428700882843926 | 0.005961111828461946 -0.0180684751526478 -4.8610899026139926E-4
0.40004435228217994 0.014007856636144046 0.3179109137569317 | 0.007327416590929982 -0.011921581440434622 0.0038069374217814074
0.5078508519254887 0.0076604444728815705 0.5072310709401661 | 0.05556048867967531 0.16624088254876854 0.03546543757059092
0.3244251744215106 0.011468726885118238 0.4000710345839161 | -0.0074083810554841575 -0.004368143060420557 0.008234281910774797
0.3706892236827348 1.6033523668337258E-4 0.4820345797855361 | 3.679413961941021E-4 0.006039998775078347 -3.8463409638928936E-4
0.3463852829408936 0.003852195612557092 0.5760632966067096 | 0.009616569434527057 0.1682997184965603 0.028615975227530982
0.3499529109968022 0.0657977883894861 0.7288504095194277 | -0.12332828697100497 -0.8149764936787434 0.06069309513598221
0.3574250390366755 1.0467098794663474E-4 0.7514912675912291 | -0.005646309833972684 0.003018500346817018 0.003333136424038992
0.40002692765447667 0.024108478037030787 0.15717257208441662 | 0.005077290641157196 -0.0024601076952815355 -0.009074606248409549
0.4000001459587191 0.11156178306681834 0.31053408522799303 | 6.94453370992345E-4 3.260212149386883E-4 0.010038669995560705
0.4000673796827386 0.010695120411129126 0.3244519920915291 | 0.006752085880696915 -0.006815733397883277 -0.00921898538297923
0.394190807283515 5.731408034459221E-6 0.4038523407472753 | 0.004159293158014814 0.0050929932371001655 0.0011959454731644411
0.427398388596839 7.36045307993003E-5 0.5450498632981116 | -0.0013816042510792362 0.003987528419947282 0.004625786660811788
0.42628687280220995 1.3295398523676774E-5 0.5429542968646885 | 9.099639572956432E-4 0.003065529947136162 0.006130243592112037
0.43268043535682704 1.5463177917001672E-5 0.7332991877876873 | 9.560657182049428E-4 0.0053118973183533145 0.0028186373549904434
0.43712621239793426 1.52087445571026E-4 0.7527939132899545 | -0.005840304676303288 0.003977722312745833 -0.0015774257165495785
0.4949500554524252 0.00239942555219388 0.08010035350421649 | -0.023434076562400527 0.008636141553305032 -0.11573767458902488
0.511023270263428 1.94645085379822E-4 0.3012077892657841 | 0.0030267652231552628 0.004639209994147144 -0.004867646287639039
0.4844593145274517 1.465040319446131E-4 0.3692904750885489 | -3.2208058736299367E-4 0.006662974389740796 6.002349033707072E-4
0.5450951233255098 5.760239565039222E-5 0.42743597988527166 | 0.004687780851698923 0.004157209712094961 -6.423153048634176E-4
0.5113795511523015 2.1300904385711424E-4 0.5115931134795068 | -5.663363576380052E-4 0.005146922810428268 -0.0012004239821990946
0.5026385383540465 0.014551894142471645 0.5791693453646596 | -0.011058000993272076 -0.9246262660513915 0.026100873791003412
0.5100251335469327 0.002911318855126681 0.7950992706900366 | -0.026640288128212654 0.4560924386107333 0.1858578287131983
0.5131122157226582 5.1719506624286126E-5 0.7514903684259172 | 0.004069395654212278 0.001652619865992919 -0.0073101808557052995
0.5661536815789993 5.721859649460861E-5 0.19582139919714917 | -4.564931836720354E-4 0.004376395872303963 -0.0047090848887278115
0.5410348427918718 0.0015417456810945564 0.12280809659778501 | 0.023357992698921106 -1.2107909250789222 -0.2537966795800087
0.5764759501139376 0.004502825585985627 0.34638630738961307 | 0.025533265601696446 0.15124637735974208 0.009729023450573046
0.5430568374563365 1.1544137090710247E-4 0.4265849332438916 | 0.006027123054923662 0.0032516173645425073 0.0011267739093791015
0.5784803338816901 0.0168950647674061 0.5027375163633078 | 0.026575966732304238 -0.9269029759408923 -0.009759496120076037
0.590255348338852 0.001055137824734387 0.5903460566208051 | -0.008863364317352946 -0.04165130845875353 -0.008797508317792557
0.6069873873717823 0.037385946587762446 0.79977254699531 | 0.10914149242836012 -0.9609218647958102 0.19702304795355696
0.5888400869163034 2.8073029977311215E-6 0.7617824882613953 | 0.004085524850728278 0.003595892450853001 0.0029766258508048685
0.6541680267803136 4.069077074358106E-5 0.14574413827770955 | 1.0585844105941824E-5 0.002754759728742045 -0.006957625661813569
0.7184777611272025 0.006432673130379399 0.20055016097616882 | 0.02898189378769617 0.32276968679728096 4.108613536624465E-4
0.7279737487808864 0.06557211328268987 0.3497461626652903 | 0.05041049816532876 -0.815131034426388 -0.12625047298063663
0.7331584580073697 8.397613041930297E-5 0.43271875448725006 | 0.002725248354439539 0.005530576906600276 9.04278905139507E-4
0.7951698097113561 0.0029840763055499443 0.5099960076494504 | 0.18562747053024936 0.45989201981053335 -0.026517753060440435
0.7997189283946899 0.037411659424705035 0.6070061590766826 | 0.19684931446286058 -0.9606293093419342 0.10908799981570737
0.7394836691070488 0.059890241513592055 0.739481791044825 | 0.09895065767327631 -0.5501251103812632 0.09896029262778569
0.6867514534686331 5.227694162528143E-5 0.7941107142207166 | 0.0014263172097264785 0.0034735287742901416 0.006250165076599169
0.7735925814317509 3.8033062131482173E-6 0.16777383599136497 | 0.006868729622572671 0.0012355956728429816 -0.006493032252455503
0.7941085872290251 5.300136128444781E-5 0.2573509759508207 | 0.0040255816680612976 0.004917433851569743 -3.692585819054413E-4
0.7514860337378504 1.0825021049372437E-4 0.3574276067381264 | 0.003392286995632031 0.0029354113079848904 -0.005705909908589431
0.752789919022041 1.5588929526959516E-4 0.4371265403857584 | -0.0013994885271648918 0.0039851137490850425 -0.0058937180172025875
0.751490668205769 5.284212924314976E-5 0.513112080260772 | -0.007377893972752853 0.001569369312790163 0.00403049196670968
0.7617808201707355 2.2503452688063912E-6 0.5888389749859689 | 0.00296493042784767 0.0035973490531160802 0.0041153184391415866
0.7941092982623829 5.268303879117632E-5 0.6867529014428977 | 0.006245753454700741 0.0034760002600899963 0.0014274122171952287
0.7860554770408335 2.2564323165831466E-7 0.7860555174245097 | 0.005449722429309976 0.0021112855870905793 0.005449762789310365
0.2393892278999267 0.40000018324521935 0.23938924631536512 | -0.004099802583753599 0.003848672440787083 -0.004093162618038016
0.2422307416645387 0.4000016262909018 0.34188467932271305 | -0.005215658032554346 0.0013406149624673482 0.00688116850208962
0.23951959242381704 0.009752685167656079 0.4000422830025912 | -0.008283696252714204 -0.00825639664812237 0.0069314459616570895
0.1918138186759429 0.09339585705435659 0.40000897177705197 | -0.005538946768761694 0.003995971844416704 9.85184248503928E-4
0.17299256508253275 3.794011934275273E-5 0.4744076158696507 | -0.004815266474617667 0.004263005225422061 2.4535923916246095E-4
0.07923898284870387 5.11269271584872E-6 0.5823521985801908 | -0.006824791554182066 0.0015075358406594144 0.004362934893279032
0.14687745747698897 7.177183858252193E-5 0.6542590196847307 | -0.007046689461450772 0.002704914854090543 -1.4208878195678582E-4
0.16996988155755244 2.5479178007102068E-5 0.7715597396365139 | -0.006700491364791145 0.0012721263614877837 0.006670024903848811
0.3418846628590171 0.40000157416690624 0.24223061678701943 | 0.006883630734797048 0.0013400314865325298 -0.005213028965719069
0.34356941898490995 0.4000016311002601 0.3435651625503755 | 0.005138244391513386 0.002799155811974861 0.00513388831635781
0.32246788369618573 0.020823299950372996 0.4000064781084047 | -0.001275524838283261 -0.014296673787692362 0.006028204008497739
0.31022363088295185 0.10477399927607021 0.4000001689204707 | 0.006568021697012423 0.0036827338174780077 8.872604928149188E-4
0.29680540197414657 2.5234570458765977E-4 0.5092100927275407 | -0.0017947229953242869 0.0052462163793924104 0.004470750812761546
0.1144443285521101 0.006628203230085056 0.5802589708379028 | -0.1836814848376532 0.47062469121527944 0.025469521470014887
0.2043070062033968 0.00795352907782882 0.7195552152794026 | -0.00764406725464059 0.21831828032667547 0.008135939929700908
0.25770471993668687 2.2068838870153134E-5 0.7933826362120642 | -5.514287511184649E-4 0.00466393397483029 0.004599230847518307
0.4000384105442985 0.009385734299908887 0.2391835719049642 | 0.0068084163764609625 -0.004018608348450954 -0.008650861312845894
0.40002679717474043 0.01103769107100662 0.31541497942226937 | 0.006899256221633559 -0.007105749880082974 0.007368232652197386
0.5027149534121033 0.002456174036419645 0.5020683197935097 | 0.06549222037380677 -0.03732627890153711 0.043396506106037624
0.3199997557873648 0.013617960502566986 0.4001148919356643 | 0.005273174856856145 -0.007954223269958333 0.008357637146500478
0.3721791542229676 1.0592003373253329E-4 0.4854919974524607 | -0.0012918782552374542 0.005355309800968067 -0.00348487046175823
0.3461806694073081 0.005183689628819265 0.5759520804335417 | 0.01076283880205508 0.2777675929025297 0.028707446011685053
0.35680189483344404 0.007004005386036206 0.7006399651000685 | -0.005681167696180392 0.25381785461909684 0.06386042239421798
0.36360484887556377 0.006960875597348444 0.89352685590406 | -0.010896212125766936 -0.3971717234959336 0.1552059088754725
0.4000034226554592 0.09495585501284878 0.1923119840112344 | 0.0011032009919517108 0.0024312862715160266 -0.007694991513772386
0.40000041772140116 0.10461636507726332 0.3101123337191807 | 9.602479989194996E-4 0.002190235531508918 0.008573998647827326
0.40010171260801136 0.01321574306437152 0.323842108105904 | 0.006826236019121507 -0.010616032020355149 -0.007711120124064369
0.4075848051760186 3.5352943094453494E-5 0.4086527412394962 | 0.002171103741515081 0.005350487913413653 8.528188587573063E-4
0.42846577579635026 4.199161587637617E-6 0.5409964081881025 | -0.0017657392527141594 0.0026101065526349457 0.006643632099432566
0.42567492225176806 1.2030963946527449E-4 0.5444003378489253 | 0.001956316370722271 0.0035479132819231183 0.005126802012981586
0.43270138476930586 5.6379518170750276E-5 0.7332399506898238 | 9.333048748235049E-4 0.005446301878683044 0.0028984137196932606
0.4361130246867283 7.023072637275538E-4 0.9185710617328549 | -0.015672492256799366 0.22738311431467978 0.10230345458792922
0.4744557310169351 2.105100531354367E-6 0.17294581087765795 | 1.872743766233196E-4 0.004221933101993253 -0.004837081954658613
0.5093283596256554 1.803031738109018E-4 0.2962382233196015 | 0.0046737139814326915 0.005035541422784873 -0.002031308936450243
0.486595255836811 2.0648730096807814E-4 0.3708786325549827 | -0.002441422666403059 0.005717398738256704 -0.0011784296029715134
0.5410180090033757 4.052367347336965E-5 0.428565782273376 | 0.006677783730804216 0.002748333399876074 -0.0012749839979856589
0.5083939422468725 1.07777560202692E-4 0.5085807245903563 | 3.7593125961653E-4 0.005142778412762232 -2.703636100029369E-4
0.5052281150244922 2.9203221807865205E-5 0.578131073221259 | -0.0012912089166165783 0.00590813021935792 0.0018734065825385675
0.5103025418894018 0.007483657688209942 0.7924058462698313 | -0.024757061740593986 0.3220566115006041 0.17607566686665874
0.5071108683156873 0.005822345031072668 0.916304933301697 | 0.003191521912432397 -0.4467260848023334 0.1878270184994948
0.5821638070487325 9.743101451858746E-6 0.07951825057407494 | 0.004376016666505255 0.0015415399818017733 -0.006794338195234401
0.5801901485251694 0.006647984586770055 0.11446524222641455 | 0.02555501489674401 0.47085710100341244 -0.18430835733000264
0.5765459684769546 0.004086244370364173 0.34616797979840336 | 0.024549019602238417 0.28144887569762544 0.012471727929240697
0.5448596204640477 5.8282098537241025E-5 0.4254554626253115 | 0.004641206331357811 0.003652004647989953 0.002976501841890822
0.5784256201723914 2.4700621897093137E-4 0.5050752891744676 | 0.0018275651948614186 0.005881240951873189 -0.0011352303092141396
0.590284048331129 3.4112919993097967E-4 0.5903363240606221 | -0.007562944027147753 0.5196243276427217 -0.006596093820043134
0.6512057631449989 0.0030385375027702265 0.7468841116032803 | 0.04487077871026194 0.5737645279828903 -0.01804466007218519
0.5797113227416709 0.00603928571229285 0.9023064305778106 | 0.021574345679574936 -0.4203160998135192 0.1625098534910613
0.6542687184179631 6.464913982750272E-5 0.14688514460077692 | -1.5333096505816866E-4 0.0027112442577212946 -0.007041244018852039
0.7195803578175779 0.007986107044239382 0.20427851486951773 | 0.008316659374964308 0.21749349734492054 -0.007940536855543275
0.6991185902087703 0.004620235844720002 0.35744597843791 | 0.05943860076174707 0.27391215769245264 -0.004085614599597391
0.7328546195092547 3.917014758639748E-5 0.43265173048044037 | 0.0027776842889868938 0.005259289106281261 9.593199264187619E-4
0.7924714197366274 0.00560431465625413 0.5102667266714997 | 0.17606487984926822 0.3505462764864266 -0.025351008169489028
0.7468644179749743 0.0030582373558200606 0.6511630859652963 | -0.017989207319446657 0.5737163247643546 0.04476696912816928
0.736241727407788 0.046460699422263295 0.736240584672517 | 0.06974127507077257 -0.7115285481454526 0.0697592183926613
0.6868205299852469 6.3192304526911555E-6 0.7938661003745879 | 0.0011608340598102446 0.003368617820773247 0.006439132827725314
0.7715439754628262 2.934717811908553E-5 0.16997536688829984 | 0.006662536229710524 0.0012764761176851823 -0.0066999548475934695
0.7934061318376642 1.7490127120886473E-5 0.25769305684693117 | 0.004597151340795712 0.004661951693975394 -5.796212753818147E-4
0.893532791237913 0.00696240906882516 0.363611927980132 | 0.15525611309970963 -0.39708562997903635 -0.010863508174910235
0.9185638152631177 6.984204552538073E-4 0.4361143113667845 | 0.10230352493034854 0.22738156114584912 -0.0156610838702977
0.916296787420173 0.005821656394375728 0.5071104790950078 | 0.18783015221046018 -0.44671739767007257 0.0031901410658321154
0.9023061703766141 0.0060384753460971125 0.5797059017289499 | 0.16251631416165047 -0.42030950102796094 0.021566556143231295
0.7938646948091735 6.655385290485582E-6 0.6868219395876414 | 0.006435184153727496 0.0033709594571019264 0.001161829512195176
0.7819680391913703 1.1863498482709908E-6 0.7819681357709999 | 0.005165132616995628 0.002580138432834772 0.005165324256515348
0.25213007088753747 0.40000718712305305 0.2521300802829471 | -0.004349937945924848 0.003626483753575263 -0.00435151482408898
0.2498498871448597 0.4000012233897605 0.33922821154863536 | -0.004453587437297545 0.001186449814548433 0.007527015456848102
0.22447106609113476 0.036279925627676235 0.40002392698141576 | 8.382194717230042E-4 -0.013596565276200342 0.007700343803462109
0.20884630917840274 0.10524383017171705 0.40000071698067485 | -0.009441339693490492 0.0030069938611695683 0.0011820892863033555
0.23327847568022828 1.8718987489044193E-4 0.47950157542565075 | -0.0033779133504792743 0.004812706770185157 5.307666871221867E-4
0.19636832841082616 9.894749267071371E-5 0.5663767454517299 | -0.004887759715337077 0.00430519218999866 -6.023081155482807E-4
0.14983861887537864 6.410580908591384E-5 0.6538297079478755 | -0.007212460101553849 0.002672882536651525 -2.5803646187171243E-4
0.1871550320669699 3.6796810991771356E-6 0.7575307876622696 | -0.006980590590993715 0.0022174699009325292 7.533424066436478E-4
0.33922818798137083 0.4000012065294853 0.24984966577103243 | 0.007524438520684825 0.001186445185076774 -0.004457786001075406
0.3436430936977415 0.40000239507411595 0.3436374705888695 | 0.005029981101765194 0.002926450778925764 0.005032443344983041
0.3155671594336643 3.101728600534738E-5 0.4473060335161748 | -0.0025046452172916506 0.005225130952867683 0.0016359157627701116
0.3243409325426144 0.09345678470868529 0.4000051135329207 | 5.115475162861652E-4 0.005356139429254988 3.6979429796922476E-4
0.3014191546380288 6.250959860160899E-5 0.5111086735585343 | -0.00459310043477462 0.004859502738193951 0.002749051183294325
0.2654704586590065 0.004054062015572107 0.5930404242373659 | 0.00896172283149323 0.049587020252110245 -0.005549931409281945
0.2155556376562405 1.2481323075648696E-4 0.7170343070805791 | -0.0012299361547022745 0.004555684243773398 3.0047244815830726E-4
0.2590417315869733 3.7986621992752047E-6 0.791025852507135 | -0.001231753228923726 0.003938113246969723 0.005808383565004168
0.400003851577182 0.03643984819583155 0.22430512094691094 | 0.007586993815787904 -0.013745880830824042 8.114777134658219E-4
0.45771200004243257 9.132165406207078E-5 0.3057923003159465 | 9.98814426375038E-4 0.005427460705494835 -0.003424256706314224
0.49852259309740116 3.416617118205391E-4 0.49865459702101766 | 0.003165783927664793 0.005252430221260765 0.002631079146678202
0.31791003227685094 4.1378798213262765E-4 0.4000403170127112 | 0.004275271174618746 0.0028742321253777017 0.005093943284534378
0.3737417768243167 1.94175517954317E-5 0.4845450253100892 | -0.0026357698432436906 0.0053488845983537675 -0.002724029907894214
0.34424247607027014 1.551079776659575E-4 0.5750911211151348 | 0.00228072053471473 0.005129083267106105 4.4168202210301114E-4
0.36534115928733213 3.412001310488177E-6 0.649789840173531 | 0.0010493136924129077 0.005615682015603796 2.240742896116543E-4
0.3500435055301633 1.4931389963271558E-4 0.7432275689835852 | -0.0028853941314719335 0.004112903276057441 0.0038309143198831047
0.4000005290456361 0.10396143344497231 0.20833179333195992 | 0.001241718381186756 1.7142246386037019E-4 -0.011564023089865252
0.4000008373471201 0.09332127075255157 0.32439641060917285 | 5.222536738572386E-4 0.005504361379744584 0.0017002164912599655
0.4000849567894462 1.9770106877162934E-4 0.31205791091387225 | 0.005958032763595898 2.6980673866501727E-4 0.0065934055090950865
0.4248608146128011 1.7254233748687143E-4 0.4260172178847697 | 1.440787602785688E-4 0.004725947640359179 -5.912307791671724E-4
0.42900480491070514 1.396405225312611E-4 0.5394513414273944 | -0.0019349934264354678 0.0024291441601325637 0.006876638601784908
0.4448830548905805 6.690779548984023E-5 0.6413607430157499 | -0.003611614399522801 0.004768782646791339 1.6343236631470165E-6
0.43193899257742924 3.8882715235770334E-5 0.7278687042876494 | 0.001347987729149113 0.0047378968922883215 0.004643374828536264
0.4270740082682449 0.003261720616040067 0.8352424458435521 | -0.007343613150339812 0.10874956608656239 0.06131811970359858
0.4795015119474629 1.949646072032398E-4 0.2332804489945515 | 6.470988975743579E-4 0.00470005636079787 -0.003628215223080583
0.5105562667012554 3.441802862990557E-6 0.3010470839605544 | 0.0032965939765805833 0.004641483892243316 -0.004768750009254312
0.487175644600186 8.752075895173246E-5 0.3723625501218636 | -0.0028034357734375544 0.005379903755903654 -0.0024836015449156944
0.5391948190866079 1.4088335485013773E-4 0.4291480877602128 | 0.006929814695141582 0.0024860754742633564 -0.0014456834358972624
0.5346958695161649 3.197310592006179E-4 0.534920345888216 | -0.0012986731230006368 0.004877901940773591 -0.0014158807712464437
0.49976165607328465 2.4180234431757212E-5 0.5901574996186525 | 6.6316780303584E-4 0.006054442963405436 -0.0026310236508807865
0.5145467619750319 6.512959772887733E-6 0.7321090918252116 | 0.004395877566433275 0.003037119286468049 -0.0040158039968427334
0.5148723364810476 4.895632612734585E-5 0.832019221755978 | -6.238302382812652E-4 0.0014125993718358551 0.009700228734592156
0.5664411600149534 1.3175351986811505E-5 0.19599196690243217 | -6.110854923073783E-4 0.004336738673847533 -0.004798049871888025
0.5929483397164895 0.004230284592943451 0.2654296479050254 | -0.005393892616246077 0.047802562019977686 0.010280721051155298
0.5755321553204846 4.5103682420302076E-5 0.3441892279069926 | 3.2069192971054825E-4 0.005143453182240556 0.0021087398062139447
0.6412687284919193 1.1428423886563352E-4 0.445095820002972 | -8.654464048951025E-5 0.00469068129883009 -0.003829292780507707
0.5904200638456674 2.6557564419993622E-5 0.49972130022735584 | -0.0026050773440732086 0.006058387817942689 7.150565615899384E-4
0.589185495816269 1.3179584009246907E-4 0.5892543608196027 | 0.030886540814809748 -0.032693137599437275 0.031198507189077476
0.6035730985263922 8.318540080847083E-5 0.666485542849545 | -1.6713846418811055E-4 0.004622866991657231 0.003479245373029314
0.5844321487372272 1.5015473179734492E-4 0.7946773691177424 | 0.00574093760531603 0.0028645413984438794 0.005010641190836633
0.6538428680348575 5.5791033175328304E-5 0.14984618945900952 | -2.6789482940824973E-4 0.002679817642467366 -0.007207494203889863
0.7170622215737034 6.586268784422068E-5 0.21558619592001463 | 3.298673563083487E-4 0.004560779631407191 -0.001220841232983317
0.6498986999473528 4.195329780766721E-5 0.3653191497000329 | 5.961540744241138E-4 0.005617217778648414 0.0011206333618531618
0.7270338088680106 1.133963917163784E-5 0.43184169015427326 | 0.004697715251090028 0.004715038458204886 0.0013741418590847664
0.7321494270864868 2.3220597970458168E-6 0.5145494293055952 | -0.00317110200573925 -0.012424346588097178 0.004158388729837942
0.6664147826186436 9.194108755686438E-5 0.6035096797913282 | 0.0034852232604580453 0.004619106148064135 -2.2633430289339986E-4
0.6983569842547344 1.3436628997225098E-4 0.6983466494174577 | 3.967563038287151E-4 0.0058861313807267454 4.006794339132874E-4
0.6845873050085686 8.76714800477607E-6 0.7900146173373267 | 0.0016932759652018858 0.0025781513229554635 0.00734120199046996
0.7575272874415229 3.5522181371723937E-6 0.1871561124456033 | 7.093888235070823E-4 0.0022469478154510773 -0.006958614057650959
0.7910485506546248 6.401319418613238E-7 0.25903068390415546 | 0.005802268497877916 0.003937043241570674 -0.0012540285961897622
0.7432373188255542 1.6006715430845315E-4 0.3500525386747516 | 0.00409710878037219 0.004014971920771773 -0.002917502659080859
0.8352439959234981 0.003278734219339018 0.42708502459048375 | 0.06145340273181375 0.10873588982307651 -0.0073727076315675145
0.8319999865033517 2.7523045496933387E-5 0.51486893977623 | 0.00972350802669764 0.0013292077098798637 -6.239837902450639E-4
0.7946805806246512 1.4311544461306723E-4 0.584424378816027 | 0.005030413766409691 0.0028450140081463906 0.0057711054497229285
0.7900134649013624 9.087243775810013E-6 0.6845884312150187 | 0.007338993256950369 0.002579251693297012 0.0016957753628019665
0.7437455636135751 5.629649114125538E-6 0.743745526534862 | -0.0010834620884731692 0.0056553415150649424 -0.0010850064452378797
