512
0.2575208378215032 0.08095648881330993 0.2575208378215032
0.2627943907345209 0.0909012752777158 0.3128510559599699
0.2595159277415253 0.09137505748524512 0.3751542089173853
0.26668029916528185 0.08071470217647635 0.44099595984526413
0.26650347566892485 0.07998054963243464 0.5084860715640991
0.2576461826188918 0.09022098520141225 0.5742762834083347
0.26375790328976056 0.08299798944759246 0.6369484790581905
0.2587022878602734 0.08315255756104167 0.6944367138495435
0.3128510559599698 0.09090127527771619 0.2627943907345205
0.30880312265356147 0.11715099491179601 0.30880312265356163
0.31406470628060595 0.09516791438489947 0.3746407359775249
0.31042116398794833 0.0966004872038174 0.4404651664172061
0.310623950236231 0.09751274063680127 0.5092155552139236
0.31352934600718946 0.0948936282875258 0.5750463277802713
0.30861224239247864 0.11398805239233534 0.6411933839740924
0.3137323228879669 0.09852967327905615 0.6894117865479112
0.37515420891738505 0.09137505748524508 0.25951592774152643
0.37464073597752484 0.09516791438489947 0.31406470628060595
0.36831307976036864 0.10843465106615718 0.3683130797603684
0.3623001035488578 0.09301556825323613 0.43680178292233546
0.36282691708584736 0.09241630089848323 0.5132302881070334
0.3679066302411695 0.10740584498062514 0.5806665513872085
0.37368997091721473 0.09407284417350131 0.6362218425923537
0.37473428683233473 0.10624018700855503 0.6946778597151924
0.4409959598452642 0.08071470217647611 0.266680299165282
0.4404651664172062 0.0966004872038178 0.3104211639879484
0.43680178292233557 0.09301556825323627 0.362300103548858
0.43599682695510056 0.09269002543408118 0.4359968269551005
0.4364949068749031 0.09440782817033606 0.5137354047054233
0.4353126056084263 0.08905094996825325 0.5872618626361645
0.44114182872542995 0.08063771614579139 0.6351196103434708
0.4401700874210346 0.08869545112689246 0.6890652112818938
0.5084860715640992 0.07998054963243441 0.266503475668925
0.5092155552139237 0.09751274063680108 0.3106239502362311
0.5132302881070337 0.09241630089848334 0.362826917085847
0.5137354047054233 0.0944078281703364 0.43649490687490283
0.5135300352678203 0.09545087186373744 0.51353003526782
0.5147505711217838 0.08895657350048383 0.5864071833634278
0.5089355674932371 0.08198700276301846 0.6351069386791122
0.5092968911933355 0.08862362434139592 0.6893898439005444
0.5742762834083347 0.0902209852014125 0.25764618261889155
0.5750463277802715 0.09489362828752633 0.3135293460071894
0.5806665513872097 0.10740584498062478 0.36790663024116976
0.5872618626361645 0.08905094996825291 0.43531260560842644
0.5864071833634285 0.0889565735004839 0.514750571121784
0.5809223269748537 0.10729590176257213 0.5809223269748537
0.5755375236728959 0.0948444558211914 0.6364202842033047
0.5749176000342253 0.10429438413786278 0.6951454684595062
0.6369484790581907 0.08299798944759257 0.26375790328976056
0.6411933839740925 0.11398805239233573 0.30861224239247864
0.6362218425923537 0.09407284417350185 0.3736899709172145
0.6351196103434704 0.0806377161457911 0.4411418287254304
0.6351069386791118 0.08198700276301875 0.5089355674932374
0.6364202842033047 0.09484445582119116 0.5755375236728955
0.6357282207158076 0.09198677778580855 0.6357282207158077
0.6356826645364206 0.09007370986899257 0.6882936478472058
0.6944367138495435 0.08315255756104147 0.2587022878602736
0.6894117865479114 0.09852967327905557 0.31373232288796704
0.6946778597151922 0.10624018700855528 0.3747342868323347
0.6890652112818945 0.0886954511268925 0.4401700874210345
0.6893898439005439 0.08862362434139583 0.5092968911933353
0.695145468459506 0.10429438413786209 0.5749176000342257
0.6882936478472051 0.0900737098689928 0.6356826645364209
0.692791903804907 0.08770619993202541 0.692791903804907
0.2303471455052341 0.0983245068885513 0.23034714550523488
0.23317379039385303 0.10868581781624505 0.3044168353207224
0.22848140282249074 0.1024837712928922 0.3805919207697904
0.26251081237168006 0.06657932998137446 0.4425188637733177
0.2622050201609187 0.06656899043283271 0.5070943250708667
0.22851941055202285 0.1010020725151699 0.5695220819805236
0.23701521980446924 0.10111210738166133 0.6459042254371228
0.2324001615667697 0.09600080196253527 0.7181904245756973
0.3044168353207223 0.10868581781624499 0.23317379039385325
0.3062100965030535 0.12127953367133797 0.3062100965030536
0.31032815403312547 0.09785630340536308 0.37277120429393784
0.30503632349606136 0.09977407356666743 0.4393179777545911
0.3051391219701825 0.10185583145517604 0.510326735829459
0.30994293331930417 0.09735159747387752 0.5767895336838671
0.30562380398730354 0.11937833064584567 0.6438630964946299
0.3044050959233218 0.1218084721207024 0.7206437510898347
0.3805919207697901 0.10248377129289214 0.2284814028224909
0.3727712042939378 0.09785630340536315 0.3103281540331253
0.36725218395777987 0.10805933688222567 0.36725218395777964
0.36087476374293315 0.08727689055507014 0.4353525920197404
0.361403103510476 0.08639909867521499 0.51457901783981
0.3668955193706665 0.1067390792830167 0.5818244389281628
0.3716246779634745 0.09534445465140017 0.6391332137233856
0.3808098829330689 0.11205634527843537 0.7253458371632352
0.4425188637733179 0.06657932998137428 0.2625108123716802
0.4393179777545912 0.09977407356666769 0.3050363234960615
0.4353525920197405 0.08727689055507006 0.36087476374293326
0.4363183166725814 0.09107628471999814 0.43631831667258136
0.43704252412944306 0.09635140989124313 0.5129741485866985
0.43397064373093186 0.08321385007947427 0.5886568118568608
0.43931556812040923 0.09088019324665693 0.6420235304029909
0.4415079977922596 0.07705778827002197 0.6910680231781312
0.5070943250708669 0.0665689904328323 0.2622050201609188
0.5103267358294592 0.10185583145517638 0.3051391219701822
0.51457901783981 0.0863990986752149 0.36140310351047567
0.5129741485866987 0.09635140989124344 0.4370425241294428
0.5124279255422666 0.10209478569699273 0.5124279255422662
0.5160948050686971 0.08297639028388377 0.5879539293803703
0.510668229118547 0.09477393141226981 0.6426579105064258
0.5080339903039748 0.07814882300812111 0.6914760978484813
0.5695220819805236 0.10100207251516977 0.22851941055202335
0.5767895336838671 0.09735159747387764 0.3099429333193042
0.5818244389281632 0.10673907928301685 0.3668955193706667
0.5886568118568607 0.08321385007947399 0.43397064373093197
0.5879539293803705 0.0829763902838838 0.5160948050686973
0.5821143415542972 0.10697051711399161 0.5821143415542972
0.5780047128937643 0.0967043750619695 0.6392639643493644
0.5693145236840295 0.1093561218087864 0.7257132525314481
0.6459042254371228 0.10111210738166139 0.23701521980446885
0.64386309649463 0.11937833064584595 0.30562380398730354
0.6391332137233854 0.09534445465140004 0.3716246779634744
0.6420235304029908 0.09088019324665705 0.43931556812040945
0.6426579105064258 0.09477393141227032 0.5106682291185473
0.6392639643493644 0.09670437506196901 0.5780047128937641
0.6458310415242637 0.12236684792208258 0.6458310415242637
0.6457683918343454 0.11642046395299857 0.7180178844489454
0.718190424575698 0.09600080196253656 0.23240016156676901
0.7206437510898349 0.12180847212070262 0.30440509592332166
0.7253458371632355 0.11205634527843539 0.3808098829330691
0.6910680231781318 0.07705778827002233 0.44150799779225947
0.6914760978484813 0.07814882300812108 0.5080339903039747
0.7257132525314486 0.10935612180878752 0.5693145236840298
0.7180178844489455 0.11642046395299886 0.6457683918343456
0.7163834237592329 0.09286373031846296 0.7163834237592329
0.21624322742988045 0.1256410145170635 0.21624322742988078
0.21875416088963645 0.11228317281303239 0.30389513039047367
0.2200945872205258 0.09608338816743905 0.3801563808051061
0.2317238638654754 0.06842806597600987 0.4460028079248527
0.23360852051718708 0.06665399332998267 0.5040808795493378
0.22039102849177575 0.0942807805628958 0.5699835835141356
0.21859332838639992 0.109313792659406 0.6463290467379263
0.2158098462813528 0.12815114101903885 0.7335361338122668
0.3038951303904735 0.11228317281303203 0.21875416088963706
0.3067941154681953 0.11407432076280608 0.3067941154681953
0.297285589607126 0.13667792604629275 0.3714583738916069
0.2943936450661692 0.12976104199177652 0.4402802622452621
0.2944931981956118 0.13005932208535717 0.509591825646278
0.29795053520986586 0.13175774080175903 0.5786098299822525
0.3061753516529998 0.11160785880153577 0.6434875077486673
0.3035109437495499 0.11816036651396003 0.7322857233119161
0.3801563808051059 0.09608338816743933 0.22009458722052544
0.37145837389160685 0.13667792604629253 0.2972855896071258
0.36861358444999837 0.12782796346958936 0.36861358444999814
0.3609058987727713 0.08376163170355794 0.4348618365601517
0.36136768114339207 0.08235041649366952 0.514966905972578
0.3682835932565625 0.1251363970757153 0.5809460295499745
0.3708196229584141 0.12701471722188465 0.6494232932176112
0.37991727143792225 0.10034024310653986 0.7323757323434772
0.446002807924853 0.0684280659760111 0.23172386386547453
0.44028026224526207 0.12976104199177665 0.29439364506616944
0.4348618365601518 0.08376163170355745 0.36090589877277135
0.43657604050767435 0.08796250429161698 0.4365760405076742
0.43721588230542746 0.0926226325699897 0.5127017776127109
0.4338521020409786 0.07902386518893491 0.5881453751631206
0.43977805726431113 0.12321788796165882 0.6536148151167596
0.4452722376865737 0.07124747691186974 0.7148427903103345
0.5040808795493382 0.06665399332998193 0.23360852051718634
0.5095918256462779 0.13005932208535784 0.29449319819561126
0.514966905972578 0.0823504164936692 0.36136768114339124
0.5127017776127107 0.09262263256999007 0.4372158823054272
0.512532701380402 0.09534484032375766 0.5125327013804017
0.5161783279011193 0.07799078276511064 0.5875100033029814
0.5101172324758729 0.12205217732031308 0.6530081407641162
0.5047491301614995 0.0702433584849717 0.7130780934460657
0.5699835835141355 0.09428078056289592 0.2203910284917762
0.5786098299822525 0.13175774080175562 0.2979505352098669
0.5809460295499744 0.12513639707572072 0.36828359325656324
0.5881453751631205 0.07902386518893423 0.4338521020409786
0.5875100033029819 0.07799078276511046 0.5161783279011195
0.5813746183928046 0.12372097614684041 0.5813746183928048
0.5799647561167238 0.11776600468942475 0.6469948490784443
0.5702324633567185 0.09748959560015086 0.7323171873845652
0.6463290467379263 0.10931379265940601 0.2185933283863996
0.6434875077486674 0.11160785880153584 0.3061753516529999
0.6494232932176099 0.12701471722188037 0.3708196229584138
0.6536148151167589 0.12321788796165806 0.4397780572643113
0.653008140764117 0.12205217732031429 0.510117232475873
0.6469948490784445 0.11776600468942587 0.5799647561167236
0.6452584565013697 0.11122591705900209 0.6452584565013696
0.6466816208350943 0.11524890392345241 0.7324391057440712
0.7335361338122667 0.12815114101903874 0.21580984628135283
0.7322857233119157 0.11816036651396021 0.3035109437495498
0.7323757323434776 0.10034024310654067 0.3799172714379227
0.7148427903103333 0.07124747691186957 0.44527223768657337
0.7130780934460611 0.07024335848496958 0.5047491301614999
0.7323171873845654 0.09748959560015202 0.5702324633567188
0.7324391057440712 0.11524890392345183 0.6466816208350945
0.7344074290196533 0.12964496145556345 0.7344074290196533
0.2145610210060923 0.11934600989069012 0.21456102100609256
0.20972171980749515 0.115632688299987 0.3041727009262991
0.2101817740019973 0.09520131880081721 0.3803098724138766
0.1896578869449662 0.08623501145901317 0.44622922536505283
0.19025625756191036 0.08617249124022747 0.5039017679777744
0.21055135336163874 0.09318118258166305 0.5699114567911933
0.20837529462179027 0.11602851646317426 0.6456051907045863
0.2141255049623018 0.12205451667050193 0.7352941040104382
0.3041727009262989 0.1156326882999873 0.20972171980749513
0.3040063182754824 0.12086593969359266 0.30400631827548247
0.29211020521599596 0.14876138615961235 0.37235549640949495
0.29176835451274086 0.13744746397746654 0.4408942947790673
0.2919197193485792 0.13680157674508417 0.5091461877873816
0.2918115550770236 0.14712448768637 0.5778127834230763
0.3031909381317624 0.11870252803994441 0.6461986777378055
0.3032230536840685 0.1160123848916087 0.7405302325697891
0.38030987241387637 0.09520131880081723 0.21018177400199647
0.3723554964094949 0.14876138615961232 0.29211020521599573
0.3735756587903055 0.16281833315426264 0.37357565879030546
0.3767670206354934 0.15359144272830913 0.44497021577566276
0.3764549366314565 0.15610929886636118 0.5050272627060537
0.37372991959131413 0.162529074663671 0.5768324206238914
0.37250121273113873 0.1470604859619137 0.6567646231845942
0.38000515354073244 0.09796139633262618 0.741657028755043
0.44622922536505316 0.08623501145901306 0.18965788694496885
0.4408942947790673 0.1374474639774663 0.29176835451274125
0.44497021577566287 0.15359144272830993 0.3767670206354937
0.43606891509366824 0.07830705958838294 0.43606891509366813
0.4367868551522174 0.08342852262892146 0.5131995174153966
0.4450387869747098 0.15226382830145424 0.5756042137287454
0.4412424204450461 0.13423075152037298 0.6573682158291241
0.44609939851483044 0.0842166526181241 0.7614040761695201
0.5039017679777746 0.08617249124022752 0.19025625756190823
0.5091461877873816 0.13680157674508409 0.2919197193485786
0.5050272627060536 0.1561092988663614 0.3764549366314559
0.5131995174153966 0.08342852262892154 0.43678685515221705
0.5130309016573277 0.08602551928043758 0.5130309016573273
0.5050525730193293 0.15408251590126132 0.5757977354222064
0.5088412818325686 0.13395095888175215 0.6570162587378907
0.5039047049430982 0.08392463273050048 0.7609481467377917
0.5699114567911931 0.09318118258166355 0.21055135336163913
0.5778127834230762 0.14712448768637015 0.29181155507702383
0.5768324206238916 0.1625290746636705 0.3737299195913144
0.5756042137287454 0.1522638283014534 0.4450387869747099
0.5757977354222068 0.15408251590126124 0.5050525730193294
0.5772768839828925 0.16319664254072233 0.5772768839828929
0.5782183172005397 0.14507119041173827 0.6576231416658941
0.5701183874027371 0.09573242306253943 0.74164864861677
0.6456051907045863 0.11602851646317379 0.20837529462179027
0.6461986777378057 0.11870252803994552 0.30319093813176223
0.6567646231845949 0.14706048596191476 0.37250121273113873
0.6573682158291236 0.13423075152037167 0.44124242044504614
0.657016258737892 0.13395095888175257 0.5088412818325686
0.6576231416658942 0.1450711904117405 0.5782183172005395
0.6483737021982332 0.1180394643858092 0.6483737021982331
0.6466484106099237 0.11692375330706566 0.7424578013083497
0.7352941040104379 0.12205451667050184 0.2141255049623019
0.7405302325697891 0.11601238489160828 0.30322305368406827
0.7416570287550431 0.0979613963326276 0.380005153540733
0.7614040761695214 0.08421665261812102 0.4460993985148301
0.7609481467377885 0.08392463273049934 0.5039047049430981
0.7416486486167692 0.09573242306253901 0.5701183874027376
0.7424578013083502 0.11692375330706534 0.6466484106099238
0.7361949932972316 0.12434189651716608 0.7361949932972315
0.21351368993902317 0.11217934712378479 0.21351368993902334
0.20613175623253627 0.09751718294430932 0.30269725528193964
0.2049694116575936 0.07532335853202526 0.377634674226577
0.18251141059392703 0.06677724183185237 0.44486286518846824
0.18306273107692822 0.0657908715700116 0.5053544543938172
0.20498987173497418 0.07312045241431554 0.5723575654407758
0.205650996904014 0.1000927727046248 0.6469629572922901
0.2130841025103863 0.11529621812647145 0.7364068767226006
0.30269725528193947 0.09751718294431028 0.2061317562325363
0.29136470921865953 0.1746772783965113 0.2913647092186596
0.2896787904201056 0.15252417495819565 0.3729991852675854
0.2906273308756332 0.14174613184166712 0.44131470221807645
0.2906918224994855 0.14087019673826848 0.5088170905951497
0.28938317566960153 0.15218900497753182 0.5773203795760197
0.290764622507263 0.1740494180187752 0.6579416843286874
0.30161760319518316 0.09633502071571584 0.7453056548510014
0.37763467422657676 0.07532335853202503 0.20496941165759272
0.37299918526758546 0.15252417495819603 0.28967879042010536
0.3748298638832421 0.16585094353260288 0.374829863883242
0.37469056585936034 0.135430467230698 0.44336585731367567
0.3746610137007732 0.1386999438964306 0.5063340374255535
0.3747910956939122 0.16548056882601894 0.5759483144855806
0.3738889133044734 0.15373364271641166 0.660528474379128
0.3775615469144017 0.0817332935406703 0.7445658621089184
0.4448628651884686 0.0667772418318527 0.18251141059393167
0.4413147022180764 0.14174613184166654 0.29062733087563364
0.44336585731367584 0.13543046723069874 0.3746905658593605
0.43581764347317103 0.0704335523164997 0.435817643473171
0.436480400325731 0.07441343555593825 0.5136089086104686
0.4436952440335067 0.13589944705037033 0.5769634661034907
0.4422594290682401 0.14282700272261978 0.6597916338525529
0.4446317188654247 0.06613792911349818 0.7679839922087494
0.5053544543938174 0.06579087157001236 0.18306273107692578
0.5088170905951497 0.14087019673826792 0.290691822499485
0.5063340374255533 0.13869994389643103 0.37466101370077304
0.5136089086104686 0.07441343555593817 0.43648040032573066
0.5134282577599808 0.07551164353926819 0.5134282577599806
0.5063128043063824 0.137987230665582 0.5770241321919513
0.5080231021903637 0.14406023755364494 0.6597332737255905
0.5054147492327951 0.06507132975468721 0.7673745102001098
0.5723575654407755 0.073120452414316 0.20498987173497454
0.5773203795760196 0.15218900497753352 0.2893831756696016
0.5759483144855808 0.16548056882601836 0.37479109569391245
0.5769634661034907 0.13589944705036985 0.44369524403350674
0.5770241321919517 0.13798723066558233 0.5063128043063825
0.5764534306368845 0.16633992943790962 0.5764534306368848
0.5773842895133842 0.15384593700921714 0.6617852893630134
0.5722649782402075 0.08029551814857666 0.7441180043929068
0.6469629572922901 0.10009277270462409 0.20565099690401387
0.6579416843286873 0.17404941801877485 0.29076462250726187
0.6605284743791288 0.15373364271641413 0.37388891330447366
0.6597916338525529 0.14282700272261814 0.44225942906824006
0.6597332737255921 0.14406023755364508 0.5080231021903636
0.6617852893630126 0.15384593700921576 0.5773842895133842
0.6587040977993851 0.17136876527434813 0.6587040977993849
0.6480210828164058 0.10092610614492063 0.745861883792813
0.7364068767226004 0.11529621812647137 0.21308410251038637
0.7453056548510019 0.0963350207157148 0.3016176031951829
0.7445658621089157 0.08173329354067577 0.37756154691440275
0.7679839922087505 0.0661379291134971 0.4446317188654247
0.7673745102001065 0.06507132975468423 0.5054147492327954
0.7441180043929057 0.08029551814857633 0.5722649782402077
0.7458618837928136 0.10092610614491933 0.6480210828164061
0.7373172505543899 0.11805490109873047 0.7373172505543898
0.212962826717035 0.10865335467557423 0.21296282671703531
0.20187901126987157 0.0902549205763982 0.3018084426321625
0.20188664865774156 0.0709158766474861 0.3769445741767798
0.174633796801454 0.08513436685123278 0.4453879285770536
0.1748320092066647 0.08946421800081987 0.5046544739497142
0.20205658204961835 0.06873679239412359 0.5730294604802546
0.2013265351084716 0.09337934322674943 0.6477127768963877
0.21245180845278722 0.11113139460652961 0.737098218981814
0.30180844263216233 0.09025492057639899 0.20187901126987176
0.29003746144500436 0.1683050002631701 0.2900374614450044
0.28945172425228904 0.14666411953722577 0.3726694182155311
0.2908735683659853 0.13278989881397632 0.4409307718540322
0.2910384942012035 0.13202526107048665 0.509142204792549
0.28909929003313534 0.14643283539350482 0.5776537594080111
0.28932418170903523 0.16767666435797415 0.6590028187794863
0.30053174390323456 0.08930256242555726 0.7503045815580175
0.37694457417677957 0.07091587664748615 0.20188664865774078
0.37266941821553107 0.1466641195372258 0.2894517242522888
0.3743993156679556 0.1537999095815053 0.3743993156679555
0.3747451420094049 0.13055921327551775 0.44323873955610116
0.37422647990747954 0.13168477149594585 0.5068620771749822
0.3743983114091635 0.15375140974793175 0.5761572002728972
0.3734790844425903 0.14758563164779442 0.661056519866527
0.37695389100361326 0.07965164352780231 0.7478203897843612
0.4453879285770537 0.08513436685123321 0.17463379680145497
0.4409307718540321 0.13278989881397568 0.29087356836598577
0.44323873955610127 0.13055921327551798 0.37474514200940506
0.43569805653214005 0.06226319238719764 0.43569805653213994
0.43628215473954607 0.06570165276894452 0.5138813548521758
0.44328305151980035 0.12872322503715364 0.5772001644008007
0.44171678706164075 0.1354046344150131 0.6596150280394161
0.4452918399574348 0.08578248635139722 0.778554043353913
0.5046544739497144 0.08946421800081869 0.17483200920666372
0.5091422047925489 0.13202526107048662 0.29103849420120287
0.5068620771749822 0.13168477149594573 0.37422647990747915
0.5138813548521759 0.0657016527689436 0.43628215473954574
0.5136301986336647 0.06793139522847576 0.5136301986336644
0.5069495022799132 0.12931781999151848 0.577443221333401
0.5084883088488978 0.13643954468287206 0.6595016428253202
0.504682519731453 0.08890929411458956 0.779117353641091
0.5730294604802544 0.06873679239412445 0.20205658204961893
0.5776537594080112 0.1464328353935058 0.28909929003313545
0.5761572002728974 0.15375140974793106 0.3743983114091637
0.5772001644008006 0.12872322503715375 0.44328305151980063
0.5774432213334013 0.12931781999151915 0.5069495022799132
0.5765023277454828 0.15476496221327996 0.5765023277454833
0.5778250092378917 0.14844302745934296 0.6625420259567482
0.5728685934296555 0.0782996224087085 0.747242112595447
0.6477127768963877 0.09337934322674867 0.20132653510847137
0.6590028187794862 0.16767666435797393 0.2893241817090349
0.6610565198665281 0.14758563164779617 0.37347908444259037
0.6596150280394161 0.13540463441501197 0.44171678706164086
0.6595016428253216 0.13643954468287312 0.5084883088488978
0.6625420259567475 0.14844302745934163 0.5778250092378917
0.6599787766292561 0.16510895841821077 0.659978776629256
0.6490209807009355 0.0952732606333769 0.7500829166166768
0.7370982189818137 0.11113139460652974 0.21245180845278736
0.7503045815580173 0.08930256242555684 0.30053174390323445
0.7478203897843579 0.0796516435278103 0.37695389100361487
0.7785540433539175 0.08578248635138958 0.4452918399574341
0.7791173536410876 0.08890929411459755 0.5046825197314523
0.7472421125954456 0.078299622408708 0.5728685934296557
0.7500829166166777 0.09527326063337559 0.6490209807009356
0.7383424904163117 0.11224298798816462 0.7383424904163116
0.21389203191498646 0.10323093240056358 0.21389203191498682
0.20711451572078932 0.12282792344752451 0.30634642498176085
0.20599343199871237 0.10783571418046813 0.38430943298346487
0.17833773249305984 0.06848529230995722 0.44499959716811655
0.1783582339576677 0.07169341180233696 0.5050150381463226
0.20519350034138023 0.10988546268066299 0.565686046259544
0.20577153659007197 0.11862833813133038 0.6440318499250478
0.21312761094464436 0.10471206058218796 0.7364670221113119
0.30634642498176046 0.12282792344752406 0.2071145157207892
0.28969673223693515 0.15911078539621357 0.2896967322369352
0.29107910041632795 0.16507471646999636 0.37472210801556094
0.29484457910294787 0.15199268299941532 0.4431619553768802
0.29486247686572487 0.15305155509189153 0.5069993252648843
0.2903610955315747 0.16277875986127058 0.5758507299977853
0.28897436049584896 0.15864310548026875 0.6590400176767764
0.3057485231163493 0.129367333546999 0.7438705139551607
0.3843094329834647 0.10783571418046796 0.20599343199871206
0.374722108015561 0.16507471646999636 0.2910791004163278
0.37393703927187294 0.14227756903424432 0.3739370392718728
0.3730256871211203 0.11711507204459166 0.4419509389702149
0.3722382527999308 0.11741101724939355 0.508417714656951
0.3739493646689714 0.1422877060491243 0.576419764236582
0.3743285403798852 0.1598189763797365 0.6610872712322607
0.3821692197655522 0.10239412118758341 0.7479509130851002
0.4449995971681167 0.06848529230995727 0.17833773249306115
0.4431619553768803 0.15199268299941623 0.29484457910294815
0.4419509389702149 0.11711507204459153 0.3730256871211203
0.4482986081523244 0.14375145222444466 0.44829860815232453
0.4478970114068389 0.14515828677468465 0.5026029556313598
0.44231521684974284 0.11695400646804267 0.5780768527106396
0.44283599140746516 0.14517832309746234 0.6595035099040965
0.44446213032160276 0.06852041188402959 0.7747334237061273
0.5050150381463229 0.07169341180233697 0.17835823395766648
0.5069993252648842 0.15305155509189167 0.2948624768657243
0.508417714656951 0.11741101724939403 0.37223825279993056
0.5026029556313598 0.1451582867746849 0.4478970114068389
0.5033705755180186 0.1466755928555669 0.5033705755180184
0.5079505919521783 0.11736335626168226 0.5782696312383622
0.5077608831555221 0.1449960851148938 0.659551312270987
0.5053527940016845 0.07165027887715039 0.7754443349596095
0.5656860462595442 0.10988546268066206 0.20519350034138073
0.5758507299977853 0.1627787598612701 0.2903610955315749
0.5764197642365824 0.14228770604912305 0.3739493646689714
0.5780768527106389 0.11695400646804414 0.4423152168497433
0.578269631238363 0.11736335626168223 0.5079505919521784
0.5769201550279718 0.14337514442953603 0.5769201550279721
0.5769410784611213 0.15681595729085718 0.6635011942346749
0.567950854101322 0.10362013113486912 0.7497445027340619
0.6440318499250477 0.11862833813133088 0.2057715365900716
0.6590400176767763 0.15864310548026847 0.2889743604958486
0.6610872712322616 0.15981897637973494 0.374328540379885
0.6595035099040963 0.14517832309746195 0.44283599140746527
0.659551312270989 0.14499608511489534 0.5077608831555219
0.663501194234674 0.156815957290857 0.5769410784611213
0.6598621926252227 0.15584773678878483 0.6598621926252226
0.6452558082058772 0.12275377660592858 0.7463722934205311
0.7364670221113115 0.10471206058218797 0.21312761094464455
0.7438705139551604 0.12936733354700072 0.30574852311634954
0.7479509130851076 0.10239412118757325 0.38216921976554974
0.7747334237061301 0.0685204118840262 0.4444621303216025
0.775444334959608 0.07165027887715734 0.5053527940016842
0.7497445027340596 0.10362013113487002 0.567950854101322
0.7463722934205315 0.12275377660592944 0.6452558082058772
0.738121255826785 0.10530410361516315 0.738121255826785
0.21718144390164387 0.09043217041023414 0.21718144390164487
0.2117713179247027 0.10659488059855106 0.305153618910095
0.2142218084098274 0.08846466074701682 0.3818078182404949
0.223805232333664 0.11317981578170196 0.45011342855556613
0.22323819194462308 0.11383721611792584 0.4999737122373866
0.21408020103242348 0.08995006028054538 0.5680797155664332
0.20984436612391133 0.10008754714768299 0.6457925726415298
0.21680521986025195 0.09003956078678908 0.7329261596205241
0.3051536189100946 0.10659488059855043 0.21177131792470263
0.29093306677031683 0.14756641260882056 0.2909330667703169
0.29038811879298393 0.1484269985378366 0.37382062800373467
0.29549714583789033 0.13788027038795278 0.4424636452303541
0.29554645747410163 0.13826393926747707 0.5076669884825067
0.2898366403330707 0.1463984638800592 0.576736461209928
0.29028869381824884 0.14566086935191203 0.6578388780978162
0.3049799048680007 0.11327702803419624 0.7386852273828539
0.3818078182404946 0.08846466074701703 0.21422180840982696
0.37382062800373467 0.14842699853783684 0.2903881187929839
0.3773666925755568 0.15035530740824066 0.3773666925755568
0.38070233573769985 0.13255974472890267 0.44581550704504586
0.3810755897293543 0.13554664363869842 0.5040593685811773
0.3764483996701656 0.14554566813363007 0.5744249741550826
0.3732640159201981 0.14071897728766422 0.6608933119862198
0.38020699082430204 0.08602065990246503 0.7404236715966716
0.4501134285555662 0.1131798157817018 0.22380523233366378
0.44246364523035403 0.13788027038795253 0.29549714583789055
0.44581550704504586 0.13255974472890358 0.3807023357377003
0.4454360423096209 0.11177689635505204 0.4454360423096209
0.44399421585391113 0.10856404085141762 0.505970571514208
0.445413936752649 0.12908031235970283 0.57365095517656
0.4414353349333981 0.12302514350909242 0.6590994668300674
0.45052448092951314 0.11230738955438417 0.7288975663597361
0.49997371223738685 0.11383721611792637 0.2232381919446232
0.5076669884825066 0.13826393926747754 0.2955464574741013
0.5040593685811774 0.13554664363869814 0.381075589729354
0.505970571514208 0.10856404085141798 0.4439942158539109
0.5071291956752707 0.11248315453156975 0.5071291956752705
0.5047734641680869 0.13027900807334158 0.5738224840463506
0.5089591252005327 0.12052189884189977 0.6588112707385445
0.49964850081628015 0.11402410926804217 0.729458584622493
0.5680797155664331 0.08995006028054515 0.21408020103242378
0.5767364612099279 0.14639846388005953 0.28983664033307094
0.5744249741550828 0.14554566813362985 0.3764483996701658
0.5736509551765602 0.12908031235970194 0.4454139367526491
0.5738224840463511 0.13027900807334167 0.504773464168087
0.5760546192612466 0.14047563654863343 0.5760546192612469
0.5781902714990673 0.13803282419581397 0.6626598233232307
0.5698658975315887 0.08582168104304533 0.7415460605372294
0.6457925726415297 0.1000875471476832 0.2098443661239111
0.657838878097816 0.1456608693519115 0.2902886938182488
0.6608933119862207 0.1407189772876641 0.37326401592019814
0.6590994668300673 0.1230251435090906 0.44143533493339815
0.6588112707385461 0.12052189884190108 0.5089591252005325
0.6626598233232298 0.13803282419581375 0.5781902714990673
0.6586043210012763 0.14182201641229922 0.6586043210012761
0.6472048037271884 0.10231287737001593 0.7429842939946429
0.7329261596205239 0.09003956078678908 0.21680521986025214
0.7386852273828534 0.11327702803419751 0.30497990486800086
0.7404236715966735 0.08602065990246342 0.3802069908243017
0.728897566359734 0.112307389554387 0.4505244809295125
0.7294585846225015 0.11402410926803479 0.49964850081627826
0.7415460605372286 0.08582168104304595 0.5698658975315889
0.742984293994643 0.10231287737001596 0.6472048037271885
0.7341835308768415 0.0884746828586817 0.7341835308768415
