512
0.28151147779358277 0.4000030197381564 0.28150180648858686 | -0.0016035334676014717 0.001485060942585277 -0.0016032155276608155
0.22600644220178415 0.0294949330261245 0.40476318599167654 | -0.04876516692444024 0.47413986071898206 -0.11251293616968726
0.2591136244002619 0.06501925368814286 0.4000001571703201 | -7.652984449220191E-4 0.005014362024396719 0.001801842450743396
0.0882699128957201 0.01768775817144692 0.42779314994199796 | -0.16073205697126103 0.23533995266193392 -0.11677809296531319
0.21422478879121556 7.640005716893009E-5 0.46994119306583054 | -6.910057637900302E-4 0.005270618171590684 0.0021988641082279783
0.29275532873996846 4.938892564570776E-6 0.6020573221287536 | -0.007248830901268333 0.0029658420174819666 0.001510306417649079
0.3693072466251989 1.7539472688450492E-4 0.6488690262306096 | -0.005105338596639059 0.0029066750347549403 0.006631856616951559
0.27912304001831917 1.0955707915198508E-4 0.718394211675161 | -0.0018091533818412585 0.005226607173183439 -0.0020584038656936946
0.4026435354330864 0.03619867795367729 0.22412477807035422 | -0.12897336874607507 0.49863748974630584 -0.06481799473407895
0.3439022857921188 0.4000093623358199 0.3438965147977949 | 0.004729696784607375 0.0032857744875155258 0.004733671459878206
0.39511753976535113 0.009594365788787562 0.4068454011451239 | 0.09798332829459099 0.4470224127366116 -0.0017994123862864573
0.1934319004907022 0.048354321511837606 0.48039760704113893 | -0.16413101625488982 -0.9409796747180751 -0.012283220709876386
0.28174343729299767 0.02756295028146703 0.47233873083206757 | -0.029581040608395004 0.15519595591191926 -0.008232966046187715
0.23099926409273547 0.041179334921306376 0.5414968550576993 | -0.11096987920363498 -1.087024060282605 -0.08298537931158066
0.2792797970179374 0.05556009933333243 0.6589398974200107 | -0.022408135811524923 -0.7721843072730863 0.10182534749089994
0.2778241045898085 0.043167015519877006 0.7261897717896825 | -0.014397649959426844 -0.8555116322417088 -0.055898750887586446
0.4000004492860806 0.0650601427776213 0.25912792652188527 | 0.0036225003598749222 0.004015065038449803 0.003397131538971851
0.40001882993917987 0.0015156919527157353 0.3515503920857312 | 0.004076072298935908 -0.00479938019744947 -0.009586480629000282
0.4146943120700011 0.10637063220692286 0.414607961472222 | 0.051338742596647786 -0.9292126580489298 0.04292324106259642
0.3698907432096587 0.046617555457942175 0.5163766160772243 | 0.014127439455658478 -1.1374697469234245 0.11287763263273207
0.37526408708683107 0.05449076997595953 0.4947863829856443 | 0.03589140405362602 -0.8331120619884299 -0.002061254040602983
0.3463589923607046 0.007484247328895818 0.5752888778280153 | -0.00784924438567715 0.16810077315459285 0.004458097602337051
0.3628090316180189 0.0033446517071419853 0.6652605215538392 | 0.01870111477139665 -1.050999508483335 0.031064352872376737
0.3636786823624568 0.05274821166270717 0.6757686048063724 | 0.030389122584319556 -0.8513350125003725 -0.039279636779693254
0.42866592277793747 0.015743759823829955 0.08699685024973614 | -0.11743132071519795 0.285698410615246 -0.16516485590427107
0.4789589185300861 0.04925651356716295 0.1935615453256769 | -0.013145884908659252 -0.92310534616293 -0.1603105426160658
0.511969057758301 0.04562581968159992 0.3679582629720457 | 0.06955482469844201 -1.1026075576984558 -0.0016675634713128901
0.42518688991891 1.5880178985309235E-4 0.4250740420676215 | -0.0034561468389060876 0.005830892315459729 -0.0034399440565127067
0.4634257580420331 0.01027803386576763 0.4603019832803602 | 0.07254334335205001 -0.36255807161226616 -0.05836235052195898
0.42104057019786195 0.03646534837675191 0.6161918288760612 | -7.640357780281738E-4 -1.231888517091833 0.09373020877188959
0.4380321473812633 6.708505062724771E-5 0.6387210625352706 | 0.0011929597845962386 0.0069168693593631685 7.650486394878934E-4
0.4482580099539073 0.035438519678891785 0.6662910273308797 | 0.005448826892232216 -1.2178345158234214 -0.03594084675832675
0.47056625145456243 1.359981554853883E-4 0.21420925811224611 | 0.0020201046004725666 0.005037768290039651 -7.755082985930427E-4
0.4691143630636106 0.028117649325394185 0.28131994407462535 | -0.02154464881065966 0.1885742998554056 -0.031299849768600424
0.4982637868768414 0.05040478284321421 0.3728827037156088 | -3.6282782681542296E-4 -0.8675851325371406 0.020975770526664148
0.4605065966082604 0.013237674276874684 0.46326000575081955 | -0.05573708829806935 -0.24106600271820985 0.08170243525112234
0.5178688111067085 1.8125491047621238E-4 0.5165620484082759 | -0.0038978230368573925 0.0033506907435612437 -0.0035783220953214388
0.505251402531509 0.0023015217076245878 0.5901382825868636 | -0.11040370020756075 0.5932672434655725 -0.16250763867423984
0.5178955785693785 1.3280465148739562E-5 0.6549730770294492 | 0.0038291049359455956 0.004334403300563544 0.002147062102535961
0.5106166922957863 0.03244581355946976 0.6662188725606425 | -0.027845490477554333 -1.0862762168678333 -0.014119770633009997
0.6012060509722025 1.806927995196667E-5 0.2920098947115258 | 0.001192608334585693 0.002847979233944978 -0.007116242010853763
0.5404095640041198 0.04140149280781658 0.23124693773674743 | -0.08605185145304983 -1.082081361192654 -0.1151610274220623
0.5758214654650825 0.007659903647350317 0.3461558982524014 | -0.0013683081974337494 0.2582771882134339 -0.002218673724248683
0.6150516111404314 0.03676034460596649 0.4196069961484056 | 0.09147510626315146 -1.239396722730314 -0.006267023450079412
0.6095319179341866 0.007001128960847605 0.5147297676666379 | -0.05155805871821586 -1.2301382250770208 -0.030214432202724698
0.5896681125663602 1.1985219935639465E-5 0.589756911165231 | 0.0034955395589855993 0.0032343157661165324 0.005775385023062317
0.5917193327300113 2.3191108487628788E-5 0.6848620995606634 | 7.610816472548339E-4 -0.009449059602886715 -0.02318844413160866
0.5847763199017041 0.0049337631140831135 0.6945253987650728 | 0.011808860066317543 -1.1480462842079147 0.008672248538474361
0.6501151710121821 1.0317673530929979E-4 0.36965349370452477 | 0.006338533525396616 0.003129772181672135 -0.0054129679989891365
0.6597619224590171 0.055858082599840285 0.27937393132367355 | 0.10413186965799613 -0.7666056786136483 -0.023075992909277875
0.6661017778907518 0.0038817020910137173 0.363127630185799 | 0.030781643471191975 -1.0422405965593744 0.016513479173167395
0.6389561757687403 2.422531000497775E-5 0.4385168201809247 | 6.341687867467172E-4 0.006659403475568304 8.018483933295686E-4
0.653891774365932 1.6490699824383637E-5 0.5173114526355811 | 0.0030664084171671134 0.005046472946702168 0.0044084666507932324
0.6848860837074581 4.076500983328713E-5 0.5911630855846989 | -0.023977891890263756 -0.010207313753180557 0.002981301273158306
0.6791635913668469 0.012127753295974245 0.6790163752396213 | 0.054862637922731126 0.018847878858139967 0.05468486036028241
0.6788653459920926 0.01362221391515433 0.6787375144576121 | 0.061971473836600725 0.14564926638180975 0.06248661829751595
0.7190529628770649 8.356385351307848E-5 0.27972896495805044 | -0.00176339807371619 0.005556128172096741 -0.0014445744284353542
0.7264658890691139 0.04336302642565637 0.2777568593502078 | -0.055615694882729244 -0.8532533755481 -0.014769903677564974
0.6738492425783345 0.05463375798753423 0.36294016708322485 | -0.04885345180124131 -0.8498934891920636 0.030713447361668447
0.6662002437268228 0.03520500223869566 0.44761410134200685 | -0.03793119768665102 -1.2122767045689995 0.004763917634677111
0.6676852874245045 0.031949705243238244 0.5099341126543322 | -0.006150771341157812 -1.0882689387104993 -0.026450698108873037
0.6943798495665289 0.004857384911518712 0.5845593754797515 | 0.008749129894849529 -1.1495155254343878 0.010596160148977185
0.6788866202318218 0.01362487055552705 0.6787155323537617 | 0.06275136494960264 0.14566634180278729 0.06170849466818939
0.7379508884859808 0.005306559487669465 0.7379549489738109 | 0.0073249052664711885 -0.3786359810880282 0.007368452899877477
0.2809784801992638 0.4000044860753599 0.28096827759643067 | 0.0035469811189811737 0.004319365492065707 0.0035527389590107304
0.19868054624084297 0.039426208705297165 0.479075979485348 | -0.05504744898977639 1.2551778882970612 0.13426273914569112
0.2601906215291758 0.14167515205524622 0.40000000750880454 | 0.001279012325621298 0.006078605155188298 2.5286142258006165E-6
0.2290298265176045 0.011614865659757482 0.4000447861371314 | -0.0018818443437150973 -0.010331046004878032 0.010083390068258683
0.2232125266033332 9.510259404423843E-5 0.46896155694461317 | -0.0013870707454884923 0.005024364821244011 0.001769864318993426
0.270682840584874 1.4437770243842582E-4 0.590409914614578 | -0.0035178120934337472 0.00475106845146168 3.403379607480466E-4
0.30916970733967875 3.545723672794383E-5 0.6544749202856317 | -0.006623264597084908 0.0025517132363562034 0.002086683927778836
0.2545281709305235 1.870855564144817E-4 0.7040773208952287 | 0.003981965653912474 0.004173043646360279 0.0038845890116878147
0.478821936383392 0.031286300121451005 0.1983836099520714 | 0.12188329972108324 1.2856379933502424 -0.06256768457709581
0.3437227636690865 0.4000050056401913 0.34371698798490674 | 0.005069986359618334 0.0028974866906604515 0.005073346153569052
0.38950478917730463 0.068697025401149 0.41458253256122846 | 0.08604628686051213 0.005074788826373883 0.023912838848472895
0.19581609269051026 0.004209047308482896 0.48371230631588996 | -0.05187905308666873 0.014268602360397259 0.008123955368864953
0.28146889264416525 0.030049012649232848 0.47200780780102514 | -0.03540884711451469 0.1729458657796456 -0.009405811063106152
0.22656383621116075 0.006280104892577972 0.5423487052328857 | -0.07067343906515824 0.503823253060232 -0.014329133356657298
0.2140131042402878 0.021447360418517726 0.6437191483749426 | -0.0031290643308015025 -0.22495292160750963 -0.02528505617641063
0.3012896374901823 0.024125823838074694 0.8682759476862696 | 0.03169032239259398 -0.03550235986589882 0.21279252474703816
0.40000153091622936 0.10563041064033254 0.2562678219085514 | 1.9444407568630455E-4 -0.01275997717414235 -0.008692706154406395
0.4108150533334415 0.05663420083151323 0.39758504062160965 | 0.014217811955217837 -0.008038841737037507 0.08944461303330904
0.4616084093212546 0.01614046780344433 0.4634300088238642 | 0.10146032366784515 -1.447164188801061 0.09864615185301565
0.3314901415905129 0.0032672480777460444 0.4000644038042483 | -0.007353361254629798 0.002172904615737261 0.002852844272720525
0.371795045776813 5.726279144448366E-6 0.48261919270090925 | -0.0023215650636694697 0.005841480456903218 -0.0018524854612329757
0.34632874290895427 0.009477267733545463 0.5753196639469815 | -0.005724071517211689 0.1671291039046435 0.0031660961834505
0.36336501741492466 0.008644131280601285 0.6589014891438438 | -0.0015817015267163064 0.07833947509848095 -0.00662772231223573
0.3722597533398377 0.01934432389115616 0.8239646598373551 | 0.023444779030991333 -0.10627256058734029 0.07558420338894059
0.40005920879969925 0.01148355638710696 0.22692164564399628 | 0.011300327214726996 -0.006120138315759295 -0.0012585573458375205
0.4832520751217492 0.007583417301335704 0.19207967691484024 | -0.007710081439921484 0.1785922081861891 -0.06644678198005596
0.40008460711805544 0.010311524263908845 0.33645640077827055 | 0.0029494504674469177 -5.512505874324044E-4 -0.00898792328522101
0.43894524496259185 2.2916595770584156E-4 0.43920693670678135 | 0.004637255785768925 0.00572930942501347 0.004832322794416083
0.4623565753997291 0.0013180951278772824 0.4603201435613358 | -0.005234938989517385 0.1673871868861571 5.8507671275297596E-5
0.42323880785972956 0.00889496081746278 0.6195835644139318 | 0.062769755990283 0.5515022459786021 0.14022759186559872
0.4372985878487971 3.267007052605781E-5 0.6385781703785653 | 0.002176963038016516 0.006774134584561984 6.012288764757613E-4
0.43772239790712963 1.4877850475932138E-5 0.6350248182522431 | 1.8288747897580968E-4 0.006462340873940451 0.00394136573846895
0.46820903354786453 6.170400682128035E-5 0.2225076458355843 | 0.001873895690699642 0.005006919139442944 -0.001514168169446408
0.46879323171570286 0.02667112294299957 0.28108373687622 | -0.024116960550373146 0.21926894652944579 -0.034456051754491346
0.4850918306567465 8.38714140975414E-5 0.37046472954773085 | -0.001476522596312514 0.005919180434435618 -8.297205560317855E-4
0.4604596985781705 0.008691439669343427 0.4634772889133396 | -0.04506341590693484 -0.391868557830689 0.08335800016846674
0.5895905379329279 4.752527592853277E-6 0.5896817062192415 | 0.0038389178599668883 0.0030011096666842565 0.00589434547930413
0.5021308263451548 0.008541964119952977 0.5822705890472261 | 0.0037403533708431865 0.48698247771245173 0.062716499303736
0.5154566228503241 1.0434062294976E-4 0.6494376906315522 | 0.004519441519618104 0.0026714305183515026 0.004877466446678351
0.5192210744881606 7.61760965109215E-5 0.6451656261608604 | 0.0016728154605259377 0.0023501712174662658 0.006363926112470428
0.5903091089121223 2.7730019097962233E-6 0.2706286360138392 | 3.073732036769918E-4 0.004688423229350528 -0.003514908299776463
0.5410184809115288 0.006486672652910289 0.22716756214036493 | -0.015349544586688834 0.5147605840699864 -0.06761357028483422
0.5757548897972862 0.009608653107404122 0.34619056762203115 | -0.005163292245656703 0.1923942536205539 -0.0015413341928055715
0.6176401062120793 0.005275452324208976 0.4217069776269413 | 0.1360829440403713 0.6120356941729475 0.059489435088585146
0.5805817200257516 0.006853464687251442 0.5012555667375916 | 0.06777879009777119 0.5261820865806754 0.016029493905529234
0.5896503691840942 1.8422729666667983E-5 0.5897430139603727 | 0.0035768478077991598 0.003204070765699038 0.005769028470346538
0.5865718195904108 0.008510677983574896 0.6881464410374324 | 0.09314007773663971 0.46040232233963857 -0.0090473214722521
0.5946338175901087 2.3073181546827377E-8 0.8091600853147114 | 8.179915615891051E-4 0.004186843271126466 0.005531823944237358
0.6544524048907809 9.392009027859444E-5 0.3092411009280494 | 0.0021483329995861406 0.0023817386503318895 -0.006667179416450966
0.643762500813578 0.02196041686644628 0.2140381100322024 | -0.025515228372502877 -0.2220289850332133 -0.0028979835551101187
0.6582180638397783 0.0015181166627855007 0.36421002486429377 | -0.0026909615289906087 -0.1290957805109463 -0.005125291546516034
0.6383877119865613 1.7126476975128405E-5 0.43676714325724086 | 4.552211335592282E-4 0.006356422098478666 0.0029575025171396574
0.6481046083904763 1.9722642605484407E-5 0.5148879107701242 | 0.005919611174471354 0.003453322020816096 0.005459681056647597
0.687796101638954 0.010958612898115132 0.5863469714500076 | -0.008675535778863349 0.43628428947457615 0.0923837569187573
0.6793768239563917 0.009543367921688478 0.6792293844556516 | 0.051306958616304285 -0.1520559008044355 0.05113175846985854
0.6532926457075267 0.0024060474143279722 0.8876125417670021 | 0.03217666314537529 -0.06009494533710655 0.08192889098065215
0.704070653209979 2.024283241479886E-4 0.2545269946166542 | 0.0038404936180300832 0.0042243723710915 0.003914562500607936
0.8682883135428299 0.024111332199459684 0.30131838502046565 | 0.21272954282211845 -0.03531652279581826 0.03172894380957483
0.8237120774748288 0.0192055152449088 0.3721669861775314 | 0.07472119504033892 -0.10789724243504883 0.022852672782021178
0.634782804173303 5.917295015972192E-5 0.43766452083453744 | 0.003821261186792853 0.006166123863794623 4.041219456356377E-4
0.6451187459843902 4.3553618982990265E-5 0.5191816832878187 | 0.007444854821523941 0.003294349719938548 0.0018351711024519335
0.8093429529920939 7.344885901538005E-6 0.5947152903733287 | 0.0055627638798524115 0.004173471254161506 7.570052375982228E-4
0.8876116968646945 0.002412772773337345 0.653282604564464 | 0.08197957415061968 -0.060062078957492604 0.032213126191862916
0.6791901634195175 1.0994713426448714E-4 0.6790102512866203 | 0.029369074037206705 0.025713475525061306 0.02812294765886458
0.17348883906394627 0.40000173494126046 0.17348892167062982 | -0.006381572630649818 8.744305259492713E-4 -0.0063815612986581555
0.223567179433235 0.4000045133371587 0.3464327864315845 | -0.0044667718377585375 0.0034372354959635505 0.004714694176712613
0.24452011922815206 0.19334864181041372 0.4000052365993856 | -0.008435419377605094 -0.7176094327207745 2.8069637335892685E-5
0.20403873281329757 0.10629375272253946 0.40000099599318656 | -0.0064101719524614475 0.003385825536454174 4.851194094827525E-5
0.2643879005339651 1.0603285336112313E-4 0.4550085923037501 | -0.0013177283531996087 0.005254921476404277 -4.4811430089838694E-4
0.2676397642352873 8.776908226312816E-5 0.5822247664363336 | -0.0024704621567716973 0.0041383627413158815 0.0045603733661670936
0.28414741122905596 1.4394448612253795E-6 0.6455556024904783 | 0.0020108610135419194 0.003946624844810748 0.0051497070252994855
0.14874765909144066 5.10443095525194E-6 0.7927996122337446 | -0.006388428034045155 0.0010302573147124012 0.006211876088158934
0.3465404444866517 0.40000080530260607 0.22359285397942383 | 0.0045757582528436645 0.0034699792178537006 -0.004544776072372073
0.3435883744063473 0.4000159403219293 0.34358258596317864 | 0.005232919813772011 0.0026947289524101303 0.005235972397001357
0.3246756894337607 0.017789514232146142 0.40006108151025316 | -0.005508987792903734 -0.008478002401200033 0.008730819362804237
0.22515354490212164 0.013310809244658725 0.4000388543207027 | 0.0011687838473648582 -0.01065115854284919 0.009947073855343352
0.2819656613500234 0.031646237098301826 0.47267425768546206 | -0.026293514080927945 0.07562730232402376 -0.004428926766040223
0.2532922699434438 0.01448846513297453 0.5702326140261692 | 0.028517936023952244 0.17742819296024126 0.02362683752448982
0.2140774487282228 0.021100335240479707 0.6437990964907627 | -0.0026099703461031263 -0.19349845218860456 -0.02257105225616608
0.33111097284051527 1.6170425060758946E-5 0.8460604820377323 | 1.347843545097462E-4 0.0055523389791990495 -0.0011320404157616887
0.40002208736381933 0.1610124276850954 0.24249868604640104 | 2.9848022545870444E-4 -0.6065272834447714 0.003285090036427838
0.40008244824449585 0.02167238682336368 0.3254852110311707 | 0.006800581788522696 -0.010504981651107963 -0.006834639388439955
0.45969435389942914 0.003933143878166652 0.4653840358740818 | 0.08681162890383932 -1.5482945569441668 0.11194408918974987
0.42550097882725074 0.04233138388994581 0.4025834537197611 | 0.07602046797726601 -1.0683234952395748 0.008725752507360277
0.3728908069636511 5.241978479425031E-5 0.4860566923076323 | -0.0030667238075533154 0.004462133725761778 -0.005685666993149818
0.3164257250506349 0.0541119748069057 0.586277978426239 | -0.23951886808514908 -1.1186205378425143 0.1299582257955008
0.28236315345813856 1.358926041088718E-4 0.6558445563752633 | 0.003264015172935422 0.0046353851416667145 0.0026027857678245178
0.3652065615956096 1.4265317493943551E-4 0.6441618336578193 | -0.002029953815899054 0.002753634466750269 0.008356178353164762
0.4000001421526856 0.10669908576569397 0.2037592548748512 | 6.323370976591584E-5 0.0017203397872267334 -0.008328260205986857
0.40000306618936043 0.014754036025177508 0.22310274570199004 | 0.011068838033558886 -0.006721683241752917 0.002081987251219838
0.41388401209537573 0.030826461571061236 0.4103889569631611 | 0.07812515284246573 -1.2989456773337238 0.12342504198764628
0.4092065145506078 1.4510119820994256E-4 0.40765157433315335 | -0.0018683981060352037 0.004768839435778096 -3.816066924690906E-4
0.4255051115274571 7.0520431035064035E-6 0.550952715209486 | 0.0015956851247893931 0.002039252596996204 -0.006872376191682972
0.4132024382291635 0.004900964005738887 0.6093676714007005 | -0.05579794075920994 -1.5461636752623689 0.0792827450635842
0.45472468076904415 0.003982895218598768 0.6874808722783846 | 0.04602979303235381 -1.5050184773233224 -0.01503565384543415
0.4404051219072851 2.3334822190006145E-5 0.6327170787308392 | -0.0034535670094062165 0.005339715546969621 0.005617767957261494
0.4553119771652968 2.475543940739551E-5 0.26419246026134124 | -4.515423297593188E-4 0.00526401847917378 -0.00143432149508264
0.46987098856054493 0.03245082506576178 0.2817174865407436 | -0.014565573206949598 0.10076432458546844 -0.02654670873741371
0.4876619562620926 4.196874238228938E-5 0.37158369392684165 | -0.004704263701574333 0.004832722288453068 -0.0020263585671075252
0.5509873166429795 1.0628903466833362E-4 0.4257082721213753 | -0.007042412507668739 0.0020260983817422277 0.0014873470875374007
0.5896950882863002 1.6340217685586607E-6 0.5897865674173997 | 0.0033905845579510143 0.0032974103917829947 0.005745291920318779
0.4960494943773363 0.026193655858297256 0.5762276054277999 | -0.08303128035035827 -1.3252067951057205 0.06343204411583248
0.517648689240517 1.1532087902819621E-4 0.6564277097415021 | 0.003999206799615796 0.0045840059630462265 8.300599736289607E-4
0.5154874786881641 3.190698816093893E-5 0.6339595915587165 | 0.002384925610368783 0.001705992029908428 0.006483994758609163
0.583386454084728 2.0803949741938134E-5 0.267979117458948 | 0.004154946422203392 0.004227131951882629 -0.002495098594016313
0.5707983044362371 0.015701293724910078 0.2542463768338973 | 0.023247143464833243 0.14770634687508477 0.029606757348073682
0.5893332687759686 0.05502285786879117 0.3174417398254879 | 0.14238421273364865 -1.0756747855564952 -0.21095618644768682
0.6093395178620477 0.003993640545138039 0.4131846745177882 | 0.07348120317762628 -1.558104766831072 -0.05640515317289658
0.5748612222159655 0.026425542119391937 0.49473186423094 | 0.10580414447651264 -1.3435118294231556 -0.07917598233336406
0.589890994925424 2.762268399473426E-5 0.5899801540531255 | 0.0019918734350533023 0.004102118603760481 0.005122810009807705
0.5915655981380327 3.2491121575169187E-6 0.682809736523655 | 0.01332968747854437 0.010804626856507085 -0.017093172624281925
0.6054683544344875 1.1338650636769402E-5 0.6624917069214111 | -1.5636558354927013E-4 0.002559356670800894 0.0070908414795704915
0.6455391220560698 1.292069090130702E-5 0.28416379180766427 | 0.005326781914273215 0.0039301514433608565 0.001975226023421554
0.643848452237601 0.021520202848921196 0.2141175878350904 | -0.02284015259573347 -0.1902870317163159 -0.0021294234905457556
0.6566870632937601 1.7938393791052348E-6 0.28244399939676545 | 0.002532024752491362 0.004697605596921728 0.0032207941170582723
0.6873059693113202 0.005566655304779864 0.4546744922604136 | -0.014798178627805619 -1.504615241650675 0.047080756385369904
0.6559646114039515 7.172845883157301E-5 0.5176157498444256 | 0.00119949924214207 0.005547505935403393 0.003965662887080798
0.6826162527416628 3.746228276606436E-5 0.5914506511584829 | -0.01988005423739604 -0.005448745894929588 0.009554306586086579
0.7331322328899004 0.007340345059429619 0.7331592246297647 | 0.03521963824560494 -0.12266444184176899 0.03520249801621179
0.6488772714442838 4.693366919849036E-6 0.8841945536730493 | 0.007975379012534653 0.002399728604571977 0.002990434371253487
0.7931048896765003 1.4755925614342345E-5 0.14844605205371153 | 0.006222036280544326 0.0010081147934974098 -0.0064010411969149545
0.8460636431162624 1.1921928154932465E-5 0.3311069194016112 | -0.0011873164265117208 0.005542620066991492 1.486609725629913E-4
0.6442215254960308 1.1346051904920614E-4 0.3652085571851858 | 0.008521929711704858 0.0029087233052514506 -0.001951691910090669
0.6326977459239352 1.0667785238953361E-4 0.4403944215016082 | 0.005289094327664892 0.005157413727503715 -0.003132315419016451
0.6339334494707444 7.27901461046801E-6 0.5155047918778548 | 0.007910368565601107 0.002294655583554298 0.0030185898543667977
0.6624327218589025 3.8111906273650975E-6 0.6053899560950228 | 0.0069923358638839484 0.00264221174891537 -1.9830173713885808E-4
0.8841960757245906 5.222419333738567E-6 0.6488704899666455 | 0.003004717603065831 0.0023939074809407965 0.00797755755310976
0.8060655610134106 9.163733873239583E-7 0.806065577119326 | 0.006193288593323031 0.0014663151797445545 0.006193293858540383
0.1921562308686619 0.4000048307831806 0.19215625642786707 | -0.006428327713669873 7.691159786263386E-4 -0.006428327240590882
0.21850705937882262 0.40000314847830115 0.34560721607482175 | -0.005642318607480814 0.002702206968580085 0.004783407108683066
0.23896650415767484 0.07482108262541226 0.400005105399074 | 0.006003365826752886 0.0032911264275358484 6.503373225213462E-4
0.1345724099895683 0.029891544306410184 0.40005334408858834 | 0.0035755485310892967 8.243184002611534E-4 0.008528760458464832
0.15503315892557556 3.2958362384735316E-5 0.47336067477801924 | -0.0032512995618342324 0.004672027047816416 -5.460871279740004E-4
0.19254099359110777 1.0802404099015652E-5 0.5690235847750164 | -0.006639730728674974 0.002985991946561786 -0.001681857385171988
0.1286690190081818 2.368473425844018E-5 0.6571443800117248 | 1.9347004573061572E-4 0.003788836742446062 0.005819718820559639
0.1553112935438506 2.880030357329924E-7 0.7868345292779456 | -0.006111070117821974 0.001318495596051472 0.006184427687602368
0.34561192578814676 0.40000292827972456 0.21850639704140914 | 0.004821679039652268 0.002695976140661321 -0.00561875381917751
0.34351551705705113 0.4000026586348156 0.34350986298114244 | 0.005341601293132414 0.0025532560499881016 0.005343900161235834
0.3235526908422731 0.020485098844202868 0.4000358797884779 | -0.001865127320999675 -0.011877261440368086 0.00838164006092333
0.27499049885638355 0.15525820801495357 0.40000340820447017 | 0.003766633388721404 -0.6734627546078833 8.617465709891622E-5
0.2985145925822886 4.902064049985979E-6 0.5133198137923365 | -0.002494972638915597 0.004965897092141459 0.0012388753401502727
0.12850541590324385 0.024084057893751436 0.5021192460360778 | -0.17954063425902383 0.3703634853046457 -0.02176206929067124
0.21412625792520695 0.015809036248784054 0.6438692571557533 | -0.009696948227563975 -0.3989755111412011 -0.027835040773328525
0.2574482818901663 1.895708407700377E-5 0.7972279733604674 | 0.0035062100078713434 0.003959309585101496 0.004235466086340767
0.40002434364864187 0.20092349771051132 0.24123250256836123 | 2.9373430265871404E-4 -0.7697871112635405 -0.01147320640218461
0.40002527258684173 0.014142144444064631 0.31996712961062906 | 0.01073407572867034 -0.00739195056804784 0.002940854472701967
0.45909948175171944 0.0029083909481309855 0.4642523215448778 | 0.0635055319054461 0.7641496828798826 0.0041758020829951665
0.329541550889457 0.008901505935272292 0.40003217211521686 | -0.007552733458127974 0.0017397516067842143 0.0033435082253455285
0.37077044578886575 3.5059410904746574E-4 0.4816037104320166 | -0.01785400707336698 -0.22065258265664428 -0.026107420531926537
0.3463487482289043 0.0016509713188534187 0.5750951719387462 | 3.9863228695656355E-4 -0.25053753122379163 0.0029526333222139323
0.3660231191028453 4.8485061154568654E-5 0.6556215980168274 | -0.004801755603983281 0.004291046924788097 0.004270610994453813
0.348449884537413 3.248119806732128E-5 0.7290776738821186 | -0.0028934533580667592 0.0023344383745606554 0.006687752598870804
0.400000399479179 0.029604916819303273 0.1342483388165472 | 0.008338183173074871 0.0015418605363094362 0.002506017297123874
0.4000091632569421 0.1648227685528439 0.2748967134757061 | 1.7608258989883896E-4 -0.6526231389778197 0.00854688209942311
0.400132532755552 0.0048865816153733045 0.33483525431278344 | 0.0030495570505211927 8.456901871231117E-4 -0.008206980189783155
0.42167414932924135 5.792567215917356E-6 0.40483662722892366 | -0.004778573834553592 0.0038380666588474907 9.219135993074754E-4
0.42114782894048947 1.715846462240171E-6 0.5582204458987754 | 0.003050792245832014 0.0014951115593507096 -0.007274513969198547
0.42651645428248813 8.881252366508765E-5 0.5458652615100461 | 0.002219615508995768 0.004725802435622368 -0.0024340244891492037
0.43256297760419565 9.156237852747201E-6 0.732496594337782 | -0.0014695390573308282 0.0017176243250970574 0.008267728377807341
0.4370829369554635 6.369401990617385E-6 0.7392608657216335 | -0.007765334497053743 0.0010604057753933788 0.002626183361780743
0.47314745002020303 7.966950138525066E-5 0.15488348537716884 | -6.281783570505227E-4 0.004500096311567542 -0.0031799838797783807
0.5133503734311464 5.4128377601282064E-5 0.2989729590690403 | 0.0018905318121941418 0.004571030656297509 -0.003578037829192188
0.48405992804791836 0.002354545243954019 0.3701759317320819 | -0.031419906649701804 -0.11813756271144024 -2.0210064038845806E-4
0.558815919877368 5.2611634776932856E-6 0.42100585107094873 | -0.007287738665181822 0.0014444309654344182 0.003050084343419931
0.5896744193815457 1.207972157813088E-5 0.589765208483844 | 0.003471746486530321 0.003257505241205864 0.005755334051057288
0.5019118250793961 0.010326025712882849 0.5819716930363428 | 0.010069872931524079 0.5196528189566605 0.09070341802789422
0.5066559247690208 0.002555064071568174 0.8270460639204213 | -0.007144158212277535 0.1941885381993268 0.11820022720593583
0.513300231297191 3.431937138028245E-7 0.7312143078008299 | 0.004631099028696089 0.0012559421386268816 0.006490648433644525
0.5690109028574782 2.998174740931583E-5 0.1924938410856389 | -0.0016498643501371122 0.0032398063988217617 -0.006930340363584548
0.5035546855936547 0.022182489627178965 0.12865339603546752 | -0.02175899849762312 0.39254357664930756 -0.17919698319107044
0.575416330492717 0.0030988662773699964 0.34620528458053396 | -0.0027553826760065617 -0.2281089031116405 0.0022006315724114574
0.545957770670766 3.481945452229206E-5 0.42699537528656817 | -0.003729191249296993 0.004353136671302864 9.36985450563232E-4
0.5799853200751754 0.006556130251899968 0.5007281984105947 | 0.10576429846827694 0.5914489774227634 0.027863152680129507
0.5896126721756456 3.2191175748601494E-5 0.5897049069225958 | 0.0037124445083223175 0.0031284707374491997 0.005792729064129104
0.5854489622229412 0.014065607323695157 0.6856872761652476 | 0.09967764230210673 0.32534024035001563 -0.006176873067461894
0.5979637039165018 5.982006554368149E-5 0.7168393036465469 | 5.673146268555249E-4 0.003032659583412731 0.007561929378271041
0.6570513637936161 1.4248575821164916E-5 0.1286731030836223 | 0.005864944208689023 0.0037652311860723823 1.9473070958676896E-4
0.6439121952244368 0.016201937894260252 0.21417125683663962 | -0.02788900588284118 -0.39659508715424446 -0.00926053396539872
0.6558035296669849 7.686937129092923E-5 0.3661560356919459 | 0.00425843834303377 0.004546655265223963 -0.0045773249241455455
0.732400359962313 5.7649203810787674E-5 0.43261457230387496 | 0.008143632014158625 0.0018741072096214485 -0.0013945812508911694
0.8270729318104192 0.0026912073513158438 0.5066192777880102 | 0.11818278134049874 0.19134146728496196 -0.007362180162378387
0.6856008544629134 0.01368421935324773 0.5851372390079559 | -0.006831813574498181 0.3265741139882821 0.09764529156022701
0.6787742417341368 8.081427794915205E-5 0.6786400436873187 | 0.028861820767580464 -0.08071616300812925 0.028005965223247043
0.6851259882930394 4.939227292930686E-5 0.7928380499065293 | -0.0036259705388085803 0.0022949943733265687 0.006801455802298041
0.7867338055553547 1.1029341372717236E-6 0.1553856783665232 | 0.006186275573646768 0.0013227344524808786 -0.006104613241581741
0.7972528071463828 1.714153492153016E-5 0.2574341304249697 | 0.004371930806542518 0.003941924637303003 0.00339035576360132
0.729100066855529 3.8532249764030045E-5 0.3484528242933976 | 0.00678662785334739 0.002154163301874916 -0.002832722709095755
0.739266486746706 6.8378814961844965E-6 0.4370840737782869 | 0.002589296195562903 0.001178638963891441 -0.007685995465627914
0.7312129280561637 2.5962741292783423E-6 0.5132987291794789 | 0.006345881573887447 0.001555080096185544 0.004522441522403747
0.7168391927097757 5.850901496312657E-5 0.5979629773071475 | 0.007509801164795509 0.003060892376527527 5.604053431813562E-4
0.7928346077503938 5.2350817337555735E-5 0.6851248329640839 | 0.006801286107257363 0.0022958223656766134 -0.0036250864428122344
0.7988240301739596 6.403574516737072E-6 0.7988240159895251 | 0.006086557587788282 0.0017326652311562944 0.006086400346159403
0.2140629248530909 0.4000048197214068 0.21406293638446477 | -0.003864502438592836 0.0040934372637364035 -0.003864278839547754
0.23210855685321455 0.4000073546479893 0.3431599007755431 | -0.004623302383044636 0.0016434096723777587 0.007042479488702201
0.24143599954343017 0.07803004698342315 0.4000001403297553 | 0.007244770283061466 0.002147311082978833 6.760912262017148E-4
0.14327130955619374 0.030316210203735 0.40007505993906545 | -0.006901703844676626 -0.001205911794097667 0.007487334296537695
0.07010329317645064 2.5225322369263042E-5 0.49284100581386425 | -0.0071949950957822415 0.0033109786832104357 -7.227751482634036E-4
0.20011270755101906 6.06851922824683E-5 0.5661508827840237 | -0.00721902430385717 0.0025881777923483108 -0.0010559262169764834
0.1440980267047883 5.0213139905738174E-5 0.654345387733837 | -0.007244643000722964 0.002350169864269619 7.882071874087545E-4
0.16581142613410052 7.007381545818197E-6 0.7755695062928569 | -0.006204188870891634 0.0010539055889032987 0.006363143234016861
0.34316243617854403 0.4000072344800633 0.2321086600234608 | 0.007053210294192909 0.0016411483260159242 -0.004610333489391349
0.3435082821909901 0.4000016534490282 0.3435028930839878 | 0.005351613164979167 0.002540701052106425 0.005352716410623881
0.32246907074921244 0.02008502462953893 0.40002219461702043 | 0.0010401345508941912 -0.011654087053950813 0.00870572780261471
0.2915698832717996 0.1322298536135805 0.40000150017178776 | 0.0030958921905191927 -0.6666869591076068 3.067013774873899E-5
0.300161167782936 5.570277700757161E-5 0.5132524033632995 | -0.0037510894280980453 0.004574966592468878 0.00115210389116078
0.12856390688982303 0.0211625343838362 0.5000316372184663 | -0.17360230550332853 0.40909789880905983 -0.0171444735914211
0.2142483550852393 0.015059025229549904 0.6431959600282557 | -0.004649489165144738 -0.42136218767129296 -0.05749135369797873
0.25730544743426453 8.993329332961659E-7 0.7944005439610066 | 0.0030261430385024233 0.002324255119836592 0.007051596687569595
0.40000064108498345 0.10044235101588726 0.2427791808686171 | 3.792052221751892E-4 0.0049555439067523275 0.0039044927350970135
0.4000386190782134 0.01411264250230414 0.31856602345292945 | 0.009784639279472837 -0.006397504841236883 0.005576476858288653
0.5077880038638806 0.028008515359254825 0.5047552532582074 | 0.15956757154234277 0.1045979031854051 -0.02232153187507096
0.3234426616642817 0.01284669887632778 0.4000446373686398 | -0.002415415270454211 -5.555116140653403E-4 0.009503500313098887
0.37137233726973784 1.0082683851772216E-4 0.48217846184435803 | -0.0015755027602018673 0.006029471915063682 -0.0011184421513949264
0.3427766351954669 5.239201265472033E-6 0.5788050848694907 | 0.005537382002313381 0.0021099952732015074 -0.005315173128106675
0.4316470729288439 0.0062493858548842264 0.7421381426253644 | -0.025235065628747586 -0.11821832307162447 0.05961173559111422
0.35178725486084494 7.382543621244406E-7 0.7305608266788157 | -0.004843593465098622 0.0020141736216126504 0.005736985474117588
0.4000320790104578 0.030579945281581297 0.1430329623000609 | 0.006597516807047683 -7.35076508123419E-4 -0.007441373672063971
0.4000000102210465 0.14905681460793532 0.2986355335092788 | 1.140713628871223E-6 0.005490631735466527 0.004075180229592757
0.40005340884219054 0.008304444262940146 0.3286253241751531 | 0.004344585785804584 7.97615216730397E-4 -0.007872821618006386
0.41835975789182317 8.152996040026818E-5 0.38783249528536373 | -0.0022917353832070412 0.004073618259534097 0.004079023046498508
0.4234853675202486 1.5462301539358013E-7 0.5543701795423857 | 0.0025311114821134073 0.0015967390795805956 -0.0071071407699915615
0.42635779729501583 5.905471824867745E-5 0.5425002934037296 | 0.0026629417201886945 0.003573983673277185 0.005735532617808844
0.4326654201642717 3.3023156082803704E-5 0.7332537831601882 | -0.0016692009031629357 0.0017480065996218817 0.008102309467396172
0.43738029481492374 3.774636254387536E-7 0.7442996310012704 | -0.008072426145458141 9.053262520031265E-4 4.0093950724836327E-4
0.4925644507846743 1.0489743187501544E-5 0.07033684935767652 | -6.658104010505645E-4 0.0032818484116738655 -0.007243908753653389
0.5123593309481185 1.084413583469685E-4 0.30063375768259853 | 0.0023301668806266673 0.0040724130511099734 -0.00444955411346145
0.4846490727462952 1.33905671699116E-5 0.3703579044401438 | -7.387962529697011E-4 0.00599314412435304 -6.909857997982159E-4
0.5541416134201673 1.3708207359082597E-5 0.4237214977079959 | -0.007337993762362503 0.0016316761340480809 0.0026088380986100477
0.5896713800571952 2.388617532882321E-5 0.5897633136333612 | 0.0034700708283270966 0.003279259435013339 0.005723018546728913
0.5018868196334564 0.007076635445705771 0.5844101932452958 | -0.006539355057010841 -0.22058490472055275 0.03060324432376575
0.5063532942594854 0.002809541072847216 0.8280600732820446 | -0.0029212917705287674 0.19449514917624786 0.11023269655044256
0.5125780703380964 9.549971471206328E-6 0.7415875324720516 | 0.007812757207747868 0.0015692276514110365 9.24126845344505E-4
0.5661329204870649 9.931200033290813E-5 0.20008112762972827 | -9.700634832887581E-4 0.0027803907611264676 -0.007552028214898135
0.5017456402657154 0.02141537643223591 0.12853759120386107 | -0.017825521956691494 0.4127767740691123 -0.1735723067470001
0.5787182496894752 3.571906568303744E-6 0.3427942244320894 | -0.005357275281469011 0.0018751646708546601 0.005534809103717894
0.5425722448241529 1.643547456116253E-5 0.4266422948757272 | 0.004787987467644648 0.003690159422587819 0.0025004152047476413
0.583556645423513 0.00949042013327654 0.5015791342998291 | 0.0345525407142184 -0.22406273548718433 -0.004106510311677187
0.5895488702257363 1.2783646010098582E-5 0.5896399454279557 | 0.003975550894088697 0.002913516133423613 0.005925193865455152
0.5106554966354705 0.017527771602960776 0.721826001666079 | 0.09221824022590332 0.4572578635176514 0.08594746232107571
0.5938996897393439 6.0384320816307734E-5 0.7264657160144979 | 0.0033293609934261018 0.002724984902662963 0.0073622870498276085
0.6543522103996309 3.860818972763586E-5 0.1441036140594872 | 7.842520812343602E-4 0.0023851751087697144 -0.007217279820209858
0.643282197266818 0.015209257484161595 0.21429948076595212 | -0.05639730972622025 -0.4195491134809154 -0.004702383542414828
0.742010873088037 0.006377402451548393 0.43166108673473114 | 0.06112231664535351 -0.10509947137179454 -0.025809760936810776
0.7328588302725068 1.4516473375029179E-5 0.43261488053111247 | 0.008087856320959465 0.0018648974505525125 -0.0013905513677906467
0.8281435192231529 0.0018507045306068491 0.5063254501638152 | 0.10973268550899075 0.2161134879029105 -0.002403077381364683
0.7212408751659124 0.021278781356437595 0.5106374863604092 | 0.08360076700254708 0.4292456441570762 0.08887495713910776
0.7462122230193908 0.005454282121130491 0.7462100576734919 | -0.04217893615578272 0.596625708078378 -0.04211403485855336
0.6863594395928329 1.923733287528099E-5 0.7936476698298007 | -0.004208522873623084 0.002210647338350876 0.0065388399898291365
0.7755541782602668 1.1479985447637645E-5 0.16581275463516873 | 0.00635068653116761 0.001062993297811102 -0.006207076907069669
0.7944259654653775 6.425700419292668E-7 0.25729476265022627 | 0.0070800926131918025 0.002322878039749929 0.002958991053999639
0.7305859373889841 2.7327223163783884E-7 0.35179253384957665 | 0.005899068126286004 0.0018732408701248482 -0.004691402316825169
0.744308615110117 6.835269755981887E-7 0.4373871115612239 | 4.404193415786407E-4 0.0010157472533440736 -0.007995152256260237
0.741587953357087 1.0559873447019947E-5 0.5125775180699086 | 0.0011144069801295026 0.0018837012137330736 0.007529013563697607
0.7264652706178534 6.012129526081049E-5 0.5938989729655092 | 0.0072969543043693305 0.0027819687187126134 0.003276187460525498
0.7936460746985547 1.98468524450765E-5 0.6863608314215558 | 0.006538187569330658 0.0022106616251114375 -0.004210087419770313
0.7896547180742174 3.3462028921727534E-7 0.7896547403606216 | 0.0059777238327818425 0.0014656810665833772 0.005977281330835711
0.2252411249884605 0.4000002772006596 0.22524113243400132 | -0.0035784091216613033 0.004317836069662249 -0.0035739608501763444
0.23617535161799136 0.40000151306119375 0.3417757589287807 | -0.004936529946463594 0.0012477812225703644 0.00721586912282104
0.23972628434478974 0.19148109408596328 0.40003991847766224 | -0.010200553446826036 -0.7442774525092504 4.799460938547911E-4
0.15698005395813494 0.023368391597449464 0.40002219130863664 | -0.009334499815388989 -8.933426747043861E-4 0.004134526632081623
0.07383820665782587 7.776516265711741E-6 0.4929270361711914 | -0.007311160161186762 0.0032179406296356456 -8.104991441914374E-4
0.1958512080144662 2.2950840422027722E-5 0.566170780261137 | -0.007006720450298945 0.0028335775749401856 -6.755520682485528E-4
0.1457369729414647 4.83307392224548E-5 0.6541588733633469 | -0.007361399699626523 0.0022320446622173746 6.324267487990154E-4
0.16796308735972254 2.2232537758213576E-5 0.7734557483124345 | -0.006431307565152527 0.0010063000109932047 0.006179922637582496
0.3417752611880985 0.40000161049353294 0.23617502387087874 | 0.007222610934179961 0.0012467683509297437 -0.004927933910761423
0.3434911296506791 0.4000071549112912 0.3434856740530108 | 0.0053600227356229635 0.0025292585588738837 0.005361405600314808
0.32308051939316385 0.02137734877384887 0.40005112938374143 | -5.358611774081807E-4 -0.012428687796538532 0.008136723146168784
0.3157306885101661 0.10932405878547802 0.4000000208846354 | 0.011928910603801968 -0.002623380766861987 1.631666983738347E-4
0.30104654427935496 8.791624505663288E-5 0.5121186102217661 | -0.004181081684900333 0.004259048617994123 0.001931106401518094
0.1072415548228766 0.013364529338363513 0.554070779780251 | -0.13712852988911087 -0.5207870702400925 0.0443147497173894
0.20666853416535252 0.0038534768866668586 0.7181104371009092 | 0.019050856993793164 0.06577819261303258 -0.021350660682135942
0.25736179776768553 3.275665371712407E-6 0.7941432903599162 | 0.0029037110374075404 0.0022573929410834863 0.00717660548107155
0.4000007825944586 0.10097411464710636 0.2428700882843926 | 4.260030334464789E-4 0.004884328463266307 0.004112127527685515
0.40004435228217994 0.014007856636144046 0.3179109137569317 | 0.009284344630777727 -0.005806222967215014 0.0064292376280902785
0.5097977291625425 4.5420133716179794E-5 0.5088872965019655 | -1.0336510494726087E-4 0.004402178482222955 5.268368419425881E-4
0.3244251744215106 0.011468726885118238 0.4000710345839161 | -0.00437350933530002 0.0013840130154330558 0.007400814066738825
0.3706892236827348 1.6033523668337258E-4 0.4820345797855361 | -2.571904697735418E-4 0.006112847151475004 -8.802331952909544E-4
0.34713359041869674 8.100434782701592E-6 0.5763244378067971 | -0.0023671717197509593 0.004030953249580492 -0.00454936523851733
0.341511369505608 0.016652831312212166 0.7535893589184944 | -0.0269409320930065 0.30988459955023134 0.06570534401341586
0.35700616337511504 7.4145301731308005E-6 0.7516223616943728 | -0.008066981599015356 0.0010829170221504489 0.002962328733282566
0.40002692765447667 0.024108478037030787 0.15717257208441662 | 0.003945505311683059 -8.416964099896752E-4 -0.009453514473828606
0.4000000159266015 0.11144098135684428 0.31102773910493475 | 7.577725432106886E-7 -0.0030999497013510843 0.010904422250919569
0.4000673796827386 0.010695120411129126 0.3244519920915291 | 0.007798575089416131 -0.00112916495495625 -0.006628741320913042
0.394190807283515 5.731408034459221E-6 0.4038523407472753 | 0.0030538186084948372 0.004457116832700796 0.0010782769557969405
0.427398388596839 7.36045307993003E-5 0.5450498632981116 | -8.290038283017627E-4 0.005331873856477339 -1.8056601675958757E-4
0.42628687280220995 1.3295398523676774E-5 0.5429542968646885 | 0.002916213386576504 0.0036736867974814778 0.005001023661167911
0.43268043535682704 1.5463177917001672E-5 0.7332991877876873 | -0.0017028883486310373 0.0017382049264229058 0.008099347787372417
0.43691130095095415 1.961597915096788E-6 0.752734087771628 | -0.008031426092881655 0.0010732528050993017 -1.7059168360587294E-4
0.4926103253827054 6.030892281880471E-6 0.07381290204429695 | -7.636943324115549E-4 0.003190540264750285 -0.007341028162780908
0.5113228258185358 7.827215417737997E-6 0.30086285629701875 | 0.002918023286089147 0.003916440053039658 -0.004393757280638932
0.4844593145274517 1.465040319446131E-4 0.3692904750885489 | -4.5608294754702236E-4 0.006003711467674878 0.001030789060203337
0.5450951233255098 5.760239565039222E-5 0.42743597988527166 | -0.001628248915891822 0.00496792850781156 -4.0432641426702107E-4
0.5112834035417795 5.787722150364453E-6 0.5114551349446671 | -9.712107417532595E-4 0.004071634346099842 -0.0020216981979580616
0.5015287883520528 1.1135242724033405E-5 0.5840702914019099 | 0.009280501584910292 -0.014679748622595929 -1.5396060582832156E-4
0.5059366921402554 0.00281105824995582 0.8283460602163569 | 0.0011307116591917725 0.14528069250421347 0.11064518848450014
0.5131122157226582 5.1719506624286126E-5 0.7514903684259172 | 0.00676497177088848 0.0017624185888646974 -0.0042544066515660065
0.5661536815789993 5.721859649460861E-5 0.19582139919714917 | -5.231098891958025E-4 0.00305194829612413 -0.007284429867388101
0.5542721531394629 0.014786744153258244 0.10657254489778299 | 0.04669416821348364 -0.522068225753627 -0.13937043281614517
0.5766992653352854 7.336994628156176E-7 0.3471105239768642 | -0.004890851437970952 0.0034918379542166126 -0.0030851262381480587
0.5430568374563365 1.1544137090710247E-4 0.4265849332438916 | 0.003977995062127873 0.00400678196102399 0.002755826127506795
0.5838208497137414 7.994498535773534E-6 0.5015831065108708 | -0.011457469042822273 0.011330273453965024 0.004784546692517096
0.5896076951070887 5.602565259392675E-6 0.5896989642955113 | 0.0037717163704802568 0.003049416182677387 0.005869766837026476
0.601666426074361 0.027192495251476063 0.827795074314402 | -0.016856445740814817 -0.11559085810046918 0.1252696309887205
0.5888400869163034 2.8073029977311215E-6 0.7617824882613953 | 0.0016925226908679168 0.0026419767234231893 0.007165374898558863
0.6541680267803136 4.069077074358106E-5 0.14574413827770955 | 6.274565934995631E-4 0.002265636877279945 -0.007336885293773606
0.718187951117677 0.003933434898838801 0.20669504252253404 | -0.021659566336171776 0.06571691364906036 0.019539640372602873
0.7526837270837657 0.018936223793569212 0.34091284795986376 | 0.07035874959203976 0.31901293169623557 -0.02852215655831541
0.7332639367695889 5.245030762306441E-7 0.432745346867637 | 0.007988492541298577 0.0018662363994661772 -0.0016645031560550284
0.8283594064519668 0.003098648859604134 0.5059147772067668 | 0.11049431940721495 0.14172099964412055 9.624234778194523E-4
0.8277667624628755 0.027236031197697262 0.6016563629670687 | 0.1253707027224527 -0.11548597271918186 -0.01691140512962662
0.7410914487163163 0.016299253298682287 0.7410932926070983 | -0.013961164338060482 0.2787790706516339 -0.013897033062084608
0.6867514534686331 5.227694162528143E-5 0.7941107142207166 | -0.004390344818817798 0.0022095093734884716 0.006412621565800341
0.7735925814317509 3.8033062131482173E-6 0.16777383599136497 | 0.006192290453005405 0.001015041740295566 -0.006410465564355027
0.794167934090622 1.714688044946329E-6 0.2573509003211367 | 0.0072022630842785065 0.0022555425618988206 0.0028406104894438643
0.7516446898088837 5.233789507682303E-6 0.357011673919892 | 0.003254675984345742 0.0011858722226663963 -0.007885453066163664
0.7527365103987042 1.374213393020184E-6 0.4369070391621088 | 1.392165717030335E-4 0.0011905869766129556 -0.007952545462665717
0.751490668205769 5.284212924314976E-5 0.513112080260772 | -0.003970425783139702 0.0020355574905539207 0.006639718898032285
0.7617808201707355 2.2503452688063912E-6 0.5888389749859689 | 0.007100428941009307 0.0026886620789738367 0.0016702819605830589
0.7941092982623829 5.268303879117632E-5 0.6867529014428977 | 0.006411787763951846 0.0022094611707689665 -0.004392255864515869
0.7860554770408335 2.2564323165831466E-7 0.7860555174245097 | 0.005787710042010479 0.0014142983134465467 0.005787206478018774
0.2393892278999267 0.40000018324521935 0.23938924631536512 | -0.004823536389270074 0.0031838688427450056 -0.004815777032858836
0.2422307416645387 0.4000016262909018 0.34188467932271305 | -0.005364166999750036 0.0011346719857547568 0.0070100803540422895
0.23951959242381704 0.009752685167656079 0.4000422830025912 | -0.0082098274158227 -0.007704361137916459 0.007243166591376549
0.1918138186759429 0.09339585705435659 0.40000897177705197 | -0.004231788866175152 0.004703746046507685 1.867299097098779E-4
0.17299256508253275 3.794011934275273E-5 0.4744076158696507 | -0.003779576196288581 0.0044942741302057615 -6.778892091116754E-4
0.07923898284870387 5.11269271584872E-6 0.5823521985801908 | -0.003932744244128238 0.003135123835548011 0.005897951530161698
0.14641192996084107 1.1591101741758605E-6 0.6542830962401859 | -0.007413741510101546 0.002182546193649997 5.069734009672584E-4
0.16996988155755244 2.5479178007102068E-5 0.7715597396365139 | -0.006649543181144206 9.78218595802662E-4 0.0059710034384830345
0.3418846628590171 0.40000157416690624 0.24223061678701943 | 0.007012568309866992 0.0011340539855958793 -0.005361520074875206
0.34356941898490995 0.4000016311002601 0.3435651625503755 | 0.005285132285464101 0.002631926975772978 0.005280948149147641
0.32246788369618573 0.020823299950372996 0.4000064781084047 | 0.0010116937203206071 -0.012115190096760634 0.00836373577307318
0.31061426444162016 0.1048042954340287 0.40000000030756133 | 0.01017476298827105 7.508492412812228E-4 8.491871070671902E-5
0.2967009151116409 7.779772486753117E-6 0.5095676320638081 | -5.762381234065614E-4 0.004493356235833844 0.004106576541222017
0.08720691879605666 9.303588099723121E-4 0.5836585549851828 | -0.11614542387248654 0.29389944218816644 0.025041682199940817
0.20793012909929928 0.0016924275923012992 0.7174040445558094 | 0.012020522357486848 -0.08251824446213078 -0.015345289430674687
0.25770471993668687 2.2068838870153134E-5 0.7933826362120642 | 0.002368491266311065 0.0021207940288582457 0.007513931233256475
0.4000384105442985 0.009385734299908887 0.2391835719049642 | 0.007647313391052947 -0.004815336586339057 -0.008346875114954426
0.40002679717474043 0.01103769107100662 0.31541497942226937 | 0.007290987806160486 -0.0017545763536454284 0.007716865548185865
0.5040771643774702 7.318854155960957E-6 0.5034016414957238 | 0.0038364698030568093 0.003333694222873036 0.004269223020650177
0.3199997557873648 0.013617960502566986 0.4001148919356643 | 0.006387197340110586 -0.0016947457026169946 0.007938070089114077
0.3721791542229676 1.0592003373253329E-4 0.4854919974524607 | -0.002299749741563272 0.004791195806559933 -0.0054208941551057545
0.34702038044405337 9.218194430493158E-6 0.575965837295166 | -0.002207117733148598 0.0043935457830553935 -0.0038440614540962864
0.3518161507083078 1.0499424344090653E-4 0.7138726780990197 | -0.003599224458766191 0.002928085807054248 0.007343008346620327
0.3621894223044689 1.7970192963687146E-5 0.9114021624246703 | 1.485204012081846E-4 0.0026964110724473065 0.007396490910115719
0.4000034226554592 0.09495585501284878 0.1923119840112344 | 2.040490573454094E-4 0.003600516748109165 -0.0061401857671664496
0.4000000242103419 0.10458776940771057 0.3106064839018286 | 1.2271478560148148E-6 -0.0013851659381826592 0.010309277712701419
0.40010171260801136 0.01321574306437152 0.323842108105904 | 0.009165755159476437 -0.005064295366445346 -0.006317113566746445
0.4075848051760186 3.5352943094453494E-5 0.4086527412394962 | -0.001109540606895819 0.0048071346119735 -9.757056876799074E-4
0.42846577579635026 4.199161587637617E-6 0.5409964081881025 | -0.0020937136395682188 0.0029852684077881753 0.007093075868282927
0.42567492225176806 1.2030963946527449E-4 0.5444003378489253 | 0.004608805243318349 0.00396466324272406 0.001883435676328159
0.43264846781196964 2.955578441588168E-6 0.7334852877745202 | -0.002615816081920172 -0.013206976470313471 0.01021902097053242
0.4343467491744055 9.860772874817897E-6 0.9279855378641969 | -8.643330157988804E-4 0.002978187995897367 0.006974286612061723
0.4744557310169351 2.105100531354367E-6 0.17294581087765795 | -6.971483203523191E-4 0.004258714561381962 -0.003731926062737844
0.5096948002803741 4.38204881889739E-6 0.2961394893987545 | 0.004547477141004438 0.004322744674993775 -7.997949301018564E-4
0.4865152201800912 2.186258136940367E-6 0.3708157165014697 | -0.0035722443245575605 0.005407506999955945 -0.0012112542201287335
0.5410180090033757 4.052367347336965E-5 0.428565782273376 | 0.0063580498084098765 0.003111882747558512 -0.0021339949798942865
0.5083939422468725 1.07777560202692E-4 0.5085807245903563 | 0.0015185799572741364 0.004375434043763707 5.03089345109508E-4
0.5048280482634181 3.855879229383729E-6 0.5788208400778546 | -0.006202259372751385 -0.015339632703314085 0.01053942874187383
0.5058682440958692 0.003593512787402563 0.8276686888447371 | -0.0037963557540894944 0.03553575267897019 0.12447760518968112
0.5071614796945033 1.7271052612826622E-4 0.9282827394630032 | -0.002644526364468361 -0.06745508264698491 0.03520757568406406
0.5821638070487325 9.743101451858746E-6 0.07951825057407494 | 0.005804156940558568 0.003311935795982063 -0.0037955076322099854
0.583764763873482 6.895828757044197E-4 0.08702385882740388 | 0.025801914901929873 0.29465103791062774 -0.11585264788444706
0.5767932452458153 1.7578779569255856E-5 0.34722282916096703 | -0.004954460039388965 0.003363462937036741 -0.0033141019268906643
0.5448596204640477 5.8282098537241025E-5 0.4254554626253115 | -1.7160847247555585E-4 0.003660567692644969 0.005330813545896937
0.5786475629823986 1.4594761115655638E-5 0.5048903296015965 | 0.007376974565203805 0.0011005327893387072 -0.006520005059633608
0.5898656503515507 2.2737013604558417E-5 0.5899562278918156 | 0.002230316353059848 0.003985582735691165 0.005234815805901749
0.6464668817333179 0.0316401554118457 0.7469123602430048 | 0.019345412086717313 -0.5363949320169157 -0.009103236151446982
0.5760680093522447 4.84147466580602E-5 0.9143154704294426 | -0.005040424682530458 0.0165798235883634 0.014553595448774877
0.6542687184179631 6.464913982750272E-5 0.14688514460077692 | 4.603207145245997E-4 0.0022008282287556756 -0.007401803621238843
0.7174632055823518 0.00169264048315718 0.20796864684202276 | -0.01558942514855544 -0.0822799126200974 0.012452730979382088
0.709063064723363 1.387733268991E-4 0.35384824760407063 | 0.007513321761007196 0.003293838805945883 -0.0040690507081048806
0.7328546195092547 3.917014758639748E-5 0.43265173048044037 | 0.008066244836522641 0.0018772209035072434 -0.00146486766808569
0.8277281963666293 0.003750481690621074 0.5058389527363732 | 0.12374408157499152 0.02260309225392655 -0.003956965585814132
0.7469422490745539 0.03167478745515833 0.6463669884580847 | -0.009004726754038996 -0.5363962278392808 0.019280177537965352
0.7381199836395715 0.01781870871638001 0.7381232563100876 | 0.009017579871866466 -0.08956404014465619 0.00906696768564078
0.6868205299852469 6.3192304526911555E-6 0.7938661003745879 | -0.00441060797327169 0.0021703102530877803 0.006447960265200067
0.7715439754628262 2.934717811908553E-5 0.16997536688829984 | 0.005956077052711719 9.862706082338834E-4 -0.006654679207526302
0.7934061318376642 1.7490127120886473E-5 0.25769305684693117 | 0.0075310011523010536 0.002118102011720668 0.002317439205449716
0.9113934226877716 2.2785118947999958E-5 0.3621964593241436 | 0.007397478603031628 0.0026954768564073626 1.5524949247227074E-4
0.9279869666374027 4.250936375135607E-6 0.43435100167944996 | 0.006990763409452283 0.0029657475209907587 -8.532843999088482E-4
0.9282674466248557 1.7358848578034953E-4 0.5071601610429662 | 0.03516766980281564 -0.06747188089618465 -0.0026477680218322764
0.9143183801367956 4.6830726061682555E-5 0.5760638508247016 | 0.014549550495193398 0.0165824645975585 -0.005031995363462502
0.7938646948091735 6.655385290485582E-6 0.6868219395876414 | 0.006447184074613293 0.0021701980496976587 -0.004412533562895244
0.7819680391913703 1.1863498482709908E-6 0.7819681357709999 | 0.005667779601664096 0.0014455811947972838 0.005667265730044383
0.25213007088753747 0.40000718712305305 0.2521300802829471 | -0.005271925203355608 0.002628807536633401 -0.0052739000870537555
0.2498498871448597 0.4000012233897605 0.33922821154863536 | -0.00460589976601705 9.466971129957561E-4 0.007687784813465337
0.22447106609113476 0.036279925627676235 0.40002392698141576 | 8.58921082830914E-4 -0.013435248947925311 0.006795517732863684
0.20884630917840274 0.10524383017171705 0.40000071698067485 | -0.0063796026655939175 0.0033747936296700215 5.384671430596634E-5
0.23327847568022828 1.8718987489044193E-4 0.47950157542565075 | -0.0030409408452729807 0.004835960218611845 -4.446117712672772E-4
0.19636832841082616 9.894749267071371E-5 0.5663767454517299 | -0.007032989217260552 0.0027899781040553566 -8.15260988549821E-4
0.14983861887537864 6.410580908591384E-5 0.6538297079478755 | -0.007508070572965913 0.0020687251210085235 3.4195259891359956E-4
0.1871550320669699 3.6796810991771356E-6 0.7575307876622696 | -0.00846358329500254 0.0015268212107783562 6.849632201654779E-4
0.33922818798137083 0.4000012065294853 0.24984966577103243 | 0.007685214763722117 9.465468299186769E-4 -0.004610244085546563
0.3436430936977415 0.40000239507411595 0.3436374705888695 | 0.0051892305717037 0.0027507247652515075 0.005191606819067263
0.3155671594336643 3.101728600534738E-5 0.4473060335161748 | -0.002460035585748295 0.005251930644172303 0.0016852946371818686
0.32453173443567884 0.09394467513155105 0.40000004741487893 | 0.002450387993613658 0.005417260150050715 2.364721068059858E-4
0.3014191546380288 6.250959860160899E-5 0.5111086735585343 | -0.004250440549156786 0.004066203919946171 0.002558955400600837
0.26633290753696925 4.993122087162778E-5 0.5915906635167367 | 0.0011843792061925805 0.005090698964707145 -0.0015051134865161925
0.21552537608681296 5.985948633848913E-6 0.7170747420644855 | -0.004954292989266383 0.0037537078748817302 -0.0022075422248334247
0.2590417315869733 3.7986621992752047E-6 0.791025852507135 | 9.606044904709892E-4 0.0018055561903508918 0.008124282144742864
0.400003851577182 0.03643984819583155 0.22430512094691094 | 0.0071838061868766245 -0.013184685955859728 5.685112700160451E-5
0.45771200004243257 9.132165406207078E-5 0.3057923003159465 | 0.001815915774906379 0.004336705265892037 -0.004126784240516774
0.49879091967319883 5.3208438555669356E-6 0.49888350035452644 | 0.0056405180955367345 0.0030380312146307377 0.00540415185225719
0.31791003227685094 4.1378798213262765E-4 0.4000403170127112 | 0.004187353263350074 0.003370536952792049 0.0053939432201554754
0.3737417768243167 1.94175517954317E-5 0.4845450253100892 | -0.004583808847418056 0.004699886500901695 -0.003963389565501428
0.34440753475015823 2.513691107498894E-6 0.5751016607056184 | 0.005944924974642836 0.003567360603839632 -8.080923883177107E-4
0.36534115928733213 3.412001310488177E-6 0.649789840173531 | -0.002842950974149362 0.003222982588781746 0.007500215695476396
0.3498514454841719 2.1111282667957754E-6 0.7433066440663195 | -0.006051670348541895 0.0018606157888872636 0.004789204898676794
0.4000005290456361 0.10396143344497231 0.20833179333195992 | 8.409636222207264E-5 0.0023466798124876925 -0.007703474775438397
0.4000008373471201 0.09332127075255157 0.32439641060917285 | 1.0335894313420605E-4 0.004750985612308262 0.004110713683536493
0.4000849567894462 1.9770106877162934E-4 0.31205791091387225 | 0.006728788625197437 0.0014592832961900619 0.005672991391254956
0.4248608146128011 1.7254233748687143E-4 0.4260172178847697 | -0.0031563513193698617 0.005925205579311758 -0.003634970586621489
0.428854075726197 4.662777838337452E-7 0.5399527091987091 | -0.0023132520461756436 0.002567759312061266 0.007436230639841371
0.4448830548905805 6.690779548984023E-5 0.6413607430157499 | -0.005660921213417293 0.005711412091319195 0.00112510216859118
0.43193899257742924 3.8882715235770334E-5 0.7278687042876494 | -7.1366367968066E-4 0.0017879214855877194 0.009093320080799843
0.42740720891285366 3.7164158261243756E-5 0.8403616105678946 | -0.006143454262494905 0.0032584520265508455 0.0034328750621619893
0.4795015119474629 1.949646072032398E-4 0.2332804489945515 | -3.243197995178281E-4 0.0047230579814709645 -0.0033179612774693187
0.5105562667012554 3.441802862990557E-6 0.3010470839605544 | 0.003294818814616324 0.003796930931749616 -0.00434931876149119
0.487175644600186 8.752075895173246E-5 0.3723625501218636 | -0.003998167533681835 0.004868588774424842 -0.0030725304322440847
0.5397224174452131 1.4285666554095904E-6 0.429042619615321 | 0.007271411693055681 0.0027228480740564033 -0.0025632326513790812
0.5344864026165003 7.872713841860204E-6 0.5346634581227684 | -0.003339998376464704 0.0036637456843383646 -0.0040659708917120795
0.49994324513065586 5.7714982922861894E-6 0.5897697514085035 | 0.0040873058744034865 -0.014579365574722657 -0.008858218151538276
0.5145467619750319 6.512959772887733E-6 0.7321090918252116 | 0.0036973076585735715 0.0014219039696787572 0.007013138287106795
0.5133672604263184 1.2032147135187222E-6 0.8324519597279474 | -0.008933191721853624 -0.015740808215807853 0.0026583324699671292
0.5664411600149534 1.3175351986811505E-5 0.19599196690243217 | -6.810636669622479E-4 0.0030254393913885964 -0.0073069346657344
0.5916555166368405 8.220532653992982E-5 0.2662986542467843 | -0.001622982165751525 0.005031745492883622 0.001244377699998177
0.5755321553204846 4.5103682420302076E-5 0.3441892279069926 | -0.0011178663221831657 0.003203179547876292 0.00620460611158735
0.6412687284919193 1.1428423886563352E-4 0.445095820002972 | 0.0010906936768712659 0.005332623137027124 -0.005505502699195865
0.5904200638456674 2.6557564419993622E-5 0.49972130022735584 | -0.009296160657110603 0.0011250860444726224 0.0034784035304374545
0.5896687490155892 2.667120422026167E-5 0.5897620778972946 | 0.003481902195609774 0.0032805961801474193 0.005713453805830324
0.6035730985263922 8.318540080847083E-5 0.666485542849545 | -0.0015985408524206374 0.0026803030597553627 0.00675876035255455
0.58473452064231 4.950980420608395E-6 0.7949387181928382 | 0.004174518063091402 0.003957663612854411 0.0042932429893437745
0.6538428680348575 5.5791033175328304E-5 0.14984618945900952 | 3.382171675028282E-4 0.002098714795426277 -0.007488948002202581
0.7171318855559878 3.9222027172945776E-7 0.21556626398244877 | -0.002274206279289525 0.003770777780506433 -0.004907928366160743
0.6498986999473528 4.195329780766721E-5 0.3653191497000329 | 0.007560951543757975 0.0034345356239815802 -0.002639932697586836
0.7270338088680106 1.133963917163784E-5 0.43184169015427326 | 0.009124133323488172 0.0019075031407991111 -4.4153901964958276E-4
0.7321494270864868 2.3220597970458168E-6 0.5145494293055952 | 0.006812668901602214 0.001744076721531972 0.003619801248828795
0.6664147826186436 9.194108755686438E-5 0.6035096797913282 | 0.006629052677458694 0.0027576715792678634 -0.0016792447263235069
0.6983569842547344 1.3436628997225098E-4 0.6983466494174577 | -0.004558609825273101 0.0034651308681442946 -0.004549186871578087
0.6845873050085686 8.76714800477607E-6 0.7900146173373267 | -0.0034477106752669145 0.0021267279523622643 0.007126303218668184
0.7575272874415229 3.5522181371723937E-6 0.1871561124456033 | 6.437455815271988E-4 0.0015368691322476058 -0.008457058799908167
0.7910485506546248 6.401319418613238E-7 0.25903068390415546 | 0.008124377796131723 0.0018077388003612067 9.332524509513307E-4
0.7433598272626595 8.872058021329775E-6 0.3498568288061868 | 0.0052324107131380936 0.0017926061477332772 -0.0057406548311590136
0.8404772738779821 1.0000170610394276E-5 0.4273359647787492 | 0.003433196704100247 0.003251491296126515 -0.006154716346780591
0.8324519186089326 5.832422462977159E-7 0.5132026005428904 | 0.00265035986967564 -0.015696771552805494 -0.008949421077366947
0.7949393381819183 2.509567504380568E-6 0.5847268494825159 | 0.004312937638433047 0.0039685774026892275 0.004130979020044604
0.7900134649013624 9.087243775810013E-6 0.6845884312150187 | 0.007126329006482889 0.0021266973860767147 -0.0034479549052026746
0.741106105648783 2.4254307339608805E-4 0.74110897657274 | -0.03758300101477709 -0.022148666522717842 -0.037523642610281044
