512
0.2617184792578649 0.40086170448025804 0.26171856210288097 | -0.04866862345943312 -1.4172965778656499 -0.048667973847011
0.24106462205025983 0.4090456481836449 0.36374911260883813 | -0.02935167847093483 0.4489621408218034 0.024898379450337307
0.2592622362869403 0.06506059481253791 0.4000815945412194 | 0.004767472473125431 -0.012678579136310753 0.004725277277765823
0.2175175972773683 0.14757167773043434 0.4459100494706648 | -0.1339191345468278 -0.21331058943516581 -0.09159490941018475
0.2312266471891904 0.07810315977399312 0.4830676953653982 | -0.0718669468353312 -0.3789469125534747 -0.005749945986188533
0.2870080952271433 0.07886414641742409 0.5716339907860601 | 0.1840818736104599 -0.17230082610534952 0.10007741780952419
0.29608668242054853 0.07988138911207866 0.6362722577768667 | 0.4783973346564985 -0.15510069070651744 0.05998281038830389
0.27203464607854744 0.09145090542881462 0.6943374013070756 | 0.1350426194910534 -0.2108938746257757 -0.029786534265764046
0.3637495389532966 0.4090454253236893 0.24106486506825803 | 0.024902846581361167 0.44896017637270647 -0.02934939849194294
0.3393138891715323 0.4129049069460545 0.33931914003877994 | 0.008804597059395267 -1.3808204526558936 0.008808842469348818
0.33495018529158205 0.10598736378710492 0.4000027738872996 | -0.0033447584567807224 -0.03327399366339505 0.0012256829182806562
0.28122150654395606 0.20329618040372943 0.4690411030824961 | -0.1886573461966075 0.2012045614436841 0.01627863554835687
0.3033696724315436 0.10236618223672135 0.4945086733162489 | -0.06774681524224156 -0.22962044080163485 -0.03373881418929054
0.29138681603785666 0.16860374785304205 0.572624969926569 | -0.1432556119503247 0.15100964982721538 -0.042625596213930125
0.31595217629593325 0.14394449527936556 0.6300783433107974 | -0.05997831886666607 0.3903320286388595 0.02444553068314775
0.30170088420395297 0.1714674937517444 0.710913995265107 | -0.08610720361328994 0.3020420689007248 0.10294759276473552
0.40007799497664337 0.06505961558945478 0.25926057876110215 | 0.0048884235554388575 -0.013067089922374738 0.00451158442408469
0.4000027647217314 0.10653364518895216 0.3350062960395466 | 0.0016537142645258731 -0.031889824594772194 -0.0040274046375842094
0.403590931337767 0.43087399682162314 0.4036069627450325 | 0.009335815960894604 -1.4206444115805539 0.00936734887048642
0.371591690152444 0.20758528348809266 0.44089362018761985 | -0.01852787282721907 -0.333418615859359 -0.051087581994854296
0.3728917164411321 0.19208077250896263 0.4877644163055178 | -0.06938827532123149 0.24766160297093306 -0.037023280034098945
0.35349131900532565 0.14154222080109716 0.5636822634990453 | -0.1701278034479394 0.33006903268411214 0.06554843716690369
0.36173778696668607 0.15873273746339303 0.636941827800702 | -0.11341316230650385 0.2325169333128178 0.0290478847479121
0.35905603494077526 0.1845389373039154 0.7040188825961377 | -0.09885691980724923 0.2785199151698086 -0.09999694736708295
0.4461355642932185 0.14782996225961728 0.2175862903291505 | -0.09153933323842296 -0.20983995021978702 -0.1345602922680061
0.46904087252558996 0.20382692093910557 0.2809861621648357 | 0.016848152551033786 0.20650502921870306 -0.19102424611344415
0.44057229158812 0.20717794725570932 0.37152589729713253 | -0.05387434657502088 -0.3379545985887979 -0.021816000850824146
0.4239750091822569 0.12867462953675668 0.4241114189962921 | -0.1836748671657434 -0.051109280118971624 -0.18152357210852066
0.4449666059136212 0.11121497299509131 0.512408326200023 | -0.10160836189693977 -0.2925240837722765 0.16834638516283626
0.43304605717862954 0.15366512424816883 0.5924436562989499 | -0.022171564393710142 0.1188635910614625 0.01968564239765816
0.42846546379192296 0.09379390980754541 0.6149341677274945 | -0.04489997633384831 0.19155473337644996 -0.11497342334652709
0.44084466387360194 0.15957353269137653 0.6733116711755517 | -0.0015885004196597651 0.06891067869386777 -0.07946503641037048
0.483026008770581 0.07798131679957587 0.23131080069845195 | -0.0060036167505877185 -0.379251289512598 -0.07169084502278059
0.49440022088958857 0.10275649825751919 0.30332594286303 | -0.03376809675989491 -0.22881561032223077 -0.06803130353775695
0.4878564739875839 0.19235518203588842 0.3729276837071771 | -0.036342175493038385 0.24976098312348505 -0.0692238470948149
0.512553052603124 0.11048605259704081 0.4448197490820087 | 0.1692240979910255 -0.2976205133437347 -0.1026965515080877
0.5228447311712865 0.1175590023786006 0.5228566583427185 | 0.1290007967097982 -0.015462508006442317 0.1294636053959442
0.5056932311697117 0.14870570382500128 0.6009309925525834 | -0.024315052729459535 0.10026851199055567 0.049830473386379574
0.508547574680572 0.10176896077970957 0.6202776913710446 | 0.016038361782167644 0.16820452926891521 -0.09794980984994829
0.5093147312902292 0.1587804245103997 0.6816182562499917 | 0.011683750860112373 0.06117760177561784 -0.07522165724728806
0.5715728838741146 0.07890010487823192 0.2868558118703692 | 0.09948662340541699 -0.17273376324999523 0.18186244542592653
0.5726077453496822 0.16855938301306583 0.2913492661481803 | -0.04257455406066811 0.1506899783184593 -0.1432251011324504
0.5636940283177783 0.14161269356466927 0.35350161097829014 | 0.06531232430711043 0.330409334616694 -0.16944982046524965
0.5924276458904445 0.15382615852060602 0.4330599099514566 | 0.018478896364299703 0.11898109335457996 -0.021872333066008838
0.6008623924910873 0.14871974483777545 0.5056926018102209 | 0.04976881604749835 0.10039052398913911 -0.024184650154375667
0.5873219034300053 0.13560538016777648 0.5873104016677392 | 0.06915856130298133 0.1309550341720482 0.06887575731462561
0.5762824834953388 0.09728671398132757 0.6390883670013638 | 0.05435872327478187 0.013244339722806399 0.016958214579495694
0.5888876042282373 0.17801379024778677 0.7027572569530386 | 0.07765907838160822 0.07107937707757006 -0.060790201274960536
0.6362714660523079 0.07988312602979815 0.29607603420790435 | 0.0600041225748037 -0.15508649371389788 0.4782481311389931
0.6300996459836893 0.14391452533926108 0.31592644533009573 | 0.02463580746334351 0.3899192242488878 -0.060225873527767135
0.6369531414674604 0.15867455428856603 0.36172826877023234 | 0.028591332194345245 0.23228738779195496 -0.11399917607130815
0.6149157257344184 0.09384747364306228 0.4284607552374679 | -0.11505630877761991 0.19215525912415513 -0.044879382865524745
0.6202571955404315 0.10176289321988619 0.5085372974268719 | -0.09815371694038562 0.1684028225493305 0.016090241847592165
0.6390838360300606 0.09729337029040956 0.5762805756854437 | 0.016975745448255336 0.013265862029632262 0.05440496388888579
0.6509917157027432 0.12301719837134525 0.650990604510618 | 0.04053117089346648 0.05522796587251519 0.04052896263419845
0.6530117703596454 0.13151379946892877 0.6656951722140986 | 0.07858845301244184 0.20135393189781992 -0.03501406202305348
0.6943343853234846 0.09144680796004467 0.2720373431569089 | -0.029844968031411782 -0.2109440625472507 0.13505881047090776
0.7109204362011973 0.17146949598298106 0.3016958550588823 | 0.10300554767086063 0.30203901831979085 -0.08609543834682865
0.7040249960462899 0.18453492182263762 0.3590565434579661 | -0.09989123388944299 0.2782792808670048 -0.09889032084217804
0.6733205171224492 0.159579989984088 0.4408445803121802 | -0.0795807456749258 0.06909006851908879 -0.0016382449646164439
0.6816072339273082 0.15878008438855562 0.5093112164087656 | -0.07523934726422485 0.06116429675301504 0.011658623878707721
0.7027571843582262 0.17801398635494506 0.5888873659070175 | -0.060795002264428466 0.07109323270588888 0.07765721440777838
0.6656953015458879 0.1315139761857481 0.653010913064965 | -0.03501673828934066 0.2013630890922006 0.07859198907133813
0.7011290057901078 0.11332363204676564 0.7011289834686489 | 0.010603759201839525 -0.029505682903409224 0.010604081011984224
0.2601562615406158 0.42171601842051626 0.26015643674917727 | 0.007834354741211177 0.07561678930981246 0.007834834659125439
0.23388631895218517 0.4155291956353342 0.36286831091024324 | -0.036241022468525654 0.18899774465667735 0.012720594736834928
0.26044137998646605 0.1412386377220692 0.400003277206669 | -0.0010456268881255573 0.004438625152400556 0.0056838129203805625
0.23576856069567095 0.09504128369339841 0.425094259421525 | -0.12870311038955282 -0.48881620652137847 -0.10191198558075565
0.23707813942865397 0.050075414338758645 0.4747111020869926 | 0.001383343713721397 -0.7006462321103847 -0.056222986953549624
0.24328427026478863 0.051556747107623355 0.5626307094559387 | 0.08293221095150785 -0.9816799746276851 0.021955919158925582
0.29274118573852986 0.058829965933669646 0.6407589172802263 | 0.38250499736313226 -0.4259713765030118 0.11937498387783195
0.24939143718509463 0.05385199906446408 0.6977365535317106 | 0.048661438530297446 -0.5662166623261331 -0.03361673477013988
0.36286855674840646 0.4155291754119477 0.23388610278910552 | 0.012722042725408136 0.18899719638999926 -0.036241450297399565
0.3438347467486142 0.4147858634513422 0.3438303740007355 | 0.010292949509452852 0.3087902754587629 0.010191785747505453
0.33594920628101427 0.19111022378472908 0.40001206186744614 | 7.836443307133586E-4 0.007324640020784515 0.0016465625735711355
0.27633538242978517 0.17169840928771346 0.4593042632494345 | -0.18346838747899472 -0.026280748447912547 -0.005700792246506518
0.2966363779456836 0.1348438586531158 0.48642673242825163 | -0.04464101210803079 -0.3792762353131647 -0.022476188763137325
0.2835675695473292 0.15866803870317603 0.5690499694874438 | -0.18632642361022275 -0.08531336257670342 -0.07639895432918853
0.28428494443495167 0.1571549947021485 0.6496534880457231 | -0.19382044219331743 -0.3276632417741127 0.12415352278778605
0.30300585362259325 0.15705043893585363 0.7534738762386709 | -0.07306296214076817 -0.4075199845855968 0.21377226337053506
0.40000239375972224 0.14123945235730875 0.26044274746938034 | 0.005653345634839697 0.004452242374741774 -8.740044802170328E-4
0.4000200269433394 0.19111673575600013 0.33596657558207443 | 0.0016980848489848344 0.007323847694219674 7.312263680870322E-4
0.4112140254965326 0.35074073089470703 0.41121511056829474 | 0.02868312431887365 -1.7567373670585495 0.02867163477440889
0.3509155444356088 0.1332134954640049 0.40972017323649096 | -0.10083135475823941 -0.5382710154046458 -0.07180135471840059
0.3718047338785636 0.11231590546139794 0.48447240900054883 | -0.07116770447090894 -0.007013389842414261 -0.03135086401529457
0.35331150068549977 0.14411027038865754 0.5634294849254685 | -0.1388218148937454 0.11608883803418904 0.058222012688305645
0.36087753823117696 0.14970653880529328 0.6395664660315015 | -0.12401947362917988 0.06031565912690987 0.04855628632107554
0.36807203152437684 0.11613757524931144 0.7331613937460689 | -0.10016252841409012 -0.13522449482704713 0.11809304793564737
0.4251492476564557 0.095078295060423 0.2356113084979421 | -0.10148326051252118 -0.48873738155966356 -0.1292735672121019
0.4593951133316388 0.17260077477424868 0.2759789739321921 | -0.005097363761611501 -0.020211161935811947 -0.18672811554311255
0.40992506630385017 0.13274451073223453 0.3511510199260079 | -0.07003473811824146 -0.5424677897398971 -0.09796372262121643
0.431816185172735 0.14445686557389667 0.43188623955344946 | -0.09630084832498949 -0.25808843021543076 -0.09535023149189994
0.45089197537371906 0.1089022992038941 0.5085803411693798 | -0.04564661496575337 -0.4858733396442242 0.14696692490728566
0.4324302632616489 0.1411122882536011 0.5881181767281268 | -0.03026802446005626 -0.09401981878004181 -0.020289054481167818
0.42773654775453435 0.08188273629191456 0.6148428879742909 | -0.05530087458907227 0.00851634101136495 -0.1445185554570264
0.4356440626536485 0.05747901532610499 0.6834985832648788 | -0.048599925281796415 -0.4769341364185142 -0.1663837812389222
0.47466397441582014 0.05000047853047476 0.23717929272466762 | -0.05655043447481038 -0.7006750354530441 0.002125609516770524
0.48641089198313536 0.13483516522242614 0.29676048530016075 | -0.022514610892340598 -0.3783236824682259 -0.04441068807780364
0.4844792391929414 0.11257265128110723 0.37188864606159355 | -0.03145824019811381 -0.005169988191427061 -0.0710510682526422
0.5088130121535118 0.10784091243872729 0.4506372418533758 | 0.14860232102145834 -0.49511166759640385 -0.0472534574455635
0.5437298351231934 0.08222778765462786 0.5438128296454136 | 0.37066562940903713 -0.39554976854181867 0.37180720368167436
0.5076026834085385 0.14717934190945253 0.5930102168432432 | -0.006250837526632621 -0.09757698443460618 0.010333040970378897
0.5095114882836168 0.08909031193384141 0.6190915580043944 | 0.02638056321573839 0.002610259887188363 -0.13284001322888228
0.5140691594942673 0.06219153261280901 0.6942163671924401 | 0.050587098750569395 -0.45858132804979207 -0.09253125749324397
0.5626023457078765 0.05153955267294925 0.2433060372668827 | 0.021873257116582934 -0.981672123273628 0.0829437322095266
0.5690370484748155 0.1586330143918165 0.28352950215602885 | -0.07612996132450235 -0.08591181307461586 -0.1859484502341941
0.5634328283034113 0.14424930133685268 0.35332608179300395 | 0.05771908505248534 0.11657546373299177 -0.13806566947152243
0.588073846304702 0.141242895344423 0.4324416799895081 | -0.02117660012709592 -0.09402679043670625 -0.03007351798240745
0.5929731122888178 0.14718349991281723 0.5076038402237116 | 0.01039107877137431 -0.09735949977352734 -0.006148388956453976
0.5887565444607389 0.13408421402960316 0.5887507165235252 | 0.08727866448154661 -0.07959198254055191 0.08712048042587063
0.5811588101727428 0.13933314227144983 0.6526833006250409 | 0.0753553125860316 -0.17580990152324233 0.032507617618426854
0.5830599828878321 0.10609475074807051 0.7332438913464582 | 0.10478435661748178 -0.17163961025475086 0.09713353991701486
0.6407511372437092 0.05882817024735187 0.29274071020653886 | 0.11933839946201616 -0.4260049776590973 0.3825087208534561
0.6496557146698632 0.15719909657468223 0.2842741887124364 | 0.12405279147302031 -0.3271796544275021 -0.19391160849827552
0.6395909114981502 0.14966435626043276 0.3608777599570324 | 0.04852812037933274 0.06008740904930155 -0.12407839970525823
0.6148128447313159 0.08194158926198233 0.42773153839350975 | -0.14462795735628137 0.008970888426708868 -0.05531335203672485
0.6190704001235867 0.08907978188568232 0.5095111075064949 | -0.13298402915711285 0.0027522446063011664 0.026498805200873603
0.6526826890513616 0.13934087228309727 0.58115390264818 | 0.032507983361646876 -0.175802982393385 0.07533868011155383
0.6526863878073736 0.1310709938696602 0.6526854299449494 | 0.047834072778412395 -0.11939274019325288 0.047832880092698433
0.6456751272406748 0.13411716113671623 0.7571359055363643 | 0.056684683349132514 -0.5745411954121965 0.23557767095523321
0.6977370659710763 0.053852898352786525 0.24939308754260864 | -0.03360514104676166 -0.566217243666286 0.048655386122919406
0.7534743465683833 0.15704919901929873 0.30300545327065775 | 0.2137796046238988 -0.40751213441927336 -0.07306232116349283
0.7331715668225428 0.11614128798276074 0.3680777802505576 | 0.11812843402987908 -0.1352258561616326 -0.10015661643351706
0.6834893892676667 0.05747533392823031 0.43564339767220583 | -0.16635091918236303 -0.476959049618602 -0.04860052408158591
0.6942202212665988 0.062190515639992894 0.5140694001835037 | -0.09247025655576202 -0.45858659638429594 0.05058244544847794
0.7332425170866357 0.10609394761878597 0.5830600741476558 | 0.09712849248051847 -0.17164739695177125 0.10477773323421809
0.7571358054336202 0.13411779847406874 0.6456749365582514 | 0.23557658379812826 -0.5745371783452086 0.056684094862467595
0.6838970428698126 0.04051376307397563 0.6838970341104645 | -0.15289341940376977 -0.6587673213697907 -0.15289330646738433
0.19414320851504444 0.410315135259654 0.1941432702035583 | -0.08783268178784846 -0.32010909487180067 -0.08783265731838769
0.22568251244737783 0.4048523625265983 0.3516014185217188 | -0.04089531192770867 -0.2976646904211245 -0.0013372850529000677
0.25680885445407103 0.21290059266303557 0.400000736921672 | -0.00815610022057962 -6.415928098669544E-4 0.005905868009209692
0.20468781713686968 0.10635423411622602 0.40008408348024566 | -0.004858319554176466 0.004829460570935065 0.004342605558560477
0.2594170675136878 0.013240850098385094 0.46761012556959863 | 0.18272837806089762 -0.7531748849492454 -0.1466805943529284
0.2297774414447993 0.04712409936593181 0.5627943804593951 | 0.017266455875150695 -1.073458152841632 0.005296233090523071
0.2752213600625653 0.03369212379759535 0.6438542659723999 | 0.21439706302192382 -0.7471438159008719 0.12540858753234982
0.2024061256201055 0.10585974621715001 0.7421025297929671 | -0.1506202648390073 -0.7730163064938793 0.13544926794740655
0.3516013524046413 0.4048520710651002 0.22568179208463893 | -0.0013369757877084558 -0.2976656265095443 -0.04089641023653971
0.3444057135004159 0.41522243133153913 0.34439930780907174 | 0.010064300922194491 -0.022351065652338676 0.00998379573255429
0.3364916071094991 0.1951767064363474 0.40049067685423223 | -0.009607857849462297 -1.0190050664711556 0.11273073609386494
0.2523755936216141 0.1889234659763142 0.4000774058108802 | -0.10963859857897938 -0.17149958616806224 0.13789139799425498
0.2952865384691073 0.12251243409552233 0.4873445616308597 | -0.05085512782804903 -0.5867175065537633 -0.009103830994062137
0.28661417387897403 0.1399034083149887 0.5730005035578982 | -0.19458255734243382 -0.098094863749784 -0.0760148095395173
0.2769177708013133 0.1699551942428929 0.6549070630831255 | -0.17502068725091566 -0.449214987005305 0.10328866771953366
0.3060957118678597 0.12902845135613658 0.7584404048442853 | -0.028159721625156273 -0.7444175129877826 0.2157608743524111
0.40000039285294625 0.21290212960254712 0.25681109175619565 | 0.005646861796229912 -6.385817571700252E-6 -0.0074948683128887444
0.40033425070235396 0.19340982352589497 0.33691777339579776 | 0.1085127460547435 -1.0138104763032667 -0.005697902152315892
0.41829060764904946 0.2841799506354014 0.41827134283079026 | 0.046942635088554834 -2.0008908514478896 0.04689644242432033
0.34579875777441443 0.1667824997039102 0.4012731622575426 | -0.10288688963110938 -0.8146570633834841 -0.13399050564734458
0.3699753265032766 0.07317421523866328 0.48449808178003667 | -0.08182458625820586 -0.25164671305543695 -0.03761707448865489
0.3623830692704954 0.19831679054180143 0.5668285919732877 | 0.024740869642220602 -0.23867646540310167 -0.014281545828417216
0.3542919892244072 0.11586763728491102 0.6361875114749616 | -0.1798354829214219 -0.09221364306844895 -0.026142122810214958
0.3622835682974637 0.044662946939714884 0.6742411863691115 | -0.08817805594647114 -0.7607044495290761 -0.30934984154484674
0.40001743988385124 0.1065924025469632 0.20415132581136233 | 0.00425039208643482 0.004835249070405229 -0.004910773592277114
0.4000763871057562 0.1896736938187995 0.2522760010803286 | 0.14213306472300602 -0.16219293926857734 -0.1124502026040064
0.4018600924734847 0.16643728664515117 0.3461051923802005 | -0.1314606585945789 -0.8230066328315463 -0.09900187320055172
0.421438517146346 0.09459987995853379 0.4219793061984352 | -0.16929423111084474 -0.47636653107724647 -0.16058200299537523
0.43317404841859913 0.06771726428426797 0.5314713978573916 | -0.10285839027289616 -0.7091726116440189 0.25518308352169905
0.43391745926314346 0.18626079038845655 0.5768859805122073 | -0.030058356447351345 -0.38521543548366816 -4.3566775248177333E-4
0.44249973481287497 0.14618921754830017 0.6560931347814076 | -0.003873268269010899 -0.039346838541098925 0.19373346821300133
0.43886021431243627 0.010656979514167466 0.6661223575864654 | -0.027082484427069772 -0.9439351269855372 -0.3688654058303739
0.46763070884007846 0.013280175249324906 0.2594360480064393 | -0.14722138797415193 -0.7525196183875372 0.18349775307363866
0.48734493965030384 0.12241646681098982 0.2954093874698006 | -0.009099778595223885 -0.5856352435583045 -0.05044789160500496
0.48453116304427735 0.07341020090141508 0.3700151441713559 | -0.04058981070588705 -0.24609810335527196 -0.07965207998304516
0.5319966267677148 0.06676140774942965 0.4328588825062935 | 0.2564278148392153 -0.7129719686217361 -0.10388163406731309
0.5628742272678439 0.05695785097242645 0.5629937960032129 | 0.5611928642735589 -0.5040920725482343 0.5628711437604274
0.5142079242829204 0.1889201159653084 0.5762487759547721 | 0.03314280306594265 -0.34829376903107195 0.007480659063666122
0.5085410369615705 0.11200250100144468 0.630520901321975 | 0.006530570967882406 0.011726114996155753 -0.016121662539520614
0.5117426891290426 0.014761210853779369 0.664614953068556 | 0.03290584811347905 -0.9359740593542709 -0.3888422673779225
0.5627785645710621 0.047115370443808674 0.22976114135562242 | 0.00524580112495498 -1.0735132670918097 0.017240634298718135
0.5729990017875382 0.13983563973808483 0.28658679203858506 | -0.07585064232145511 -0.09898455108638746 -0.19425370445278387
0.5668871397479581 0.19832092271253132 0.3623270897679905 | -0.014091485481435441 -0.23772741826640914 0.024140101213508354
0.576726371074979 0.18623251020935924 0.4339173591388409 | -0.0010328355232090587 -0.3848385025483263 -0.030034928321551843
0.5762693803362959 0.18894442053183427 0.5142271197618037 | 0.007419439902277627 -0.3481715447945209 0.033365336749515445
0.5913951486923398 0.1678723893024243 0.5914018686629234 | 0.04971393640617111 -0.4340909668923285 0.04973953907039491
0.583561730750682 0.10109719145889093 0.6474118314773922 | 0.11697444030946547 -0.2257691739368951 -0.00758824904193299
0.5910382637008823 0.04070779882789195 0.6725569225151389 | 0.11405441650133923 -0.6556545418427084 -0.39052017396611577
0.6438442704052366 0.0336952716435458 0.27522222797141493 | 0.12537040748618083 -0.7471712894259483 0.21439007709381552
0.6548977260185882 0.16994631025310042 0.27692384302788103 | 0.10318094372772187 -0.44907913036914976 -0.1750410007423712
0.63620737887273 0.11583938920857223 0.35429583488859345 | -0.026089953859634606 -0.09241967893812388 -0.17980470292174613
0.655965067801106 0.146255026469636 0.442508978561769 | 0.19341778672893373 -0.03806984096042807 -0.004112699702090875
0.6305036891876237 0.11193900623254352 0.5085374657992127 | -0.016484836139662604 0.011365716740437671 0.006568857237896171
0.647412502622275 0.10110227807756483 0.5835606442734815 | -0.007588028784071634 -0.22575883438441402 0.11696869070040858
0.6588774068824444 0.1763515320614046 0.6588774545581425 | 0.0924043352926316 -0.31112635950076045 0.09241004235161111
0.6427808539667164 0.11373872751457309 0.7585471508340709 | 0.018115229092591775 -0.8460812929609157 0.21441724259886755
0.7421023925972694 0.10585993586396304 0.20240645255411893 | 0.135450952724682 -0.7730114415881209 -0.1506201020592295
0.7584401857013096 0.12902632780214615 0.3060952398934353 | 0.21575643842710357 -0.7444176854805838 -0.028161509927086006
0.6742432347911915 0.04466059731724566 0.36228546787309096 | -0.30943330330941454 -0.7606717941733077 -0.08817111882893318
0.6661214216077469 0.010666600922364622 0.4388601719013805 | -0.3687791559504134 -0.9439312036521789 -0.027074292099198514
0.6646166167411122 0.014759793323802523 0.5117431282839038 | -0.3888405341499312 -0.9359866355142742 0.03290487903970601
0.6725562130910312 0.040707784057586294 0.591038016739388 | -0.3905192781419675 -0.6556624469094829 0.11405476323260956
0.7585471603388825 0.11373915864732147 0.6427807135539265 | 0.21441778356658361 -0.8460786789286288 0.018114926104127904
0.7482171952528088 0.09537614164986306 0.7482172001936961 | 0.15048083355308628 -0.8146868639865119 0.15048096012561318
0.19321384832892302 0.4000299193944624 0.19321387295525677 | -0.031911278104859386 -0.008583888691769126 -0.031911255640589234
0.21908072266405001 0.4000003100847486 0.3465471590977982 | -0.005626712928675996 0.0034532319560933583 -0.0024115181501078095
0.2530238968347298 0.27263019738241934 0.40000006803224136 | -0.0017373420607686475 -0.003000587140247035 2.2493648153601255E-5
0.164241228649912 0.05847961243792182 0.40987639860968056 | -0.09397755584314134 -1.1923245222681087 0.15305785888173457
0.19132611345148232 0.02427696882649308 0.4813801891277352 | -0.0037678780039348395 -1.2244116678074375 -0.04025291554742163
0.2096193436647351 0.026486254368686117 0.5641561508400187 | -0.04515213099366432 -1.183262480580776 -0.004743582291749723
0.18884198539955452 0.07336952090269995 0.6407623212672308 | -0.16093150225440211 -1.1708818058365913 0.015974711390875383
0.19629584680151965 0.0802408544883442 0.7491707013549994 | -0.16435946949622632 -0.9561657029929531 0.15256916231414408
0.34654705003117486 0.400000123293917 0.21908009919445443 | -0.0024116966525766317 0.0034529241785446045 -0.005627117835940726
0.3450126157388458 0.4020466906095813 0.3450035586101269 | 0.010627159390044872 -0.3545538856510787 0.010561638794789241
0.3449001093092401 0.10287125723407896 0.4066850629712157 | -0.01686503992129371 -1.8156618219973548 -0.004883268626093833
0.2716657251715998 0.17556768770354045 0.4000858461488373 | -0.005303261783131426 0.002396870127456134 0.003553615453864027
0.29943708631387755 0.07735793432564841 0.49555553306802014 | -0.0488241064516186 -0.7051364689181077 -0.012403194506110722
0.2643808872769034 0.16159444934399533 0.5559618985894862 | -0.22573538017843356 -0.5108873107338043 -0.12338140920302308
0.27193451165199434 0.15368376739386297 0.6568408881925254 | -0.23470739127743365 -0.5683559454686379 0.12083476471060917
0.3057991444867058 0.06769524520362931 0.7578966302608029 | -0.03534740204513357 -1.0264967916811187 0.1396987460439415
0.4000002081278811 0.2721629968741254 0.25312479276613326 | 5.664492657714909E-5 -0.011168257862844394 -4.198811286035535E-4
0.4068181399161992 0.09949481462342478 0.3447705110331239 | -0.0032856896325561082 -1.8210340800162177 -0.013392244798914883
0.42174440311644734 0.21102395557072895 0.4216930549463994 | 0.06910681518911106 -2.2695581083009744 0.06857768712849005
0.3470416470056386 0.1546502928690068 0.40182787555479144 | -0.09439365305326722 -0.8761764593753791 -0.1331344599964512
0.38489742536479765 0.15135269902228118 0.48815083203220927 | -0.005192854369641224 -0.5868237994349473 -0.03246835465953833
0.3614716134489119 0.172484473817824 0.5623240725630226 | 0.03941830297193646 -0.44454092759315544 -0.049394652934210304
0.3695103260243515 0.1596999527345201 0.6456197525793729 | -0.014817029651654068 -0.20034377514242457 0.0795778944020308
0.36651378848473043 0.005084242366865425 0.7256046610079141 | -0.06789189885991774 -1.1067624904467823 -0.12250368490597452
0.4098602955873561 0.05824336003155994 0.1642713652395575 | 0.15385130116518309 -1.193361721536336 -0.09273267632015834
0.4000867132065795 0.17565445346376 0.2715709128436652 | 0.0035304794605139655 0.002511041513983641 -0.005188744833439897
0.4024322241273367 0.15426132137041992 0.3473850801213729 | -0.12984799315289203 -0.8829824518475837 -0.08917676560099122
0.4054689910551708 0.031425859328046764 0.39380200022828316 | 0.20892234070487378 -0.8565783918966053 -0.1962920146195172
0.4234962870411132 0.03187193833087207 0.5478945594029675 | -0.13462268731171662 -0.8485281148680908 0.30388043030489814
0.43363706145006875 0.17129382571012272 0.5708595224491091 | -0.034375980634135356 -0.522801378330302 -0.06269649682223828
0.44063539240632876 0.11980357695671046 0.6887225031823019 | 0.04968304803863543 -0.8518682993511796 0.2541693666137586
0.4392751844036726 0.007823204381300937 0.7330429395027551 | -0.022363144435484598 0.36216142462910134 -0.04306907743090283
0.48128961163377687 0.0241821439520814 0.19141341687607957 | -0.040800980470240444 -1.2248837487496493 -0.002676852063701703
0.4954974119406839 0.07758382908839324 0.29942142379228476 | -0.01231858400425403 -0.7050062352082151 -0.0494317845816492
0.4882672217341709 0.15133290689835951 0.38516779813668356 | -0.030631854622556274 -0.5874598874475874 -0.005054587443504827
0.5479324140283812 0.03128618935616752 0.4235006424305251 | 0.30343505350099764 -0.8512713485009318 -0.13420249611788174
0.5676618024669989 0.04102256554319145 0.5678010440930746 | 0.5455129272792633 -0.5464298376316954 0.5471449306899285
0.5136247012704187 0.17495426921112536 0.5723652511647819 | 0.04813934582974349 -0.5090636752868921 -0.03407935678603473
0.5081333407429128 0.1281647900373628 0.694265971452907 | -0.03543958403965125 -0.8483530316015879 0.28731492814463594
0.5107234080617132 0.00475318874050237 0.7297868065762435 | 0.025826902958492215 0.42989347749663115 -0.05469986768420023
0.5641411226694575 0.026474554325879876 0.20959189119408034 | -0.004758209266384444 -1.1832575361410322 -0.045172677720149046
0.5559556548440171 0.16161404683235586 0.26437837966727823 | -0.12307487082865692 -0.5110492074318457 -0.22550962379146872
0.5623722699855447 0.1723693756965936 0.36139785416450126 | -0.049225630039332564 -0.44333206828826865 0.038754845949192644
0.5706315987527044 0.17123782759902703 0.43365201130467873 | -0.06369802715057343 -0.5214322141639599 -0.03419807601881292
0.5723994350832129 0.17497609268529454 0.5136497817632911 | -0.034038282505563955 -0.5089203680370487 0.04843886710001235
0.5888058037134343 0.1426842938690485 0.5888102711576392 | 0.03516298895230268 -0.599465040269748 0.035197274306356705
0.5778286462729794 0.14101547879856324 0.6637917887756121 | -0.022844087106034094 -0.4456439103209698 0.08546991536749829
0.585851065784893 0.00267467338528434 0.7234681899317607 | 0.06365267152393189 0.5009603559638696 -0.09105325840036659
0.6407588504997419 0.07337182730460153 0.1888444179552284 | 0.015982257642950158 -1.1708779586253217 -0.16093299712769682
0.6568319643130357 0.15368724941648546 0.27194319602061906 | 0.12072545922407492 -0.5681354625445532 -0.23475756504641251
0.645656604187317 0.1597091701524368 0.3695222117781554 | 0.07956026109640109 -0.2005651193472177 -0.014797796618032657
0.6887146186243607 0.11978068011374848 0.4406329312041707 | 0.25407688617809326 -0.8521557447893434 0.0495386040269749
0.6942577008733989 0.12815512435264406 0.5081318704500719 | 0.2872595417299351 -0.8483436170924608 -0.03545397111668053
0.6637932300260718 0.14102685082084165 0.577823649358131 | 0.08547741470886631 -0.44564434943971754 -0.022901184746453442
0.6550251643456508 0.10931565087450022 0.655024015471544 | 0.05057846108623215 -0.37589245463784576 0.05057711070192701
0.6432537605095752 0.06849241280693869 0.7576569968603933 | 0.030429274606189737 -1.1027599155965842 0.1824430438969967
0.7491707595846844 0.0802408589984159 0.19629591727701917 | 0.1525713904191489 -0.9561611973797656 -0.16436012332796004
0.7578964279580753 0.06769446997465957 0.3057993214073593 | 0.1396941805605651 -1.0265118572315868 -0.03535119183627818
0.7256059422288021 0.0050834303275522205 0.36651399131688267 | -0.12249689548574712 -1.106772230826219 -0.0678868001224378
0.73304257534398 0.007825121814628556 0.4392754688025517 | -0.04306807860543363 0.3621776297495008 -0.022362966391809968
0.7297876116224401 0.0047527172377928705 0.5107235109551428 | -0.05469752506950769 0.429893836779867 0.025826806832581845
0.7234686388042426 0.002674099641255997 0.5858511055919492 | -0.09105220064446057 0.5009620423862746 0.06365142202608329
0.7576570492012644 0.06849257679913329 0.6432536795216136 | 0.18244380301498728 -1.102758277849012 0.030429135033448396
0.7526658778832334 0.07723416726508636 0.7526658814760261 | 0.16805292631100127 -0.9772846274847887 0.1680530113369227
0.2140629248530909 0.4000048197214068 0.21406293638446477 | -0.005474483940574673 0.0019823958993248473 -0.005474495608901933
0.23240129614688657 0.4000010338891486 0.3431938402535326 | -7.63357118708147E-5 0.0028420597451049856 0.006802649322073348
0.25181847082173187 0.2831189829066645 0.4000000366962949 | -9.84533908739178E-4 -0.028498673967099722 1.0061963007820421E-5
0.1683583818619868 0.045341220496378544 0.4078904952610043 | -0.023089116790808648 -1.273326852329392 0.14833441163489744
0.16136063854124186 0.009162741445611156 0.49132672776357295 | -0.0995213116027701 -1.5959289898897888 0.06513858607722507
0.20642621395416733 0.005688780215156265 0.5655676012055144 | -0.008336526256822236 0.2981563759879604 0.0013957666848867548
0.18204867608878006 0.020557692996798358 0.6473774360861306 | -0.14410360403912822 -1.3598027263571162 0.024725913869047107
0.19130710556562455 0.04686838960003839 0.7550940870584978 | -0.17289968815210907 -1.0985911119436116 0.16304748287620832
0.34319334209390334 0.4000009330888085 0.23240097241473215 | 0.006802157481553506 0.002842494554280278 -7.671091981351924E-5
0.34436222699083546 0.40006288184695643 0.34435055861282726 | -0.013385231079834718 -0.07034470199619997 -0.013435429665489206
0.34522785788887084 0.0927219283773503 0.40744677454320194 | -0.01103989007518352 -1.869542365897501 0.001167663113520457
0.28890187031742215 0.14626294839211537 0.40000028987757036 | -0.003684451770271648 0.001006741347126883 0.0012781087849356118
0.2999970682262615 0.0673641053507414 0.49570849817137597 | -0.0390048226640881 -0.7999767475520675 -0.01740116544252454
0.26347385930354256 0.16971646352694744 0.5495464612741833 | -0.23965295698755665 -0.6928399369636902 -0.1395511370277086
0.26876480583840356 0.15352336540270822 0.6587438100934938 | -0.26233441306212446 -0.6942461466940748 0.12222459469432445
0.2969294741964272 0.03882446551172985 0.7600917642890365 | -0.06574046026425642 -1.132675355844557 0.12649885955588988
0.40000022933431145 0.28110045078976864 0.2515199042785175 | 1.0312261524775321E-4 -0.06073308386412805 -1.9444180852941747E-4
0.4073601555242387 0.0909121880782219 0.34509660170791345 | 0.0011744816735938376 -1.8698423458986955 -0.007310082206525325
0.4296274440543332 0.13743990504961381 0.42961762996441977 | 0.09461212710240949 -2.601652954261986 0.09423722013653855
0.3467048514993231 0.14289632541639483 0.40002299722366935 | -0.09193513447326267 -0.9158550437395206 -0.15235735640819537
0.3870224039463166 0.13702484373228055 0.48794942168159955 | 0.007503409120547401 -0.8129462405276688 -0.030050467018358694
0.3509662305909684 0.0788852986934649 0.5756533905733325 | -0.2365087892488107 -0.5163424356306655 0.2278429095952167
0.39497630976975356 0.1805489219661619 0.6799865607984333 | 0.28714076882467693 -0.7107857739666767 0.2509851326605349
0.3602089316356147 0.0071603599084452945 0.7323133259117479 | -0.0674098567140159 0.3173542127444816 -0.07878480908917876
0.40789113771737734 0.04526639356098818 0.16838210453130467 | 0.14942927052776012 -1.2751700642254507 -0.021949484938756682
0.40000178462917496 0.1454742014463255 0.2895849107509406 | 0.0013064019518227033 9.954827288739174E-4 -0.0037671360100946854
0.4006437206904357 0.14230312763480996 0.34703179660592676 | -0.14787701646596982 -0.9222714182553017 -0.08739896863641956
0.41031707252386257 0.009770555171929105 0.3837502900490919 | 0.20520483697135197 -1.058522614207406 -0.22977675746106077
0.42464762466890515 0.007290280022583107 0.5481508069169271 | -0.11330202972276775 -1.0017287782094966 0.2900591611302206
0.4328347429675447 0.13309256816762058 0.5742951232442476 | -0.03210678343056367 -0.5256794875008127 -0.10816990741798246
0.4398193410248335 0.11034117137284906 0.6949830994145093 | 0.05569622558419671 -0.9936458520092728 0.2777624764077417
0.4384029468080519 0.005941071089092972 0.7430407721653274 | -0.017294232035363843 0.010335757245195731 -0.0438029959298012
0.4912860152901801 0.009161683272978824 0.16139344000076566 | 0.06483232942102558 -1.5960223668386988 -0.09930784182808824
0.49565569794856007 0.06765734045080021 0.2999719379673054 | -0.01709877490765355 -0.7992914383545653 -0.039683592523108734
0.48803647836689457 0.13698152994113663 0.3872608095603866 | -0.027604536981810278 -0.813285449392501 0.006308382683361357
0.5478773905426038 0.006838942435878733 0.4247693194778201 | 0.28767801724161907 -1.005669460190563 -0.11200418684792599
0.5674846116429978 0.021053155565445528 0.5676407714916104 | 0.46838164234459 -0.6959376566594104 0.4696653756454519
0.5107381146067713 0.1522268812987264 0.5729119650405518 | 0.010934866401895485 -0.5247621809603296 -0.05881733409759252
0.5081091580723366 0.12211813074989805 0.6995922000760888 | -0.04883494224104634 -0.9916965975025382 0.31636559217108595
0.5116065047207653 0.0069321504291681305 0.740960237165987 | 0.020394365917936867 0.028961490028129845 -0.05859095466633343
0.5655568186883467 0.005701483464240211 0.20640226413659477 | 0.0013580422464394039 0.298155453795026 -0.008421612549752466
0.5495523371044335 0.16966144637065 0.2634702424529662 | -0.13951633227798188 -0.6936372406623514 -0.2397274180898166
0.5756391336289549 0.07887873544135184 0.3509901435904192 | 0.22739740124616642 -0.5150971187073179 -0.23597027648760385
0.5740384160808739 0.13323707926431816 0.4328613042497383 | -0.10903206831802284 -0.5215889356639147 -0.03179617573476666
0.5729573074599787 0.15220226644284915 0.510752549440036 | -0.05876286860270239 -0.5243457364421699 0.011094954713629517
0.5908935453482428 0.06397255089639581 0.5908649320533267 | 0.13727656273151545 -0.561160161730361 0.13705730578689015
0.5674065643917042 0.16550641487659068 0.6808890937027551 | -0.1909342014057277 -0.7742430951220071 0.17850018880781454
0.5890238354358976 0.008143199392111422 0.7320208971056225 | 0.06355715932087032 0.23031714498489572 -0.09409762155482097
0.6473756671082814 0.02055648144391322 0.1820522097510771 | 0.024729905754842272 -1.359803255190209 -0.1440835183311074
0.6587362634576477 0.15353537786663166 0.26877394976071844 | 0.12212582812169173 -0.6940053000295664 -0.26233969772636717
0.6799620231316224 0.18054656767195063 0.39497531326857677 | 0.2506977990417984 -0.7106734676019236 0.2870758571156325
0.6949794572202906 0.11031449941721239 0.43981710869667323 | 0.277576516753155 -0.9939388288926327 0.05559849354653995
0.6995848660919517 0.12211359728164771 0.5081067566582661 | 0.31633014371087725 -0.9916499387217049 -0.04886267368352738
0.6808876224538544 0.16550818347916896 0.5674034916888429 | 0.17849016774425963 -0.7741882714760595 -0.19094294717824253
0.6707875532850538 0.17679879880974483 0.6707878618986627 | 0.16484419003303624 -0.6474595441398899 0.16484846245528467
0.6547628895417373 0.0247497139911068 0.7635539098420717 | 0.04891633552549725 -1.2672520933332347 0.1652321087250637
0.7550941858271069 0.04686854702659314 0.19130705154717778 | 0.1630482998374626 -1.0985879493403972 -0.17289919740801474
0.7600924407178455 0.03882143745996385 0.29692905079243914 | 0.12649157718838558 -1.1326971127890093 -0.06574293552936224
0.732314027154177 0.007159400644280688 0.3602093555552797 | -0.07877626532150064 0.3173543178294285 -0.06740963647418309
0.7430400135959896 0.005942433316462036 0.4384033209384519 | -0.04381546979293738 0.010348875008632968 -0.01728948328696735
0.7409614009675063 0.006931759733932741 0.5116065615844928 | -0.05858464063948251 0.028961012112263755 0.02039416340192213
0.7320212876093256 0.00814298827934638 0.5890237997435226 | -0.09409710312429014 0.23031839853571331 0.06355637939455575
0.7635539117096843 0.024750039115981545 0.6547627981305135 | 0.16523314027429414 -1.2672499423037293 0.048916574969197844
0.7573974076902966 0.05039126052072928 0.7573974077061412 | 0.18624960161660967 -1.1238608679981885 0.1862496582051227
0.2253270903895926 0.4000511042566567 0.22532709834488931 | -0.003309748849672944 0.0041199657640304714 -0.0033097807222694786
0.23617535161799136 0.40000151306119375 0.3417757589287807 | -0.00203128639979432 0.0027803160602220076 0.006372081170734154
0.25164666024868604 0.26752679549078096 0.40001876697232275 | -7.163530648271182E-4 -0.6606673749809248 8.955281569730167E-4
0.17043350492208487 0.026563637685279914 0.4037417885741678 | -0.008373100456254159 -1.3458920187126375 0.1213544487555089
0.17103772133433445 0.003887583657204937 0.4844982349359192 | -0.08702368963872187 0.7789071071407538 -0.011933334368408577
0.20060399702376436 0.00697021422416397 0.5656648656490698 | -0.009580555131971206 0.2178634543924749 0.002855364412544095
0.18010773883950212 0.004368383983630659 0.650145607691891 | -0.07518036933013822 0.7080401810101767 0.04875906028562868
0.19091372748588037 0.028169367773524086 0.7564207148116477 | -0.1574223723324829 -1.212254736771856 0.15247069222217702
0.3417752611880985 0.40000161049353294 0.23617502387087874 | 0.006371643480141559 0.00278070320217761 -0.00203117483405357
0.34397131560753613 0.40011004555843976 0.3439609371149639 | -0.021200029717854278 0.005778649759176364 -0.021318144873930835
0.34542327627967573 0.09204910698055849 0.40758255577669866 | -0.009643762383068834 -1.873559664555686 0.0015308267346281225
0.3105366325969297 0.11157906025277277 0.40005611260319107 | -0.011923267569098015 -0.009515872896640252 0.005578497638136912
0.3002506535172624 0.057211749860870555 0.49585850110122637 | -0.03992380603562932 -0.900059134201 -0.018239432186766803
0.24960517302520832 0.14751991383843 0.5509986644722846 | -0.33427622235411003 -0.7758522653915392 -0.13618732190893182
0.2651903533470685 0.14527977550977705 0.6608140370874025 | -0.29164344462235814 -0.7637628266290002 0.1385359283722191
0.2945607968126541 0.034256773251690915 0.7636687739947561 | -0.08798878969986265 -1.1830358000298726 0.14517204120861357
0.4000000856935115 0.27973147633045337 0.25177479716622364 | 5.685656483318724E-5 -0.027745977406065207 -3.0235361853690106E-4
0.407503039492339 0.08873101272210526 0.345215613570323 | 0.002862558434340585 -1.8788843816504028 -0.006003466357807095
0.4545931751225426 0.06004966676915848 0.45511533704869217 | 0.13052264767666283 0.7061334051780899 0.14055482463320365
0.34900706890170163 0.13216693000756402 0.40866509497301456 | -0.062041608150749834 -0.9977466909922998 0.017271333549531746
0.3856646738920907 0.1173987878241335 0.4873115130884756 | 0.01884191116515367 -0.9096810460716829 -0.03179922502643992
0.35974265078983964 0.12406356776504729 0.5593593782881523 | -0.002037556250630467 -0.924765252757406 -0.013353769200797998
0.38079577623859423 0.15447782358949091 0.6870955211260761 | 0.0979882215681045 -0.7689925093808855 0.2018704937130069
0.3601713984818978 0.008149142588686773 0.7537215900448098 | -0.051947056397267787 0.2928472416363683 -0.01907858101159278
0.40369648036234945 0.02706951099383158 0.17035503873125454 | 0.1209145553337656 -1.344581817877732 -0.008384815288840828
0.4000636846287721 0.11157104947776604 0.3105249242003917 | 0.005271119649497607 -0.00829440778506972 -0.01141683119338428
0.40848086893353525 0.1337098422660507 0.34923772149331966 | 0.015913385627585354 -0.9791944239113387 -0.05669662924929234
0.39415556156366904 2.0399688247884398E-4 0.403821712946027 | 9.175382451003276E-4 0.006172699888209716 0.0010228031407186432
0.4304996055051664 0.0055656739638605505 0.5361015886752272 | -0.03414754969083671 0.5694060616818806 0.11147649562825328
0.4331148308047322 0.13088839107015046 0.5712973311458324 | -0.031232455729178224 -0.6238565004583893 -0.07495386793686966
0.43830129227688563 0.09713367251622408 0.7015865564019881 | 0.05020413123692167 -1.0641709232024226 0.31358658450181026
0.438130553977507 0.006056134773207272 0.7513148881940159 | -0.021664904048376673 0.050555274279048316 -0.017061439013184604
0.4844726589036358 0.003919732885290276 0.17100755660661077 | -0.011918591638155049 0.7789273032348822 -0.08723133365766002
0.4958292812320092 0.057490374365374804 0.30021431959879297 | -0.017278395512438215 -0.8982920729064624 -0.04089198297564254
0.48734520808568915 0.11736719176051505 0.38590595416834905 | -0.03083999053470218 -0.9109462985115334 0.019389322958190798
0.535965857374416 0.005437936995840836 0.43051073238626475 | 0.11110730887429943 0.5694274757725685 -0.03392573020753984
0.5104743259054118 0.030268353895996462 0.5104867626153172 | 0.19279495526423227 -1.5290335898510778 0.19375982457531837
0.509482220689894 0.14161748204442035 0.5685974746450652 | -0.014303120508763516 -0.6380180822869989 -0.08938435760603602
0.5093609351142492 0.1072984428235992 0.7071225674925111 | -0.04924661766223296 -1.0919328573014186 0.35334550590936153
0.5118479735436201 0.008028459230687887 0.7502387356647423 | 0.025283083063469516 0.04639429265230982 -0.023904712118317004
0.5656540793753618 0.006980140504137508 0.20058162319580264 | 0.0028291002715117174 0.21785181501440434 -0.00963921298718496
0.5510123313524745 0.14753213228568082 0.2496272323965361 | -0.1357575130405692 -0.7752243972696324 -0.33382924616242654
0.5594068163432117 0.12404439246567942 0.3596965087697081 | -0.013482820096975061 -0.9232139407372625 -0.002198163269383181
0.5710207341677119 0.1309785094823121 0.43315324090762725 | -0.0754053019031441 -0.6223917541385472 -0.03099376668754696
0.5686472663078562 0.141581892415815 0.509485645623867 | -0.08885951073803462 -0.637137260452092 -0.01447664007601275
0.5866841769170484 0.12134811767179943 0.5866851359739398 | 0.0017280498002025914 -0.8548297795885145 0.0017395578138192686
0.5754635139247339 0.14105177563585983 0.6949718091624427 | -0.1393777509466081 -0.9135849224129613 0.29494478010546676
0.5879201833642557 0.008957874081619053 0.7553381121442942 | 0.04737060414408287 0.23074002475375327 -0.014461977743459331
0.6501451097633743 0.004371710640297462 0.1801134642786814 | 0.04875037169943326 0.7080349999494627 -0.07515543892534148
0.6608079919412636 0.14529485235279127 0.26520030683229456 | 0.13846281608346422 -0.7634769455243687 -0.29164916931649626
0.6870719959356588 0.1544624047844697 0.38079358816136727 | 0.20188138239463294 -0.7690754195767862 0.09805449537812534
0.7015763380400343 0.09711062446428871 0.4383008115440101 | 0.31335502791637054 -1.064539211826199 0.05016952154575477
0.7071173563266725 0.10729590591353429 0.509358529305299 | 0.3533507601738014 -1.091897336025992 -0.04926975700361667
0.6949725989064026 0.14105041640605345 0.5754606352574961 | 0.294954741350162 -0.9135888692287464 -0.13940821672533724
0.6750792870436281 0.1676635533019569 0.6750795625182633 | 0.18542193736053136 -0.7001255076556773 0.1854250218743756
0.657705474050078 0.01563193582142396 0.7683411476655259 | 0.06266839743538476 -1.3349674729360008 0.1901679459818674
0.7564199167774596 0.02817141128355357 0.1909145692975792 | 0.15245785289305766 -1.2122311543349387 -0.15740759808554675
0.7636695577666648 0.03425328777397924 0.2945602687019568 | 0.14516489353681375 -1.1830590782642019 -0.08799083353408979
0.7537202884527562 0.00814857893514265 0.3601721495142006 | -0.019083898055865467 0.29285463450234384 -0.05194462142518823
0.7513139622363224 0.0060575685567341615 0.43813085643723065 | -0.017071320468741262 0.050560546784559415 -0.021665736622257924
0.7502398700073749 0.008028185927213603 0.5118479692346521 | -0.023899774449930963 0.046396392159557924 0.02528193007379343
0.7553383087583896 0.00895767950814663 0.5879202558956813 | -0.01446161370199179 0.23074047938438713 0.04737033089986714
0.7683411621281523 0.015632357696782975 0.6577053989191199 | 0.19016931921384492 -1.3349645412431628 0.06266878161493114
0.7608751966012651 0.014101902631125427 0.7608751918304156 | 0.18238151167846495 -1.2852734763600488 0.1823815216639159
0.23942760229941776 0.40004600190329853 0.23942760998924364 | 0.00498655323455471 0.0039487850231747145 0.004986525007665904
0.2422307416645387 0.4000016262909018 0.34188467932271305 | -0.0037185212037102945 0.0032419640164595893 0.004673347184527867
0.23320918588172618 0.09036514066338125 0.4061053966852801 | 0.0013099403320165764 -1.8271770589869794 0.05542854446536987
0.1918138186759429 0.09339585705435659 0.40000897177705197 | -0.004503426124317782 0.005631592262077416 0.003099892735664655
0.19331695815279495 0.004902506278060531 0.47644026465872164 | 0.007669024676096965 0.6016284501063573 -0.04234943804032155
0.1726579369250257 8.830739211642346E-4 0.5633585613370826 | -0.13662277416855761 0.6832865476605672 0.017660966857241563
0.1818123397805577 0.005253345447676301 0.6520457432177122 | -0.06738321810589502 0.6757635108754567 0.052054151513041755
0.1924348053846968 0.019018834623081786 0.7549910516755195 | -0.14414521156210244 -1.242605676555824 0.14073985372576553
0.3418846628590171 0.40000157416690624 0.24223061678701943 | 0.004672981774509003 0.003242246873803629 -0.0037184084684385803
0.34255853357056426 0.4001596394990979 0.34251997431461023 | 0.01783199827209634 -0.03573587568337389 0.01841237101029246
0.34563240921722804 0.08637579587068198 0.4082090583615065 | -0.010948635582340584 -1.912161286209008 0.006672156516799157
0.3098954505995708 0.10477634999488762 0.40000628751034406 | -0.011404383346297281 -0.01019116434216445 0.005993639565699573
0.2918416723633394 0.10596712571367964 0.4866706268614552 | -0.07461744685289275 -1.1414785200941286 0.028348067312739516
0.24195999544666347 0.1297281025549817 0.5565067140548847 | -0.3436441084059828 -0.8213068875621704 -0.08519830425677435
0.2608839624132367 0.13628639292033573 0.6632836645916259 | -0.30800042033566294 -0.7951925266031743 0.15396496484803032
0.2924363231777445 0.029244011561748325 0.7635171527828603 | -0.1086149052525012 -1.235784742237442 0.13506888103463546
0.4058677868741155 0.09020084947211372 0.2334801918368415 | 0.05530441024461208 -1.8259832889682261 -2.775497105755436E-4
0.4080692479975246 0.08483657009956795 0.3455023872465916 | 0.006470386229728282 -1.9137276924332847 -0.007345099743295611
0.4546689323592132 0.062131695747162693 0.45522868048431103 | 0.12317352188362184 0.560590577619837 0.13365664711639336
0.3624319812315955 0.07794932767268416 0.41413643309328085 | -0.059270430827303724 -1.06837334131625 0.03433079885379313
0.38485226206929135 0.08317773051476167 0.48535578178307087 | 0.04277080027325217 -1.0825416592933452 -0.03503277739339138
0.35970368416416365 0.13401029490984032 0.5605257525461965 | -0.014097287482486181 -1.1073302307019017 -0.04890026965248475
0.3665918038117609 0.12115002035685642 0.6765430997172013 | -0.01404515119484986 -0.7339745298230512 0.12362506064661967
0.38187697084089955 0.006842326091160963 0.805577049376465 | -0.03911454863712977 0.9200035078179769 0.2548985309505274
0.4000410983874538 0.09473229217218002 0.19246202667569157 | 0.0030616639966119076 0.005671888517197628 -0.004303854749122479
0.4000029261442439 0.10475334251424491 0.30988873083951324 | 0.0057605170378247925 -0.00917275131555308 -0.011022423370960316
0.4129416980181821 0.07907029652557465 0.36274478205928457 | -0.017261889670536053 -1.0622374182205665 -0.03802897905533216
0.4075848051760186 3.5352943094453494E-5 0.4086527412394962 | 9.631779571497496E-4 0.00625603133914826 0.002777101650205547
0.43227118705739054 0.010077214678177576 0.5317823274542174 | -0.03428413175609163 0.43404628881249974 0.10078218707415298
0.4341133520793021 0.12368950083191486 0.5650401839301972 | -0.02750528882092281 -0.7653824713135703 -0.06399627054611419
0.43802062632681554 0.09376702548368399 0.7007311856276222 | 0.04039875978804325 -1.1298649765868736 0.31568280140878946
0.4443076351822748 0.008022462843137573 0.818057870161445 | -0.004180411901010687 0.9039926460294808 0.32188732303687084
0.4763912255693697 0.004906405798414562 0.19331408091414873 | -0.0424833648614658 0.6018799343209114 0.007670514822615907
0.4866971024823909 0.10592415696694822 0.2918903682585711 | 0.02841615592890629 -1.14002300184403 -0.07492590538736311
0.48541885652018474 0.08334977800256357 0.38505917460338335 | -0.03404543320645439 -1.079586000348722 0.043079677377181456
0.5316491493344994 0.009966589427805508 0.4322760257706944 | 0.10021381053406371 0.4338534148874312 -0.034185983131112284
0.5068087693196377 0.019228560963485228 0.5068327617861205 | 0.1623553062536551 -1.7522224770735955 0.1634286728784813
0.5086176400360876 0.13124722211088577 0.5594615580134025 | -0.0177839015487332 -0.8021702260589602 -0.12751559685598648
0.5099010016265884 0.10349006370758339 0.706041709222771 | -0.038395188862259524 -1.2027760951030364 0.36807363075217736
0.5053640380856191 0.008500979176680355 0.8172487504255421 | 0.003270092749402231 0.9074784769030249 0.31770095729854725
0.5633468975540016 8.369040095066362E-4 0.1726728565988617 | 0.017592041269108436 0.6833653710532389 -0.13637150945232607
0.5565331940357716 0.12976620217613982 0.24201950368063108 | -0.0848300334561108 -0.8200434504655519 -0.3431158364126193
0.5606137704441883 0.13405599816388603 0.35964816236994535 | -0.04854706253758541 -1.1063270700364525 -0.01464499114204582
0.5647295528212188 0.1237312635568612 0.43417153737378933 | -0.06487314832755763 -0.7635566320783961 -0.027398318987872414
0.5595022820521891 0.13122928418575436 0.5086178887274446 | -0.12709388854896994 -0.8007432432142857 -0.018087767849515022
0.588649399935495 0.13085989830494768 0.5886531088291798 | 0.02468075388039441 -1.1456890981314198 0.02471668710513175
0.581738412790015 0.11642369359936368 0.6960176687002542 | -0.03769323737278029 -0.9089736942813144 0.22448840565118186
0.5642951664582868 0.008458813160006632 0.8163362183260913 | 0.002766042619154422 0.9233852217373748 0.28030443543267264
0.6520452552841023 0.0052611801870767185 0.18181789915142474 | 0.05204757643466843 0.6757349832896784 -0.06735970738536486
0.6632756231724978 0.1363069107216967 0.26089898089208524 | 0.15387629654908225 -0.7948886656964658 -0.3079813490503718
0.6765294723325315 0.12113877932958765 0.3665878468259008 | 0.12365224521755716 -0.7341339250166662 -0.014072755386467432
0.7007203101001607 0.0937593701777286 0.43802237035304603 | 0.31546546217314286 -1.1299642033814536 0.04043216319788418
0.7060363021002544 0.10350660906245639 0.5098986951255221 | 0.36803811965896965 -1.2017966864808056 -0.03837908911697463
0.6960185430040824 0.11642121751665743 0.5817376815671839 | 0.2244693084044194 -0.9089948454959135 -0.03767740892394232
0.6782803827950871 0.1543675795910577 0.6782806184576933 | 0.1744480480111564 -0.7166079930159974 0.17445003262213518
0.6599586912573525 0.011570428309455783 0.7687561993870758 | 0.08625995187382464 -1.3656452825857135 0.18342214678380314
0.7549912211584777 0.019019431002790816 0.19243461166474618 | 0.1407419892698847 -1.2426001532556183 -0.14414637733218869
0.7635185650472729 0.029241567753141434 0.2924360697174576 | 0.13506919473051582 -1.235801626601861 -0.1086157636132982
0.8055775387113298 0.006842929319094299 0.3818776612376869 | 0.2549004770402597 0.9200072712732712 -0.03911052940305119
0.8180572269736219 0.00802397242975179 0.44430769703553424 | 0.32189313721808566 0.9039898985435771 -0.004181240202276813
0.8172492341655985 0.008500632859555973 0.5053640834184624 | 0.3176991297995465 0.9074769772212744 0.0032676420183861514
0.8163364150631588 0.008458817264069829 0.564295389923456 | 0.28030660344433034 0.9233857075417227 0.0027675115303064718
0.7687561810254037 0.01157082991599506 0.6599586353492652 | 0.18342321618928925 -1.365642501426565 0.086260311685654
0.7570347219167567 0.006295668911815479 0.7570347139335067 | 0.07439328655135564 0.5931934733727133 0.07439326878219255
0.25213007088753747 0.40000718712305305 0.2521300802829471 | 0.006790556998881983 0.0016442376005455321 0.006790653187052889
0.2498498871448597 0.4000012233897605 0.33922821154863536 | -0.0018716710705401678 0.004522040072593557 0.0025106358133683932
0.22447106609113476 0.036279925627676235 0.40002392698141576 | 0.006738340422846739 -0.013936173306720681 0.005867192643236273
0.2128153150513247 0.10726544995338225 0.4000043334735028 | -0.006029051327845145 0.0038598234826454276 0.005029302369978197
0.23273896571699618 4.517823117641659E-4 0.47956549395308107 | 0.13283982102235187 0.08094230543930002 -0.02129061339824247
0.20624099788938705 0.009500390294752012 0.5647554131861798 | -0.02539968564732549 0.4127755161435255 0.005209273772551816
0.18874028560905626 0.009154871527202013 0.6537857174768964 | -0.044880356602191786 0.5848222405124166 0.05889078282577773
0.20050128294210012 0.006799962864696351 0.7475278476766295 | -0.046750289131572295 0.41724457628017386 0.04801244076832946
0.33922818798137083 0.4000012065294853 0.24984966577103243 | 0.002508822135342563 0.004521026489438255 -0.001879361388605305
0.337529396272488 0.40002619250648047 0.3375278235956027 | 0.012542755644448494 -0.052044305438550334 0.012520481274033126
0.3316537111016085 0.04423074810905005 0.4441949933261536 | -0.030574049502452957 0.21611315489889532 0.026420433583139044
0.32427354019040866 0.09301021228907448 0.40005653988634843 | -0.009186367973551166 -0.029080181927622347 0.00955339575222428
0.2979248740855805 0.047848599394712414 0.4952965776914961 | -0.04682018018128643 -1.17899291615818 0.010072116127564285
0.25849832334765405 0.10231122220971454 0.5692638927599293 | -0.13039270198330694 -0.8186075194900911 0.009401169835312785
0.2586484895758521 0.12230918630027356 0.6667043664192018 | -0.26653811978037645 -0.8254145688230273 0.15868142531127138
0.2900262187512831 0.017007946902840056 0.7601527508966578 | -0.11600142766699417 -1.3474239803513128 0.11622910047660659
0.400003851577182 0.03643984819583155 0.22430512094691094 | 0.005942900257489924 -0.014062612519408442 0.00673635956688589
0.44530440636131025 0.04472588788887744 0.3301116316085596 | 0.03181512992738685 0.24984134089109228 -0.0371722648489786
0.4901317139003359 0.050123176351062476 0.49013094460661016 | 0.17445481754010914 -0.14358525235083322 0.17392556046701196
0.3357743155801198 0.008017670840736511 0.4088848964451303 | -0.09770390803698158 -1.1323212417921902 0.049433321546151786
0.37478005321690705 0.022215440342462374 0.4829548780731683 | -0.02023769172046583 -1.3305412305248576 -0.001224694006111099
0.35876387930428205 0.05854129454479025 0.5663781642604186 | -0.052113919600063764 -1.2817397917356421 0.03498394462267002
0.3611448301195192 0.05913304790828054 0.6578666414043097 | -0.08350903506667295 -0.9633324148611936 0.020774128220373347
0.3649433454491248 0.009421223017133587 0.7428931060567225 | -0.10652525243522822 0.5294477044373946 -0.03192083058825348
0.4001323834310001 0.10784995970004824 0.21352955479873392 | 0.005040663862384714 0.0036166657355791373 -0.006366134217561269
0.40004753341444055 0.09299279113990357 0.32427302826437177 | 0.009431439753848136 -0.029514711656384585 -0.008803284569526506
0.40872940483215636 0.007160107480154842 0.3342271521603655 | 0.052686074107422085 -1.1368746468310935 -0.12934385051906896
0.4248608146128011 1.7254233748687143E-4 0.4260172178847697 | 0.002308320180730691 0.004784213213930608 0.0034454712849904005
0.43217482360613 0.010456450178870598 0.5323632418925991 | -0.04383086077357785 0.1384667213086767 0.11712432664031838
0.43611178190863104 0.07896816857981497 0.5759694729096358 | -0.01799398583121203 -0.908627136034778 0.022171766679185034
0.43667966291208793 0.0752130402723831 0.7038791918601949 | 0.01658987901334168 -1.1088690451937702 0.2109943949776737
0.44007776696355894 0.013680623430737315 0.7628224615243322 | -0.047427445304048285 0.6143020487091171 0.008708527434063596
0.4795649041212679 4.6025402155867694E-4 0.23274048702075073 | -0.021176846524586103 0.08043929861074457 0.132912406180235
0.4952875873234067 0.04798186527459078 0.29790956986705 | 0.010239952681489594 -1.1771228555961344 -0.0471426630164069
0.4839861621482431 0.022559946992228685 0.3746449622492805 | -0.0011258588756264266 -1.327781383188636 -0.018701161529851146
0.5321800216990311 0.010326264629674873 0.4321908598799645 | 0.1163079759622619 0.13799160520117107 -0.04368999182294783
0.5306185206148376 0.005511029387395236 0.5307167285570861 | 0.1237830166733354 0.6861653437745016 0.12446706614660616
0.5007301640974934 0.08244571879215704 0.5725694333481901 | -0.09411113973522034 -0.8575648135994584 -0.07583256640372105
0.5125228460198192 0.08021671011544008 0.7097571726194007 | -0.008016001695651828 -1.1760097340728042 0.2610368230073094
0.5102843073007595 0.014440811423948515 0.7562831110627837 | 0.04171678273141622 0.5692702718565822 -0.01617552177624934
0.5647466456421985 0.009491942934935084 0.20622182898660557 | 0.0051665852559764506 0.41272513778301884 -0.025443558443089702
0.5692959149310397 0.10226906477558531 0.25857662948291293 | 0.009474971820385843 -0.8176165355903233 -0.1301665517920424
0.5664177094152736 0.05852408403443677 0.3587405911551192 | 0.034476691802624325 -1.2813806958553078 -0.0522486910882016
0.5757083621191429 0.07923046702020303 0.43612272977446837 | 0.021993180232386687 -0.906186787187577 -0.017909780249530053
0.5726122006788926 0.08240145881725135 0.5007173751438766 | -0.07507832494790928 -0.8566336959441729 -0.09448493822516071
0.5878004021125639 0.06946963219116643 0.587782884645982 | 0.07552104726777743 -1.1365782169634473 0.07537771290800659
0.5871808004642748 0.05518007272278831 0.6712807105978116 | 0.07028772374849944 -0.8898437710143394 0.007984946340908
0.5801534584476445 0.008796610392699196 0.7559386141777046 | 0.0994426805479806 0.6130229684295472 -0.01882800236832674
0.6537846828694326 0.00915921349237767 0.18874516778169886 | 0.058877153016068516 0.5847982130525106 -0.04486790835782025
0.6667023431659402 0.12231959438381122 0.2586546700500553 | 0.15863890006236162 -0.8251631722159035 -0.2665549176588743
0.6578823928902834 0.059127011705865776 0.36114131714714953 | 0.02115348157143057 -0.9631685263530572 -0.08362425953139413
0.7038608870882025 0.07526957990043641 0.4366797888458041 | 0.21108991565925014 -1.1087593309974568 0.016590022371167846
0.7097612020247179 0.08022043363913968 0.512520902161546 | 0.2612356878139459 -1.1759733146054079 -0.008056570922240915
0.6712830213350118 0.055180359059180756 0.587181867557931 | 0.007944197693824854 -0.8898368228177413 0.07030662624624741
0.6788805688758599 0.11932095846951503 0.678880638971738 | 0.13732140189386666 -0.7516718279554695 0.1373220402064664
0.6625624697918329 0.001622605117456212 0.7634366169683258 | 0.10233464337777988 -1.4214824843582574 0.1313687103866611
0.7475280785780732 0.006799871131159618 0.20050088969276855 | 0.04801350154516632 0.41724586168429667 -0.046751631761229616
0.7601547803256327 0.017007078857020793 0.2900264290448944 | 0.11623377803962553 -1.3474349756378134 -0.11600042436503818
0.742894850476758 0.009417641032342456 0.36494315898666596 | -0.031907177650880914 0.529453709974055 -0.10652107999287803
0.7628169594969071 0.01368552508391408 0.4400778779859956 | 0.008660804052597625 0.6142812178657183 -0.04743188200280263
0.7562843364893412 0.014441219901739378 0.5102843608730794 | -0.016169397813974182 0.5692655667609026 0.041717011123635475
0.7559382215607352 0.00879637714411063 0.5801535564532567 | -0.018832171383328114 0.61302571154741 0.09944358995918587
0.7634365299224478 0.0016227769279325158 0.6625624701613972 | 0.1313690642602732 -1.4214809678040252 0.10233486560261507
0.744590011010381 0.008141803909087543 0.7445899888905951 | 0.022882022294909907 0.34840552804327835 0.022881935560757443
