512
0.2737167435749581 0.0020435741351092327 0.2737167435749574
0.2391452443951193 0.04305756762767837 0.29616784569465776
0.26928000442144917 0.008724206639085127 0.34765770541646374
0.26209732248532014 0.007014670277759612 0.434283126582357
0.25603135311079644 0.006399964043031159 0.5179874657157186
0.2721152424214065 0.006610324731754611 0.6034601648908798
0.3000911058742718 0.020529611258304513 0.6707909203744514
0.28954901811322165 0.002703734797899184 0.7065946592969062
0.2961678456946587 0.04305756762768166 0.23914524439511248
0.2880141552021541 0.0962811557712035 0.2880141552021549
0.31878273418622555 0.0452230397270521 0.34735365523301515
0.31256538274099194 0.06540708105646888 0.4273653832326595
0.29845262152351937 0.06949732459640753 0.5228231742749035
0.3169425389882496 0.039949452214500414 0.5935885845821208
0.2889867743107157 0.08894521097521034 0.6549785062895681
0.29916761018543725 0.08504782936074205 0.7299081726686073
0.34765770541646435 0.008724206639095074 0.26928000442144795
0.3473536552330145 0.0452230397270522 0.3187827341862256
0.34940035199354363 0.1285223535814392 0.34940035199354325
0.35191458101130374 0.09557792971339263 0.44440843581216344
0.3555850223795543 0.09585226962982228 0.5076845001773231
0.3464233445841612 0.12111096901286775 0.5972257517428767
0.34542550227010627 0.03986250924125332 0.6334259458515769
0.3644414065755769 0.10130775544427882 0.748081870677283
0.43428312658235707 0.007014670277764825 0.2620973224853151
0.42736538323266055 0.0654070810564688 0.3125653827409892
0.44440843581216405 0.09557792971339006 0.35191458101130635
0.4416035945307319 0.025514917086362655 0.4416035945307329
0.44090657791493787 0.030372662900921728 0.5125963343052966
0.44036140806138124 0.055832441517187484 0.6122903950906806
0.42705334978386394 0.00330696388888999 0.6214002051524983
0.43170355991734377 0.05641063386469447 0.7467007699036027
0.517987465715719 0.006399964043024672 0.2560313531107999
0.5228231742749059 0.06949732459641164 0.2984526215235233
0.5076845001773231 0.09585226962982488 0.3555850223795552
0.5125963343052969 0.03037266290092422 0.4409065779149372
0.5095360192813176 0.04249053308981784 0.5095360192813169
0.5053018633948863 0.06462729560652962 0.6054927837327362
0.5251559567238245 0.015327098788028074 0.6278773960593332
0.5178580772291037 0.06528941274249028 0.7496371451418975
0.6034601648908796 0.0066103247317470925 0.27211524242140944
0.5935885845821222 0.0399494522145036 0.3169425389882482
0.5972257517428801 0.1211109690128686 0.34642334458416546
0.6122903950906801 0.05583244151718061 0.440361408061381
0.6054927837327371 0.06462729560653739 0.5053018633948845
0.5968144490821229 0.11480377503291767 0.5968144490821234
0.595880947763905 0.053847008742744736 0.6473409623554784
0.5903722637895316 0.08562975928291627 0.7441998859527411
0.6707909203744541 0.020529611258301755 0.3000911058742711
0.6549785062895677 0.08894521097521246 0.2889867743107157
0.633425945851577 0.039862509241260134 0.3454255022701036
0.6214002051525068 0.003306963888891884 0.42705334978387394
0.6278773960593201 0.015327098788037678 0.5251559567238322
0.6473409623554853 0.053847008742749794 0.5958809477639019
0.6460591233367347 0.0032228183875251592 0.6460591233367403
0.6420620748990078 0.03617737466045385 0.7261241287842125
0.7065946592969014 0.002703734797894644 0.28954901811322215
0.7299081726686067 0.0850478293607387 0.2991676101854378
0.7480818706772799 0.10130775544427977 0.3644414065755775
0.7467007699036022 0.0564106338647005 0.43170355991734444
0.749637145141899 0.0652894127424817 0.5178580772291088
0.7441998859527394 0.08562975928291937 0.590372263789534
0.7261241287842127 0.03617737466045264 0.6420620748990091
0.7264928414603921 0.04197000131398769 0.7264928414603924
0.20070103490312774 0.012110253031528712 0.20070103490312965
0.17137295077421416 0.013891277712060886 0.28738411140174513
0.16920010678355266 0.024561828584276232 0.39030679004793944
0.3193060526882806 4.0255581639616E-5 0.4254399044502794
0.3306169858703569 6.573059111917564E-5 0.5209362254587283
0.17069496496539507 0.0243976768312454 0.559723756990891
0.2093979728466972 0.02469194637437431 0.6566308346652541
0.2268568379927914 0.01476149154865999 0.7239286932614909
0.28738411140174375 0.013891277712060265 0.17137295077421355
0.28883940834071153 0.07562958293673386 0.28883940834071226
0.32834411704323385 0.0038758060560327035 0.3419926537148761
0.3200699100514687 0.004648418811733858 0.41805791825739097
0.3093232468011304 0.02419301309914765 0.5172589645565416
0.32192739622606337 0.00318860727736253 0.5972245974675288
0.28981727886614894 0.0688317541996768 0.6574785139997473
0.2832100958781471 0.04088977267575679 0.7851200009129123
0.390306790047941 0.024561828584273245 0.1692001067835536
0.3419926537148762 0.003875806056032021 0.32834411704323263
0.3532525905529775 0.08767278465048764 0.3532525905529766
0.33996732132165647 0.030218751982260348 0.430745240484737
0.33986938804918904 0.0274355837216952 0.5193732781732111
0.35317001336670717 0.07922092632313037 0.5953033903877588
0.33878119667405293 0.0018415089281803368 0.6257402434108217
0.3764618804263625 0.013614578144311554 0.8119566612957907
0.4254399044502784 4.025558163792345E-5 0.31930605268828105
0.4180579182573934 0.004648418811731985 0.3200699100514696
0.43074524048473684 0.030218751982254783 0.3399673213216577
0.4301122126919101 0.008357927355796737 0.43011221269191063
0.43211447105857487 0.007275305349937531 0.5172837752283788
0.4163751289641647 0.006321046956966582 0.6125839652533472
0.42728898769077966 9.485717594201113E-5 0.6424230050586196
0.43422525813971197 0.00296860808495697 0.7055746426204085
0.5209362254587284 6.573059112082721E-5 0.33061698587035854
0.517258964556546 0.024193013099157848 0.309323246801135
0.5193732781732122 0.027435583721700615 0.3398693880491837
0.5172837752283777 0.007275305349937544 0.4321144710585738
0.5101869691923668 0.01936475804657695 0.5101869691923658
0.5318326948064747 0.004898004423312503 0.6075883282540171
0.5362208242919465 2.7883908118263263E-4 0.64187779649279
0.5115429888750676 0.004649006178393311 0.7267128078972538
0.5597237569908923 0.024397676831243095 0.17069496496539616
0.5972245974675292 0.0031886072773660906 0.32192739622606514
0.5953033903877578 0.07922092632313542 0.3531700133667144
0.6125839652533418 0.006321046956957136 0.4163751289641589
0.6075883282540296 0.004898004423325494 0.5318326948064708
0.586812726712972 0.08005426835190818 0.5868127267129734
0.6032465304417228 0.0011552424195228196 0.6352645552518793
0.5761775469825776 0.002348333386469675 0.8187311191475881
0.6566308346652535 0.024691946374373934 0.20939797284669637
0.6574785139997474 0.06883175419968042 0.28981727886614794
0.6257402434108206 0.0018415089282032234 0.3387811966740555
0.6424230050586209 9.485717593479403E-5 0.4272889876907851
0.6418777964927759 2.788390811981275E-4 0.5362208242919525
0.6352645552518711 0.0011552424194886048 0.6032465304417247
0.6677718432519175 0.06395002167075617 0.6677718432519194
0.662959448735543 0.05069765946168788 0.7866550674694378
0.7239286932614953 0.014761491548672153 0.2268568379927887
0.7851200009129106 0.04088977267575753 0.2832100958781465
0.8119566612957982 0.013614578144314698 0.37646188042636164
0.7055746426204169 0.0029686080849563195 0.4342252581397118
0.7267128078971785 0.0046490061783886405 0.5115429888750884
0.8187311191475867 0.0023483333864688575 0.5761775469825717
0.7866550674694381 0.05069765946168657 0.6629594487355432
0.7183236010379378 0.004412236077591791 0.7183236010379376
0.1686088768067666 5.284552643899519E-4 0.16860887680676692
0.17024122786938442 0.018530649771339544 0.2854804726483638
0.1763193741898783 0.021927908703613958 0.37783650014681136
0.25926392126293063 5.319431540298126E-7 0.4359628490832859
0.26483211043871735 7.005517140081877E-5 0.516889020773057
0.1730621646125529 0.02528469531699836 0.5688260212563689
0.17326597960315424 0.023432655079198655 0.6563390919060952
0.1773150509645867 3.338573410223227E-4 0.7757488851007408
0.2854804726483623 0.01853064977133817 0.17024122786938428
0.28455231553064797 0.020106280658815777 0.28455231553065063
0.25238789198337835 0.061384428389250185 0.377400509271843
0.24704106236430196 0.03176878342086399 0.4436701668727494
0.24822282159962059 0.03490015237505329 0.5091145193211523
0.24467233729378277 0.042382301207502804 0.5835320243994786
0.2863799021068203 0.003605364147083554 0.66903018385368
0.28454696669011265 0.015841037119251868 0.7856778645424741
0.37783650014681075 0.02192790870361366 0.17631937418987864
0.3774005092718428 0.0613844283892506 0.252387891983378
0.3614919878488695 0.07114120687484453 0.36149198784886855
0.3364555136275234 0.0018463731534929559 0.42753130979435283
0.33765576648832313 0.004505986019184159 0.5207832443311831
0.36517623880539934 0.06167388026724795 0.5894717448792116
0.38572049540034403 0.062341243665033644 0.6790122698059111
0.36874023930811745 0.015826077678125498 0.764312832766857
0.4359628490832861 5.319431549041098E-7 0.2592639212629292
0.4436701668727499 0.031768783420863575 0.24704106236430598
0.4275313097943523 0.0018463731534916121 0.33645551362752235
0.4297761043346325 1.446124552862323E-4 0.429776104334633
0.4296648110743283 0.0012711417045235696 0.5185588668673676
0.40427631935980196 1.3859702452566068E-4 0.6145904847303305
0.44213506312204764 0.006461931792450963 0.6771584942580093
0.43533964295810723 7.002375548849622E-6 0.69390606135477
0.5168890207730563 7.00551713985539E-5 0.2648321104387166
0.509114519321153 0.03490015237505463 0.2482228215996105
0.5207832443311833 0.0045059860191859315 0.33765576648832213
0.5185588668673663 0.00127114170452505 0.42966481107432736
0.5171827526302245 0.005163660395881465 0.5171827526302227
0.5517559511045624 2.743693663157219E-4 0.6185322339880455
0.5084149604474266 0.0071105209024644 0.6794262790031195
0.5169722658931711 3.578289073868327E-5 0.6850273453332626
0.5688260212563689 0.025284695316998132 0.17306216461255336
0.5835320243994815 0.04238230120749746 0.24467233729378282
0.5894717448792072 0.06167388026725724 0.3651762388054101
0.614590484730332 1.3859702451850568E-4 0.40427631935979
0.6185322339880531 2.7436936631467537E-4 0.5517559511045605
0.5749893133582025 0.05932009019811233 0.5749893133582041
0.5984223478553412 0.020365888635958326 0.6474422541985048
0.5800347940789068 0.009981215098254718 0.7685170736856947
0.656339091906095 0.023432655079197687 0.17326597960315554
0.6690301838536822 0.003605364147087492 0.28637990210682107
0.679012269805913 0.0623412436650281 0.3857204954003444
0.6771584942580042 0.006461931792438366 0.44213506312204365
0.6794262790031237 0.007110520902477076 0.508414960447419
0.6474422541985243 0.020365888635983986 0.5984223478553324
0.6704543484042262 0.006716301103496024 0.6704543484042286
0.6670458715665168 0.015323582010535504 0.7904054605984646
0.7757488851007416 3.3385734102390737E-4 0.17731505096458516
0.7856778645424733 0.0158410371192531 0.28454696669011276
0.7643128327668595 0.015826077678129644 0.3687402393081185
0.6939060613547741 7.002375553165431E-6 0.43533964295810806
0.6850273453332533 3.5782890743668756E-5 0.5169722658931726
0.7685170736856946 0.009981215098266718 0.5800347940789082
0.7904054605984648 0.015323582010532308 0.6670458715665175
0.7696397748483124 0.006697004792514526 0.7696397748483124
0.17462219453271402 0.019545966496236803 0.1746221945327149
0.16724583884315433 0.021864402951395464 0.28357964254102674
0.17778878163033213 0.011134894624101659 0.373457554805884
0.13442601547451669 0.02446604210282487 0.4406255645892667
0.1323273763664356 0.01908305218511713 0.5087889195376206
0.1733908537838455 0.014582761146784686 0.5727787042620115
0.1567377717175428 0.02580741100047175 0.6601953246800717
0.1673219635519178 0.02354199808346293 0.7798202126535492
0.28357964254102513 0.02186440295139568 0.1672458388431541
0.27766805286900237 0.004862331742573996 0.27766805286900237
0.246575595277036 0.03459911685647719 0.3747349725159336
0.23691686451546493 0.0012606150166109276 0.438312791971463
0.2459067107736439 0.00521292358696286 0.5158899866439045
0.24285701641686322 0.0176720588287242 0.5897756310755664
0.28294684761934613 0.008714162690539424 0.6725916597422049
0.2813761129071639 0.01714600207728132 0.7888404036900656
0.37345755480588305 0.011134894624101091 0.17778878163033232
0.3747349725159339 0.034599116856479276 0.2465755952770351
0.38527328216907175 0.06507053727563294 0.3852732821690716
0.3931152349611624 0.012133707866334758 0.464151507333429
0.3915360259788245 0.016448955906494818 0.48479385581962475
0.3974504576706606 0.06600721963579365 0.5663360343370355
0.3865719074144726 0.046569171766746256 0.6801416141574117
0.36827188998922933 0.0060608001491985475 0.7633521179006091
0.44062556458927576 0.024466042102824426 0.13442601547453778
0.4383127919714615 0.0012606150166088442 0.2369168645154723
0.46415150733342964 0.012133707866335428 0.3931152349611618
0.4300799445219498 2.87903362513776E-5 0.4300799445219501
0.42987333332734823 3.1637244457274E-5 0.5181314472504139
0.46409207997936486 0.0029099887068740316 0.5724100677742996
0.43724658244306547 0.008611302820514323 0.6876667310098019
0.4372561809011615 0.014642465540639587 0.8202702394790217
0.5087889195376298 0.0190830521851204 0.13232737636641417
0.5158899866439024 0.005212923586972267 0.2459067107736359
0.48479385581962375 0.016448955906493336 0.3915360259788223
0.5181314472504134 3.1637244457442484E-5 0.4298733333273468
0.5173954208258941 1.3223306551696115E-4 0.5173954208258924
0.48225279620718975 0.002363503605210853 0.5767962642091382
0.5113935244641081 0.0041962191247382884 0.6838011740921633
0.5095058451729277 0.0115324310786179 0.8136741002575418
0.5727787042620107 0.0145827611467856 0.17339085378384597
0.5897756310755667 0.017672058828721693 0.24285701641686494
0.5663360343370428 0.06600721963578156 0.39745045767064935
0.5724100677743018 0.002909988706870646 0.4640920799793662
0.5767962642091361 0.002363503605206435 0.48225279620718664
0.5703304903982142 0.051752167192828775 0.5703304903982154
0.5695315437961818 0.04039180303215063 0.6954530991827915
0.580526188511706 7.776830754288078E-4 0.7672156551541702
0.6601953246800719 0.02580741100047013 0.15673777171754322
0.672591659742206 0.008714162690546543 0.28294684761934613
0.6801416141574131 0.046569171766744695 0.38657190741447534
0.6876667310097982 0.008611302820497128 0.437246582443062
0.6838011740921727 0.004196219124747413 0.5113935244641042
0.6954530991827858 0.04039180303215579 0.5695315437961834
0.6715130095478414 0.006107376891631945 0.671513009547845
0.6687912566174838 0.018135530678257693 0.7912506733689314
0.7798202126535478 0.023541998083459643 0.16732196355191847
0.7888404036900647 0.017146002077281758 0.28137611290716447
0.763352117900611 0.006060800149192275 0.3682718899892315
0.820270239479035 0.014642465540628863 0.4372561809011579
0.8136741002575059 0.011532431078590338 0.5095058451729145
0.7672156551541683 7.776830754348432E-4 0.5805261885117069
0.7912506733689322 0.018135530678256746 0.6687912566174844
0.7814068261925595 0.024354266478745907 0.7814068261925592
0.1712709370325322 0.007635251873126471 0.17127093703253224
0.1676814323490712 0.0019938091280866307 0.28104884096030397
0.19879374505400174 1.159407435994709E-4 0.3677863576616244
0.11721154937791992 5.0162317796436646E-5 0.430452263437174
0.1216449580195554 4.126049961051004E-5 0.517276699844686
0.19897918556588398 4.715443586659953E-5 0.5822073502890163
0.14716699935029107 4.966432442667896E-4 0.6708294758277162
0.1656329885641335 0.015388989331339488 0.7822251574735942
0.2810488409603025 0.001993809128087537 0.16768143234907107
0.22705764299176165 0.007978640002589226 0.22705764299176284
0.2427773750269929 0.008507788470928956 0.3564748533291126
0.23552959138361382 0.012112231309115255 0.4383244933418165
0.2491161805098106 0.015174045365045252 0.5165559196156548
0.24215829637220818 0.010239961599663639 0.6023451194750945
0.21840952510234077 0.00310806733597138 0.6973432988667453
0.2781873297226483 3.6287788395250424E-4 0.780888823466015
0.3677863576616231 1.1594074359969682E-4 0.1987937450540008
0.35647485332911294 0.008507788470929766 0.24277737502699132
0.3852819609827412 0.03221572192978121 0.3852819609827406
0.3596644593909473 0.01940509118732933 0.4495129797655446
0.3728038008932531 0.0278130043687162 0.4915751197014012
0.38744197117351925 0.032081453016446354 0.5697411092468896
0.36146183508667934 0.013149381809869031 0.6914050468357263
0.36930416534310734 7.06728175443905E-5 0.7620166581298562
0.4304522634371759 5.016231779165927E-5 0.11721154937792379
0.43832449334181306 0.012112231309111174 0.23552959138362653
0.4495129797655495 0.019405091187330394 0.35966445939095176
0.4293929451487676 1.375906555389143E-4 0.42939294514876764
0.4298629376048903 2.8926027206307384E-5 0.5180747383086387
0.4600355463209953 0.017881359100441814 0.5818681320471168
0.4348961708588008 0.015826704390665487 0.6964726233148913
0.4312557408557676 2.4374185506751447E-5 0.8268386862004222
0.5172766998446895 4.126049961979914E-5 0.12164495801954738
0.5165559196156538 0.015174045365044195 0.24911618050980883
0.49157511970140144 0.027813004368715595 0.37280380089325343
0.5180747383086383 2.8926027206099624E-5 0.4298629376048896
0.5174117919072339 6.26319031854567E-5 0.5174117919072319
0.4907673326645079 0.025296493683127575 0.5834609771215126
0.5144537821294177 0.01343421681029997 0.6893896272889453
0.5156415033303665 4.546535532049399E-5 0.8173558473359751
0.5822073502890157 4.715443586692266E-5 0.19897918556588426
0.6023451194750944 0.010239961599662563 0.2421582963722114
0.5697411092468914 0.03208145301644301 0.3874419711735195
0.5818681320471211 0.017881359100435944 0.46003554632099286
0.58346097712151 0.02529649368312346 0.49076733266450645
0.5666881629922952 0.027113963548014083 0.5666881629922957
0.5861635487032777 0.0065296302852890665 0.7068241916641465
0.5800402281512886 5.6612308453751845E-5 0.7588581715690548
0.6708294758277127 4.966432442663871E-4 0.14716699935029193
0.6973432988667484 0.0031080673359637147 0.21840952510233763
0.6914050468357291 0.01314938180987291 0.3614618350866798
0.696472623314889 0.015826704390655633 0.4348961708587987
0.68938962728896 0.013434216810301497 0.5144537821294164
0.7068241916641415 0.00652963028527811 0.5861635487032845
0.6857767631771307 0.003965725952286293 0.6857767631771299
0.671770669347996 5.28608307520617E-4 0.7874024765287528
0.7822251574735928 0.015388989331337194 0.16563298856413428
0.7808888234660127 3.628778839507909E-4 0.2781873297226475
0.7620166581298596 7.067281755355677E-5 0.36930416534310845
0.8268386862004302 2.437418550841132E-5 0.43125574085576657
0.8173558473359497 4.546535529917818E-5 0.5156415033303599
0.7588581715690522 5.6612308455373744E-5 0.580040228151291
0.7874024765287532 5.286083075182266E-4 0.6717706693479963
0.7867899697506894 0.019584869659905125 0.7867899697506893
0.17223552237617165 4.4096279403967E-4 0.1722355223761717
0.1677944309155248 0.0030518815240798956 0.28199394455190147
0.19694793597284904 1.3057211710678865E-5 0.36752795906863095
0.10575163575947119 0.0023263894521625473 0.42646125212205843
0.10041498018820835 0.0022735534848647896 0.5242259664664994
0.19705968776769411 8.308239542301236E-5 0.5829589671810725
0.14796023323419405 4.3785407439406046E-4 0.6702605334882978
0.1673706377838056 0.005926597661926448 0.7808747988969578
0.2819939445518998 0.003051881524080819 0.16779443091552468
0.2254650142069013 0.018314475069170607 0.22546501420690204
0.2583714207373752 0.0228701274593772 0.3488778763995455
0.2502050367537115 0.01595299265578271 0.43554123280660684
0.2517718054487055 0.015611743635805045 0.5170775717640209
0.2502165241672636 0.01919667914666862 0.6061674361516307
0.21559474654389446 0.013323183895367104 0.7121840406904271
0.2784077007396492 1.8658343930478074E-5 0.7825733050742099
0.3675279590686299 1.305721171105986E-5 0.19694793597284788
0.3488778763995454 0.022870127459378074 0.25837142073737535
0.3789572878123563 0.004144313318838539 0.3789572878123555
0.337837067010086 0.014493746661458208 0.43240342486364425
0.338216503320713 0.016624113371045454 0.5174609320106722
0.37708847140606677 0.0082088163826279 0.5739031724967366
0.3519169375370643 0.027450111691788827 0.6844811750734243
0.3694903129500806 9.226970374132565E-6 0.7617769981717564
0.42646125212205654 0.002326389452164365 0.1057516357594675
0.4355412328066063 0.01595299265578008 0.2502050367537117
0.4324034248636452 0.01449374666146226 0.3378370670100858
0.4276994116041177 1.4225551696372184E-4 0.42769941160411756
0.42883575121580025 6.116569365520558E-5 0.5191671416019424
0.4305225475240633 0.006766955671416288 0.6082665031537571
0.4339905959340349 0.014775251369623177 0.7019786584061248
0.4268682477714366 0.0024985816075856625 0.8406487241932954
0.5242259664664952 0.0022735534848515363 0.10041498018821948
0.5170775717640207 0.015611743635805215 0.25177180544870525
0.5174609320106751 0.01662411337104025 0.338216503320711
0.519167141601942 6.11656936542575E-5 0.4288357512157995
0.5190616650746732 2.1181093999076195E-6 0.5190616650746731
0.513761200668372 0.009250659239730325 0.6038084384045173
0.5168562643290832 0.01707861868466602 0.696204165976979
0.5244997068303867 9.407031901873314E-4 0.8555073090022196
0.582958967181072 8.308239542351267E-5 0.19705968776769475
0.6061674361516307 0.019196679146669702 0.2502165241672642
0.5739031724967366 0.00820881638263085 0.37708847140607027
0.6082665031537513 0.0067669556714195405 0.43052254752406893
0.6038084384045237 0.009250659239729375 0.5137612006683755
0.5695691241301961 0.013302232005032446 0.5695691241301988
0.6015724440072922 0.028172237376146513 0.6956238649724897
0.5800611395232596 1.773294390960042E-5 0.7588787501136858
0.6702605334882965 4.378540743931569E-4 0.14796023323419424
0.712184040690425 0.013323183895370457 0.2155947465438953
0.6844811750734258 0.027450111691781992 0.3519169375370638
0.7019786584061213 0.014775251369623751 0.4339905959340334
0.6962041659769983 0.017078618684658205 0.5168562643290818
0.695623864972484 0.02817223737613578 0.6015724440072956
0.7066634291335371 0.010107198064539498 0.7066634291335365
0.6714618793696558 0.0014714599959925654 0.7866396844165953
0.7808747988969569 0.00592659766192442 0.16737063778380598
0.7825733050742083 1.865834392950148E-5 0.2784077007396491
0.7617769981717601 9.226970385428498E-6 0.369490312950082
0.8406487241932913 0.00249858160756645 0.42686824777144144
0.8555073090022658 9.407031902417217E-4 0.5244997068303995
0.7588787501136831 1.7732943910937404E-5 0.5800611395232622
0.7866396844165937 0.0014714599959899227 0.6714618793696557
0.7860807864807825 0.008662157154826447 0.7860807864807823
0.17423168505022127 0.0010715295507087287 0.17423168505022157
0.16343451667796957 0.005486564969757465 0.27965685404260565
0.18021383191714832 3.870978631344375E-4 0.37234524858784396
0.11539398789120518 4.9673414460456213E-5 0.43000711816731024
0.11390638880267351 2.47436163063377E-5 0.5189867190566246
0.17367767600194053 0.010378563909156934 0.5740201344514808
0.14188472578561334 0.0018864602140452808 0.673024284559791
0.1703095086305542 6.730232231369315E-4 0.7777818051245529
0.279656854042604 0.005486564969756417 0.1634345166779705
0.22596732640090247 0.02103545356921305 0.22596732640090333
0.2661723108334779 0.02937367725868021 0.34734351244947514
0.25173314093875127 0.01405336321149134 0.4349326477731035
0.25241500346770274 0.015505675803490618 0.5173783592918584
0.25901468838120284 0.030636071886705155 0.6059629928011825
0.2168889869667743 0.018503819095930477 0.7141824462377273
0.2801055309195911 0.014936998843348911 0.7921071138080483
0.3723452485878427 3.8709786313356406E-4 0.18021383191714863
0.3473435124494747 0.029373677258681164 0.26617231083347836
0.35532050576270363 0.006668707498432522 0.35532050576270313
0.3396763654011436 1.0434739304697447E-4 0.42813213222199986
0.34031483378905003 1.5446240915359895E-4 0.5229226738373676
0.3544752700965115 0.009682631115707442 0.5895133679618758
0.3513875155621253 0.03334289322596754 0.6837497789033248
0.36851732614630595 0.0012646189315438246 0.7625195883620816
0.4300071181673106 4.967341445711019E-5 0.11539398789120663
0.4349326477731033 0.014053363211491273 0.2517331409387505
0.4281321322219998 1.0434739304644977E-4 0.33967636540114304
0.42935865408969315 0.010729189750385068 0.42935865408969376
0.4296139264557444 0.014377706436418166 0.5190105524583902
0.4266579698936224 9.00629841658881E-5 0.6060799551989111
0.43387692281814566 0.011648625695971809 0.704809937915607
0.43003080377869857 3.898115517418509E-5 0.8308016538356019
0.5189867190566262 2.474361631275503E-5 0.1139063888026698
0.5173783592918574 0.015505675803492809 0.2524150034677027
0.5229226738373679 1.5446240915488585E-4 0.34031483378904903
0.5190105524583887 0.014377706436420154 0.4296139264557434
0.5169046228144393 0.021042401791421462 0.5169046228144374
0.518718045228632 2.0033242970599814E-4 0.6033817048002119
0.5171620804829005 0.014428701286937651 0.6990155848412121
0.5186637770384384 4.15726050786564E-5 0.8327895194964089
0.5740201344514805 0.010378563909154481 0.17367767600194225
0.6059629928011827 0.030636071886709505 0.259014688381201
0.5895133679618795 0.009682631115704011 0.35447527009651
0.6060799551989063 9.006298416849983E-5 0.4266579698936239
0.603381704800217 2.003324297036551E-4 0.5187180452286327
0.5858735557858177 0.011876745959171807 0.5858735557858206
0.6030959935503317 0.030794981045117197 0.6945402665654321
0.5809802183056562 8.138130753918167E-4 0.7673047736677587
0.6730242845597901 0.0018864602140460157 0.14188472578561145
0.7141824462377256 0.0185038190959341 0.216888986966775
0.683749778903326 0.03334289322595998 0.3513875155621244
0.704809937915606 0.011648625695971589 0.4338769228181438
0.699015584841227 0.014428701286940973 0.5171620804828985
0.6945402665654259 0.030794981045110578 0.6030959935503343
0.7090969533313644 0.011133791036041008 0.7090969533313638
0.6723690209619464 0.007325503256657582 0.7905967037313114
0.7777818051245515 6.730232231350257E-4 0.17030950863055414
0.7921071138080497 0.014936998843355417 0.2801055309195916
0.7625195883620837 0.0012646189315341956 0.36851732614630806
0.8308016538356068 3.898115517376548E-5 0.4300308037786989
0.8327895194964108 4.1572605078716374E-5 0.5186637770384432
0.7673047736677563 8.13813075398044E-4 0.580980218305657
0.7905967037313129 0.007325503256658598 0.6723690209619462
0.780347866259187 6.743571619074353E-4 0.7803478662591868
0.19999956416238412 9.069779374298469E-5 0.19999956416238526
0.17105626322320636 0.001928954790866205 0.2818356706430436
0.2026937374820315 2.0596072673467346E-7 0.3681939548730052
0.18532640068941833 0.05969318378594347 0.46725114733510514
0.1862232172779334 0.06606604626837818 0.48621705610693866
0.20417149378333943 1.8261103824921638E-4 0.5815710716088122
0.1594571208596881 1.2820538008268705E-4 0.6658676133011083
0.20218454599381055 1.2087039092558669E-4 0.7456270267102094
0.2818356706430418 0.0019289547908662725 0.1710562632232061
0.26756703766329804 0.009109546923851361 0.26756703766329687
0.27841321299628086 0.01969155776441534 0.3473007339611336
0.2572300635790091 9.019031243980566E-5 0.4333203830186726
0.2569003771376116 3.0721211370559625E-5 0.5184637400079132
0.27866033918378047 0.019172332032532265 0.6028957010638516
0.27702125556461193 0.008354864001866988 0.6826692417256783
0.27780261716250676 0.001512152126123248 0.7811373789762135
0.3681939548730043 2.0596072711291094E-7 0.20269373748203132
0.3473007339611333 0.019691557764417913 0.27841321299628075
0.35025198345997555 0.0031851363431057364 0.35025198345997516
0.33714811777768683 8.287737157760942E-4 0.43081119931423156
0.33796948519398456 0.0053544129599037826 0.5177309828376645
0.34264171721772224 0.0011594674305670854 0.5988566513691748
0.351047712286234 0.010043381509523568 0.6768180891634746
0.3696376115078343 1.1808771194611649E-5 0.7612752514561301
0.4672511473351019 0.05969318378594689 0.18532640068941914
0.4333203830186724 9.019031243918997E-5 0.2572300635790068
0.43081119931423245 8.287737157780951E-4 0.3371481177776864
0.4303772076569423 7.695661431490517E-5 0.43037720765694276
0.42960858295296733 5.311267408291044E-6 0.5182940499659545
0.42777735000047284 3.863368876305749E-5 0.6081965051314844
0.4313684757881327 1.082253486046198E-5 0.6918916443290175
0.4614205711834163 0.048159901514446886 0.7611412169571246
0.4862170561069386 0.06606604626837778 0.18622321727793248
0.518463740007913 3.0721211371416836E-5 0.256900377137612
0.5177309828376659 0.005354412959900468 0.3379694851939829
0.5182940499659536 5.311267409013204E-6 0.4296085829529663
0.5174626982703612 1.0902005824720758E-4 0.5174626982703594
0.515956325630785 7.973814271843989E-5 0.6036931666971794
0.5192736078279051 1.9012261324081915E-5 0.6840127621613415
0.491920060729471 0.055600130235182635 0.7574298399082617
0.5815710716088114 1.8261103824931106E-4 0.20417149378333843
0.6028957010638517 0.01917233203253186 0.2786603391837816
0.5988566513691773 0.0011594674305684743 0.3426417172177209
0.6081965051314795 3.863368876210225E-5 0.4277773500004756
0.6036931666971856 7.97381427177669E-5 0.5159563256307889
0.6091827753020931 2.2586293761157024E-4 0.6091827753020945
0.6015172989071231 0.0037398383206436107 0.6775277810453063
0.5800370001264274 5.438361527965185E-5 0.7597396946356155
0.665867613301108 1.282053800820391E-4 0.15945712085968858
0.682669241725679 0.008354864001862757 0.27702125556461143
0.6768180891634759 0.010043381509520397 0.35104771228623344
0.6918916443290154 1.082253485295123E-5 0.43136847578813114
0.6840127621613483 1.901226133167181E-5 0.519273607827904
0.6775277810453051 0.00373983832064247 0.601517298907122
0.6745401115734307 0.008190352179126779 0.6745401115734324
0.6713329860661231 0.001533444063714126 0.7855128165309081
0.7456270267102085 1.2087039092523259E-4 0.2021845459938106
0.7811373789762116 0.0015121521261233107 0.2778026171625064
0.7612752514561334 1.1808771202231219E-5 0.36963761150783575
0.7611412169571213 0.048159901514459924 0.4614205711834115
0.7574298399082707 0.05560013023516883 0.4919200607294526
0.7597396946356136 5.438361528208087E-5 0.5800370001264287
0.7855128165309082 0.001533444063712101 0.6713329860661232
0.7435764475672866 2.2922533919157498E-5 0.7435764475672869
