512
0.28151147779358277 0.4000030197381564 0.28150180648858686 | -0.0019601736813282325 0.005182610149938601 -0.0019597997383695317
0.2248782501352054 0.024995886077085007 0.40001574629261355 | 4.160322896973624E-4 -0.014164950924038458 0.007887081306082545
0.2591136244002619 0.06501925368814286 0.4000001571703201 | -0.0035182313025855635 0.004082426825577615 0.00395174534335846
0.07242607542051614 0.016784534367314703 0.41901960105294317 | -0.15788853282977416 -0.2620966330960852 -0.11879683307641066
0.21422478879121556 7.640005716893009E-5 0.46994119306583054 | -1.6008139269800778E-4 0.005402333769233299 0.0036031615933885632
0.29275532873996846 4.938892564570776E-6 0.6020573221287536 | -0.00914220635572014 0.0017722500635623918 1.989285672535653E-4
0.3693072466251989 1.7539472688450492E-4 0.6488690262306096 | -0.005098490166852085 0.0028213265011016813 0.005667324826522268
0.2790853238797243 5.24599534159657E-6 0.7184093516613584 | -0.0022240001641912503 0.005404157344664139 0.004426942776702153
0.4005872947228882 0.02505773722549 0.2224630224431258 | 0.15698197107057163 -0.2874793019581219 -0.0327482920529884
0.3439022857921188 0.4000093623358199 0.3438965147977949 | 0.004728965299243243 0.0032847848947767182 0.00473293968169144
0.4056429993793568 0.008302449374150794 0.40741387718198796 | 0.037714995437112486 -0.1387138638236246 0.0037869279512863993
0.18076014398225423 0.0035158494389851114 0.47886990312437755 | -0.17573631949225726 -1.3197291928256656 -0.00512112164463153
0.2795923494899506 0.04510430514943591 0.47139531536286217 | -0.03217438670456142 -0.3357959118021068 -0.006161514071481953
0.22422785242293927 0.005539834262675932 0.5369485972477237 | -0.08189201398119779 0.6393401364529414 -0.04735122859065802
0.28161618465724575 0.024284406563790405 0.6675473503292073 | -0.009382209089135233 -1.2709174785421429 0.1468173598595385
0.2779813828605099 0.001302534592725882 0.7232353748048916 | -0.0011786962984113815 0.658140029478646 -0.044254632365631985
0.4000004492860806 0.0650601427776213 0.25912792652188527 | 0.008275436937266846 0.00123940923712215 0.003087269200881069
0.40001882993917987 0.0015156919527157353 0.3515503920857312 | 0.0044476308756721886 -0.0031479971800276534 -0.01005145200293954
0.4188382803140445 0.0654932869723933 0.41825244582715343 | 0.06256514551309864 -1.368472177333727 0.04740117603231304
0.3652812256312356 0.01591669045028668 0.5183009877259698 | -0.021138564879738336 -1.5154319512360683 0.1049459035624518
0.37543055648253465 0.03091961082909198 0.4946521805347714 | 0.021103679089386106 -1.2414615355281433 -0.01303774539819013
0.347429011578498 8.523398452104392E-4 0.5755186450498692 | 0.01549731585594476 0.09543427151303448 0.009848301154916243
0.36227123008558354 0.012075918710423194 0.6599345449818937 | 8.777867670374417E-4 0.021481530662303412 -0.04585484353947422
0.36665545874355143 0.02736499479321973 0.678065640595984 | 0.02919826245019899 -1.2284588485131651 -0.03228321786846634
0.41968580661641164 0.01735116198340959 0.07142579023837428 | -0.11783566513905376 -0.21095528109684308 -0.16239602064811479
0.4780639860301524 0.005465914881895163 0.18103005848180354 | -0.006505136064947435 -1.2991972257159803 -0.17361496814256347
0.5085528899063088 0.014645086003037006 0.3657083930348763 | 0.05487974072093242 -1.4525992202138671 -0.028684769749386267
0.42518688991891 1.5880178985309235E-4 0.4250740420676215 | -0.003142700359255961 0.0038282065633183635 -0.0036641860443262257
0.4631019147558601 0.0050940257774419765 0.46251856655935963 | 0.012170418150411524 0.04339772753316386 0.015801930302366384
0.4273125031636768 0.009444369699758808 0.6254530931075343 | 0.08695578300320657 0.5573105727717792 0.12392042543900676
0.4380321473812633 6.708505062724771E-5 0.6387210625352706 | 6.810752677037303E-4 0.005106388591063686 -3.0614540208798543E-4
0.4509160018515382 0.01069600459275668 0.6683138176168077 | 0.02011157901453502 0.5934140654025557 -0.01598551185367456
0.47056625145456243 1.359981554853883E-4 0.21420925811224611 | 0.0030503795253025677 0.005441227719397047 0.0010183158369449956
0.46815307467672335 0.04761193908224076 0.2790849241967739 | -0.02039672407248262 -0.306123371917775 -0.03459802091800509
0.49774765152684686 0.025361419969553115 0.37200901983106327 | -0.010554916806535256 -1.2680474719488 0.011488981153297571
0.46121181222791624 0.0033478775064651432 0.4644024703529342 | 0.007973032545653742 0.14298996537464514 0.013977087966961687
0.5178688111067085 1.8125491047621238E-4 0.5165620484082759 | -0.0032798695958464416 0.004748736704995817 -0.003031242457989028
0.5004871328979296 0.02208326750714039 0.5808465310854293 | -0.08051605713356079 0.05142461484288211 -0.11454668071503042
0.5178955785693785 1.3280465148739562E-5 0.6549730770294492 | 0.004665937103693351 0.00319357349581716 0.004651689460848281
0.5168084560141928 0.011485908088087445 0.6637295392267202 | 0.06249970058159934 0.4824762970713463 -0.04110280263815312
0.6012060509722025 1.806927995196667E-5 0.2920098947115258 | 5.2247331722378797E-5 0.0022115128655604815 -0.009153174982793158
0.5355931776208575 0.006262075325531135 0.22501133312017946 | -0.05607438316669217 0.63473556083275 -0.07948859238597954
0.575853310993601 0.0027939772390161107 0.3474332255469305 | 0.006836782584635594 -0.271373750853021 0.012457471464509219
0.6242142175227153 0.007282097411086391 0.4257851886282133 | 0.12090372861583892 0.5845225813812809 0.08703453359569682
0.5954113092225706 0.02218706353273316 0.5052692170665836 | -0.0379688769718391 0.14135685330188635 -0.06474725155780119
0.5896681125663602 1.1985219935639465E-5 0.589756911165231 | 0.0014388265229430806 0.00496603820742632 0.0034952061738828815
0.5930740029940201 4.589073933582793E-6 0.6826404100756309 | 0.00523276874501433 9.832436545556959E-4 -0.006699259636663611
0.5916493239129919 0.018879660625901216 0.689246133130222 | 0.05981217324650004 0.09032251961157388 -0.02734724137445374
0.6501151710121821 1.0317673530929979E-4 0.36965349370452477 | 0.005494486681785763 0.0030363145859026892 -0.005451358642558463
0.6684196246528116 0.02446439582727006 0.2816072455163686 | 0.14525559290934456 -1.2705707439222715 -0.009635200217087875
0.6603875597687716 0.00984117793538555 0.3625138099352601 | -0.04601153205873836 0.047204185968959714 -0.0010395102733922652
0.6389561757687403 2.422531000497775E-5 0.4385168201809247 | -3.313704881753803E-4 0.005088020274931971 -1.5336564596921058E-4
0.653891774365932 1.6490699824383637E-5 0.5173114526355811 | 0.0050576028435951395 0.002939200082915812 0.004199780487884167
0.6828960495342042 8.264058674111367E-7 0.5923556608321716 | -0.006441035870311587 0.0014059462590216194 0.005083650737238855
0.6818230576535704 3.5857119659120904E-4 0.6815996391459263 | 0.0247164051670613 0.23586466234784556 0.023348727807497503
0.6817868765434865 0.005961713657336524 0.6815821438923505 | 0.05207687787770691 -0.3683838477809959 0.052658784434014
0.7190962048890055 3.1204593240600532E-6 0.2796936305183246 | 0.004168631190228698 0.005494294762006246 -0.0019587138678375687
0.723526362862008 0.001438751788330075 0.2780953529537838 | -0.042871828793098955 0.6587238750007111 0.0030677980443853258
0.6757781729009773 0.029785682052236202 0.36559842050622526 | -0.03494248014921883 -1.2300211253575235 0.030582888434131004
0.6683542127737898 0.011096575517563866 0.45042567876547707 | -0.011570857438693844 0.5959992859573177 0.025298919417709047
0.6667633793426214 0.011609933146253974 0.5155586773168962 | -0.025127705712230282 0.4856877098689401 0.058710842270741755
0.6890427036204169 0.0189596107972599 0.5911618351887761 | -0.027430394322295184 0.09064004277378465 0.05768366985222263
0.6818113446597358 0.0059648320150042155 0.6815571952003957 | 0.05269908563283883 -0.368371229414175 0.05203435419880809
0.7390020694709202 0.0041590982154227135 0.7390153919931364 | 0.006756464991849291 -0.09597488865144684 0.006886075078739513
0.2809784801992638 0.4000044860753599 0.28096827759643067 | 0.0035475780679433146 0.0043284979053511 0.0035533394355111393
0.1950172791386576 0.0993826441583998 0.4878287877221882 | -0.04776335017454856 0.7044882598921609 0.14430340110940937
0.2601906215291758 0.14167515205524622 0.40000000750880454 | -3.575391078300057E-4 0.006810681328322745 1.3085631075103955E-6
0.2290298265176045 0.011614865659757482 0.4000447861371314 | -0.0018677611458806614 -0.010051831542379137 0.009860953984547638
0.2232125266033332 9.510259404423843E-5 0.46896155694461317 | -7.738713869911966E-4 0.005231275703603475 0.002479821783737198
0.2705429271115326 5.179111177680264E-6 0.5903247386335073 | -0.006572204387764601 -0.014609015479757365 -0.003751874128506227
0.30916970733967875 3.545723672794383E-5 0.6544749202856317 | -0.007986750889247819 0.002999725543612619 0.0027666899193317363
0.25475302225148544 5.910347989393475E-6 0.7043735668962 | 0.005347776582841587 0.0025731793298427426 0.007725122829396905
0.4864670117173423 0.09406832068645271 0.19401394753126536 | 0.1287078716878227 0.7117895706430118 -0.05614692492974407
0.3437227636690865 0.4000050056401913 0.34371698798490674 | 0.005069373804673798 0.0028964288257609288 0.005072733304989561
0.3937387325887883 0.07275407383360469 0.4201986722250049 | 0.13455466712243766 -0.5890455480079554 0.028116559109384064
0.1939790159861449 1.089601587045267E-5 0.48219264699687475 | -0.00692377244715091 0.002921126395575069 -0.005618613248399373
0.2794415777111244 0.04767462275039571 0.47136954379060164 | -0.03800903814871599 -0.32138868135810006 -0.007463989385984516
0.2209633699182936 0.026336184343853094 0.5400361633381559 | -0.06574444533109251 -0.04511152941209652 -0.01775180325648208
0.21401785444114127 0.0017198279481342445 0.6423911490898869 | -0.006571705361142709 -0.7224524147159291 -0.022518905726129895
0.29852435666134114 0.012031208900355432 0.881596911208539 | 0.039564429798946775 -0.5467338520882088 0.21240372134183672
0.4000000924987839 0.10549217860217888 0.25617803522288646 | 0.0013999861077641808 -0.015062511041607931 -0.007344589868814162
0.4126709691364829 0.06874934640211422 0.401145313498557 | 0.028723021794028584 -0.5937909164021093 0.09754557046897751
0.4630016826943622 0.025871772178110448 0.4640348664063384 | 0.029981106452629434 0.3154426239520076 0.01605264293582765
0.3314901415905129 0.0032672480777460444 0.4000644038042483 | -0.007334247223095906 0.0025067999148056194 0.002444119110075908
0.371795045776813 5.726279144448366E-6 0.48261919270090925 | -0.0034258113369201263 0.006120375214177881 -0.004238483303934867
0.3474065250349329 1.8267766062507592E-4 0.575493230154745 | 0.0136093001102043 0.18228246286206234 0.009704527788522859
0.36239677665688536 5.444010178269746E-4 0.6582410082670926 | 0.005119236789948564 0.09422724371712698 -0.01686533270149751
0.37543503327564726 0.0035346903173641177 0.8281901148988399 | 0.0223946881222267 -0.6054893036223795 0.07279347097970566
0.40005920879969925 0.01148355638710696 0.22692164564399628 | 0.010944180176988472 -0.004881097546422502 -0.0013138966044974928
0.47890884417375995 1.1709180161130896E-4 0.18261433322221388 | -0.027974440076209982 0.11338218171078533 -0.09263226703549651
0.40008460711805544 0.010311524263908845 0.33645640077827055 | 0.0027476370064887026 2.525177328039307E-4 -0.009282315069938636
0.43894524496259185 2.2916595770584156E-4 0.43920693670678135 | 0.0025515212215734603 0.004106315136952561 0.002650959170036853
0.4622936743908775 4.19771482150007E-4 0.46283861290854883 | 0.008349405636574913 0.11719984016402876 0.013969960816343796
0.42820358032671635 0.03295537345711751 0.625563328086785 | 0.0373286490195256 -0.018500418721643708 0.08281431816280357
0.4372985878487971 3.267007052605781E-5 0.6385781703785653 | 0.0014164287429091645 0.005018446167645902 -4.086804291867218E-4
0.43772239790712963 1.4877850475932138E-5 0.6350248182522431 | 3.5169866749859475E-5 0.004938387367944401 0.002045111067772809
0.46820903354786453 6.170400682128035E-5 0.2225076458355843 | 0.0028126980086066763 0.005340903171143777 -1.080423307638722E-4
0.4679393977396463 0.04758163594334999 0.2787801310362774 | -0.02302279802237396 -0.2794638030923603 -0.03742888818348895
0.4850918306567465 8.38714140975414E-5 0.37046472954773085 | 0.0012756511509297542 0.006511337694557744 -0.004374250687641312
0.461708173838032 0.006222116477767007 0.46391211954323397 | 0.0070867604404807605 -0.005181394573159751 0.015753780643336632
0.5895905379329279 4.752527592853277E-6 0.5896817062192415 | 0.0021416927049118704 0.0046560262587788835 0.0040060028426331445
0.5021102724229004 0.024526865331783422 0.5838726356668069 | 0.003402536400689377 -0.0403240240514503 0.04601043795352024
0.5154566228503241 1.0434062294976E-4 0.6494376906315522 | 0.004982445300295158 0.0021527834076133156 0.0061544139759155195
0.5192210744881606 7.61760965109215E-5 0.6451656261608604 | 0.0020683187090159826 0.0021782221571186866 0.00783989850434708
0.5903091089121223 2.7730019097962233E-6 0.2706286360138392 | -0.0031074670511148767 0.005367968329925751 -0.005327793224623421
0.5385482548362811 0.027310247908335816 0.22245027357949732 | -0.0178419713065657 -0.030834698825033306 -0.06186521848424888
0.5757759017377401 0.001327164918869274 0.34741984978434926 | 0.0034046420377640057 -0.3366046295921096 0.011458459514947679
0.6252273164682619 0.03065942736966547 0.4275181141523133 | 0.08583523446210298 0.03722747492752776 0.03614204358640849
0.5844340003798418 0.024483332263077924 0.502372276592557 | 0.05321117707240828 -0.013492746601050059 0.01249276839991934
0.5896503691840942 1.8422729666667983E-5 0.5897430139603727 | 0.0016077887878432784 0.004914748404594511 0.0035725527532255333
0.593001163703825 0.0216865415965151 0.6842527883659871 | 0.0741504049910399 -0.06052117251727376 -0.01039083074091026
0.5946338175901087 2.3073181546827377E-8 0.8091600853147114 | -0.0013880567192403746 0.0033480751124263953 0.007118983596647847
0.6544524048907809 9.392009027859444E-5 0.3092411009280494 | 0.0027578819465492754 0.0030584735679143513 -0.007992783459090037
0.6424143040024551 0.0025826300375729576 0.21404317276007495 | -0.022658037158367898 -0.7202936201330374 -0.006251088793684157
0.6584609319375795 4.410628991270886E-5 0.3636573264464051 | -0.00101996872680212 0.006093943577194093 -0.0010896423916533522
0.6383877119865613 1.7126476975128405E-5 0.43676714325724086 | -4.8363568434756484E-4 0.004944899248848295 0.0015734048287898547
0.6481046083904763 1.9722642605484407E-5 0.5148879107701242 | 0.006004552011709669 0.002180224831223101 0.004543588594694215
0.6839982762786985 0.024026475201943936 0.592389487157364 | -0.009779265715126167 -0.0810407791928463 0.07364859918417146
0.681702562203602 0.0022568363420484936 0.6814638035205727 | 0.025943139032568983 0.04495689832602033 0.02510990058983121
0.6560382349365126 3.023827007807452E-7 0.8898931653052746 | 0.00913329155513717 0.004161344558788696 0.002548140043996867
0.7043533171068791 4.2486142737958076E-7 0.25474518850527306 | 0.007690672462883858 0.0026631662201476473 0.005238738775538431
0.8816021476507967 0.012028472480549559 0.298559202026338 | 0.21232302871146067 -0.546511790777093 0.039589624926430096
0.8278187475317578 0.003225178979955904 0.37526320358913234 | 0.07193790450738126 -0.6068015159303333 0.021845514786209583
0.634782804173303 5.917295015972192E-5 0.43766452083453744 | 0.0021445047444098994 0.004889581463228305 -4.072246717117541E-4
0.6451187459843902 4.3553618982990265E-5 0.5191816832878187 | 0.0072691541235371535 0.002296704205005589 0.001953200836030337
0.8093429529920939 7.344885901538005E-6 0.5947152903733287 | 0.007140116244129153 0.00331800795108643 -0.0014047273446229594
0.8899102870935888 4.583800574930591E-6 0.6560213750332196 | 0.0020603708309110324 0.0022679429409702776 0.007502002041822385
0.6813150291537862 4.474701704822115E-5 0.6810614745287211 | 0.01831759591618156 -0.017590955089973503 0.017038419057900305
0.17348883906394627 0.40000173494126046 0.17348892167062982 | -0.006381573986195357 8.744309860347712E-4 -0.006381562654125063
0.223567179433235 0.4000045133371587 0.3464327864315845 | -0.0044665922527042795 0.0034376426984151502 0.004715171244053347
0.24048608341296865 0.15567337416387286 0.40001264062682224 | -0.00347074088896524 -1.1925666847674228 3.608392849803343E-5
0.20403873281329757 0.10629375272253946 0.40000099599318656 | -0.009555049077101287 4.56660569805808E-4 3.347554332282091E-4
0.2643879005339651 1.0603285336112313E-4 0.4550085923037501 | -0.001486850624629115 0.005703361172089989 -3.464060286619071E-4
0.2676397642352873 8.776908226312816E-5 0.5822247664363336 | -0.0038057549456298376 0.005006092608208156 0.005069621533739959
0.28414741122905596 1.4394448612253795E-6 0.6455556024904783 | 0.0027669976351917948 0.003367220270494322 0.0075135628358024755
0.14874765909144066 5.10443095525194E-6 0.7927996122337446 | -0.00639771143063052 0.0010337857134378797 0.00619432716784044
0.3465404444866517 0.40000080530260607 0.22359285397942383 | 0.004576243701540642 0.0034704906961655563 -0.004544604271452444
0.3435883744063473 0.4000159403219293 0.34358258596317864 | 0.005232376330985611 0.0026937749448293098 0.005235428651607724
0.3246756894337607 0.017789514232146142 0.40006108151025316 | -0.005104451170035996 -0.009823715545567076 0.008523408990048848
0.22515354490212164 0.013310809244658725 0.4000388543207027 | 0.0013261207750151682 -0.01030726757634579 0.00975156424134869
0.2800131065522483 0.045266247607527656 0.4716969081618408 | -0.029537456608957516 -0.40649297022297565 -0.002661036202004188
0.2589343517922225 0.019389285829370606 0.5738253894853158 | 0.011442786187696985 -0.3250291335504309 0.0148768599313981
0.21403156812833676 0.0028965612755016672 0.6424864243145074 | -0.0064461872543994355 -0.6949506408812668 -0.020175631521317013
0.33111097284051527 1.6170425060758946E-5 0.8460604820377323 | -7.656342666460186E-4 0.005202686312173922 -0.0035331866192398
0.40005638125512477 0.13646490547818904 0.23829450063654692 | 3.008263528708147E-4 -1.0599216625930592 0.0036696663136407555
0.40008244824449585 0.02167238682336368 0.3254852110311707 | 0.006249921437523798 -0.010685353118321776 -0.007141871486687545
0.4632456088441029 0.029984412812412396 0.4640971765632683 | 0.05595022238575661 0.2564816108569501 0.0016875979118186248
0.41991318122516197 0.0018208064688687833 0.4039751032475751 | -0.12914822148160718 0.592458291503134 0.056162311428379935
0.3728908069636511 5.241978479425031E-5 0.4860566923076323 | -0.0037040707566923935 0.0034214937773147714 -0.008580920021930423
0.29566203698595284 0.017090896852970223 0.5976207095221546 | -0.32347629560130303 -1.6115122498136738 0.1907357617284753
0.282551989162245 6.331252380688218E-6 0.6560383740044008 | 0.004639147891158459 -0.014913581225913821 0.005502010205462618
0.3652065615956096 1.4265317493943551E-4 0.6441618336578193 | -0.001523269763558452 0.00263277147179962 0.007573875431036863
0.40000005706474967 0.10679918547354969 0.20322035879594036 | 3.758418492265277E-4 -4.5333093722598605E-4 -0.01036338691422465
0.40000306618936043 0.014754036025177508 0.22310274570199004 | 0.01073109253290166 -0.0059369430009805595 0.0024679555075875883
0.40937392454314636 0.011699751769209656 0.40866163692367846 | -0.010316893821975716 0.3724836825328921 -0.005635100231268938
0.4092065145506078 1.4510119820994256E-4 0.40765157433315335 | -8.539106801916581E-4 0.004910245459771778 -4.2362064555191573E-4
0.4255051115274571 7.0520431035064035E-6 0.550952715209486 | 0.002906100671802334 0.002313609875221816 -0.0059571057211835745
0.4192910088691257 0.04109600347312016 0.6179799445423629 | 0.025647250213412732 0.23796611122462044 0.08861123221347003
0.45818682050200965 0.0398602073460134 0.6838316000178947 | 0.02381316030584562 0.24984005256393382 -0.03234172989880039
0.4404051219072851 2.3334822190006145E-5 0.6327170787308392 | -0.002695439031891069 0.004143593662137836 0.003423787654192864
0.4553119771652968 2.475543940739551E-5 0.26419246026134124 | -1.6936977090108114E-4 0.005536619925542878 -0.0017088292349168408
0.46868169959660144 0.0476306703139433 0.27967050955990697 | -0.013288459412417892 -0.3839376070248724 -0.029534199279751695
0.4876619562620926 4.196874238228938E-5 0.37158369392684165 | -0.007692539529798934 0.0033503900189451176 -0.0054128582736547685
0.5509873166429795 1.0628903466833362E-4 0.4257082721213753 | -0.0058858464781521656 0.0021311043168284883 0.0032812809127380515
0.5896950882863002 1.6340217685586607E-6 0.5897865674173997 | 0.0011738103124402646 0.00506653702980985 0.0032868391766717755
0.501880243103537 0.019220040548569503 0.5835193567761748 | 0.04177475743410305 0.3793746512186942 0.07345487752516422
0.517648689240517 1.1532087902819621E-4 0.6564277097415021 | 0.005099490189450136 0.0034094670618982277 0.0035361333972346257
0.5154874786881641 3.190698816093893E-5 0.6339595915587165 | 0.002970276796265281 0.002150445652766889 0.007650335841198317
0.583386454084728 2.0803949741938134E-5 0.267979117458948 | 0.003370631455305383 0.005316876155310914 -0.004098723794970181
0.5744832580525782 0.019754815949463145 0.2596841222534313 | 0.015860802140002444 -0.34551582192441854 0.01656340803087463
0.6012774178897481 0.021544986418499456 0.29944900068853963 | 0.21427645191784261 -1.5320738977450703 -0.29681628850362685
0.6183596327418631 0.03921606958141523 0.41977325519442554 | 0.08928336907584167 0.23697178229279864 0.028359859504869453
0.584431952281487 0.019283013098511995 0.5020065740949567 | 0.09818259042984333 0.39198979242004683 0.056153210438419976
0.589890994925424 2.762268399473426E-5 0.5899801540531255 | -0.0013425549264973347 0.0054679134131065815 0.0010045104795166797
0.5934175045864708 1.415807989578716E-6 0.6813111922113066 | 0.00636483286568306 0.0013365731391936611 -0.005899883429489671
0.6054683544344875 1.1338650636769402E-5 0.6624917069214111 | -6.210493491502417E-6 0.002774627788753142 0.00672072708907988
0.6455391220560698 1.292069090130702E-5 0.28416379180766427 | 0.007157022156190097 0.003450000856084777 0.0025044314543079026
0.6425125351166504 0.0036769943882042208 0.21407131393771364 | -0.02035812927926494 -0.6924927387984746 -0.005926907044636771
0.6566870632937601 1.7938393791052348E-6 0.28244399939676545 | 0.004883918724708526 0.0037981589763908708 0.004815465051091752
0.6833310753269745 0.03656093470561152 0.4580422511865433 | -0.03346473398876725 0.2682947702771397 0.02569117317802033
0.6559646114039515 7.172845883157301E-5 0.5176157498444256 | 0.00419517650969857 0.0033381439876964173 0.00426623669354193
0.6814693717733501 1.0217768592413049E-5 0.5926933159589824 | -0.005327391728936484 0.0016880756599973769 0.00591705441105477
0.7383621779063673 0.0024544642222077487 0.7383802895761149 | 0.03414013969381065 0.03387167883616119 0.03414200464230804
0.6488772714442838 4.693366919849036E-6 0.8841945536730493 | 0.007083203165883797 0.002041079130158853 0.0033655598139436574
0.7931048896765003 1.4755925614342345E-5 0.14844605205371153 | 0.006202211137823241 0.001017881248874864 -0.0064064857175516535
0.8460636431162624 1.1921928154932465E-5 0.3311069194016112 | -0.0039152981680656805 0.005069723507080134 -6.694719560095551E-4
0.6442215254960308 1.1346051904920614E-4 0.3652085571851858 | 0.007762705602358361 0.002817447313748676 -0.0014200176007822078
0.6326977459239352 1.0667785238953361E-4 0.4403944215016082 | 0.003372136203019872 0.004077577414680255 -0.003069893629801191
0.6339334494707444 7.27901461046801E-6 0.5155047918778548 | 0.0072167562273987036 0.0022008301871317883 0.002818041327200485
0.6624327218589025 3.8111906273650975E-6 0.6053899560950228 | 0.006550646006741135 0.002920607648009622 -2.9195845655040328E-5
0.8841960757245906 5.222419333738567E-6 0.6488704899666455 | 0.0033731626314028205 0.002036172831824614 0.007076366646971256
0.8060655610134106 9.163733873239583E-7 0.806065577119326 | 0.005954075061723673 0.0016145424473871424 0.005953881674429122
0.1921562308686619 0.4000048307831806 0.19215625642786707 | -0.006428332104057934 7.691170983043666E-4 -0.006428331631674556
0.21850705937882262 0.40000314847830115 0.34560721607482175 | -0.005642300630737558 0.00270286412852988 0.004783506503887295
0.23896650415767484 0.07482108262541226 0.400005105399074 | 0.008356462204869028 -0.0017575992640288998 0.004479413095835218
0.1345724099895683 0.029891544306410184 0.40005334408858834 | 0.0035038865792425804 3.2412786410655753E-4 0.00871712027212973
0.15503315892557556 3.2958362384735316E-5 0.47336067477801924 | -0.004226517803509613 0.005544022411886241 -2.9516377003515427E-4
0.19254099359110777 1.0802404099015652E-5 0.5690235847750164 | -0.006824559936790163 0.0023661880896159253 -0.001995434235413493
0.1286690190081818 2.368473425844018E-5 0.6571443800117248 | -0.002623421675558864 0.003140159006994643 0.006156464293379638
0.1553112935438506 2.880030357329924E-7 0.7868345292779456 | -0.006145381824293417 0.0012939567592266433 0.006164067217660488
0.34561192578814676 0.40000292827972456 0.21850639704140914 | 0.004821768812367162 0.002696627820359603 -0.005618720010475647
0.34351551705705113 0.4000026586348156 0.34350986298114244 | 0.005341227643053942 0.0025524179167433136 0.005343526345325084
0.3235526908422731 0.020485098844202868 0.4000358797884779 | -4.3195722188533336E-4 -0.013119715437095494 0.007630224781189849
0.27817796544887274 0.11896632077180881 0.4000056176632515 | 0.006700165713434164 -1.1156811287073818 1.3225152348215826E-4
0.2985145925822886 4.902064049985979E-6 0.5133198137923365 | -0.003817031815833465 0.004507556984064982 -3.243777256515479E-4
0.11797464487225416 0.03868468351308795 0.5043892240787492 | -0.16849334523118992 -0.13059352547479466 -0.024560687753179544
0.2143223910774147 0.004854311737524849 0.6426416182019223 | -0.0026187623440761766 0.20779521253779645 -0.01406221290663902
0.2574482818901663 1.895708407700377E-5 0.7972279733604674 | 0.0021612877946533366 0.0018789486049344273 0.007273814648814392
0.4000459503428363 0.16216273625632766 0.23519006454472935 | 3.0452299289861315E-4 -1.2652562475800648 -0.016024231110156533
0.40002527258684173 0.014142144444064631 0.31996712961062906 | 0.01028056719857536 -0.008206581360922397 0.002177461525862542
0.46334139824592047 0.03200282938298955 0.46416495001602415 | 0.05909207419291614 0.20760263376181518 0.00858717877020233
0.329541550889457 0.008901505935272292 0.40003217211521686 | -0.007447877232989706 0.002178699324875332 0.0027939320701137562
0.37065624002006303 5.966755193673943E-5 0.4815315819222853 | 1.4715894578450474E-4 0.007250198693428843 -9.203324117435122E-4
0.34685420197088457 4.980046178505525E-5 0.5750341321238932 | 0.004634881095386456 0.005233116783421058 0.002877299798490573
0.3660231191028453 4.8485061154568654E-5 0.6556215980168274 | -0.005221785077252182 0.004374002761861263 0.0027817489429063642
0.348449884537413 3.248119806732128E-5 0.7290776738821186 | -0.0019352365354727418 0.0030627586581154368 0.006536190208690608
0.400000399479179 0.029604916819303273 0.1342483388165472 | 0.008833724931813981 0.0010895359508141275 0.0014791090783207738
0.4000192847429807 0.13568507484386907 0.2825169088388266 | 1.591710642021304E-4 -1.0953992755968036 0.014294259156294647
0.400132532755552 0.0048865816153733045 0.33483525431278344 | 0.0027628511718124716 0.0014950190549415825 -0.008399886803183983
0.42167414932924135 5.792567215917356E-6 0.40483662722892366 | -0.006198237195460944 0.0030614758254177707 0.001596346720491315
0.42114782894048947 1.715846462240171E-6 0.5582204458987754 | 0.003660636227356978 0.0015263772674398387 -0.006324476184309775
0.42651645428248813 8.881252366508765E-5 0.5458652615100461 | 0.00436898854211802 0.003948321645763676 0.0016563586041496562
0.43256297760419565 9.156237852747201E-6 0.732496594337782 | 2.432574425926098E-4 0.002812625248104915 0.007764345329167143
0.4370829369554635 6.369401990617385E-6 0.7392608657216335 | -0.007678378836091811 0.0024310293579983843 0.0026880743634323137
0.47314745002020303 7.966950138525066E-5 0.15488348537716884 | -3.1447834964301095E-5 0.005668256069891257 -0.0031090915969790595
0.5133503734311464 5.4128377601282064E-5 0.2989729590690403 | 3.2677616978802205E-4 0.003915083078995078 -0.004742556624593707
0.48395699712366347 4.063893343601594E-5 0.3700417353596713 | 0.006082509848571718 0.00544675805652903 -0.0018052019623732447
0.558815919877368 5.2611634776932856E-6 0.42100585107094873 | -0.006226360954584491 0.001398713626926861 0.003792469428230223
0.5896744193815457 1.207972157813088E-5 0.589765208483844 | 0.0013781909011738645 0.00499613053886739 0.003428885001580856
0.5022074285719983 0.02913878197010777 0.5843896254887223 | 0.0062310011165090445 -0.006827318269261388 0.06295955320363499
0.5069061257281786 2.1882260540012562E-4 0.8350569274824596 | 0.005012624428047388 0.1213110083449155 0.06766699528821091
0.513300231297191 3.431937138028245E-7 0.7312143078008299 | 0.005033364298115447 0.002960398345958754 0.005613044440139115
0.5690109028574782 2.998174740931583E-5 0.1924938410856389 | -0.002128001186285369 0.0023700871575686603 -0.006761594611362314
0.5063336980314664 0.038006008696097444 0.11775880352946909 | -0.025356262015086898 -0.10541810259064695 -0.16576174120674628
0.575476682718128 4.0933997866650925E-5 0.34689973590093326 | 0.0028523482630492913 0.0051496919942317755 0.004772578067445779
0.545957770670766 3.481945452229206E-5 0.42699537528656817 | 0.001313169572922085 0.003756825433486556 0.00471291423675252
0.5850805447025355 0.027893451723996227 0.5025253042065478 | 0.07953853214598158 0.04465284057632695 0.019599561044060826
0.5896126721756456 3.2191175748601494E-5 0.5897049069225958 | 0.0019238867022947188 0.004783085579538105 0.0037867400046685223
0.5927339474934188 0.02247064304591971 0.682916984220415 | 0.07834648765995601 -0.1697732776695714 -0.00716357863763043
0.5979637039165018 5.982006554368149E-5 0.7168393036465469 | -2.6738419822626436E-4 0.0028822788651803066 0.00608273159991466
0.6570513637936161 1.4248575821164916E-5 0.1286731030836223 | 0.006218006264544012 0.0031401155731528956 -0.0026152916454382845
0.6426763935626658 0.005513592278561088 0.21435393675754144 | -0.014100660562134795 0.207470903309343 -0.0030415944057092087
0.6558035296669849 7.686937129092923E-5 0.3661560356919459 | 0.00315871106690046 0.004516152112144772 -0.004887433650952505
0.7326659214243246 1.46483003587387E-6 0.4325703990966069 | 0.007804013330579926 0.002766374609251411 1.7348220854484768E-4
0.8349992878633331 7.995024849526144E-4 0.5068814333178702 | 0.06780998868659122 0.09701225063991967 0.004743341016433224
0.682760892851253 0.022168253459951312 0.5922967782470476 | -0.007482325823787693 -0.1697283925477659 0.07626623416130206
0.681149730097894 3.2940723683220595E-5 0.6809110669172734 | 0.015286025905531096 0.012139191752255253 0.0139149899298549
0.6851259882930394 4.939227292930686E-5 0.7928380499065293 | -0.0030406427010803124 0.0017662803932487917 0.007557730900521892
0.7867338055553547 1.1029341372717236E-6 0.1553856783665232 | 0.006157062674134563 0.0013079904802810634 -0.006136555692317305
0.7972528071463828 1.714153492153016E-5 0.2574341304249697 | 0.007307072927121862 0.0018544058437155978 0.0021072254009264287
0.729100066855529 3.8532249764030045E-5 0.3484528242933976 | 0.006505027236967597 0.0029742731878269007 -0.001749134970886564
0.739266486746706 6.8378814961844965E-6 0.4370840737782869 | 0.002847638299035892 0.00239650329166263 -0.007693274677685858
0.7312129280561637 2.5962741292783423E-6 0.5132987291794789 | 0.0055176795638705875 0.0031177563965679948 0.0048712993516536705
0.7168391927097757 5.850901496312657E-5 0.5979629773071475 | 0.006068215592841355 0.00290657297447797 -2.9506048825674584E-4
0.7928346077503938 5.2350817337555735E-5 0.6851248329640839 | 0.007551872983529259 0.0017682181513734763 -0.003035039759006004
0.7988240301739596 6.403574516737072E-6 0.7988240159895251 | 0.005660921467885464 0.0019282760218581707 0.005659811861427566
0.2140629248530909 0.4000048197214068 0.21406293638446477 | -0.0038643937301957717 0.004092412148751061 -0.0038641698015081235
0.23210855685321455 0.4000073546479893 0.3431599007755431 | -0.004622028253351376 0.0016421429489220647 0.007040768504129235
0.24143599954343017 0.07803004698342315 0.4000001403297553 | 0.006624262845688835 -0.012421877021089909 0.005252739888368218
0.14327130955619374 0.030316210203735 0.40007505993906545 | -0.008541608513280436 -0.0013332050088161647 0.005442775042956987
0.07010329317645064 2.5225322369263042E-5 0.49284100581386425 | -0.005270568103265636 0.004105251812027742 -9.796585026486848E-4
0.20011270755101906 6.06851922824683E-5 0.5661508827840237 | -0.007297256222460604 0.002025369616236529 -0.0013384333438362804
0.14374458903254214 9.180905820624201E-7 0.6543798742831259 | -0.008694515333102792 0.0010912545788535116 8.725621217533162E-4
0.16581142613410052 7.007381545818197E-6 0.7755695062928569 | -0.0062727472114602854 9.011041694083408E-4 0.006436417584996168
0.34316243617854403 0.4000072344800633 0.2321086600234608 | 0.007051506878609601 0.0016398867815032474 -0.0046090667786965545
0.3435082821909901 0.4000016534490282 0.3435028930839878 | 0.00535125598686439 0.00253987405195132 0.005352359148092673
0.32246907074921244 0.02008502462953893 0.40002219461702043 | 0.0025559958191697886 -0.012607702966829625 0.007707690222015254
0.2974970647891729 0.10779596214599017 0.4000014212110713 | 0.010407174501052822 0.001435355886151632 1.2298732662941773E-4
0.300161167782936 5.570277700757161E-5 0.5132524033632995 | -0.0047938043758382325 0.0040611530939376516 -2.8794825070947597E-4
0.11801672853570264 0.0376113966587547 0.5028287365968485 | -0.16501787338470622 -0.09641241111619599 -0.020752785227148397
0.21435538238978386 0.006280728349871339 0.6420469479537744 | -0.0040794359441152965 0.16637317381113992 -0.01795534287960366
0.25730544743426453 8.993329332961659E-7 0.7944005439610066 | 0.002039971890938063 0.001097085964484367 0.007929954620645316
0.4000000391867322 0.10047815533883042 0.2428535683834677 | 0.0018945968428094157 -0.018034437260115325 -0.0021996308803349193
0.4000386190782134 0.01411264250230414 0.31856602345292945 | 0.009263848054060483 -0.0072063745746584916 0.0053695818275026844
0.5158526457124761 0.05238435063349853 0.5050831680560302 | 0.12594006663382654 -0.4002420802687921 -0.01611258703915622
0.3234426616642817 0.01284669887632778 0.4000446373686398 | -0.002093577786543634 4.2488374828124326E-5 0.009219552314861022
0.37137233726973784 1.0082683851772216E-4 0.48217846184435803 | -0.0022999943568177794 0.006731482695524333 -0.0030872575680569005
0.3427766351954669 5.239201265472033E-6 0.5788050848694907 | 0.008151373231119377 0.002176340085135971 -0.004529820036431797
0.43260945327206374 4.773604825252347E-5 0.7442111349409479 | 0.011346533294200248 0.05620983331434432 3.186058347453165E-4
0.35178725486084494 7.382543621244406E-7 0.7305608266788157 | -0.004201289906421568 0.002848672343142467 0.00575416793267006
0.4000320790104578 0.030579945281581297 0.1430329623000609 | 0.004945798073063886 -6.774572854490975E-4 -0.008379647477289306
0.4000000102210465 0.14905681460793532 0.2986355335092788 | 2.1067949468411727E-6 0.006167168915740327 0.0038556200634575813
0.40005340884219054 0.008304444262940146 0.3286253241751531 | 0.0035153904598244578 0.0014655735459799951 -0.008036531018956643
0.41835975789182317 8.152996040026818E-5 0.38783249528536373 | -0.002718926433415057 0.002982269582240564 0.005803900986234431
0.4234853675202486 1.5462301539358013E-7 0.5543701795423857 | 0.003443997550506455 0.0017225532457630717 -0.0063097566871840975
0.42635779729501583 5.905471824867745E-5 0.5425002934037296 | 0.003432867657363402 0.0022880705024555716 0.006179128902624014
0.4326654201642717 3.3023156082803704E-5 0.7332537831601882 | 1.393545723905086E-4 0.0029333601141901004 0.007633814841279366
0.43738029481492374 3.774636254387536E-7 0.7442996310012704 | -0.008240011789441197 0.0022922369228503482 -3.3992556665875495E-4
0.4925644507846743 1.0489743187501544E-5 0.07033684935767652 | -0.0010920093641422737 0.004167420696383792 -0.005250106736961938
0.5123593309481185 1.084413583469685E-4 0.30063375768259853 | 8.897646523159776E-4 0.0035141075405511492 -0.0054233790690063795
0.4846490727462952 1.33905671699116E-5 0.3703579044401438 | 0.0035934786047707497 0.006185847668959506 -0.0035987001493866504
0.5541416134201673 1.3708207359082597E-5 0.4237214977079959 | -0.006148517807799248 0.0015961391548321695 0.003759651474859534
0.5896713800571952 2.388617532882321E-5 0.5897633136333612 | 0.0013972820086685937 0.005000134768089067 0.0034071403438914617
0.5018306208854616 0.003659511909938319 0.582966614544682 | -0.0032595697656483194 -0.009442732608427443 -0.010944224090255805
0.5069300847158879 3.8942183034323887E-4 0.8352765910939144 | 0.0067912641049428 0.12195826463346665 0.06259073297687082
0.5125780703380964 9.549971471206328E-6 0.7415875324720516 | 0.006942276612480463 0.003077189074449162 0.002138501666508869
0.5661329204870649 9.931200033290813E-5 0.20008112762972827 | -0.0014040180203976915 0.0020473090929762666 -0.007229126061715479
0.5050110330754516 0.03816341105252768 0.11766266294519342 | -0.02120777893862174 -0.08792799598622106 -0.16136277130474858
0.5787182496894752 3.571906568303744E-6 0.3427942244320894 | -0.0045444703311138986 0.0019153062501947823 0.008211010313053895
0.5425722448241529 1.643547456116253E-5 0.4266422948757272 | 0.006053030192098079 0.002049930618590059 0.0038793928614187056
0.5835377061212751 0.004048204130925024 0.5019772428618037 | 0.005464321460196056 0.04453970714726266 0.003321494655002046
0.5895488702257363 1.2783646010098582E-5 0.5896399454279557 | 0.0024397307317587094 0.004505344585092985 0.004203550227694777
0.5186475830572402 0.04119292451630553 0.731864681369116 | 0.08243284979617552 -0.04830781838263011 0.06408553637184353
0.5938996897393439 6.0384320816307734E-5 0.7264657160144979 | 0.0013140537081474729 0.0028566252889993178 0.0060230110611339495
0.6543522103996309 3.860818972763586E-5 0.1441036140594872 | 8.076522153108926E-4 0.0010792484134301966 -0.00832906599363166
0.6420844193005365 0.005202006137370719 0.2144290691673144 | -0.01691566172367429 0.19233814226867227 -0.003398012696988178
0.7443306488151578 1.7376834191502714E-4 0.43259774590138966 | 0.002328532040635655 0.04922865108501082 0.011141768102359177
0.7328588302725068 1.4516473375029179E-5 0.43261488053111247 | 0.007768537328705945 0.0027990128392820705 1.1225473895442506E-4
0.8353016980158294 5.190281335784694E-4 0.5069191413209791 | 0.061782751862085664 0.11212941162561937 0.006756246663069231
0.7297956650768491 0.04637562714485739 0.5180263899047323 | 0.06546869864511982 -0.0759320678072549 0.08312942979332147
0.7406450279846026 0.027835516533520267 0.7406510464105669 | -0.030008645235065898 0.05544801557675119 -0.029947407640856998
0.6863594395928329 1.923733287528099E-5 0.7936476698298007 | -0.003619499214937517 0.001725564026134871 0.007205661561030393
0.7755541782602668 1.1479985447637645E-5 0.16581275463516873 | 0.006419057466709249 9.097561517744586E-4 -0.0062811059284640855
0.7944259654653775 6.425700419292668E-7 0.25729476265022627 | 0.007938017840332861 0.0010919040268333844 0.002004951750710208
0.7305859373889841 2.7327223163783884E-7 0.35179253384957665 | 0.005821935312723387 0.002785730267406165 -0.003849943007518516
0.744308615110117 6.835269755981887E-7 0.4373871115612239 | -8.360420267293191E-5 0.0022713373862421485 -0.00828200048808715
0.741587953357087 1.0559873447019947E-5 0.5125775180699086 | 0.002273677363019876 0.0032324288401600525 0.006726724910568473
0.7264652706178534 6.012129526081049E-5 0.5938989729655092 | 0.006033648095670772 0.0028692564961418005 0.0012808172375694195
0.7936460746985547 1.98468524450765E-5 0.6863608314215558 | 0.007200915664102792 0.0017272466289027168 -0.0036177665625529765
0.7896547180742174 3.3462028921727534E-7 0.7896547403606216 | 0.005709438924287416 0.0016589296463220245 0.005708052451053917
0.2252411249884605 0.4000002772006596 0.22524113243400132 | -0.003577187397625126 0.004312709830733891 -0.0035727386165161678
0.23617535161799136 0.40000151306119375 0.3417757589287807 | -0.00493510763806807 0.0012467910811906012 0.0072141843727415705
0.23627245080000658 0.15351623571205433 0.40007007871743705 | -0.00425937514252903 -1.2141889388758365 4.0770034562742196E-4
0.15698005395813494 0.023368391597449464 0.40002219130863664 | -0.008942245285373908 -4.3109434955016163E-4 0.0031727434680467424
0.07383820665782587 7.776516265711741E-6 0.4929270361711914 | -0.005468886744432922 0.004013966929011666 -0.0011026136013414603
0.1958512080144662 2.2950840422027722E-5 0.566170780261137 | -0.007247632569794343 0.00229539387276176 -9.216861557816187E-4
0.14533161919146603 1.7071662525860345E-6 0.6541914435898009 | -0.008522659115240196 -0.014571047543828696 7.955409644251643E-4
0.16796308735972254 2.2232537758213576E-5 0.7734557483124345 | -0.006512408537000643 8.342645127644128E-4 0.006259230545536833
0.3417752611880985 0.40000161049353294 0.23617502387087874 | 0.007220939107439281 0.0012457842437505182 -0.004926521205362788
0.3434911296506791 0.4000071549112912 0.3434856740530108 | 0.005359680296788604 0.0025284464501741538 0.005361063059272143
0.32308051939316385 0.02137734877384887 0.40005112938374143 | 9.952298831631017E-4 -0.013434919851539355 0.00723618222054875
0.3157306885101661 0.10932405878547802 0.4000000208846354 | 0.009281604061338067 6.128888932372572E-4 1.3621872238657275E-4
0.30104654427935496 8.791624505663288E-5 0.5121186102217661 | -0.005159457185752214 0.0038701292091181195 5.117403735358134E-4
0.1059513478670308 0.0051953139151534825 0.5622331271670743 | -0.03958527942261231 0.06747491543350309 0.06675306700452954
0.20695671408813443 5.229116424606676E-4 0.7164408120102889 | -0.00410890638285831 -0.03750549621026968 -0.007574583512209436
0.25736179776768553 3.275665371712407E-6 0.7941432903599162 | 0.0019500604199970432 0.001063536729576569 0.007972440397550223
0.4000000811606528 0.10094793133832125 0.2429722112912426 | 0.001704450185231214 -0.017970197862691648 -0.002770001575532299
0.40004435228217994 0.014007856636144046 0.3179109137569317 | 0.008716726162558851 -0.006552947025865487 0.006363646196778898
0.5097977291625425 4.5420133716179794E-5 0.5088872965019655 | 1.5885572081877233E-4 0.005936681860437704 3.383257986858862E-4
0.3244251744215106 0.011468726885118238 0.4000710345839161 | -0.004334771922066925 0.0021449829829279514 0.00658061108327888
0.37068840890812177 6.443322434519015E-6 0.4819736992608878 | 1.1946504384639499E-4 0.016402185688993404 -0.005257786439376049
0.34713359041869674 8.100434782701592E-6 0.5763244378067971 | 0.004061963067546408 0.005500610511418442 -0.0023683060591640883
0.3400763021399527 0.027919908671857067 0.7657554966111245 | -0.023925259992604437 -0.17526074818147866 0.06690759502205171
0.35700616337511504 7.4145301731308005E-6 0.7516223616943728 | -0.00712053376993673 0.0020998472076711474 0.0031872327026824052
0.40002692765447667 0.024108478037030787 0.15717257208441662 | 0.0031773077021810363 -1.8921340409161643E-4 -0.008617822496125945
0.4000000159266015 0.11144098135684428 0.31102773910493475 | 1.2058079657188517E-5 -0.0024933412206615616 0.010970836912116033
0.4000673796827386 0.010695120411129126 0.3244519920915291 | 0.006252767662614824 -1.7307650538217896E-4 -0.007452205358838035
0.394190807283515 5.731408034459221E-6 0.4038523407472753 | 0.005105040361649203 0.0037464126112082535 0.0014549848304978212
0.427398388596839 7.36045307993003E-5 0.5450498632981116 | 0.0017947871253233471 0.0041007913327944095 0.0037564441041531673
0.42628687280220995 1.3295398523676774E-5 0.5429542968646885 | 0.003723644700004469 0.0024055161914354364 0.005880608248826372
0.43268043535682704 1.5463177917001672E-5 0.7332991877876873 | 1.1547221535399377E-4 0.0029312631476339592 0.007636233123892654
0.43691130095095415 1.961597915096788E-6 0.752734087771628 | -0.007629531838471107 0.0023252125821106593 -0.002474905980029348
0.4926103253827054 6.030892281880471E-6 0.07381290204429695 | -0.0012081295058705946 0.004087813795513615 -0.005450381250048853
0.5113228258185358 7.827215417737997E-6 0.30086285629701875 | 0.001497821845752403 0.0034710829102618957 -0.005416853746795478
0.48449726238374663 1.044187402678522E-5 0.36931106324007645 | 0.004878141054088723 0.007993633834984276 0.001782537512702654
0.5450951233255098 5.760239565039222E-5 0.42743597988527166 | 0.00362992384612123 0.003696007862037986 0.003389641750358926
0.5112834035417795 5.787722150364453E-6 0.5114551349446671 | -5.669054961529004E-4 0.005756918993230682 -0.0016192692629117887
0.5020174962874036 3.5843870182751265E-4 0.5825818210859834 | 9.93294510020734E-4 -0.01655453118856993 -0.018109919111021482
0.506934682923296 9.223284995660758E-4 0.8351845394766434 | 0.009152045071303981 0.04183252914294233 0.06574743452300988
0.5131122157226582 5.1719506624286126E-5 0.7514903684259172 | 0.00640192634907737 0.003233356470499859 -0.002327502217427103
0.5661536815789993 5.721859649460861E-5 0.19582139919714917 | -0.0010287686759119174 0.002305518719279119 -0.007173226395564226
0.5628332799514895 0.005581416465823099 0.10467731357199762 | 0.06964149766977577 0.09005807168557226 -0.043454165771721884
0.5766992653352854 7.336994628156176E-7 0.3471105239768642 | -0.003378086211870775 0.00517678394335242 0.004220600015008539
0.5433194415705626 2.006148475259977E-6 0.4267791717382035 | 0.006552386482247395 0.002499450686067331 0.004661207988990661
0.5829468069053586 7.187470516303496E-5 0.502051670267149 | 2.7457514718812767E-4 0.020499978391032375 0.002089595053180018
0.5896076951070887 5.602565259392675E-6 0.5896989642955113 | 0.0020010873679813363 0.004725669086671436 0.00390223435138661
0.6008708124337646 0.014623849322193995 0.8377120004250522 | -0.016591780231798976 -0.6146780676957907 0.11728654769364247
0.5888400869163034 2.8073029977311215E-6 0.7617824882613953 | 9.391620100411928E-4 0.0023530318544432763 0.006830490500279657
0.6541680267803136 4.069077074358106E-5 0.14574413827770955 | 6.793759392606721E-4 9.964481719724788E-4 -0.008374547685846565
0.7164935623904432 5.63261241675869E-4 0.20703999698868714 | -0.007856099783702457 -0.03815742908160397 -0.003821663965515823
0.7652542335231121 0.03249603789493091 0.3389918653059399 | 0.07138195846422582 -0.16435877225979945 -0.027217473091548164
0.7332639367695889 5.245030762306441E-7 0.432745346867637 | 0.007710043243375473 0.002848688701443535 -9.795300068055449E-5
0.835185722030039 0.0010151123392533965 0.5068987676964087 | 0.06557011201539506 0.04351680700337936 0.009072952913017402
0.8376759079329869 0.01467486549647977 0.6008458791697484 | 0.11738429189762391 -0.6142287875464237 -0.01663023831435022
0.7398065206452523 0.024816742324152128 0.7398142097982625 | -0.010857978011976296 -0.21121601725721406 -0.010775454464683268
0.6867514534686331 5.227694162528143E-5 0.7941107142207166 | -0.0037910057720076796 0.0017327165114912673 0.007053259109196417
0.7735925814317509 3.8033062131482173E-6 0.16777383599136497 | 0.006267360793299212 8.432631588218535E-4 -0.006495387572344425
0.794167934090622 1.714688044946329E-6 0.2573509003211367 | 0.007979520305714206 0.0010583201794898975 0.0019177881471805218
0.7516446898088837 5.233789507682303E-6 0.357011673919892 | 0.003289922827865829 0.002358633877281806 -0.006825488019646431
0.7527365103987042 1.374213393020184E-6 0.4369070391621088 | -0.0019421880539217666 0.002346319047581123 -0.007780884100445015
0.751490668205769 5.284212924314976E-5 0.513112080260772 | -0.0020367602758051954 0.0033759359561373503 0.006352348278455854
0.7617808201707355 2.2503452688063912E-6 0.5888389749859689 | 0.006891997250856178 0.002314265552735414 7.714774162404921E-4
0.7941092982623829 5.268303879117632E-5 0.6867529014428977 | 0.0070489062718441225 0.0017345441036341945 -0.003790202178063584
0.7860554770408335 2.2564323165831466E-7 0.7860555174245097 | 0.005688283945638812 0.001658809833357356 0.005686827394047037
0.2393892278999267 0.40000018324521935 0.23938924631536512 | -0.004824448901079863 0.00318025535212687 -0.004816689631976753
0.2422307416645387 0.4000016262909018 0.34188467932271305 | -0.00536224187008264 0.0011337058367479316 0.007008286351770792
0.23951959242381704 0.009752685167656079 0.4000422830025912 | -0.008385982545280779 -0.007654273699279998 0.006782422305707003
0.1918138186759429 0.09339585705435659 0.40000897177705197 | -0.005755624210202512 0.003776611284436296 3.037981681101959E-4
0.17299256508253275 3.794011934275273E-5 0.4744076158696507 | -0.00711705301895769 0.003629891208367701 4.4249693417573025E-5
0.07923898284870387 5.11269271584872E-6 0.5823521985801908 | -0.005644773002591948 0.0021381593000028266 0.006036735448704799
0.14641192996084107 1.1591101741758605E-6 0.6542830962401859 | -0.00839144915368249 9.255685595495284E-4 5.618004480356283E-4
0.16996988155755244 2.5479178007102068E-5 0.7715597396365139 | -0.006742512738996532 7.886038938472649E-4 0.006055721154544653
0.3418846628590171 0.40000157416690624 0.24223061678701943 | 0.007010800814055069 0.0011330986165392412 -0.005359616292477015
0.34356941898490995 0.4000016311002601 0.3435651625503755 | 0.0052846521820348255 0.002631012871156505 0.005280468395174084
0.32246788369618573 0.020823299950372996 0.4000064781084047 | 0.002523123856141069 -0.01299065376528441 0.0073417033914104516
0.31061426444162016 0.1048042954340287 0.40000000030756133 | 0.007789354168327873 0.0027145428655677515 1.048771976104128E-4
0.2967009151116409 7.779772486753117E-6 0.5095676320638081 | -0.0020348976645922917 0.004767848225710385 0.0027600130203559114
0.07838713383948893 0.0014907792822031357 0.5861063045114369 | -0.10843462494658425 -0.21992119090651469 0.020791435795250172
0.20795635128386314 3.740740696899355E-6 0.7165564392918764 | -0.005286478548988701 0.003313038386602582 -0.001401293756544022
0.25770471993668687 2.2068838870153134E-5 0.7933826362120642 | 0.0015253537504239126 9.927874040170526E-4 0.008098444211376433
0.4000384105442985 0.009385734299908887 0.2391835719049642 | 0.006935991644381829 -0.004247079906336993 -0.008722030381687779
0.40002679717474043 0.01103769107100662 0.31541497942226937 | 0.006684846446566918 -0.001972423331179462 0.007854821109888025
0.5040771643774702 7.318854155960957E-6 0.5034016414957238 | 0.003398021049349602 0.004914024801138031 0.0034392699744883633
0.3199997557873648 0.013617960502566986 0.4001148919356643 | 0.007501073783700949 -0.0016724746258981501 0.006973033639660063
0.3721791542229676 1.0592003373253329E-4 0.4854919974524607 | -0.002738207232187618 0.003818267785943835 -0.008506114836758151
0.34702038044405337 9.218194430493158E-6 0.575965837295166 | 0.004526257300195486 0.005556752239198209 -8.834545071336597E-4
0.3518161507083078 1.0499424344090653E-4 0.7138726780990197 | -0.002581513638346641 0.002633462132868242 0.007322785028770236
0.3621894223044689 1.7970192963687146E-5 0.9114021624246703 | 0.0017719809530044193 0.00208848632622199 0.007528547654464437
0.4000034226554592 0.09495585501284878 0.1923119840112344 | 4.0806072881458786E-4 0.0023788197470228957 -0.007671733109322628
0.4000000242103419 0.10458776940771057 0.3106064839018286 | 2.148950066531468E-4 -0.0014989582317338154 0.010707225055352796
0.40010171260801136 0.01321574306437152 0.323842108105904 | 0.00788520220330607 -0.004231001275751066 -0.007585228635872495
0.4075848051760186 3.5352943094453494E-5 0.4086527412394962 | 6.644528033269675E-4 0.004752769960740733 -0.0014964122514254886
0.42846577579635026 4.199161587637617E-6 0.5409964081881025 | -2.0543790625097982E-4 0.002057676715946536 0.007019286076636574
0.42567492225176806 1.2030963946527449E-4 0.5444003378489253 | 0.005249433867330932 0.002749224779315742 0.004080458036155765
0.43264846781196964 2.955578441588168E-6 0.7334852877745202 | 2.048619128621467E-4 0.0029537117240445794 0.007609430402351919
0.4343467491744055 9.860772874817897E-6 0.9279855378641969 | -9.878956997714872E-4 0.002991091307273276 0.006987483702272042
0.4744557310169351 2.105100531354367E-6 0.17294581087765795 | 4.0022752925240765E-4 0.003604376501033834 -0.0069014936705863806
0.5096948002803741 4.38204881889739E-6 0.2961394893987545 | 0.0031958691000612874 0.004412693130728031 -0.0023227006583016957
0.4865152201800912 2.186258136940367E-6 0.3708157165014697 | -0.00588347801416975 0.004984323802850551 -0.004783081592701751
0.5410180090033757 4.052367347336965E-5 0.428565782273376 | 0.007119397758505042 0.0019007891577351576 4.2164417759234794E-4
0.5083939422468725 1.07777560202692E-4 0.5085807245903563 | 0.0013716724329327688 0.005867868111832133 3.080669677347188E-4
0.5018468349927017 8.772275022482944E-5 0.5826988665814191 | -0.021214373798769552 -0.06252097169832366 0.022949182787900417
0.5068563242151758 6.872187512258189E-4 0.8349663217419325 | 0.008399164404708559 -0.06184988395315482 0.07812377716275055
0.5070378972914792 6.223873947178316E-7 0.9288220651051893 | -0.0010160582343479321 0.0026772566209013354 0.007353410427637875
0.5821638070487325 9.743101451858746E-6 0.07951825057407494 | 0.006057324488546451 0.0023629915058149802 -0.005324597827008582
0.5862364528187964 0.0011345203229487513 0.07826944482788933 | 0.021348135772984958 -0.22075286496661126 -0.10850662849397721
0.5767932452458153 1.7578779569255856E-5 0.34722282916096703 | -0.0038404860294169725 0.005209831665385839 0.0036947580393725385
0.5448596204640477 5.8282098537241025E-5 0.4254554626253115 | 0.003055798446062793 0.002289433861588856 0.006351932695085441
0.5821471096838394 9.644279015865618E-6 0.502371329662716 | 0.005087566679332941 0.004182318874728372 -0.0018819813924457487
0.5898656503515507 2.2737013604558417E-5 0.5899562278918156 | -0.0010048451595825838 0.005475378545349241 0.0013377182498500364
0.6444226840878282 0.005386056186390797 0.7495048578081596 | 0.008607673299504492 -1.0060616702307068 -0.002426925864337094
0.5760221869900171 6.029829802502752E-6 0.9144600206683774 | -0.0015188853347909194 0.002993095942392588 0.006675904654841691
0.6542960722089592 4.732565267566853E-7 0.14646427534059026 | 5.627521876320766E-4 9.58508206778378E-4 -0.008400019556168547
0.7166275866957869 2.6947031521757167E-5 0.20805306002602547 | -0.001363693430259733 0.0033554304888495584 -0.005222862992853791
0.709063064723363 1.387733268991E-4 0.35384824760407063 | 0.007279812612245602 0.0027683268205451173 -0.0026859047898966574
0.7328546195092547 3.917014758639748E-5 0.43265173048044037 | 0.007755867099737345 0.002810807159050179 3.953177976484249E-5
0.8349366122320774 7.065713679795744E-4 0.5068332105895276 | 0.07823433206496141 -0.08042443467167089 0.008242670082829785
0.7495306283870254 0.0054284033051619305 0.6442388969703515 | -0.002484378617888347 -1.0054666445589164 0.008534919865909348
0.739334254557097 0.0067804267731411535 0.7393452164522568 | 0.004723890348311384 -0.5251515714025236 0.004837203748221171
0.6868205299852469 6.3192304526911555E-6 0.7938661003745879 | -0.0038256783208881913 0.001705350392437821 0.007086323714459699
0.7717508044161708 2.585389320303673E-7 0.16974346742940138 | 0.006065588594705283 7.966075017496664E-4 -0.006725746190262515
0.7934061318376642 1.7490127120886473E-5 0.25769305684693117 | 0.008101881340916564 9.88072518961445E-4 0.0015029245383046278
0.9113934226877716 2.2785118947999958E-5 0.3621964593241436 | 0.007520809656044865 0.0020896881958380035 0.0017982407597311948
0.9279869666374027 4.250936375135607E-6 0.43435100167944996 | 0.007004470636721513 0.0029785249555603034 -9.757989923286048E-4
0.9288071846723568 1.5810225995730586E-6 0.5070365279908844 | 0.007342281253438884 0.00267290565371187 -0.0010147234411023928
0.9144627639211115 4.497365613203612E-6 0.576018166835132 | 0.006673428104056707 0.0029976909474879222 -0.0015192686613055594
0.7938646948091735 6.655385290485582E-6 0.6868219395876414 | 0.007081828445707428 0.001707003207769937 -0.003824804393954879
0.7819680391913703 1.1863498482709908E-6 0.7819681357709999 | 0.0056637637221439 0.0017276766822556355 0.005662273120894948
0.25213007088753747 0.40000718712305305 0.2521300802829471 | -0.0052771947848113026 0.002631658979881946 -0.005279169893909353
0.2498498871448597 0.4000012233897605 0.33922821154863536 | -0.004605073459263427 9.461448057561656E-4 0.007686902014344976
0.22447106609113476 0.036279925627676235 0.40002392698141576 | -1.4592023093713824E-4 -0.014528824053765542 0.006242577090386405
0.20884630917840274 0.10524383017171705 0.40000071698067485 | -0.009787962944541628 6.055170832143142E-4 2.985375500566632E-4
0.23327847568022828 1.8718987489044193E-4 0.47950157542565075 | -0.003360742527660524 0.005211301606455983 -0.0014933802673560705
0.19636832841082616 9.894749267071371E-5 0.5663767454517299 | -0.007238714306897611 0.0022445435090894055 -0.001067859319379767
0.14933298995757707 1.4709061305156777E-6 0.653856133786227 | -0.008412624965261774 8.423884215784414E-4 4.6217265766163284E-4
0.1871550320669699 3.6796810991771356E-6 0.7575307876622696 | -0.008794901488673621 0.0010663452808978959 9.439621621217972E-4
0.33922818798137083 0.4000012065294853 0.24984966577103243 | 0.007684338879483868 9.459975370145318E-4 -0.004609418479966967
0.3436430936977415 0.40000239507411595 0.3436374705888695 | 0.005188665572061114 0.002749728766422151 0.005191041619190028
0.3155671594336643 3.101728600534738E-5 0.4473060335161748 | -0.00274071276669707 0.004949253776009762 0.0016278598850847754
0.32453173443567884 0.09394467513155105 0.40000004741487893 | 0.0027074240443172265 0.005192678900301851 2.53093726996207E-4
0.3014191546380288 6.250959860160899E-5 0.5111086735585343 | -0.0052369091767718225 0.0037877731017289073 0.001159072056907317
0.26633290753696925 4.993122087162778E-5 0.5915906635167367 | 0.0020936176875404225 0.005185490381173012 -0.005697771623846567
0.21552537608681296 5.985948633848913E-6 0.7170747420644855 | -0.007408559709535067 0.0015160377785078017 -0.0012848779167441322
0.2590417315869733 3.7986621992752047E-6 0.791025852507135 | 3.860501003698949E-4 8.203770527674815E-4 0.008300846394315152
0.400003851577182 0.03643984819583155 0.22430512094691094 | 0.006349471959580594 -0.014676835104409851 -0.001094636319362653
0.45771200004243257 9.132165406207078E-5 0.3057923003159465 | 0.0012636863227057699 0.0046560719208661476 -0.0038155407216775993
0.49879091967319883 5.3208438555669356E-6 0.49888350035452644 | 0.004492091173356515 0.004009982316918734 0.004101342394878696
0.31791003227685094 4.1378798213262765E-4 0.4000403170127112 | 0.0042193110247899035 0.003780868656822019 0.0042059580419060525
0.3737417768243167 1.94175517954317E-5 0.4845450253100892 | -0.006013305340335326 0.0039337655858359575 -0.0064319836227669114
0.34440753475015823 2.513691107498894E-6 0.5751016607056184 | 0.008410056975615612 0.00316741848069069 0.001120116558007554
0.36534115928733213 3.412001310488177E-6 0.649789840173531 | -0.0025476689846085166 0.0032313198922932873 0.006765794732648423
0.3498514454841719 2.1111282667957754E-6 0.7433066440663195 | -0.003929181839464677 0.0034944544845892304 0.004284750487081046
0.4000002749833236 0.10410683658557185 0.20780713545047383 | 3.683827073419444E-4 1.4191915040501224E-4 -0.010294649539079243
0.4000008373471201 0.09332127075255157 0.32439641060917285 | 3.3186382769515715E-4 0.0039374691226107365 0.005592231694163717
0.4000849567894462 1.9770106877162934E-4 0.31205791091387225 | 0.005701343751765016 0.0021319561566000324 0.005467403289154238
0.4248608146128011 1.7254233748687143E-4 0.4260172178847697 | -0.0028133333535220015 0.0038599831314781413 -0.0037912787437216788
0.428854075726197 4.662777838337452E-7 0.5399527091987091 | -5.631785525519436E-4 0.0018297430311532599 0.007192646239190228
0.4448830548905805 6.690779548984023E-5 0.6413607430157499 | -0.004323786834950173 0.004256377504313805 2.3441121603614003E-4
0.43193899257742924 3.8882715235770334E-5 0.7278687042876494 | 5.737638041695965E-4 0.0024190225593012466 0.008109995913017106
0.42740720891285366 3.7164158261243756E-5 0.8403616105678946 | -0.0075210787673504025 0.0022300197371033577 0.0031600105256144877
0.4795015119474629 1.949646072032398E-4 0.2332804489945515 | -0.0010729410847822145 0.005387557960705713 -0.003497928526810051
0.5105562667012554 3.441802862990557E-6 0.3010470839605544 | 0.0019104819436646626 0.0034298193927205017 -0.0053958687053040555
0.48703278922634974 3.3001632189638053E-6 0.37217502119551904 | -0.0058128738986500915 -0.018110571121641446 -0.006078671315978515
0.5397224174452131 1.4285666554095904E-6 0.429042619615321 | 0.0073273446939549226 0.00163716198853079 -1.2452416858342645E-4
0.5344864026165003 7.872713841860204E-6 0.5346634581227684 | -0.003151909364506547 0.004345123473687794 -0.0034625016073395556
0.5017912042922756 2.5880294973939557E-5 0.5831995698581609 | 0.00804098158156631 -0.017543211242352932 -0.03707149825336472
0.5145467619750319 6.512959772887733E-6 0.7321090918252116 | 0.004248671701634844 0.0031723104544070205 0.005906377714310395
0.5107996849702265 5.799392727484908E-6 0.8337735720027316 | -0.006200160181280886 0.0012885000103367438 0.006099361420714675
0.5664411600149534 1.3175351986811505E-5 0.19599196690243217 | -0.0011722572122226356 0.0022741185640180244 -0.007154985230888808
0.5916555166368405 8.220532653992982E-5 0.2662986542467843 | -0.005585041883210882 0.0052677771051124435 0.0013752933478784475
0.5755321553204846 4.5103682420302076E-5 0.3441892279069926 | 7.60893504943387E-4 0.002756841187186421 0.008756298812783721
0.6412687284919193 1.1428423886563352E-4 0.445095820002972 | 4.0503258604286E-4 0.0041189325698820865 -0.004651325847488045
0.5850099735065256 6.217472022465712E-6 0.5014950528905 | -0.007386001082592745 0.002461295043998512 0.002144989344180213
0.5896687490155892 2.667120422026167E-5 0.5897620778972946 | 0.0014220261642462681 0.004996835446555047 0.003406690452033337
0.6035730985263922 8.318540080847083E-5 0.666485542849545 | -7.586430903573042E-4 0.002908229688216709 0.006487033579129241
0.58473452064231 4.950980420608395E-6 0.7949387181928382 | 0.002189536239649885 0.0033623053369435814 0.006388095048494411
0.6538699406777032 6.399890183007166E-7 0.1493343340802689 | 8.682334619899744E-4 0.0024048582897892162 -0.015491950885207518
0.7171318855559878 3.9222027172945776E-7 0.21556626398244877 | -0.001265289424894947 0.0015573803471568154 -0.0073836305958997475
0.6498986999473528 4.195329780766721E-5 0.3653191497000329 | 0.006947701278345134 0.003388612052550192 -0.0022805644950422694
0.7270338088680106 1.133963917163784E-5 0.43184169015427326 | 0.008234288598995356 0.0023225761212754925 5.558271336533164E-4
0.7321494270864868 2.3220597970458168E-6 0.5145494293055952 | 0.00577455721044849 0.003334649573724517 0.0040968323924039434
0.6664147826186436 9.194108755686438E-5 0.6035096797913282 | 0.006241155382366902 0.003103733012011643 -8.474942711226986E-4
0.6983569842547344 1.3436628997225098E-4 0.6983466494174577 | -0.0060692777802216075 0.0021034854169803777 -0.006074827566999881
0.6845873050085686 8.76714800477607E-6 0.7900146173373267 | -0.0030618386514136716 0.001705163208113584 0.008122897798892253
0.7575272874415229 3.5522181371723937E-6 0.1871561124456033 | 8.642945844148847E-4 0.0010789309328484633 -0.00879319996143164
0.7910485506546248 6.401319418613238E-7 0.25903068390415546 | 0.008296821790561829 8.221192056195851E-4 3.8419613927029983E-4
0.7433598272626595 8.872058021329775E-6 0.3498568288061868 | 0.004485275888197984 0.0035570237190729334 -0.0034487733740723543
0.8404772738779821 1.0000170610394276E-5 0.4273359647787492 | 0.003167067431481994 0.0021964078546477376 -0.007406606508085835
0.8337789171407595 7.996825525299716E-6 0.510692477356106 | 0.006223153832665481 0.0011412707976536675 -0.006231404962445985
0.7949393381819183 2.509567504380568E-6 0.5847268494825159 | 0.006380735105613495 0.0033755823738994867 0.0021302682058996244
0.7900134649013624 9.087243775810013E-6 0.6845884312150187 | 0.008110822371984181 0.0017044376398275517 -0.0030544864557372686
0.7390119861059422 1.1332877422577634E-5 0.7390242355268947 | 0.0017338661940789408 0.036991426077676894 0.0018474292902305313
