512
0.28151147779358277 0.4000030197381564 0.28150180648858686 | -0.0019601736819879058 0.005182610171881105 -0.001959799739028969
0.2248782501352054 0.024995886077085007 0.40001574629261355 | -0.0018453258648476374 -0.012770433147650466 0.007037684836136865
0.2591136244002619 0.06501925368814286 0.4000001571703201 | -0.002417179108474794 0.004579562333730953 0.003021587937623498
0.05203319878597038 3.5093474967694375E-6 0.4035770244896234 | -0.004767915823314677 0.003756777880622773 -0.0036613205675517318
0.21422478879121556 7.640005716893009E-5 0.46994119306583054 | -0.0015798955497967968 0.005059298642415166 0.0019358967567971648
0.29275532873996846 4.938892564570776E-6 0.6020573221287536 | -0.008518942300610795 6.969271757932499E-4 -5.255193198003804E-5
0.3689880861456205 7.211709696990732E-7 0.6492311696086625 | -0.005519928177855254 0.0018720435363012175 0.006621762296034907
0.2790853238797243 5.24599534159657E-6 0.7184093516613584 | -0.0017550228366159 0.002133405314416483 0.009192735109780251
0.40000658300692477 0.015629283690281073 0.22255963719558491 | 0.008203848990090962 -0.012105726307677304 -0.0014495602151711584
0.3439022857921188 0.4000093623358199 0.3438965147977949 | 0.004728965299237504 0.003284784894764526 0.004732939681685695
0.4076804313954942 2.6845397971607767E-6 0.407555191662672 | 3.160064343364517E-4 0.005743183880334441 -2.6658074852370297E-4
0.14368258199600928 9.072232347255975E-5 0.47353058767784945 | -0.03248300428995915 -0.009887846727622544 -0.01940212034666254
0.2688708170847234 0.02896968867104322 0.4671922091752815 | -0.03799460800157017 -0.5385851483220514 -0.03939348366319977
0.21584967564775773 0.011749431638800987 0.5311391033362712 | -0.011328857558745936 0.3571727849749974 0.020738922327973093
0.2874438174290931 0.0034084354411840737 0.6815407926319301 | 0.023883588246726522 -1.1640911333390882 0.06427345455412903
0.2809808343951197 0.01439733085470172 0.7246152408523509 | -0.004347901215192801 0.22032875571029406 -0.004351301974006835
0.4000004492860806 0.0650601427776213 0.25912792652188527 | 0.003231340694147544 0.004784423854319308 2.6372892843331685E-4
0.40001882993917987 0.0015156919527157353 0.3515503920857312 | 0.003876150664464005 -0.002439784587360768 -0.009819384905133979
0.40784718744721526 6.4338124084066E-4 0.4073791674456446 | -0.00646352649603894 0.02364999958269635 -0.01421299674886145
0.3534785282535375 0.04270287161374366 0.5102845812682605 | -0.020250204957349405 -1.259595656112211 -0.10585573011699104
0.370330482080956 1.1165305919992045E-4 0.4831074417979148 | 0.0021259970180460006 0.0054775430621165355 -0.0017263885690218712
0.34821997470761257 2.6238808863695216E-5 0.5760935844351847 | -0.004748320795022376 0.0035053180199848878 -0.0037148499085621427
0.3648851720580103 4.496253878494351E-6 0.6570449096679918 | -0.004782858884070052 0.004941727433555386 0.0013010372654591203
0.3650002924177162 0.02682662525629894 0.6680050053970411 | -0.022015816639541094 -1.1081192807148807 -0.02611589903732247
0.40352740394550407 9.505578902473794E-6 0.05064901684198431 | -0.00388626400087462 0.003788089552334143 -0.004525142348212104
0.47510347830352034 1.0975581832711407E-5 0.14845445135782803 | -0.0015280754922657133 0.004889804730453729 -0.0027903494559655497
0.48576353076391543 0.007457990315588708 0.368670618240938 | 0.010711032571950184 0.0920154116350363 -0.008897815898383558
0.42482573485209985 4.519285629128668E-7 0.42471999811892686 | -0.0048377408757027725 0.003469149554506816 -0.005133905310358528
0.46402617930711004 1.7989988615886685E-4 0.46348598002484753 | 0.017220119742329183 -0.0022730412724872463 -0.0025607399957503114
0.4397498463796637 5.451590566502692E-5 0.6408517649040815 | -0.0046903501672627265 0.0028652297929702216 -0.004981005299070108
0.43802728697115306 3.839296965182698E-6 0.6386981880561136 | -5.01393429816662E-4 0.0048563169477503255 -0.002891081212915234
0.4769999797986538 0.0032136655457484673 0.687926882354708 | 0.0871672356334699 0.6632251578819135 0.009050777559061772
0.47056625145456243 1.359981554853883E-4 0.21420925811224611 | 0.0013230697048629606 0.005775577324603226 2.919459522706193E-5
0.4671169795166699 0.03524344198514649 0.26754123845584515 | -0.030195906424733774 -0.44405700137061865 -0.04275425774362218
0.48578875120946263 9.559015530605964E-4 0.3687245260005158 | 0.003032107039096259 -0.2279666834672906 -0.0029309371531272225
0.46332799536735647 2.6213067463551633E-5 0.4639191807046652 | 0.027014522080352547 0.02193810277670621 -0.01377602970596248
0.5175361543600245 1.0770395844016477E-5 0.5162575896803133 | -0.004977612454003528 0.003669758769221285 -0.004049921535758816
0.5022635400247514 0.001166894374520422 0.582537722363805 | 0.0017493302384922573 -0.13448612782192781 -0.004253898058418213
0.5178955785693785 1.3280465148739562E-5 0.6549730770294492 | 0.008155137102042739 0.0018185977585996182 0.004165334697095949
0.5250218290515116 0.006348941548819372 0.6587388478252096 | 0.0148845028688411 -0.2547709410328494 -0.02022589645444992
0.6012060509722025 1.806927995196667E-5 0.2920098947115258 | -2.4181137069038576E-4 9.600466591634702E-4 -0.008253358591227476
0.5295343065779672 0.012003425864515112 0.2183668308578834 | 0.012349122820264222 0.3719692967352335 -4.294076057643546E-4
0.5755996606789313 7.9753984566772E-6 0.34821467082899804 | 5.46575569305414E-6 0.0028111199075218814 -0.0072971416148869045
0.6413848011087459 2.9074842447297144E-5 0.43990871001934756 | -0.005487677080769547 0.0020314903863101305 -0.005248669594191036
0.5825631955719112 0.002016192934985134 0.5023855296607203 | -0.01579585377701975 0.15519207035827592 0.0026358502523434607
0.5896681125663602 1.1985219935639465E-5 0.589756911165231 | -0.004177689283783686 0.0032447293095702752 -0.005202232819594139
0.5969873354016062 2.581482148635105E-6 0.6786805598448394 | 0.0053225851173908136 0.0017234215065646593 -0.006258254493321792
0.5998700262620891 8.596919082038688E-6 0.6752774205386799 | -2.003185912923864E-4 0.005042496379842274 0.0030656683047902765
0.6504876319909616 1.6652519747006382E-6 0.36937040653847575 | 0.00559270448789439 0.0024896243124732324 -0.00555955247855125
0.6839545578003565 0.0020818200366634655 0.28702359960633733 | 0.05810703479441252 -1.1634533488868744 0.022989209020276513
0.6572367983744135 1.0621625480966267E-4 0.36489066814901916 | 5.747083762846897E-4 0.005487550685437964 -0.0030952544419951106
0.6389561757687403 2.422531000497775E-5 0.4385168201809247 | -0.0037675415377574615 0.003105050142348264 -0.0052930336052893455
0.653891774365932 1.6490699824383637E-5 0.5173114526355811 | 0.0044054631486366135 0.0016219638451455 0.007646201782476774
0.6805669406091879 6.768358542772464E-7 0.5946423767202322 | -0.006206882823941823 0.0015566159377002494 0.005714876769409084
0.6832767886237571 1.0070329118705613E-6 0.6828652648246618 | 0.00577202629746108 0.00214076286805772 0.005221507192929089
0.6836206524348631 1.1405347378791504E-5 0.6831939104978038 | 0.005444864221754817 0.002641560978254018 0.004802326533692663
0.7190962048890055 3.1204593240600532E-6 0.2796936305183246 | 0.009103902075519275 0.0023847695874203165 -0.0012021392333468283
0.7252626487433943 0.015821631986414578 0.282066358044221 | -0.002002300384939356 0.21554905953184345 -0.0022362345657291863
0.662984322053937 0.03426562315124288 0.3616913530298204 | -0.03840427385123892 -1.0585985372509785 -0.030934226235692173
0.6877021903300735 0.0036469149431452652 0.477686953076686 | 0.01128110628296344 0.6691324029130252 0.09860248312950849
0.6595011422489957 0.012410144609232947 0.5248699104796245 | -0.04121839159193541 -0.09535114900252993 0.008538364352443206
0.6754936618014202 4.7293085316054E-6 0.5992140738342845 | 0.0027611055950374393 0.005035190754401636 -0.0017216848308478246
0.6836239759467061 1.2978881247736852E-5 0.6831904834074292 | 0.005431236593562849 0.002642969651437381 0.004815400180758226
0.7407723147825103 7.076500173984455E-5 0.7408172909711781 | 1.819241344910802E-4 0.02423761955920793 1.8117377418535015E-4
0.2809784801992638 0.4000044860753599 0.28096827759643067 | 0.003547578067994601 0.004328497905704663 0.0035533394355625665
0.17752872025351044 0.039406384949238815 0.5198026732587323 | -0.11113841373761055 -1.3944959238572707 0.18163258100594878
0.26010356777929655 0.14243634031647623 0.40000000064559355 | -6.641312512211617E-4 0.005523704981529189 1.275291743169073E-7
0.2290298265176045 0.011614865659757482 0.4000447861371314 | -0.0029095594540284207 -0.011029160296615962 0.008274043455575626
0.2232125266033332 9.510259404423843E-5 0.46896155694461317 | -0.0024113819121552157 0.004725093587772848 0.002046736992113968
0.2705429271115326 5.179111177680264E-6 0.5903247386335073 | -0.002781808769476396 0.002965446153186338 -0.005961850039848041
0.30916970733967875 3.545723672794383E-5 0.6544749202856317 | -0.009568010702284779 0.0016308575684520338 0.0017453484053841744
0.25475302225148544 5.910347989393475E-6 0.7043735668962 | 0.004704732561792315 0.0016791267726394134 0.007289749504527528
0.5170154535440435 0.037455154565778234 0.17282104957713854 | 0.19106106401254694 -1.3864042313764564 -0.13702419024173776
0.3437227636690865 0.4000050056401913 0.34371698798490674 | 0.005069373804668221 0.0028964288257577425 0.00507273330498398
0.4098939311064483 0.03316025299040606 0.4058482351682184 | 0.04284280401920518 -0.18716697707640922 -0.08534466890063767
0.1939790159861449 1.089601587045267E-5 0.48219264699687475 | -0.003321138954627643 0.003934275974705223 -0.004879535710271421
0.26858616583297446 0.02838741554011749 0.46681358233579856 | -0.03764212156282157 -0.5069985897282167 -0.04199734033713598
0.2030471724220202 0.0014431164634891957 0.5456121864190286 | -0.04704363106984464 0.19178900778677344 0.06359650025698226
0.21516203314134708 5.395786265644898E-5 0.6443508695378303 | -8.536242015222011E-4 0.00550853516460037 0.0027990455841142366
0.28008286901002866 1.2045421358348722E-6 0.9060740262129329 | -0.007353006255763264 0.0018587723260409088 0.0037086732854034205
0.40000045328963846 0.10501882210110328 0.25598083868354554 | 3.652263055771855E-5 0.005534052018640969 -2.881940320674087E-4
0.40675866653023435 0.052752444855984036 0.4112646723748065 | -0.01721804936949875 -0.21522999265928303 0.01977482698110277
0.46475711616626636 0.013285069044678582 0.4632674642678385 | -0.04501000995582225 0.37088489135666136 -0.003906166670461018
0.3314901415905129 0.0032672480777460444 0.4000644038042483 | -0.007607275005888664 0.002156149920412288 0.002429113466069701
0.371795045776813 5.726279144448366E-6 0.48261919270090925 | -0.0031384611511114957 0.005186616125871427 5.528609563296222E-4
0.3482683947893957 2.3435187060636026E-5 0.5760584255634345 | -0.004969123989381915 0.0034796393466924626 -0.003486079253015881
0.36327048623995434 2.7699875416347438E-8 0.6577053997103783 | 9.539389921449295E-4 0.0060400733847751804 -0.001300393166517984
0.38564411729252795 1.933678031517068E-5 0.8330237915949034 | 0.008041813335439756 0.001932844582221368 -0.0011896639063601023
0.40005920879969925 0.01148355638710696 0.22692164564399628 | 0.008476596227992753 -0.010834053445476608 -0.003511496651587563
0.4780838079672167 6.448245249752451E-5 0.17965872763316323 | -0.0030515331034749425 0.0026999734545045608 -0.006514805827450832
0.40008460711805544 0.010311524263908845 0.33645640077827055 | 0.002522937331522629 3.287650659725839E-4 -0.009055118852082064
0.43929532911202634 6.711139274505185E-6 0.4395833282562039 | 0.004881149651609048 0.0028864240346622495 0.004712563025111087
0.4633694296778375 2.7816679457528807E-5 0.46340688695182797 | 0.029253785305011284 0.02246836367193891 0.006709974595070018
0.43914439854758786 0.004395733050060342 0.6406712061842892 | 0.04567707287785854 -0.27020818871075336 0.08981877566121983
0.4372985878487971 3.267007052605781E-5 0.6385781703785653 | 0.003961520884775988 0.004209099481710211 -0.002683663191653018
0.43772239790712963 1.4877850475932138E-5 0.6350248182522431 | -0.001340186235213625 0.002331894624416677 0.0073713578706696165
0.46820903354786453 6.170400682128035E-5 0.2225076458355843 | 0.0021085765405178163 0.005598970616297777 -0.0013929029675506708
0.46713894440932635 0.035770061666026004 0.2675201855942151 | -0.03065259440974392 -0.4325585305023563 -0.04296293168264476
0.4857209402268334 6.68598885251529E-5 0.368763130106783 | -0.0010711877385634037 0.02830734715386816 0.0025895856868897817
0.4636503818079811 9.06260472173093E-5 0.4637325446611055 | 0.021866954925581692 -0.047048565078228605 -0.010218198286413691
0.5895905379329279 4.752527592853277E-6 0.5896817062192415 | -0.0036743819744520447 0.0036206989719321206 -0.004923026998988084
0.5022569044925179 8.200909946732996E-5 0.5825433821247676 | 0.0018301120088309657 0.10481366474513491 -0.009157203666604202
0.5160263120496684 2.1853069805334922E-6 0.6499564063211296 | 0.007335192787449657 0.0013426424561679066 0.006141562601155608
0.5192210744881606 7.61760965109215E-5 0.6451656261608604 | 0.004275314047308987 0.0012347493903330934 0.008607820982577197
0.5903091089121223 2.7730019097962233E-6 0.2706286360138392 | -0.005373246372125498 0.0036673840344326417 -0.0023805281256189057
0.5357588549473925 0.008708585648799843 0.21323079514397475 | 0.012413822528183674 -0.5748809284595154 -0.03157933624350717
0.5755719985835615 1.9711135950455434E-5 0.3481670036955174 | 2.4461767518738867E-4 0.0029069891563484854 -0.007183937986015035
0.6392707389320953 0.011901653328005645 0.43820725775331404 | 0.09658167965346146 -0.1362259631195146 0.05689234592108185
0.5824624994941073 0.0011069329334560613 0.5023697621555582 | -0.013368191028156975 -0.18468572570182015 0.0026231767644946074
0.5896503691840942 1.8422729666667983E-5 0.5897430139603727 | -0.004042769796190918 0.003338556785284926 -0.0051491035604874676
0.5998337041923568 1.1820337890125239E-5 0.6753385040800985 | 8.473804259692454E-5 0.00519820376506733 0.00247639535081912
0.5946338175901087 2.3073181546827377E-8 0.8091600853147114 | -0.0011847282284666617 0.0031570434314609403 0.00677538050464145
0.6546485318085418 1.1167521806937825E-6 0.3086823763303669 | 0.001541336853909772 0.0017932045022420312 -0.009417219427668006
0.6443089913147206 5.897791085455871E-5 0.21506447568509948 | 0.002682682355623754 0.005409772662037506 -0.0017979070435145852
0.658450334408227 6.842777775873112E-7 0.363708256360198 | -0.0022559650622512514 0.005788584149803423 -1.0902034747746738E-4
0.6383877119865613 1.7126476975128405E-5 0.43676714325724086 | -0.003996009696264917 0.0032885737137048157 0.004870901963331139
0.6481046083904763 1.9722642605484407E-5 0.5148879107701242 | 0.006096184990652641 0.0012664860346406899 0.006964518127739517
0.6755613297592679 1.8201289863040946E-6 0.5991696923194395 | 0.00225189715771042 0.005191938776953909 -0.001513267773601239
0.6827925302398943 8.388973840505867E-6 0.6824307395168314 | 0.006057248499613268 0.0017058873242793318 0.005512047527340094
0.6560382349365126 3.023827007807452E-7 0.8898931653052746 | 0.008225509238040926 0.0016975344914180674 0.001366826508744736
0.7043533171068791 4.2486142737958076E-7 0.25474518850527306 | 0.007389395361347278 0.0018366786185126452 0.004785410691951131
0.906067440245275 4.954468743657459E-6 0.28012610743600863 | 0.0037104050304746037 0.0018551109191142525 -0.007356064450062533
0.8321478724245059 1.5884128992045993E-7 0.3849277342438577 | -0.001217661955895708 0.0015040784478023083 0.009019447259663178
0.634965145699208 1.901495355160327E-7 0.43759441307705527 | 0.007587901114942856 0.0017384564197935547 -0.002621976279971325
0.6451187459843902 4.3553618982990265E-5 0.5191816832878187 | 0.008301245661753822 0.00126981774711082 0.00401040523610534
0.8093429529920939 7.344885901538005E-6 0.5947152903733287 | 0.006691636001698856 0.003193430704995912 -0.0012829332145931208
0.8899102870935888 4.583800574930591E-6 0.6560213750332196 | 0.0013777130830551591 0.0017079389151356773 0.00823171099106715
0.6814957298132115 5.4486426438044564E-6 0.6812252593894841 | 0.006392666752262271 0.0010922330645856252 0.005910317787550509
0.17348883906394627 0.40000173494126046 0.17348892167062982 | -0.006381573986195435 8.74430986034782E-4 -0.006381562654125141
0.223567179433235 0.4000045133371587 0.3464327864315845 | -0.0044665922527099815 0.0034376426984282626 0.004715171244059366
0.23500645960109595 0.0719979371287249 0.40000057009258355 | 0.003989618744409224 0.004487181436689357 0.0020952475983560988
0.2029118941994121 0.10695096114374683 0.4000000007717403 | -0.005617774423541064 0.004019709722899228 8.316271439310863E-7
0.2643879005339651 1.0603285336112313E-4 0.4550085923037501 | -0.0010824585270280721 0.006003023236188757 7.689831128393141E-4
0.2675709226017187 6.022643850270832E-6 0.5823589895952951 | 1.3261686717973447E-4 0.004085056740650844 0.0046137759392863445
0.28414741122905596 1.4394448612253795E-6 0.6455556024904783 | 0.00525363660301789 0.0018392065566412927 0.007637945882872868
0.14874765909144066 5.10443095525194E-6 0.7927996122337446 | -0.00639831342918956 0.0010326912442343251 0.006197281446369361
0.3465404444866517 0.40000080530260607 0.22359285397942383 | 0.00457624370154713 0.0034704906961793174 -0.0045446042714588865
0.3435883744063473 0.4000159403219293 0.34358258596317864 | 0.005232376330977854 0.002693774944818928 0.00523542865160635
0.3246756894337607 0.017789514232146142 0.40006108151025316 | -0.006630032488998318 -0.00784175896347241 0.008114043708609062
0.22515354490212164 0.013310809244658725 0.4000388543207027 | -0.0013587829346349504 -0.011680134924668201 0.008299003059930131
0.26867414835742814 0.02639592737798515 0.46699526355103604 | -0.03819371881124835 -0.5786292729473673 -0.03794574378192103
0.2658328956537504 2.8891686201619115E-5 0.5831771439527877 | 0.004957495519144618 0.003821748503751491 0.0019418415998271263
0.21515978578173758 1.93422307166035E-5 0.6443879879443374 | -8.411879352181145E-4 0.005525149395472401 0.0027286058076239203
0.33111097284051527 1.6170425060758946E-5 0.8460604820377323 | -0.007152904771674102 0.0026831906195755786 0.0013294966212872696
0.40005804246801957 0.04668137487871472 0.2384137612815196 | 0.009944912353545957 -0.0035295378129102345 -0.0023475868691403717
0.40008244824449585 0.02167238682336368 0.3254852110311707 | 0.005428977464219979 -0.01026975234000259 -0.008038464068008335
0.4650366956690275 0.015019518023961035 0.46302338115105873 | -0.06302911785832782 0.3496344705978022 0.015298185844250455
0.40852303183921257 5.17512907016328E-6 0.4092091878129058 | -7.275057956920472E-4 0.00542786386835721 -0.002723322065562897
0.3726069217979274 1.437925498374498E-7 0.48547224315533205 | -0.003290224284372505 0.0034207634300652883 -0.00635395601322621
0.21888160876868798 0.04000951080829965 0.6119461888408558 | -0.4819224378817877 -1.187943017839103 0.12390111045197807
0.282551989162245 6.331252380688218E-6 0.6560383740044008 | 0.007633644966175769 0.0021071513902348074 0.004713442657273279
0.3651406199027185 4.083558148597505E-7 0.644691225825735 | -0.0017045982124758712 0.0016954183450272617 0.008218844773866134
0.40000005706474967 0.10679918547354969 0.20322035879594036 | 1.3336211359694205E-6 0.004125565646864605 -0.005429546056340299
0.40000306618936043 0.014754036025177508 0.22310274570199004 | 0.00831177916284405 -0.011916871890229372 -0.0016799873792291578
0.40890247304308475 2.2655501110106886E-6 0.408134055136703 | -0.0014793800922206194 0.005622005243230952 -0.0010432454941547494
0.40921650274656907 4.449387904039101E-6 0.4076839899506175 | -0.0020084813823232177 0.005584302564274408 -2.722340310495237E-4
0.4255051115274571 7.0520431035064035E-6 0.550952715209486 | 0.0017289172066460308 0.0012027401182472357 -0.00882107451510321
0.42045973645243895 0.010961602077253385 0.619611581601349 | 0.10925105031136673 0.5775391702201496 0.11786438568594185
0.48310342973961007 0.02845120556432886 0.687780694742728 | 0.07819631226209241 0.3472552490632006 -0.008800479767294563
0.4404051219072851 2.3334822190006145E-5 0.6327170787308392 | -0.005301589451120737 0.001187583929776118 0.006504223935081969
0.4553119771652968 2.475543940739551E-5 0.26419246026134124 | 6.409318745764432E-4 0.005836568391625834 -0.0010714292154333897
0.46689911864248446 0.032584464693341295 0.26738082677152814 | -0.029275554227317077 -0.4844014912068842 -0.04225107793107623
0.4857210348570626 3.936559931083119E-6 0.3687479035450863 | -0.0010962087831206902 0.034598809964848536 0.0018286545646524614
0.5506824426651966 1.0466947798088126E-6 0.4259018423162632 | -0.00863776367493306 0.0013887774784516792 0.0012413488028175934
0.5896950882863002 1.6340217685586607E-6 0.5897865674173997 | -0.004330798563531196 0.003085939124856027 -0.005341123818816461
0.5021352188755697 0.01540019478135394 0.5826517330266104 | -0.003191199806653228 0.0867836595822122 -0.013295831234002357
0.518042108042922 4.6008546725523826E-6 0.6566166770224932 | 0.008507806405691034 0.0019843270413162054 0.002843981622960312
0.5154874786881641 3.190698816093893E-5 0.6339595915587165 | 0.004427053605216365 0.0011074112122603497 0.00845807176004594
0.583386454084728 2.0803949741938134E-5 0.267979117458948 | 0.0032167944812678657 0.004854511870514332 5.006999363972789E-5
0.5829368972917965 5.833932904430594E-5 0.2656639161975447 | 0.0022744839997525385 0.004274674355360889 0.004612120111156891
0.6117228498818706 0.042134964164333245 0.2292949089406114 | 0.10196228274295105 -1.1103640109317616 -0.4099222226249677
0.6221091566691127 0.014207649531798655 0.42336102074150694 | 0.12346461738979081 0.5168854312163316 0.11164911331379648
0.5824183045469383 0.014073432268095105 0.5021563442926694 | -0.03200674384589394 0.10188309856141778 -0.0122753271423789
0.589890994925424 2.762268399473426E-5 0.5899801540531255 | -0.004983255878542821 0.002485617971218342 -0.00569836847110035
0.5976378353060221 1.3303196592178874E-6 0.6778714805448866 | 0.0052383562281976374 0.0020469809501849623 -0.005946038914944695
0.6054683544344875 1.1338650636769402E-5 0.6624917069214111 | -0.0012959107453257197 4.211796199986432E-4 0.009138440123808449
0.6455391220560698 1.292069090130702E-5 0.28416379180766427 | 0.0074751995426705934 0.00215479363902114 0.0053042096581174735
0.6443090143163048 4.165099669433413E-5 0.21506338402991626 | 0.002680062048294367 0.005410645097223906 -0.0017940471679407028
0.6566870632937601 1.7938393791052348E-6 0.28244399939676545 | 0.004411640183344441 0.002476633757351727 0.007510151679864933
0.68748881370275 0.025709111144625492 0.48314342306444963 | -0.006362152641013551 0.3648862858770177 0.08286408183087676
0.6559646114039515 7.172845883157301E-5 0.5176157498444256 | 0.0030416099224835737 0.0017880547057610927 0.008067362659090823
0.6786481405996748 5.661459348411947E-6 0.5962047411532554 | -0.005704967363598522 0.0020676697079457565 0.005591207910328524
0.7407716059808991 7.354143550847105E-5 0.7408164863594199 | 2.3814891788972154E-4 -0.005513658837190169 2.4037397088672494E-4
0.6488772714442838 4.693366919849036E-6 0.8841945536730493 | 0.008480181110374477 0.0010747272807696373 0.0024665592612530774
0.7931048896765003 1.4755925614342345E-5 0.14844605205371153 | 0.0062054656990250786 0.0010166316775908008 -0.00640691342677396
0.8460636431162624 1.1921928154932465E-5 0.3311069194016112 | 0.0016794530464453372 0.0025279999356778503 -0.008290676310748096
0.644785391822569 1.1472381962203648E-7 0.3651711456989015 | 0.007843128321676806 0.002127781862057068 -0.0015627648691240747
0.6330369049535128 6.815387740672941E-6 0.44012205146302547 | 0.0063641676520747505 9.45553332135669E-4 -0.005910273900283321
0.6339334494707444 7.27901461046801E-6 0.5155047918778548 | 0.008162186531498299 0.0012047714916067643 0.0042120975901600854
0.6624327218589025 3.8111906273650975E-6 0.6053899560950228 | 0.009136199105241287 4.707245711861397E-4 -0.0015075238722392966
0.8841960757245906 5.222419333738567E-6 0.6488704899666455 | 0.0024951328498154855 0.0010832465443875849 0.008490185025178777
0.8060655610134106 9.163733873239583E-7 0.806065577119326 | 0.006147116124574199 0.0012663032766350305 0.0061455325118114626
0.1921562308686619 0.4000048307831806 0.19215625642786707 | -0.00642833210405791 7.691170983043637E-4 -0.006428331631674532
0.21850705937882262 0.40000314847830115 0.34560721607482175 | -0.005642300630740189 0.0027028641285376446 0.004783506503889525
0.23905830528164057 0.07483659110967981 0.4000009181038638 | 0.004474722996638356 0.0038688170685433412 0.0035105063230893314
0.1345724099895683 0.029891544306410184 0.40005334408858834 | -0.005324239271209112 6.457831766944504E-4 0.00747999448850751
0.15503315892557556 3.2958362384735316E-5 0.47336067477801924 | -0.006635345737198853 0.003286104927682142 -6.932000179904305E-4
0.19254099359110777 1.0802404099015652E-5 0.5690235847750164 | -0.006207818997211011 0.0036727302044151982 -0.0029238930890890954
0.12865323282544747 2.541394207010698E-7 0.6572081664501723 | -0.0014226021311722228 0.0026915637584294183 0.007264785178021031
0.1553112935438506 2.880030357329924E-7 0.7868345292779456 | -0.0061470231629573106 0.0012861104029835222 0.006178171155179807
0.34561192578814676 0.40000292827972456 0.21850639704140914 | 0.004821768812370843 0.0026966278203616615 -0.005618720010479936
0.34351551705705113 0.4000026586348156 0.34350986298114244 | 0.005341227643047764 0.0025524179167403615 0.005343526345325006
0.3235526908422731 0.020485098844202868 0.4000358797884779 | -0.0018848681329848144 -0.012374020883437491 0.007901142072805628
0.28107808777520993 0.11129247897752709 0.4000000074803749 | 0.004401880986913998 0.004626432525719158 5.796514983697637E-7
0.2985145925822886 4.902064049985979E-6 0.5133198137923365 | -0.005254539624498508 0.004532877844706811 0.0020441127397891157
0.07817585740612598 0.0029108458815788824 0.49955315314822935 | -0.09645746162727342 0.14511451877996442 -0.0405731190305603
0.21507617422956388 3.5635808000540784E-5 0.6441355098657444 | -7.080687338668887E-4 0.00541951410515983 0.0031466712383322083
0.2574482818901663 1.895708407700377E-5 0.7972279733604674 | 2.892600165872877E-4 0.0028361022316314684 0.007361798423039028
0.4000011754285762 0.06637211837430036 0.2272368567566114 | 0.002316889037325001 0.005052696484319727 0.0015505519340366
0.40002527258684173 0.014142144444064631 0.31996712961062906 | 0.010072362518753823 -0.008239126701835858 0.0025799775411260053
0.4647811474573898 0.015805471391709208 0.4631326401658788 | -0.059356225527538276 0.3131624964997157 0.010297894227712002
0.329541550889457 0.008901505935272292 0.40003217211521686 | -0.007631051109791269 0.0019825896981917057 0.002717247963502111
0.3706705019550281 6.431130293469607E-6 0.4815673017743091 | 4.873775390603013E-4 0.00485826602635546 0.003960024309587256
0.3469590711500715 3.289588845450019E-6 0.5751083312846472 | 0.0029010493675585493 0.004811469570882051 0.0017502479256547758
0.3660231191028453 4.8485061154568654E-5 0.6556215980168274 | -0.005976133819638288 0.0035838145354401695 0.0038051157896048784
0.348449884537413 3.248119806732128E-5 0.7290776738821186 | -0.001233639446388165 0.0015050631401323164 0.00810851437972818
0.400000399479179 0.029604916819303273 0.1342483388165472 | 0.006628762816529825 0.0010247906659970403 -0.005957533898671368
0.4000000013429463 0.11001439833133941 0.2984511297130535 | 9.543700504980544E-7 0.002079475241655405 0.00806353645216086
0.400132532755552 0.0048865816153733045 0.33483525431278344 | 0.0025888044097360026 0.0013102043248803359 -0.008330504252668411
0.42167414932924135 5.792567215917356E-6 0.40483662722892366 | -0.007756619829525218 0.0025858082011839673 0.002275791340594711
0.42114782894048947 1.715846462240171E-6 0.5582204458987754 | 0.0036106336841582134 6.777883473773257E-4 -0.008361913374516047
0.4266672340144094 1.5529495111610537E-6 0.5459616439113272 | 0.0018189773576035193 0.0048619719455669985 0.0033838088110862492
0.43256297760419565 9.156237852747201E-6 0.732496594337782 | -0.002551615916712671 0.002005519467440817 0.008167615339846472
0.4370829369554635 6.369401990617385E-6 0.7392608657216335 | -0.008789162229865713 0.0014948151188186273 0.0019506709143065533
0.47315536684491283 4.0806704393521995E-6 0.15485980169110905 | -3.8131393418614433E-4 0.00397053939019429 -0.005222599811819709
0.5133503734311464 5.4128377601282064E-5 0.2989729590690403 | 0.0022412168635308942 0.003262894861175061 -0.006090103404968495
0.4857163235606894 6.705051109783146E-5 0.36876102283806683 | -4.879577778003432E-4 -0.03657863467641834 2.9521548932524556E-4
0.558815919877368 5.2611634776932856E-6 0.42100585107094873 | -0.00825215938504206 7.315366078962071E-4 0.0036328505463327177
0.5896744193815457 1.207972157813088E-5 0.589765208483844 | -0.0042029812429785485 0.0032106367239368616 -0.005239379127323799
0.5022676804901489 0.0027884482153727173 0.5825149057540043 | 0.0027555825041384566 0.040998947398573134 -0.007213183319185505
0.5077426717829858 3.628088992490321E-6 0.8377459415440343 | 0.0010580991294137168 0.0038269679227963364 0.005703992018586558
0.513300231297191 3.431937138028245E-7 0.7312143078008299 | 0.006537184835468868 0.00151793161029876 0.00658868730903258
0.5690109028574782 2.998174740931583E-5 0.1924938410856389 | -0.0013747829462588867 0.0033117976937481254 -0.0065671769020270625
0.5010171084412 0.002590114011869204 0.07870738696884483 | -0.04742964726154604 0.17607050073017355 -0.09150219094810386
0.5755235387206762 8.142663837614291E-6 0.34700603235403354 | 1.1954509115393074E-4 0.0037841355123987416 0.005817168527678712
0.545957770670766 3.481945452229206E-5 0.42699537528656817 | 0.005204171021004547 0.004015181263906188 -9.649520674145114E-4
0.5825748214664754 0.001160795740004474 0.5023069406045193 | -0.01583979850911951 0.1997391614473809 0.002859034103374952
0.589582430030838 1.420359529214529E-7 0.5896649901440478 | -0.0036633642465628523 0.0036835293122404423 -0.004811740845655548
0.5998212723095195 1.8036363607223813E-5 0.6753436696060742 | 2.3833513834552923E-4 0.005204810751812923 0.002439454522747067
0.5979212725334306 9.198690422958038E-7 0.7173385918407629 | -7.61200418125981E-4 0.0012292676688363696 0.008668934822981202
0.6570513637936161 1.4248575821164916E-5 0.1286731030836223 | 0.007483545165860849 0.002539111912159563 -0.0011225196310757507
0.6441467958697853 2.3057664858967668E-5 0.21497696325724425 | 0.0029575078719458955 0.00536581205686334 -0.001628498125629043
0.6559189559807599 6.702095356255503E-7 0.36604650176522724 | 0.002709861879752884 0.0044589611744320955 -0.004728066216111823
0.7326659214243246 1.46483003587387E-6 0.4325703990966069 | 0.00814711237651673 0.0020549412727074463 -0.002539392931774784
0.83785429880945 5.164390061365091E-6 0.5078466589709691 | 0.005395187684122357 0.004055161787378839 6.98553198162277E-4
0.6755765063000178 1.0203905502751462E-5 0.5991818376994519 | 0.00204311709437153 0.005203635323582288 -0.0016914004881634715
0.6813514262345964 1.1103561358550774E-6 0.6810936239190504 | 0.006417126432526364 0.001049276981694896 0.005934442693269713
0.684956923169411 5.262806334481964E-7 0.7931789971856066 | -0.004042750715055941 0.0012525102287980602 0.007560021777537755
0.7867338055553547 1.1029341372717236E-6 0.1553856783665232 | 0.0061746405865631395 0.0012978873360661258 -0.006137564951575555
0.7972528071463828 1.714153492153016E-5 0.2574341304249697 | 0.007197812507071852 0.0026794211699987277 -3.096802019641968E-4
0.729100066855529 3.8532249764030045E-5 0.3484528242933976 | 0.008071292190075154 0.0014090923276100468 -9.718442430051073E-4
0.739266486746706 6.8378814961844965E-6 0.4370840737782869 | 0.0019812008358748253 0.0015359041982395023 -0.008809483670360647
0.7312129280561637 2.5962741292783423E-6 0.5132987291794789 | 0.006178322695385264 0.0018351159261853548 0.006437288870756108
0.7173308193425985 1.9016520309611255E-6 0.5979378546140219 | 0.008641732128819789 0.0012856214286015154 -7.103362506522948E-4
0.7931738623530405 8.58130485884641E-7 0.6849555499722424 | 0.007549709578615928 0.0012672689915480399 -0.00403994098570523
0.7988240301739596 6.403574516737072E-6 0.7988240159895251 | 0.006262663505873231 9.00823164266675E-4 0.006257617558362394
0.2140629248530909 0.4000048197214068 0.21406293638446477 | -0.0038643937301944984 0.004092412148722029 -0.003864169801501378
0.23210855685321455 0.4000073546479893 0.3431599007755431 | -0.004622028253340355 0.001642142948915136 0.007040768504118902
0.24143599954343017 0.07803004698342315 0.4000001403297553 | 0.0063865261136677965 -3.2527606490950295E-4 0.0070482216142616775
0.14327130955619374 0.030316210203735 0.40007505993906545 | -0.008901704006484155 -8.980791543018471E-4 0.004633255827128342
0.07001543317551222 1.687773568637792E-6 0.49283036876878394 | -0.007613737070982478 0.0014230645548341302 0.003186287126432371
0.20011270755101906 6.06851922824683E-5 0.5661508827840237 | -0.007258227224022566 0.0029857155500660646 -0.0026014561556366215
0.14374458903254214 9.180905820624201E-7 0.6543798742831259 | -0.009080015034090965 7.296580120876273E-4 8.904018245615106E-4
0.16581142613410052 7.007381545818197E-6 0.7755695062928569 | -0.006279370154338691 8.829534263076984E-4 0.006467642693360423
0.34316243617854403 0.4000072344800633 0.2321086600234608 | 0.007051506878598106 0.0016398867814924098 -0.00460906677868665
0.3435082821909901 0.4000016534490282 0.3435028930839878 | 0.005351255986864242 0.002539874051948367 0.0053523591480864495
0.32246907074921244 0.02008502462953893 0.40002219461702043 | 0.0016353810046551601 -0.012126048743745836 0.008140421012892031
0.2985380252647852 0.10814131454285998 0.40000000667708746 | 0.006845706260365762 0.003166165993663554 8.797918404836409E-7
0.300161167782936 5.570277700757161E-5 0.5132524033632995 | -0.006285556802431178 0.003988515605788846 0.0017255490900862254
0.07788423351286515 0.0031182540954014406 0.4993177144147483 | -0.09532000329956833 0.14118664414138696 -0.038506126230570155
0.21507625153786672 3.381383704973293E-5 0.6441452657998809 | -7.065215681620981E-4 0.005423954905640787 0.0031303182777040663
0.25730544743426453 8.993329332961659E-7 0.7944005439610066 | 0.001316406939736034 0.001758243736805931 0.00833443813492546
0.40000061316260893 0.08207773491389825 0.24259766749457565 | 0.0013652420801383068 0.005056647978448166 0.0026202120757472034
0.4000386190782134 0.01411264250230414 0.31856602345292945 | 0.008737129899435725 -0.006927606466269852 0.006113232225033775
0.5077223053802857 0.04788439857788071 0.5136943392083798 | -0.06972454827933255 -0.22229355586156266 0.055847182942620296
0.3234426616642817 0.01284669887632778 0.4000446373686398 | -0.0033199414443630102 6.525540963988678E-4 0.008320552399285086
0.3713270480901011 7.810225547035684E-6 0.4821358266852434 | -0.0016290406925197774 0.005254922136571617 0.0023185893036207638
0.3427766351954669 5.239201265472033E-6 0.5788050848694907 | 0.006937978576112566 0.001038110516611908 -0.0050241487727603895
0.4327673607007148 3.575469732658472E-5 0.744111779661189 | -0.003706201140888794 0.004221936093310622 -0.00434808414678217
0.35178725486084494 7.382543621244406E-7 0.7305608266788157 | -0.003951467803465539 0.0013856950039140695 0.007255035806581396
0.4000320790104578 0.030579945281581297 0.1430329623000609 | 0.00423914597121668 -4.0888782479361603E-4 -0.008830375912007
0.4000000078398096 0.15416935763866277 0.29846947715975014 | 1.7855986648565827E-6 -0.14268663732042214 2.1439928683463327E-4
0.40005340884219054 0.008304444262940146 0.3286253241751531 | 0.003126387924433944 0.0014190689477261821 -0.008027710627486565
0.41835975789182317 8.152996040026818E-5 0.38783249528536373 | -0.0036128173894224725 0.002782240517000393 0.006119280639902346
0.4234853675202486 1.5462301539358013E-7 0.5543701795423857 | 0.0030826678072773707 8.065618006233351E-4 -0.008569418204734745
0.42645826093059447 2.422290297568114E-7 0.5428100940600957 | 0.0018575224820678378 0.0014328379403094312 0.008224606763946488
0.4326654201642717 3.3023156082803704E-5 0.7332537831601882 | -0.0028201981237378475 0.0021215424370187095 0.00796417816723901
0.43738029481492374 3.774636254387536E-7 0.7442996310012704 | -0.00905540850268112 0.001466313647542957 -3.5369510836707633E-4
0.4925644507846743 1.0489743187501544E-5 0.07033684935767652 | 0.0037024577941108636 0.001993059653175421 -0.0067063785378241435
0.5126242887467216 1.1724073842523511E-6 0.3002601830794034 | 0.0024900203592611403 0.0028769067886103825 -0.006529023789157144
0.4857174449118587 1.333873453388726E-5 0.3687633071835748 | -4.8508391851868443E-4 -0.05304031682600704 -2.023537312442625E-4
0.5541416134201673 1.3708207359082597E-5 0.4237214977079959 | -0.008542565399123084 8.979431216183734E-4 0.0031977200984565886
0.5896713800571952 2.388617532882321E-5 0.5897633136333612 | -0.004153157305173747 0.003256403804697417 -0.005202752680082485
0.5022376401915402 1.1401123387820827E-4 0.5825033273525798 | 8.792521008678071E-4 0.0023480420542629776 -0.013540499109194375
0.5078459316673153 1.5130015089598253E-5 0.8378767857362613 | 5.111734676596715E-4 0.004043093040200333 0.0054120027265487855
0.5125780703380964 9.549971471206328E-6 0.7415875324720516 | 0.008566699991638315 0.0011344750688462653 0.004390801258120787
0.5661329204870649 9.931200033290813E-5 0.20008112762972827 | -0.0012808374874645576 0.002703571423943283 -0.00724123400478172
0.5009333777839516 0.0021164600488276257 0.07853629098696062 | -0.04597524344127736 0.19420469641765462 -0.0901363898629066
0.5787182496894752 3.571906568303744E-6 0.3427942244320894 | -0.005342300950876164 6.643198165766374E-4 0.0074471567956984975
0.5425722448241529 1.643547456116253E-5 0.4266422948757272 | 0.008333813140988008 0.00129628379507662 0.0014837294553595938
0.5824674108308011 3.241906771052857E-4 0.5023738479948006 | -0.019230524948284138 0.011941064311661302 0.0017147967549311952
0.5895488702257363 1.2783646010098582E-5 0.5896399454279557 | -0.0032852899590581643 0.0039025017567560836 -0.00465628415750438
0.5202283338217106 0.011359042534846334 0.7513603931388595 | -0.03492402161339619 -0.416183881071731 0.04338820655040302
0.5939603452486665 1.4342672824456237E-6 0.7269400797466132 | 0.0010959522768531468 0.001418351475729315 0.008458978964394128
0.6543965639518378 5.988675721035947E-7 0.14373744159269583 | 9.472668756784298E-4 7.09593215314026E-4 -0.00908768891990716
0.6441446259829778 8.992093694509004E-8 0.21497370512762715 | 0.002957629641488935 0.005366494981447845 -0.0016199913005465795
0.744180134627864 9.008486106795962E-6 0.43284407785485524 | -0.004070120257823645 0.0042529656748747065 -0.00398891059651353
0.7328588302725068 1.4516473375029179E-5 0.43261488053111247 | 0.008083544961745206 0.0020875582198499627 -0.002642429514085772
0.8378843794012114 5.0201646455000935E-6 0.5078709776312659 | 0.005328202754897819 0.004100760416595618 5.67279150552284E-4
0.7523488429290036 0.01769334221111024 0.5201309139562674 | 0.04758066282040848 -0.33773165785829823 -0.04346163710036524
0.7409297533426252 5.4022570124642516E-5 0.7409794679945282 | 0.008780509914413552 -0.48393289532705497 0.009014145781733728
0.6863594395928329 1.923733287528099E-5 0.7936476698298007 | -0.004725858723032646 0.0011546737556146667 0.00722800996495429
0.7755541782602668 1.1479985447637645E-5 0.16581275463516873 | 0.006454490324169719 8.890645273427932E-4 -0.006286590670843943
0.7944259654653775 6.425700419292668E-7 0.25729476265022627 | 0.008150879461985436 0.0016813416099406685 9.615471294216873E-4
0.7305859373889841 2.7327223163783884E-7 0.35179253384957665 | 0.007391252183752158 0.0013033944666898708 -0.0036923817272217505
0.744308615110117 6.835269755981887E-7 0.4373871115612239 | -2.615552443247279E-4 0.0015164526897127625 -0.00904383945755151
0.741587953357087 1.0559873447019947E-5 0.5125775180699086 | 0.004087710978838466 0.001438521693420361 0.008418859615604787
0.7269413416285002 7.635776412637393E-7 0.5939845504531128 | 0.008431542093057949 0.0014852834737265764 0.0012393826534898402
0.7936460746985547 1.98468524450765E-5 0.6863608314215558 | 0.007215352417138029 0.0011672272867918135 -0.004729494633805391
0.7896547180742174 3.3462028921727534E-7 0.7896547403606216 | 0.006363727488397889 4.824036170576906E-4 0.006357382985541232
0.2252411249884605 0.4000002772006596 0.22524113243400132 | -0.0035771873975985673 0.004312709830593996 -0.003572738616489657
0.23617535161799136 0.40000151306119375 0.3417757589287807 | -0.004935107638059936 0.0012467910811858277 0.007214184372735117
0.23117454125310344 0.059118069242051485 0.40001265957067 | 0.00316592694197751 0.00436243716660295 0.0032655821411537145
0.15698005395813494 0.023368391597449464 0.40002219130863664 | -0.009339455622108242 -6.9802959528945E-4 0.0033288804848431025
0.07383820665782587 7.776516265711741E-6 0.4929270361711914 | -0.008682810341102559 6.907488103506006E-4 0.001812845029393736
0.1958512080144662 2.2950840422027722E-5 0.566170780261137 | -0.006795571322068419 0.0035471970081348 -0.002071446803605919
0.14533161919146603 1.7071662525860345E-6 0.6541914435898009 | -0.009133906299722338 6.640153928971933E-4 7.341178749226874E-4
0.16796308735972254 2.2232537758213576E-5 0.7734557483124345 | -0.0065211130682200115 8.146600648682196E-4 0.006292679432435727
0.3417752611880985 0.40000161049353294 0.23617502387087874 | 0.007220939107433191 0.0012457842437435683 -0.004926521205355423
0.3434911296506791 0.4000071549112912 0.3434856740530108 | 0.0053596802967827125 0.0025284464501713743 0.005361063059266249
0.32308051939316385 0.02137734877384887 0.40005112938374143 | -1.0437490919855495E-4 -0.012982122394002824 0.007537770932728545
0.3157306885101661 0.10932405878547802 0.4000000208846354 | 0.008457555169174897 0.0016089921965085291 1.5143245173959322E-6
0.3007330558986833 5.060159915768262E-6 0.5123439285938687 | -0.006386819064826758 0.003814283953770262 0.0024015690412741843
0.1080955574561381 2.2568115359268583E-7 0.570227013903266 | 0.007926905148805903 0.0017532552161718886 0.0031520444225289256
0.2066127838328461 6.124853449002236E-6 0.7163318388800656 | -0.0037467863946560377 0.004075260984874279 0.0038634332347012496
0.25736179776768553 3.275665371712407E-6 0.7941432903599162 | 0.0012624423780206178 0.001708432505755214 0.008386292774077372
0.4000066474736246 0.08179321006531237 0.24246088560554174 | 0.0013797568508060842 0.005046348329851383 0.002647070889359395
0.40004435228217994 0.014007856636144046 0.3179109137569317 | 0.008077572959179224 -0.006164267628439536 0.007083673332657244
0.5097977291625425 4.5420133716179794E-5 0.5088872965019655 | -0.0011346289168816979 0.005669847008276113 1.8391969778412296E-4
0.3244251744215106 0.011468726885118238 0.4000710345839161 | -0.004971737029094939 0.002119792223809865 0.006026808594402443
0.37068840890812177 6.443322434519015E-6 0.4819736992608878 | 5.646318417642797E-4 0.005269979494266169 0.0027999618564064953
0.34713359041869674 8.100434782701592E-6 0.5763244378067971 | 0.0013046686247883742 0.0036673036787776454 -0.005581727834938277
0.3393586066693901 0.00628398627607666 0.8179132153437477 | 0.0012452190103241438 0.12181193946163948 0.0923184482075239
0.35700616337511504 7.4145301731308005E-6 0.7516223616943728 | -0.008398299441161253 0.0010152426482346608 0.002432626301084434
0.40002692765447667 0.024108478037030787 0.15717257208441662 | 0.003235114572054767 -2.918767267483839E-4 -0.009153159589777438
0.4000000027335371 0.11090618861206876 0.31313348576215383 | 3.4071128968825223E-7 -0.0012678374795637207 0.010223972080057923
0.4000673796827386 0.010695120411129126 0.3244519920915291 | 0.005447408150613143 1.53224824957038E-4 -0.00765313268740686
0.394190807283515 5.731408034459221E-6 0.4038523407472753 | 0.006267496536564147 0.0035689656001145513 0.001467182020369974
0.4274142026737747 4.284480390055848E-8 0.5451983665926461 | -0.003956423800877757 0.003037724711802825 0.005744615109426988
0.42628687280220995 1.3295398523676774E-5 0.5429542968646885 | 0.0023705860064886417 0.0014600438739010213 0.008071864732996597
0.43268043535682704 1.5463177917001672E-5 0.7332991877876873 | -0.002860282501577938 0.0021146376822996655 0.007955625153207609
0.43691130095095415 1.961597915096788E-6 0.752734087771628 | -0.0086323619656085 0.001668132727222462 -0.0015592448267732534
0.4926103253827054 6.030892281880471E-6 0.07381290204429695 | 0.002272901123197177 0.001078501127820731 -0.008192133274129394
0.5113228258185358 7.827215417737997E-6 0.30086285629701875 | 0.0032138052376889385 0.002723458654463033 -0.00648225208391027
0.48571524775815494 6.390275984711719E-5 0.3687566060088906 | -5.232729771975785E-4 -0.03654912329143338 -9.071751737019038E-5
0.545234976276219 5.180020518955907E-8 0.42738690509633864 | 0.006575243564303867 0.002719985891321264 -0.002569521389342572
0.5112834035417795 5.787722150364453E-6 0.5114551349446671 | -0.0021109613127699403 0.005244809980982898 -0.0027113387640551037
0.5022363733160569 7.422017337510494E-6 0.5824861399800695 | 8.270092862133084E-4 -0.059977784145934895 -0.011743969179546988
0.5077617595698879 3.5026369599760234E-7 0.8374627259743568 | 6.733247077348887E-4 0.0034680881945130296 0.006305612465979227
0.5133874744167378 2.062639454348808E-6 0.7513586353471339 | 0.009635875039260295 8.790381615910659E-4 -5.364649509801703E-4
0.5661536815789993 5.721859649460861E-5 0.19582139919714917 | -5.303855917515013E-4 0.003108577076011768 -0.006839868951051595
0.5720212549063604 1.1985982344575125E-5 0.1060782043560819 | 0.004140995531551843 0.001850985095061147 0.007418874032798309
0.5766992653352854 7.336994628156176E-7 0.3471105239768642 | -0.007609444731922015 0.0021762152443778366 0.002256370397692277
0.5433194415705626 2.006148475259977E-6 0.4267791717382035 | 0.00818825265663316 0.0015073571547615417 0.0011519393069340743
0.582488108897361 3.6747479040960356E-4 0.5023730262827406 | -0.01962495430078306 -0.047502431832856636 0.0016048613537435492
0.5896076951070887 5.602565259392675E-6 0.5896989642955113 | -0.0038010638113706962 0.0035258576098343808 -0.005002639652044036
0.5938257976661152 1.1920551702181335E-4 0.8586224965227224 | -0.01739560121146641 0.029030227964952332 0.02577960637011661
0.5888400869163034 2.8073029977311215E-6 0.7617824882613953 | 0.0032469901063672266 0.0024350234649937784 0.006818733770646396
0.6542095268762281 1.4340332465938258E-6 0.1453294160752556 | 7.601089657941027E-4 6.301617981606654E-4 -0.009158614420200264
0.71639716621879 2.1877661236008433E-5 0.20666344675830797 | 0.004067100199283842 0.0040622015538458265 -0.003457262887310232
0.8173584318824251 0.0012112786704691653 0.33835605450804923 | 0.09694353384838891 0.3817913856399113 0.0016426800279272162
0.7332639367695889 5.245030762306441E-7 0.432745346867637 | 0.00793608350203101 0.0021241932722494707 -0.00295887983976023
0.837583326311085 7.4615826321873505E-6 0.5078082570382125 | 0.005989668473553284 0.003697110221122382 6.85789573007109E-4
0.8586372959514109 1.1882844858425718E-4 0.5938091109540568 | 0.03271121203806404 -0.050770134139959254 -0.0203121873016714
0.7407964983779479 2.0434936913686766E-4 0.7408425461221824 | 4.4682188426367516E-4 0.05893607209261593 4.52015273148892E-4
0.686543578934081 4.064340398655342E-7 0.7944338506660011 | -0.004869419183451964 0.0011848300229880806 0.007105300178409997
0.7735925814317509 3.8033062131482173E-6 0.16777383599136497 | 0.006305088441316962 8.212439810443896E-4 -0.006502659790131124
0.794167934090622 1.714688044946329E-6 0.2573509003211367 | 0.008197702021082281 0.0016332308724467536 9.206701102561377E-4
0.7516446898088837 5.233789507682303E-6 0.357011673919892 | 0.0025294547872719763 7.84729343266998E-4 -0.008218822307328814
0.7527365103987042 1.374213393020184E-6 0.4369070391621088 | -0.0012561319271746007 0.00176202470513491 -0.00862344152751999
0.7513658152661262 5.565480224297816E-6 0.513388072330912 | -4.3428824058517744E-4 0.001206898902207786 0.009371075887612166
0.7617808201707355 2.2503452688063912E-6 0.5888389749859689 | 0.006864629698517742 0.002552811230798536 0.0030027413042612206
0.7944304957633939 7.741988989509861E-7 0.6865459673290265 | 0.007091391216877191 0.0011975239587090247 -0.004874236596954047
0.7860554770408335 2.2564323165831466E-7 0.7860555174245097 | 0.0063680025227732615 4.147329834134436E-4 0.006361230814694166
0.2393892278999267 0.40000018324521935 0.23938924631536512 | -0.004824448901072668 0.0031802553520879416 -0.004816689631969595
0.2422307416645387 0.4000016262909018 0.34188467932271305 | -0.005362241870077781 0.0011337058367447107 0.007008286351768498
0.23951959242381704 0.009752685167656079 0.4000422830025912 | -0.006556379571862826 -0.009181771029502005 0.00692843005183448
0.19072605263100323 0.09412690832922926 0.4000000204165223 | -0.004787484918100777 0.004452590192727487 1.9736133482690826E-6
0.17299256508253275 3.794011934275273E-5 0.4744076158696507 | -0.007139589331607323 0.002695078102412405 -0.001723062156874283
0.07923898284870387 5.11269271584872E-6 0.5823521985801908 | -0.004610099368805643 0.0013693264704864707 0.007415046092628761
0.14641192996084107 1.1591101741758605E-6 0.6542830962401859 | -0.009166037241846363 6.283168008345412E-4 5.630571124833238E-4
0.16996988155755244 2.5479178007102068E-5 0.7715597396365139 | -0.0067534460398912515 7.675273599496946E-4 0.006091099278462259
0.3418846628590171 0.40000157416690624 0.24223061678701943 | 0.007010800814052876 0.0011330986165360387 -0.005359616292472238
0.34356941898490995 0.4000016311002601 0.3435651625503755 | 0.005284652182028922 0.002631012871153566 0.005280468395174521
0.32246788369618573 0.020823299950372996 0.4000064781084047 | 0.0016908599311349695 -0.012590297880444462 0.007717904439903066
0.31061426444162016 0.1048042954340287 0.40000000030756133 | 0.006483416642244682 0.0034424489503940454 1.9153575060815626E-6
0.2967009151116409 7.779772486753117E-6 0.5095676320638081 | -0.002486291438667324 0.004436417470740244 0.0056516106877930695
0.07306147325471629 1.7249617163527003E-5 0.5878477430009603 | -0.006949495571582178 0.001625288564104638 0.004867497889877253
0.20795635128386314 3.740740696899355E-6 0.7165564392918764 | -0.006177349341006606 0.0033754292597253464 0.001856159700013821
0.25770471993668687 2.2068838870153134E-5 0.7933826362120642 | 8.901229702701818E-4 0.0015983460978685534 0.008527471357562592
0.4000384105442985 0.009385734299908887 0.2391835719049642 | 0.006837029291455499 -0.008432852618885519 -0.007397285886454651
0.40002679717474043 0.01103769107100662 0.31541497942226937 | 0.0059812510949764355 -0.0016876131460973622 0.008180841193932382
0.5040771643774702 7.318854155960957E-6 0.5034016414957238 | 0.0034027556510781366 0.0040640711801975355 0.0041125774958203415
0.3199997557873648 0.013617960502566986 0.4001148919356643 | 0.006824136960326538 -0.0010830673308828288 0.007097800694433365
0.3720846777752196 8.532972242250936E-6 0.48520348877187536 | -0.002397910942360355 0.003710668339682596 -0.006351463568291882
0.34702038044405337 9.218194430493158E-6 0.575965837295166 | 0.0022508678352552735 0.00421095163540642 -0.004241092050570455
0.35164509134397104 7.973560912991367E-7 0.7144179965273584 | -0.0019827751255413134 0.0014979081979599811 0.00909464307444436
0.3621894223044689 1.7970192963687146E-5 0.9114021624246703 | -7.820107961807691E-4 0.0016543936136180408 0.008378770528564455
0.4000000372735025 0.09564799436836811 0.19115023942740678 | 1.8488803707780677E-6 0.0043261557413159625 -0.005038616998957331
0.4000000242103419 0.10458776940771057 0.3106064839018286 | 1.9302061127616807E-6 0.0016045981979656981 0.008462341676776411
0.40010171260801136 0.01321574306437152 0.323842108105904 | 0.0069769764025122485 -0.0034760285843942335 -0.008108633337794333
0.4076960416877267 3.2049964375060966E-6 0.4086763239628119 | 4.23949808888483E-4 0.005578157539661066 -0.002028801391548461
0.42846577579635026 4.199161587637617E-6 0.5409964081881025 | -0.002560033964178486 0.0011073364789288339 0.008312985930689302
0.42591027749343197 9.685190953449402E-7 0.5445862621074156 | 0.004647801705422461 0.002045792563617651 0.006489856782690448
0.43264846781196964 2.955578441588168E-6 0.7334852877745202 | -0.002809058245368568 0.0021419396649354624 0.007947829773549396
0.4343467491744055 9.860772874817897E-6 0.9279855378641969 | -9.657510543655322E-4 0.002986964034227041 0.0069952416704502805
0.4744557310169351 2.105100531354367E-6 0.17294581087765795 | -0.0013829654102548877 0.0026965547600966543 -0.006872221891350649
0.5096948002803741 4.38204881889739E-6 0.2961394893987545 | 0.005643407457785234 0.003748722007851547 -0.0028426183495955143
0.48572265499584716 1.6263921884635595E-5 0.3687579338294589 | -0.001323608897470536 0.03460762806904346 0.001870981635499066
0.5410180090033757 4.052367347336965E-5 0.428565782273376 | 0.008369994473864753 0.0010953956926315577 -0.0023697336142831805
0.508460658651305 5.867936303849807E-7 0.5086333454084446 | 6.844457528252969E-4 0.005688224875681415 8.205433763708979E-5
0.5022369640404193 2.6353733981373872E-5 0.5824755885799369 | -4.666318204021733E-4 -0.059669861431352555 -0.010327480592278278
0.5074782700773148 5.144488456099037E-6 0.8367512569407809 | 0.0013409025285330035 0.002806808584292312 0.007058831117048353
0.5070378972914792 6.223873947178316E-7 0.9288220651051893 | -7.655226741825798E-4 0.002143893460155207 0.007934336561085602
0.5821638070487325 9.743101451858746E-6 0.07951825057407494 | 0.007885879337889064 0.0013976639502846287 -0.0038063131979005882
0.587672798490378 1.754391729148517E-5 0.07374177008061576 | 0.005263626596782934 0.0017208933710680897 -0.0065930468199630835
0.5767932452458153 1.7578779569255856E-5 0.34722282916096703 | -0.007845332035557775 0.0021277935177363696 0.001505663737946691
0.5450333847701865 1.5931275893261078E-6 0.4256194303445393 | 0.005697051825781904 0.001854276924587911 0.005569566195599281
0.5825719767134389 2.8908105963568404E-4 0.5023383061433743 | -0.018420006927590254 -0.04837871442949655 0.001952797346044743
0.5898656503515507 2.2737013604558417E-5 0.5899562278918156 | -0.004919200238271307 0.0025425853819335447 -0.005673298184718578
0.6351298319298179 0.01835957277985958 0.7525234164386939 | -0.021944433537367723 -0.1309962187111859 0.010660931455937373
0.5760221869900171 6.029829802502752E-6 0.9144600206683774 | -0.00232667016929342 0.0013693937138223695 0.00830445179362574
0.6542960722089592 4.732565267566853E-7 0.14646427534059026 | 5.642075584692623E-4 5.836803097576544E-4 -0.009203442116425035
0.7166400034424212 3.205788799802027E-7 0.20799986230923634 | 0.0019141678138025551 0.003395846095697629 -0.0060663978273291395
0.7095646493889748 4.2752537600202555E-6 0.3536843580723861 | 0.00867207603497622 0.0016490129459964217 -0.0018824532438815645
0.7328546195092547 3.917014758639748E-5 0.43265173048044037 | 0.00804786884420255 0.0020980898236392024 -0.0027181570109682876
0.8368996723230997 1.3525897993789224E-5 0.507568756978613 | 0.006841021964478954 0.0030258435898713495 0.0012191489911436329
0.7528562114892903 0.018810912242841787 0.6347331336716804 | 0.011533935261513119 -0.1303390747218497 -0.02228263759264171
0.7407763646628037 9.398746845052396E-5 0.7408214857093566 | 4.1284958350857817E-4 -0.004072254180414814 4.2093857806576023E-4
0.6868205299852469 6.3192304526911555E-6 0.7938661003745879 | -0.0049326933178904945 0.0011227985535693114 0.007113350897789434
0.7717508044161708 2.585389320303673E-7 0.16974346742940138 | 0.006105487852429676 7.731684757684639E-4 -0.006735197156108786
0.7934061318376642 1.7490127120886473E-5 0.25769305684693117 | 0.008317098402523409 0.0015249999692794243 5.836326789644929E-4
0.9113934226877716 2.2785118947999958E-5 0.3621964593241436 | 0.008357724354526181 0.0016716922380238899 -6.998579726347956E-4
0.9279869666374027 4.250936375135607E-6 0.43435100167944996 | 0.007004107252297146 0.0029799184114803995 -9.6373258308029E-4
0.9288071846723568 1.5810225995730586E-6 0.5070365279908844 | 0.007955248066807124 0.0021227535505192663 -7.609054063997986E-4
0.9144627639211115 4.497365613203612E-6 0.576018166835132 | 0.00830781478867309 0.0013844255414187335 -0.002333068335085234
0.7938646948091735 6.655385290485582E-6 0.6868219395876414 | 0.0071001180825911 0.0011346148936525115 -0.004937728639136742
0.7819680391913703 1.1863498482709908E-6 0.7819681357709999 | 0.006373003555995564 3.7482284375609513E-4 0.006365698259578894
0.25213007088753747 0.40000718712305305 0.2521300802829471 | -0.005277194784833908 0.002631658979931091 -0.005279169893931972
0.2498498871448597 0.4000012233897605 0.33922821154863536 | -0.004605073459260507 9.461448057535445E-4 0.007686902014342124
0.22447106609113476 0.036279925627676235 0.40002392698141576 | -0.002175032828135522 -0.012876910479281392 0.006837858887538569
0.2077141767401545 0.10593579083915831 0.4000000520288864 | -0.0055253612752468855 0.004074672668751417 7.712939641163023E-7
0.2329059923053287 7.609605290386299E-6 0.4794849750366263 | -0.004064950053257149 0.004358434556647046 -5.897768031250464E-4
0.19636832841082616 9.894749267071371E-5 0.5663767454517299 | -0.00686378418986421 0.0034500432576577596 -0.0022399288798089353
0.14933298995757707 1.4709061305156777E-6 0.653856133786227 | -0.009195954199026808 5.733392901242971E-4 4.6206209906453404E-4
0.1871550320669699 3.6796810991771356E-6 0.7575307876622696 | -0.00885996688469599 0.0010278991447219643 9.482472335850379E-4
0.33922818798137083 0.4000012065294853 0.24984966577103243 | 0.0076843388794814935 9.459975370119693E-4 -0.00460941847996332
0.3436430936977415 0.40000239507411595 0.3436374705888695 | 0.0051886655720552455 0.002749728766412371 0.005191041619184157
0.3155671594336643 3.101728600534738E-5 0.4473060335161748 | -0.0026878206069102448 0.004860356659537566 0.0015082767475579544
0.32453173443567884 0.09394467513155105 0.40000004741487893 | 0.0034321714753933275 0.005005303515742573 1.3735952958010036E-5
0.3014191546380288 6.250959860160899E-5 0.5111086735585343 | -0.006411618585360707 0.0036031768301733077 0.003185232361877693
0.26633290753696925 4.993122087162778E-5 0.5915906635167367 | 0.004208297116610341 0.002344053800503946 -0.006281315152906198
0.21552537608681296 5.985948633848913E-6 0.7170747420644855 | -0.008169545162926112 0.00163597952595635 -1.074334423947336E-4
0.2590417315869733 3.7986621992752047E-6 0.791025852507135 | -1.4828991455672702E-4 0.001334426520794525 0.00878432960315338
0.400003851577182 0.03643984819583155 0.22430512094691094 | 0.00685120844124497 -0.012931596250000607 -0.0024311008613758854
0.45771200004243257 9.132165406207078E-5 0.3057923003159465 | 0.0011033560400106886 0.00455254871400575 -0.004663554875815811
0.49879091967319883 5.3208438555669356E-6 0.49888350035452644 | 0.004535769868685475 0.0030406349401453482 0.0044444767696826
0.31791003227685094 4.1378798213262765E-4 0.4000403170127112 | 0.004092240965313529 0.003458501556593872 0.004653032598759114
0.3735275519790896 1.179783800799194E-6 0.4843761980418473 | -0.005692467175250205 0.0035159386950524476 -0.003672095918126718
0.34440753475015823 2.513691107498894E-6 0.5751016607056184 | 0.007889183441383117 0.001912905527583607 4.038779695040911E-4
0.36534115928733213 3.412001310488177E-6 0.649789840173531 | -0.0027085941236309565 0.0022558133639209344 0.007854925300069943
0.3498514454841719 2.1111282667957754E-6 0.7433066440663195 | -0.004915680539386631 0.0023298569423679193 0.005559763465355496
0.4000001104559166 0.10456046882662591 0.20723188836327092 | 1.4392787022154422E-6 0.004264007094115624 -0.0051764360498854555
0.40000001121700013 0.09358937797834797 0.32480018881204803 | 8.039232435700897E-6 0.004460495445172511 0.004800529544935174
0.4000849567894462 1.9770106877162934E-4 0.31205791091387225 | 0.005466708670614622 0.0017570390597297513 0.00604405434049943
0.42459281711597535 5.818960094014603E-6 0.42565349273249337 | -0.004401784380742954 0.0035346237788371547 -0.005389737039944048
0.428854075726197 4.662777838337452E-7 0.5399527091987091 | -0.0027012335872785803 9.853453554453493E-4 0.008384266777236322
0.44439315552384 3.2886313045486963E-7 0.6413002163891107 | -0.008033793260509705 0.0014736371436724195 -0.0012606295768764514
0.43193899257742924 3.8882715235770334E-5 0.7278687042876494 | -0.0015633806170885424 0.0016160444557543848 0.008735623114367425
0.427278090236816 1.6679669932938349E-6 0.8404157360018067 | -0.0078859855978041 0.0017611819513821516 0.0026987292407753515
0.4795266503174804 7.290074004037632E-6 0.23290298641226298 | -6.309909994063053E-4 0.005024301359614204 -0.003700381786900979
0.5105562667012554 3.441802862990557E-6 0.3010470839605544 | 0.0036159575097529035 0.002676247519249351 -0.006377592437535393
0.48571640321240306 7.024686403488795E-8 0.3687491067337634 | -7.47289346457449E-4 -0.05311342928381545 -0.0015311764150856947
0.5397224174452131 1.4285666554095904E-6 0.429042619615321 | 0.008491249910569407 9.517165907364734E-4 -0.002555850895611272
0.5344864026165003 7.872713841860204E-6 0.5346634581227684 | -0.005067052393345409 0.0030855279318635336 -0.005218415423891365
0.5022443089851306 2.441217356480399E-5 0.582462492908052 | -1.819752534010668E-4 -0.05919051952549392 -0.007736992522034348
0.5145467619750319 6.512959772887733E-6 0.7321090918252116 | 0.006116890449405237 0.0015569505130111935 0.006987964525758071
0.5107996849702265 5.799392727484908E-6 0.8337735720027316 | -0.004595145354226469 0.001375067945072507 0.007200617216856585
0.5664411600149534 1.3175351986811505E-5 0.19599196690243217 | -6.997228321655488E-4 0.0030696077774691635 -0.006878138185277791
0.5916555166368405 8.220532653992982E-5 0.2662986542467843 | -0.006129765247364377 0.0029753251166332027 0.004347564966587647
0.5755531383207215 1.1406122436503419E-7 0.344493983003014 | -4.232132005224608E-4 0.0011039261337353154 0.008796198192766107
0.6412222711575998 3.251309269113167E-6 0.4445835356736574 | -0.0012899294255902067 0.0012546841090854421 -0.008210179488308168
0.5822584474102649 2.0637230132403774E-5 0.5024277058633098 | -0.02056736822742857 -0.10508352064532736 0.002571253624770831
0.5896687490155892 2.667120422026167E-5 0.5897620778972946 | -0.004125876455953885 0.003273148739652794 -0.005196181573792953
0.6035273862705279 2.1191547967131957E-6 0.6668336652560404 | -0.0014607953455546485 6.038913943953547E-4 0.008985544323329354
0.58473452064231 4.950980420608395E-6 0.7949387181928382 | 0.0036105934312545313 0.0020542508658689153 0.007103621308786581
0.6538699406777032 6.399890183007166E-7 0.1493343340802689 | 4.2044853417409E-4 4.999298933914273E-4 -0.009264894915206863
0.7171318855559878 3.9222027172945776E-7 0.21556626398244877 | -7.87487074706182E-5 0.0016223768424295315 -0.008124634614991865
0.6498986999473528 4.195329780766721E-5 0.3653191497000329 | 0.007154336435752212 0.002841179753184385 -0.0023213415433263416
0.7270338088680106 1.133963917163784E-5 0.43184169015427326 | 0.008815458093610834 0.0015616512938141426 -0.0015141482290363679
0.7321494270864868 2.3220597970458168E-6 0.5145494293055952 | 0.006566790522203401 0.0019060785904434384 0.006035571578594698
0.6667484383450795 9.97745957873526E-7 0.6034581443682007 | 0.008934097875657323 6.697988956315119E-4 -0.0018656761567771363
0.6979070154695667 3.4090037499737413E-6 0.6978961267887843 | -0.006211964580917444 5.092954004940267E-4 -0.006261910791301228
0.6845873050085686 8.76714800477607E-6 0.7900146173373267 | -0.0038618271527170816 0.0010955295943338628 0.007783406570542164
0.7575272874415229 3.5522181371723937E-6 0.1871561124456033 | 8.69593131025673E-4 0.0010362068728934984 -0.008861770449848662
0.7910485506546248 6.401319418613238E-7 0.25903068390415546 | 0.00851759012392007 0.0012697076302781065 -3.7297515956386684E-4
0.7433598272626595 8.872058021329775E-6 0.3498568288061868 | 0.0065637437971298625 0.0021589742113828224 -0.004762381458714507
0.8404772738779821 1.0000170610394276E-5 0.4273359647787492 | 0.002800748061076387 0.0016769865198495658 -0.007838188874130859
0.8337789171407595 7.996825525299716E-6 0.510692477356106 | 0.007235453820739559 0.0014901798236475867 -0.00441582193032863
0.7949393381819183 2.509567504380568E-6 0.5847268494825159 | 0.007032010662321928 0.0022274065830475997 0.0034744785933273434
0.7900134649013624 9.087243775810013E-6 0.6845884312150187 | 0.00777488747562879 0.0011077949934029576 -0.003859976611124682
0.7407829747789784 1.0373386562275723E-5 0.7408280645090535 | -4.2811157569352465E-4 0.03271905872050418 -4.3564965945051473E-4
