512
0.28151147779358277 0.4000030197381564 0.28150180648858686 | -0.0019601736819879058 0.005182610171881105 -0.001959799739028969
0.2248782501352054 0.024995886077085007 0.40001574629261355 | -0.002112548725552171 -0.01328791361356782 0.007485429732549052
0.2591136244002619 0.06501925368814286 0.4000001571703201 | -0.002500519050904244 0.004755291011641024 0.0031001369498148564
0.05203319878597038 3.5093474967694375E-6 0.4035770244896234 | -0.004770619255749864 0.003758886428225335 -0.003656119096468783
0.21422478879121556 7.640005716893009E-5 0.46994119306583054 | -0.0020118879899129155 0.00474147149959019 0.002650778084629542
0.29275532873996846 4.938892564570776E-6 0.6020573221287536 | -0.008492696919066088 0.0012116411646442707 3.0758468247834994E-4
0.3689880861456205 7.211709696990732E-7 0.6492311696086625 | -0.0043783169276679955 0.002921391492866183 0.005643854674920113
0.2790853238797243 5.24599534159657E-6 0.7184093516613584 | -7.902541657825274E-4 0.005210987979278874 0.003923328075118842
0.40000658300692477 0.015629283690281073 0.22255963719558491 | 0.008906487304416445 -0.01204697687744084 -0.0020122897443622385
0.3439022857921188 0.4000093623358199 0.3438965147977949 | 0.004728965299237504 0.003284784894764526 0.004732939681685695
0.4076804313954942 2.6845397971607767E-6 0.407555191662672 | 0.005274605066684809 0.002688280482163459 0.00463309132196073
0.14721012981413134 0.004244390331057489 0.47467999855260445 | -0.05605297719262992 0.11320141393315433 -0.01281367326931806
0.2694828366001329 0.027482220107339504 0.46544472457934144 | -0.03924563989271037 -0.06182528812928136 -0.044274244832100296
0.21777388248889834 0.026528204659881083 0.5281074553395134 | -0.06186816244272765 -1.0055778385411869 -0.029555770945158107
0.28784183404115665 0.03735450276615032 0.6784373538217668 | 0.025090199773335303 -0.738638680517583 0.06329094101479431
0.281323214980807 0.014814373386457044 0.7259888440642402 | 2.950705889145176E-4 -0.9653155020285348 -0.02044277017852205
0.4000004492860806 0.0650601427776213 0.25912792652188527 | 0.003206673043450664 0.00514879177518409 3.8243199337750485E-4
0.40001882993917987 0.0015156919527157353 0.3515503920857312 | 0.0038372399361147947 -0.0023241268449766266 -0.009943951054350782
0.40812121946208535 0.01328863850695473 0.4087878748654032 | -0.021168739735653974 -0.36910859462904955 -0.024867165563254627
0.35499957455533826 0.06147654368638343 0.5092376683693911 | -0.030991705035660292 -0.7997127096305406 -0.085598990443168
0.3695486563578083 0.001561215878486966 0.48319699399682015 | 0.006476518868297268 0.12118197949408584 -0.005879615891645812
0.34821997470761257 2.6238808863695216E-5 0.5760935844351847 | -0.004396779132674674 0.002777953339196377 -0.005482553982229437
0.3648851720580103 4.496253878494351E-6 0.6570449096679918 | -0.002066488668062352 0.005288229514661858 5.513701526505324E-4
0.36488131059828777 0.04557145924950455 0.6669787554976017 | -0.017872998511460843 -0.6761585290750323 -0.04435853783649832
0.40352740394550407 9.505578902473794E-6 0.05064901684198431 | -0.003894404198329548 0.0037787888420928086 -0.004521014884778159
0.4753909935058989 0.0032654881937541503 0.14999345103129424 | -0.011455177140161973 -0.03373268130363147 -0.04766409432081508
0.4835092934982159 0.015519515654402877 0.36941620312923235 | -0.06964659384351951 -0.7577331992100934 -0.0028400224016935467
0.42482573485209985 4.519285629128668E-7 0.42471999811892686 | -0.004891998988550059 0.002019761099255242 -0.004812292757970733
0.463370587700681 1.359236050974826E-4 0.4634513544468135 | 4.905877374753654E-4 0.006644836418117055 0.001374205828397437
0.4397498463796637 5.451590566502692E-5 0.6408517649040815 | -0.0025165561668989054 0.004660452987364074 -0.0022915930555138836
0.4380321473812633 6.708505062724771E-5 0.6387210625352706 | 5.51981436108925E-4 0.005260959903735616 2.566613300031117E-4
0.46928125321057335 0.03814893400919591 0.6867487050731471 | 0.058143656978822796 -1.1141419306787563 -0.003535368696196066
0.47056625145456243 1.359981554853883E-4 0.21420925811224611 | 0.0024002371670454174 0.004877213536784203 -0.0010376050922335017
0.4640923807090954 0.027272476569299067 0.26804278329660997 | -0.03616254172683354 0.034085154655979846 -0.04478778060404169
0.48494267358290605 0.002235428555016957 0.3686333859121338 | 0.003756422495817027 0.27868271486049945 -0.0024577736036528906
0.46251630031794844 6.9851827532388405E-6 0.464243904422729 | 0.0027797109924275164 0.008592432800724307 -3.658927458151516E-4
0.5175361543600245 1.0770395844016477E-5 0.5162575896803133 | -0.005446991421064987 0.0027385735132079573 -0.004511071481082227
0.5022085267771587 0.004973991341857727 0.5828583575375812 | 0.00956608538220822 -0.2563973624375347 0.003059949674083222
0.5178955785693785 1.3280465148739562E-5 0.6549730770294492 | 0.0073015570845826544 0.0025015313391195558 0.005129553351297757
0.5240225743869706 0.0070155317400908196 0.6599435519371616 | -0.006090957705977808 0.2184018683281076 -0.01858597448740281
0.6012060509722025 1.806927995196667E-5 0.2920098947115258 | 8.366619053890598E-5 0.001387993683747731 -0.008374108520837439
0.5269538814103373 0.02609079137560194 0.21973773017015796 | -0.03847866860974379 -1.0005394640336873 -0.05451555059859295
0.5755996606789313 7.9753984566772E-6 0.34821467082899804 | -0.0013691282363096546 0.0029847727976844204 -0.0066076394234129586
0.6413848011087459 2.9074842447297144E-5 0.43990871001934756 | -0.0026088640804220664 0.004427274436824625 -0.002867063349156654
0.5837964490905801 0.01154133040068116 0.5021415945190083 | -0.0052788511163195054 -0.07320513404065376 0.003442595202511499
0.5896681125663602 1.1985219935639465E-5 0.589756911165231 | -0.0037899558662027725 0.0034657542296848143 -0.004611728554342409
0.5969873354016062 2.581482148635105E-6 0.6786805598448394 | 0.005280451898746975 0.001390272628123659 -0.007011658098782
0.5999023028521234 5.955980202959016E-4 0.675227079122983 | 0.010327927713730665 -0.08344593059468919 -0.016708561863810287
0.6504876319909616 1.6652519747006382E-6 0.36937040653847575 | 0.005193971749301719 0.00299838218955878 -0.004754526808371481
0.6807419147757982 0.036805683035665455 0.2874572638392775 | 0.05869366004868111 -0.7417848843502174 0.024209268362893308
0.6572367983744135 1.0621625480966267E-4 0.36489066814901916 | 7.979161184903101E-4 0.005294736127744908 -0.00207408873386208
0.6389561757687403 2.422531000497775E-5 0.4385168201809247 | -1.4244942338876248E-4 0.005149661362898883 -0.0012891992697375663
0.653891774365932 1.6490699824383637E-5 0.5173114526355811 | 0.005732970564042049 0.002592613778446525 0.006722700120149218
0.6805669406091879 6.768358542772464E-7 0.5946423767202322 | -0.006773982356540609 9.092131170693554E-4 0.006226428863191187
0.6832767886237571 1.0070329118705613E-6 0.6828652648246618 | 0.005778482901450982 0.00222718535081868 0.005261065104109402
0.6836206524348631 1.1405347378791504E-5 0.6831939104978038 | 0.005419172439965132 0.002766725135157381 0.0048198612438228984
0.7190962048890055 3.1204593240600532E-6 0.2796936305183246 | 0.003646713315802185 0.005344722242564575 -5.328297882340953E-4
0.7262950146078813 0.01560582614854904 0.28227657096614256 | -0.02018355209266335 -0.9597504081376936 0.00585157284744659
0.6633966897907263 0.049077902797391326 0.3626698141545588 | -0.04985246870447093 -0.6379672979167408 -0.018370461155232394
0.6864947415057164 0.03872529329099088 0.46917607498143704 | -0.009597095272225463 -1.1117131064894672 0.07308912503931837
0.6636361190321404 0.004147298795333505 0.5243823084263703 | -0.04564106754650187 0.37973373586396436 -0.017763557824923146
0.6754576076118393 7.022234927712731E-4 0.5992692171569872 | -0.014689632769100397 -0.08955227530989655 0.011516164958665902
0.6836239759467061 1.2978881247736852E-5 0.6831904834074292 | 0.0054047964398889516 0.002768120942252384 0.004833610431353888
0.7407250106217118 1.2977719189565754E-4 0.7407688849765105 | 0.002812745455912985 -0.05626537544816462 0.002906061098254682
0.2809784801992638 0.4000044860753599 0.28096827759643067 | 0.003547578067994601 0.004328497905704663 0.0035533394355625665
0.18529859589051256 0.0819856555784547 0.5116911085629875 | -0.04808196135990038 -0.9476100530834815 0.15241006203209853
0.26010356777929655 0.14243634031647623 0.40000000064559355 | -6.642086855246334E-4 0.005523997615343557 1.2806108822366778E-7
0.2290298265176045 0.011614865659757482 0.4000447861371314 | -0.0032311783792547625 -0.01144275338926724 0.008779927578200192
0.2232125266033332 9.510259404423843E-5 0.46896155694461317 | -0.0026867990995495905 0.004644097021600318 0.002487153428814899
0.2705429271115326 5.179111177680264E-6 0.5903247386335073 | -0.003628918945304312 0.0035575433394990207 -0.004743834476530735
0.30916970733967875 3.545723672794383E-5 0.6544749202856317 | -0.007099597553719248 0.002409627989887928 0.0015569043896960357
0.25475302225148544 5.910347989393475E-6 0.7043735668962 | 0.0043632918589415 0.003144775138685409 0.006329496762853173
0.5079577580712316 0.07879421139424 0.18231217064221306 | 0.1383623350463977 -0.9393143748033363 -0.0578822374218331
0.3437227636690865 0.4000050056401913 0.34371698798490674 | 0.005069373804668221 0.0028964288257577425 0.00507273330498398
0.40998953428521245 0.016943658921637954 0.4097046868244644 | 0.08910994009717685 0.3251543246229079 -0.15916936650600402
0.1939790159861449 1.089601587045267E-5 0.48219264699687475 | -0.0044339298558451375 0.0039447821505225415 -0.003255593894646688
0.2691635173618845 0.02567421156175801 0.46498702365660216 | -0.03951535421367592 -0.027116865740870674 -0.047622023293462816
0.2077639363436941 0.014199798933957059 0.5402280903006991 | -0.04543498299075831 -0.140182089775928 0.018204552942796996
0.21516203314134708 5.395786265644898E-5 0.6443508695378303 | 1.6193198049557634E-4 0.006968893814927481 0.0032793597770719623
0.28021227095580886 3.2288005400577365E-5 0.9060042507658981 | -0.02638635682199473 -0.0021339828539024552 0.01601743992042576
0.4000020642750129 0.1077561964991852 0.2562275362567149 | 1.4635088491795554E-4 -0.1910830137290216 0.0015772402766701167
0.40856590097533807 0.023248926910801847 0.4100727814050871 | -0.018518395075575747 0.26707504826555695 0.02154033309727178
0.46945862309051567 0.026735122044058236 0.46435018703027153 | 0.032281639820584324 -1.1990836662218696 0.014925167468153144
0.3314901415905129 0.0032672480777460444 0.4000644038042483 | -0.007771705239168032 0.0020086948469653513 0.002552533575292434
0.371795045776813 5.726279144448366E-6 0.48261919270090925 | -0.004321510211601007 0.00417392530045186 0.002984015329054738
0.3482683947893957 2.3435187060636026E-5 0.5760584255634345 | -0.004610071170817987 0.0027741387516067102 -0.005310118726401241
0.36327048623995434 2.7699875416347438E-8 0.6577053997103783 | 3.362690010473036E-4 0.005472762333795411 -5.161290016327631E-4
0.38564411729252795 1.933678031517068E-5 0.8330237915949034 | 0.0073799841289628725 0.0027617066188204433 -2.431203902616935E-4
0.40005920879969925 0.01148355638710696 0.22692164564399628 | 0.009120326149269713 -0.010653423949222703 -0.004060417233174926
0.4780838079672167 6.448245249752451E-5 0.17965872763316323 | -0.0014850146508664068 0.0024679516513182067 -0.007219446540213103
0.40008460711805544 0.010311524263908845 0.33645640077827055 | 0.002619598386287009 3.4262462881302913E-4 -0.009097102461467343
0.43894524496259185 2.2916595770584156E-4 0.43920693670678135 | 0.0038651709189031144 0.0035554086870930937 0.00425542851563707
0.46255407314304836 9.942440466850181E-5 0.46317519148335856 | 0.0026738483374110994 0.006201631428943942 0.002317663017486833
0.4373197397669351 0.01008849335839188 0.636660977725082 | 0.07979235772654004 0.22562676427634615 0.1299252287906349
0.4372985878487971 3.267007052605781E-5 0.6385781703785653 | 0.0022263005302842064 0.005030965653052399 2.5711593635951497E-4
0.43772239790712963 1.4877850475932138E-5 0.6350248182522431 | 4.9126858505565686E-5 0.0039614040363240444 0.005212194329183893
0.46820903354786453 6.170400682128035E-5 0.2225076458355843 | 0.002713433314692081 0.004663784057621252 -0.001956557624239387
0.4640497078952731 0.02720893494883055 0.26795950034383814 | -0.03671913178218373 0.04736288339927354 -0.04521652255402388
0.48569909742919243 3.0930261316666673E-6 0.36904472381404047 | 0.0029352078414941513 0.01284326601418427 -0.00834101255103746
0.4627477280311141 1.259877171402039E-4 0.46405476411799684 | 0.0018808746280753678 0.0065768710402842965 5.767888567755449E-5
0.5895905379329279 4.752527592853277E-6 0.5896817062192415 | -0.0033009552629301546 0.003830606818603288 -0.004277414913267834
0.502141484517839 0.0023743006068228166 0.582795015506674 | 0.004879200603962593 -0.3265938347527916 -0.00344177127626595
0.5154566228503241 1.0434062294976E-4 0.6494376906315522 | 0.0071052064108563075 0.0018432470741225836 0.006992051306147579
0.5192210744881606 7.61760965109215E-5 0.6451656261608604 | 0.0037009542058289773 0.001610919995919903 0.009073424049126814
0.5903091089121223 2.7730019097962233E-6 0.2706286360138392 | -0.004529245922676075 0.0037614038024144686 -0.003639481586753495
0.5347983536681383 0.0190078270019211 0.21334589924530653 | 0.010416812944951342 -0.09277372119387403 -0.03844193829559188
0.5755719985835615 1.9711135950455434E-5 0.3481670036955174 | -0.0012491167431180588 0.003068489892843755 -0.006523644997623081
0.63282103412996 0.009159308691552433 0.4341867103881952 | 0.1424150681727552 0.37487598302122493 0.09736829471316834
0.5837695797142113 0.0034782144950919838 0.5021116215332535 | -0.00495864381204194 -0.3046154889931258 -0.0011659025604280357
0.5896503691840942 1.8422729666667983E-5 0.5897430139603727 | -0.003661695911121777 0.003554446000645017 -0.004548000858782525
0.599900562416588 2.042654750408345E-4 0.6753477732280043 | 0.0017897665282282482 0.06889087697465568 -0.00637279651099312
0.5946338175901087 2.3073181546827377E-8 0.8091600853147114 | -0.0024124826310454434 0.002464536584065476 0.00761125983290848
0.6546485318085418 1.1167521806937825E-6 0.3086823763303669 | 0.0013826579407733956 0.0024162824365847814 -0.007061319617312519
0.6443089913147206 5.897791085455871E-5 0.21506447568509948 | 0.0034240348235149275 0.008085203350834966 1.8729451859692507E-4
0.658450334408227 6.842777775873112E-7 0.363708256360198 | -9.358428347940854E-4 0.005479012281464974 -2.902231209396545E-4
0.6383877119865613 1.7126476975128405E-5 0.43676714325724086 | 1.6922583903883587E-4 0.004930330987842695 0.0024108887530401367
0.6481046083904763 1.9722642605484407E-5 0.5148879107701242 | 0.007196293053533998 0.0019908989928764833 0.006675264877167898
0.675550136164011 8.320468088490079E-4 0.5992768521885357 | -0.011095396300726642 -0.09086533295369409 0.009537026293026935
0.6827925302398943 8.388973840505867E-6 0.6824307395168314 | 0.006082936182871676 0.0017582237470683403 0.005559338705558071
0.6560382349365126 3.023827007807452E-7 0.8898931653052746 | 0.007977302359870861 0.001776332690557256 0.0017469243545540597
0.7043533171068791 4.2486142737958076E-7 0.25474518850527306 | 0.006241760889463283 0.0032905941930468758 0.004129001116908893
0.9060102346421366 2.6295868573478777E-5 0.28023766489932306 | 0.016023245766805104 -0.0021477544406368135 -0.026396482303646124
0.8321673241787961 4.355973440224424E-5 0.38475732642193144 | -3.9753156800350584E-4 0.0033433528927643732 0.006679817352783805
0.634782804173303 5.917295015972192E-5 0.43766452083453744 | 0.005091538462068596 0.0039405914595309855 -6.3048799551098E-4
0.6451187459843902 4.3553618982990265E-5 0.5191816832878187 | 0.00893148903781516 0.0018601546299030268 0.0034169661840558535
0.8093429529920939 7.344885901538005E-6 0.5947152903733287 | 0.0075991830857712085 0.002481974453313822 -0.0024359869056438913
0.8899102870935888 4.583800574930591E-6 0.6560213750332196 | 0.0017503925239036845 0.0017862599644300281 0.007968109362714668
0.6814957298132115 5.4486426438044564E-6 0.6812252593894841 | 0.006421062800682779 0.001100588007563798 0.0059492656806221745
0.17348883906394627 0.40000173494126046 0.17348892167062982 | -0.006381573986195435 8.74430986034782E-4 -0.006381562654125141
0.223567179433235 0.4000045133371587 0.3464327864315845 | -0.0044665922527099815 0.0034376426984282626 0.004715171244059366
0.23500645960109595 0.0719979371287249 0.40000057009258355 | 0.004011829947182264 0.004591307801025216 0.0021016758819973527
0.2029118941994121 0.10695096114374683 0.4000000007717403 | -0.005618178027586873 0.0040197571831963345 8.269540829180226E-7
0.2643879005339651 1.0603285336112313E-4 0.4550085923037501 | -0.0010657671660275708 0.005473898666781757 0.0011040252843895356
0.2675709226017187 6.022643850270832E-6 0.5823589895952951 | -0.0016811654123950234 0.004669822174269692 0.003442667373537866
0.28414741122905596 1.4394448612253795E-6 0.6455556024904783 | 0.003701438973204952 0.0027619541184129752 0.005587569471475229
0.14874765909144066 5.10443095525194E-6 0.7927996122337446 | -0.006399047662124638 0.0010327679440894804 0.006197980688751892
0.3465404444866517 0.40000080530260607 0.22359285397942383 | 0.00457624370154713 0.0034704906961793174 -0.0045446042714588865
0.3435883744063473 0.4000159403219293 0.34358258596317864 | 0.005232376330977854 0.002693774944818928 0.00523542865160635
0.3246756894337607 0.017789514232146142 0.40006108151025316 | -0.0067360015955576155 -0.007534235266702755 0.008600277440921482
0.22515354490212164 0.013310809244658725 0.4000388543207027 | -0.0016204763226642766 -0.012055963638574946 0.008756217667693592
0.2694861549178376 0.027297369178436212 0.46554883007310705 | -0.039609096960106796 -0.10750504843864811 -0.0422287255410516
0.2658328956537504 2.8891686201619115E-5 0.5831771439527877 | 0.0023211987938280545 0.005074654835665878 0.0018173636281269673
0.21515978578173758 1.93422307166035E-5 0.6443879879443374 | 0.0036395483043914333 -0.01322210310708289 0.008495154087123319
0.33111097284051527 1.6170425060758946E-5 0.8460604820377323 | -0.005348600550924946 0.0036261941988285015 0.004082969673414337
0.40005804246801957 0.04668137487871472 0.2384137612815196 | 0.01051276270582425 -0.0028984442369162948 -0.0027458453507084282
0.40008244824449585 0.02167238682336368 0.3254852110311707 | 0.006225561369446552 -0.01002561484144052 -0.007771856830691934
0.4717538017925072 0.025736780249656893 0.4620482243541888 | 0.04281511798491027 -1.2035563032024919 0.012935121819567604
0.40852303183921257 5.17512907016328E-6 0.4092091878129058 | 5.420071719751817E-4 0.0020556506252633958 -0.007578542057800387
0.3726069217979274 1.437925498374498E-7 0.48547224315533205 | -0.004636991873469873 0.0032687195163366147 -0.00494813062479903
0.24080714241381582 0.06071828991111268 0.6051658771672936 | -0.34287577291065596 -0.7183763032772335 0.07719130633465954
0.282551989162245 6.331252380688218E-6 0.6560383740044008 | 0.005112842495617095 0.0033997608715693717 0.0025442459884691317
0.3651406199027185 4.083558148597505E-7 0.644691225825735 | -0.0013739891871493365 0.002587791653037967 0.007354974448384874
0.40000005706474967 0.10679918547354969 0.20322035879594036 | 1.2267500714929548E-6 0.003986857041879133 -0.005460968836297448
0.40000306618936043 0.014754036025177508 0.22310274570199004 | 0.009004808313172172 -0.011831253481787473 -0.0022529006327327464
0.40890247304308475 2.2655501110106886E-6 0.408134055136703 | -0.0056982477407368426 0.003351199328046425 0.002488261626097916
0.40921650274656907 4.449387904039101E-6 0.4076839899506175 | -0.005653202304926129 0.0022496135049332594 0.004842762762542111
0.4255051115274571 7.0520431035064035E-6 0.550952715209486 | 0.0016489888357407024 0.0016243973114934657 -0.0077874233336234
0.4117197254736576 0.034005322280399014 0.6109863095311827 | 0.03654299715215498 -1.2959741126230233 0.09778554157974093
0.4748945552418383 0.021140965861892545 0.6869345907965906 | 0.08346561869279145 -1.3716198692885382 -0.040069644947376734
0.4404051219072851 2.3334822190006145E-5 0.6327170787308392 | -0.003717733571568266 0.0027230416314303527 0.0059598616384467454
0.4553119771652968 2.475543940739551E-5 0.26419246026134124 | 0.0016829152217512947 0.005217398277181745 -0.0012575724201738696
0.4641581574416187 0.026889656613041196 0.26808882828700153 | -0.034780829924499344 -0.012683254926964227 -0.04422169799059646
0.4856723711093243 1.1885668920642251E-7 0.3691950150141725 | 0.003566025811157002 0.010555771462709085 -0.011540786089982647
0.5506824426651966 1.0466947798088126E-6 0.4259018423162632 | -0.008289354375641041 0.0022710521029757186 0.0015702861718659366
0.5896950882863002 1.6340217685586607E-6 0.5897865674173997 | -0.003943632782844016 0.0033138751215744462 -0.004762677027627022
0.502904871465683 0.00753471674313627 0.5842406264771296 | 0.025597736048307885 -1.139925062718226 0.04000623103008346
0.517648689240517 1.1532087902819621E-4 0.6564277097415021 | 0.007765298548693014 0.0026568499575033377 0.003988606803666578
0.5154874786881641 3.190698816093893E-5 0.6339595915587165 | 0.004087227373608109 0.0014122569003654532 0.008775559084640408
0.583386454084728 2.0803949741938134E-5 0.267979117458948 | 0.0023956783822342296 0.004947390391183056 -0.002116931890465634
0.5829368972917965 5.833932904430594E-5 0.2656639161975447 | 0.002048821446621684 0.005101556660692155 0.0022095543065070314
0.6065371444537635 0.060673179995928105 0.24824132705673443 | 0.06582953452814176 -0.6794649545783944 -0.2946068775311729
0.6119673443599257 0.03248381906055019 0.41345853800629456 | 0.09649131071893857 -1.2922557790840687 0.033599118944834264
0.5862579401365728 0.007547065490725825 0.5035119566694533 | 0.049713159876500226 -1.1465935052305511 0.026338538393287148
0.589890994925424 2.762268399473426E-5 0.5899801540531255 | -0.004617551301092268 0.0026948026100834547 -0.005216292298171008
0.5976378353060221 1.3303196592178874E-6 0.6778714805448866 | 0.00516029950060287 0.0016654618553948448 -0.00683760459987698
0.6054683544344875 1.1338650636769402E-5 0.6624917069214111 | -0.0014147191224626223 3.9704286802793643E-4 0.009343393303098073
0.6455391220560698 1.292069090130702E-5 0.28416379180766427 | 0.00557040689770112 0.0028387980366689596 0.0036891698172162235
0.6443090143163048 4.165099669433413E-5 0.21506338402991626 | 0.0035016823155976902 0.008486103533896321 2.1060129132415492E-4
0.6566870632937601 1.7938393791052348E-6 0.28244399939676545 | 0.002369740529524636 0.0034872015405080325 0.005075075055984672
0.6864735670600043 0.02228918465411599 0.47426090930756604 | -0.04257095646317269 -1.3634884785109977 0.09641681281374863
0.6559646114039515 7.172845883157301E-5 0.5176157498444256 | 0.004581053348480706 0.002893796380234525 0.006992988090404503
0.6786481405996748 5.661459348411947E-6 0.5962047411532554 | -0.006459787434690587 0.0012113454782853707 0.0062708228979784595
0.7407315868204014 1.6823960807210093E-4 0.740776322829292 | 0.00224790550980212 0.010387363713697525 0.002312806474376312
0.6488772714442838 4.693366919849036E-6 0.8841945536730493 | 0.008211538547854636 0.0011548362618040461 0.0027574006872390787
0.7931048896765003 1.4755925614342345E-5 0.14844605205371153 | 0.0062060044921218175 0.0010169093501898746 -0.00640793040851275
0.8460636431162624 1.1921928154932465E-5 0.3311069194016112 | 0.0036680592389804457 0.004148030227223614 -0.00435536247020234
0.644785391822569 1.1472381962203648E-7 0.3651711456989015 | 0.007298918879883861 0.0025771563526331338 -0.0014528706012563214
0.6326977459239352 1.0667785238953361E-4 0.4403944215016082 | 0.0056194787792719116 0.0027513069798075335 -0.004023284436438554
0.6339334494707444 7.27901461046801E-6 0.5155047918778548 | 0.008643498228817808 0.0015778335208443666 0.003914880749378654
0.6624327218589025 3.8111906273650975E-6 0.6053899560950228 | 0.009392345366877984 3.651400959724709E-4 -0.0015223929482264388
0.8841960757245906 5.222419333738567E-6 0.6488704899666455 | 0.00277691417951294 0.0011621697165680055 0.008200062779293955
0.8060655610134106 9.163733873239583E-7 0.806065577119326 | 0.0061264870922497616 0.001345276963201196 0.006125039758329546
0.1921562308686619 0.4000048307831806 0.19215625642786707 | -0.00642833210405791 7.691170983043637E-4 -0.006428331631674532
0.21850705937882262 0.40000314847830115 0.34560721607482175 | -0.005642300630740189 0.0027028641285376446 0.004783506503889525
0.23905830528164057 0.07483659110967981 0.4000009181038638 | 0.00449407842858435 0.003987216475628884 0.003505397373928211
0.1345724099895683 0.029891544306410184 0.40005334408858834 | -0.005573008619728534 3.83327324240085E-4 0.007537948821847506
0.15503315892557556 3.2958362384735316E-5 0.47336067477801924 | -0.006434637891451382 0.003216392220664285 9.022543565633845E-4
0.19254099359110777 1.0802404099015652E-5 0.5690235847750164 | -0.006958809381644315 0.002923037582962581 -0.0026290379566360237
0.12865323282544747 2.541394207010698E-7 0.6572081664501723 | -0.0014770623875185395 0.0026896816034651196 0.007254016824132439
0.1553112935438506 2.880030357329924E-7 0.7868345292779456 | -0.006146864198280584 0.0012860073687015019 0.006177945188044487
0.34561192578814676 0.40000292827972456 0.21850639704140914 | 0.004821768812370843 0.0026966278203616615 -0.005618720010479936
0.34351551705705113 0.4000026586348156 0.34350986298114244 | 0.005341227643047764 0.0025524179167403615 0.005343526345325006
0.3235526908422731 0.020485098844202868 0.4000358797884779 | -0.0019947177567904706 -0.012122622936462388 0.008512092771245913
0.28107808777520993 0.11129247897752709 0.4000000074803749 | 0.004401534148727676 0.004626053035286752 5.843086298031897E-7
0.2985145925822886 4.902064049985979E-6 0.5133198137923365 | -0.00479697604686551 0.004065411981863806 0.0022466974447588254
0.0881033305664736 0.014379048741053783 0.5035867462479052 | -0.09349210578315918 -0.25274841701671713 -0.015245929171105455
0.21507617422956388 3.5635808000540784E-5 0.6441355098657444 | -1.338109249096133E-4 0.005273850280786935 0.002454651914901508
0.2574482818901663 1.895708407700377E-5 0.7972279733604674 | -1.4004587083797263E-4 0.0028406664593230812 0.006813408732502429
0.4000011754285762 0.06637211837430036 0.2272368567566114 | 0.0020899337742201255 0.005235338910535984 0.00169122398667519
0.40002527258684173 0.014142144444064631 0.31996712961062906 | 0.01031279677856204 -0.007265154382418911 0.003389824448614647
0.47126488755611096 0.022251435464672967 0.46258706365181657 | 0.04418986030358094 -1.2291617698530433 0.015416009493036117
0.329541550889457 0.008901505935272292 0.40003217211521686 | -0.007762654608800642 0.001904456188067187 0.0028839920523629067
0.3706705019550281 6.431130293469607E-6 0.4815673017743091 | -0.0011169445906152055 0.003867350864614135 0.005657946339259276
0.3469590711500715 3.289588845450019E-6 0.5751083312846472 | 0.0024000578429830676 0.004658917971458159 -0.003078566384284812
0.3660231191028453 4.8485061154568654E-5 0.6556215980168274 | -0.003409581569959322 0.004708058831024975 0.002276226196321199
0.348449884537413 3.248119806732128E-5 0.7290776738821186 | -0.0017796199208571992 0.0019523924031312455 0.007394199456060871
0.400000399479179 0.029604916819303273 0.1342483388165472 | 0.006708153691889521 9.309433677694793E-4 -0.005956821381508832
0.40000030714068846 0.1120819400004494 0.29326282705773904 | 2.8302201361793492E-5 -0.1284274767750006 0.006436823579157412
0.400132532755552 0.0048865816153733045 0.33483525431278344 | 0.0026804329547106117 0.0012277537265901863 -0.00841079597660959
0.42167414932924135 5.792567215917356E-6 0.40483662722892366 | -0.0075596808501557835 7.930286399252041E-4 0.0028623843185891615
0.42114782894048947 1.715846462240171E-6 0.5582204458987754 | 0.003500237097726059 0.0011104360278360187 -0.007883876464210593
0.4266672340144094 1.5529495111610537E-6 0.5459616439113272 | 0.00180498257180906 0.004928014237299135 8.300696651257305E-4
0.43256297760419565 9.156237852747201E-6 0.732496594337782 | -0.001530842335885101 0.0027786688318662445 0.006526023890697162
0.4370829369554635 6.369401990617385E-6 0.7392608657216335 | -0.007137795040833451 0.00210504986850527 0.0017201861662529882
0.47315536684491283 4.0806704393521995E-6 0.15485980169110905 | 0.0019743744065476017 0.004142119992839749 -0.004766265039635075
0.5133503734311464 5.4128377601282064E-5 0.2989729590690403 | 0.002810813356986942 0.0031867345621749083 -0.00614312514291854
0.48574098044691744 3.142040004672492E-7 0.36912065357675505 | -3.744655750397444E-4 6.901614547176197E-4 -0.008404815423912686
0.558815919877368 5.2611634776932856E-6 0.42100585107094873 | -0.007577119776409825 0.0010782094047082987 0.003451239751567662
0.5896744193815457 1.207972157813088E-5 0.589765208483844 | -0.0038171338056673916 0.003432320882241596 -0.004651829377800226
0.5020848649205831 0.010334527694550056 0.5829157082881187 | 0.002422879764407211 -0.14561799276009701 -7.90094760844651E-4
0.5077426717829858 3.628088992490321E-6 0.8377459415440343 | 0.0029454283926217276 0.004239733117104375 0.004226383816509757
0.513300231297191 3.431937138028245E-7 0.7312143078008299 | 0.0059018726031141834 0.0017478656840577778 0.00555461084557562
0.5690109028574782 2.998174740931583E-5 0.1924938410856389 | -0.0022054163650730486 0.002799659616546291 -0.006955230706851903
0.5055515799346659 0.014859997744213168 0.08788879095869578 | -0.015697819303792892 -0.21423275793591692 -0.09546245956430713
0.5755235387206762 8.142663837614291E-6 0.34700603235403354 | -0.002612287353831867 0.004726732948365528 0.0026119992641082525
0.545957770670766 3.481945452229206E-5 0.42699537528656817 | 0.003121812560149673 0.005112690877120829 -2.241216734953504E-5
0.5838326490656138 0.012271084690550858 0.5020809389049303 | -0.008354459359165236 -0.05916126127440373 -0.003515219578655424
0.5896126721756456 3.2191175748601494E-5 0.5897049069225958 | -0.0033911662393038638 0.0037754725621428546 -0.004324006702795259
0.5998725969401217 3.457821238914125E-4 0.6753851805480799 | 0.0023136586798268603 0.002961031175082937 -0.008210414084606248
0.5979212725334306 9.198690422958038E-7 0.7173385918407629 | -8.845997139758281E-4 8.638980947241743E-4 0.009359091578056821
0.6570513637936161 1.4248575821164916E-5 0.1286731030836223 | 0.0074771811601665305 0.0025373137115792597 -0.0011684260369894729
0.6441467958697853 2.3057664858967668E-5 0.21497696325724425 | 0.002286140243647085 0.005344671863443729 -1.0441949952920526E-4
0.6559189559807599 6.702095356255503E-7 0.36604650176522724 | 0.0023408072585567067 0.00471296495713714 -0.00341497626298792
0.7326659214243246 1.46483003587387E-6 0.4325703990966069 | 0.0064200436893388745 0.0028578865046934346 -0.0013994472204049225
0.83785429880945 5.164390061365091E-6 0.5078466589709691 | 0.004046518154428097 0.004411237285293246 0.0026386565579213806
0.6756132273347708 3.7848116898801527E-4 0.5992240814398878 | -0.007172613188027377 -0.011563708692440328 0.005064934520980748
0.6813514262345964 1.1103561358550774E-6 0.6810936239190504 | 0.006444323791929595 0.0010549448577222976 0.005971400479420221
0.684956923169411 5.262806334481964E-7 0.7931789971856066 | -0.003973101732829848 0.0011122053016258398 0.008225638976250295
0.7867338055553547 1.1029341372717236E-6 0.1553856783665232 | 0.006172503911584077 0.0012988737407992456 -0.006137758226662791
0.7972528071463828 1.714153492153016E-5 0.2574341304249697 | 0.0066716470998218385 0.002978505433971763 -1.0515198738695189E-4
0.729100066855529 3.8532249764030045E-5 0.3484528242933976 | 0.007520116600686817 0.0018312286638153272 -0.0015787572011557191
0.739266486746706 6.8378814961844965E-6 0.4370840737782869 | 0.001694661620166941 0.002153005706583765 -0.007114650962866455
0.7312129280561637 2.5962741292783423E-6 0.5132987291794789 | 0.00555882825547387 0.0017211053881611385 0.005769389227832553
0.7173308193425985 1.9016520309611255E-6 0.5979378546140219 | 0.009269488119980424 9.251029335009762E-4 -6.238130199326189E-4
0.7931738623530405 8.58130485884641E-7 0.6849555499722424 | 0.008220401452760501 0.0011240749449633793 -0.003961660513807632
0.7988240301739596 6.403574516737072E-6 0.7988240159895251 | 0.006228859447924921 0.0011420559347915362 0.0062240371496667946
0.2140629248530909 0.4000048197214068 0.21406293638446477 | -0.0038643937301944984 0.004092412148722029 -0.003864169801501378
0.23210855685321455 0.4000073546479893 0.3431599007755431 | -0.004622028253340355 0.001642142948915136 0.007040768504118902
0.24143599954343017 0.07803004698342315 0.4000001403297553 | 0.007037735255554066 -4.5588779357774815E-4 0.007208594225266169
0.14327130955619374 0.030316210203735 0.40007505993906545 | -0.008965317698232212 -9.95579213238277E-4 0.004689623645536465
0.07010329317645064 2.5225322369263042E-5 0.49284100581386425 | -0.0069380929350495914 0.0031500232850735126 -0.00229310999610298
0.20011270755101906 6.06851922824683E-5 0.5661508827840237 | -0.008253894955182143 0.0025072232887180705 -0.0019866834994814956
0.14374458903254214 9.180905820624201E-7 0.6543798742831259 | -0.009095789245891576 7.089033469140807E-4 8.703458366085507E-4
0.16581142613410052 7.007381545818197E-6 0.7755695062928569 | -0.006279282720281222 8.827243863559438E-4 0.006467915670025035
0.34316243617854403 0.4000072344800633 0.2321086600234608 | 0.007051506878598106 0.0016398867814924098 -0.00460906677868665
0.3435082821909901 0.4000016534490282 0.3435028930839878 | 0.005351255986864242 0.002539874051948367 0.0053523591480864495
0.32246907074921244 0.02008502462953893 0.40002219461702043 | 0.0015402365788458887 -0.011878409351361226 0.008733041637882799
0.2985380252647852 0.10814131454285998 0.40000000667708746 | 0.0068457590948691836 0.0031655853494637915 8.826113067397989E-7
0.300161167782936 5.570277700757161E-5 0.5132524033632995 | -0.005922371136521183 0.003525596662415706 0.0018894768671077894
0.08772967752353798 0.014399340067715422 0.5031374690601575 | -0.09378287515658067 -0.24286367703160464 -0.013142357789776097
0.21507625153786672 3.381383704973293E-5 0.6441452657998809 | -1.2911489659244037E-4 0.005289329991942299 0.0024278735595812677
0.25730544743426453 8.993329332961659E-7 0.7944005439610066 | 9.251866412988543E-4 0.0018179126494984085 0.007811811855777771
0.40000061316260893 0.08207773491389825 0.24259766749457565 | 0.0010783913869314985 0.0051121668329533795 0.003035772907114715
0.4000386190782134 0.01411264250230414 0.31856602345292945 | 0.008951855654664024 -0.006119036441158504 0.006421087178123669
0.5110640381575441 0.020473441465236948 0.5111739235544163 | -0.07898167046915777 0.24413040984381407 0.056162605952812264
0.3234426616642817 0.01284669887632778 0.4000446373686398 | -0.003461213691310506 5.0242154178211E-4 0.008591108778383627
0.3713270480901011 7.810225547035684E-6 0.4821358266852434 | -0.0029821236286139627 0.004125601270668723 0.004416925702933453
0.3427766351954669 5.239201265472033E-6 0.5788050848694907 | 0.006665041396442766 8.878219906225692E-4 -0.005614486238621933
0.4327673607007148 3.575469732658472E-5 0.744111779661189 | -0.0011216363340808392 0.004572915456084994 -0.0026858041760391854
0.35178725486084494 7.382543621244406E-7 0.7305608266788157 | -0.004646480216486493 0.0016906392680098071 0.006315215527772273
0.4000320790104578 0.030579945281581297 0.1430329623000609 | 0.004331837702626541 -4.283541337710208E-4 -0.008786315351477149
0.40000000076354786 0.15015151406064356 0.29867501875927166 | 5.5917314651055706E-8 0.005394558426549861 5.817431743667473E-5
0.40005340884219054 0.008304444262940146 0.3286253241751531 | 0.0034466561948193835 0.0013103321279114204 -0.007963887264777628
0.41835975789182317 8.152996040026818E-5 0.38783249528536373 | -0.0036915872535876544 0.0019167024395087334 0.0065768774556161196
0.4234853675202486 1.5462301539358013E-7 0.5543701795423857 | 0.002929092361174642 0.0012101225157032688 -0.007863482947357746
0.42645826093059447 2.422290297568114E-7 0.5428100940600957 | 0.001987431217302039 0.0017469639346002653 0.007413292435874854
0.4326654201642717 3.3023156082803704E-5 0.7332537831601882 | -0.0016894483473255647 0.00289837272244126 0.00632057380436261
0.43738029481492374 3.774636254387536E-7 0.7442996310012704 | -0.007364455013259227 0.001968558428114058 -3.252526536549538E-4
0.4925644507846743 1.0489743187501544E-5 0.07033684935767652 | -0.00277990104655502 0.003332025863837117 -0.006477755529884346
0.5126242887467216 1.1724073842523511E-6 0.3002601830794034 | 0.003019000357823991 0.0028057607858965397 -0.006605780244809214
0.4857251635055922 1.6379637096356167E-6 0.3690866360844959 | 4.3848429651537546E-4 -0.015032923469534294 -0.0074672607666440675
0.5541416134201673 1.3708207359082597E-5 0.4237214977079959 | -0.007566149637528088 0.00127881820905453 0.0030140154691128468
0.5896713800571952 2.388617532882321E-5 0.5897633136333612 | -0.0037709568784744913 0.0034720406323868165 -0.00461647402178514
0.5021968373447901 2.8899489304517014E-4 0.5829258855151531 | 0.013181295554963415 -0.06887720401773052 0.017687650867110594
0.5078459316673153 1.5130015089598253E-5 0.8378767857362613 | 0.0025036162937006248 0.004549083741206591 0.003760399295957719
0.5125780703380964 9.549971471206328E-6 0.7415875324720516 | 0.007599542164543536 0.0012764419652233007 0.0029940753048604205
0.5661329204870649 9.931200033290813E-5 0.20008112762972827 | -0.0014793253505171928 0.002485493288273663 -0.008119140456114126
0.505243544387835 0.015097270507795277 0.08762257773279584 | -0.013788534888432742 -0.1983188237146473 -0.09556695729481174
0.5787182496894752 3.571906568303744E-6 0.3427942244320894 | -0.005351377301436531 7.925505752461806E-4 0.0069816470684755366
0.5425722448241529 1.643547456116253E-5 0.4266422948757272 | 0.007565493360898536 0.002083273808656323 0.0014590596522926302
0.5836368331323107 2.023614893069848E-4 0.5022558732600257 | 0.01202036235788982 -0.10594452769338802 0.008722530119860867
0.5895488702257363 1.2783646010098582E-5 0.5896399454279557 | -0.0029369238328269113 0.004088203792915379 -0.003986892119990516
0.5209293379629739 0.017415014468129385 0.7474975819828993 | -0.037998302630086266 0.05233673993908659 0.03818429503156503
0.5939603452486665 1.4342672824456237E-6 0.7269400797466132 | 0.0011197705023261084 0.0010151433097221674 0.00915217309933729
0.6543965639518378 5.988675721035947E-7 0.14373744159269583 | 9.495937773549584E-4 7.067874486963551E-4 -0.00908677040376929
0.6441446259829778 8.992093694509004E-8 0.21497370512762715 | 0.0022808803190549837 0.005308212813767901 -8.637797308581328E-5
0.744180134627864 9.008486106795962E-6 0.43284407785485524 | -0.002642810501895993 0.004592395461436846 -0.0012271005486356047
0.7328588302725068 1.4516473375029179E-5 0.43261488053111247 | 0.006362818893551079 0.002889583464199756 -0.0014705146445085089
0.8378843794012114 5.0201646455000935E-6 0.5078709776312659 | 0.0039433490051639574 0.0044810465624033026 0.002528424664266962
0.7474451118161749 0.017939844951346928 0.5211267607090673 | 0.04721759474525171 0.13408959176872043 -0.04802710108638939
0.7405912562158787 0.012486769819177268 0.7406362228390748 | 0.010218428933162953 -0.021577915996810478 0.010437023975227824
0.6863594395928329 1.923733287528099E-5 0.7936476698298007 | -0.004715617465955894 0.0010649781514774572 0.007864753490911423
0.7755541782602668 1.1479985447637645E-5 0.16581275463516873 | 0.006452418428236993 8.90099853118949E-4 -0.006287489440398602
0.7944259654653775 6.425700419292668E-7 0.25729476265022627 | 0.00773723576886025 0.0019226313155464316 9.084210841008632E-4
0.7305859373889841 2.7327223163783884E-7 0.35179253384957665 | 0.006585202638057658 0.0015909389105147522 -0.004346094335869655
0.744308615110117 6.835269755981887E-7 0.4373871115612239 | -3.0065985772904604E-4 0.0020088914350046604 -0.007353877530363671
0.741587953357087 1.0559873447019947E-5 0.5125775180699086 | 0.0030724924047849777 0.001286656395959137 0.007556374124865912
0.7269413416285002 7.635776412637393E-7 0.5939845504531128 | 0.009032174689842506 0.0010627837449542804 0.001450127473646911
0.7936460746985547 1.98468524450765E-5 0.6863608314215558 | 0.007856717530087178 0.00107554427466144 -0.004712090482178152
0.7896547180742174 3.3462028921727534E-7 0.7896547403606216 | 0.006392001768457728 7.984669153373017E-4 0.006385876332852147
0.2252411249884605 0.4000002772006596 0.22524113243400132 | -0.0035771873975985673 0.004312709830593996 -0.003572738616489657
0.23617535161799136 0.40000151306119375 0.3417757589287807 | -0.004935107638059936 0.0012467910811858277 0.007214184372735117
0.23117454125310344 0.059118069242051485 0.40001265957067 | 0.0031488128594677287 0.004534679206719714 0.0033547907102950995
0.15698005395813494 0.023368391597449464 0.40002219130863664 | -0.009399737811164724 -7.479603855183842E-4 0.0033987332956289763
0.07383820665782587 7.776516265711741E-6 0.4929270361711914 | -0.008051240991467064 0.002246582592368419 -0.0016580717090341397
0.1958512080144662 2.2950840422027722E-5 0.566170780261137 | -0.007851074490976578 0.0028570428774691257 -0.001502513151386831
0.14533161919146603 1.7071662525860345E-6 0.6541914435898009 | -0.009163566943378805 6.301679448386937E-4 6.9911508658097E-4
0.16796308735972254 2.2232537758213576E-5 0.7734557483124345 | -0.006520962412928899 8.144460240629264E-4 0.006293210030429709
0.3417752611880985 0.40000161049353294 0.23617502387087874 | 0.007220939107433191 0.0012457842437435683 -0.004926521205355423
0.3434911296506791 0.4000071549112912 0.3434856740530108 | 0.0053596802967827125 0.0025284464501713743 0.005361063059266249
0.32308051939316385 0.02137734877384887 0.40005112938374143 | -1.6154683471966512E-4 -0.012779704531161487 0.00814349784190724
0.3157306885101661 0.10932405878547802 0.4000000208846354 | 0.008457930517205819 0.0016076753606711976 1.5369692687533208E-6
0.3007330558986833 5.060159915768262E-6 0.5123439285938687 | -0.005980525977236741 0.003324662841165091 0.002572617021301727
0.1080955574561381 2.2568115359268583E-7 0.570227013903266 | 0.005978242869719359 0.0025240405058313234 0.0042919259257301655
0.2066127838328461 6.124853449002236E-6 0.7163318388800656 | -7.19602770050773E-4 0.004671435341435986 0.00347803620992649
0.25736179776768553 3.275665371712407E-6 0.7941432903599162 | 8.831688438431066E-4 0.0017684155184201707 0.007860417722134591
0.4000066474736246 0.08179321006531237 0.24246088560554174 | 0.0010942623270988442 0.005096420134768926 0.0030645477353374363
0.40004435228217994 0.014007856636144046 0.3179109137569317 | 0.00831767295860558 -0.005483242846657828 0.0072734291195764465
0.5097977291625425 4.5420133716179794E-5 0.5088872965019655 | -8.510539511158789E-4 0.004890287295060028 9.314256214336291E-4
0.3244251744215106 0.011468726885118238 0.4000710345839161 | -0.005122957706322397 0.001949139026746334 0.006356611947272887
0.37068840890812177 6.443322434519015E-6 0.4819736992608878 | -0.0012159504690861128 0.0042565014895798725 0.004957129024545011
0.34713359041869674 8.100434782701592E-6 0.5763244378067971 | 6.072147422543498E-4 0.002792141787328148 -0.006977928900770068
0.3391926098181516 0.014081077168307428 0.8087379359665114 | -0.00136214029566947 -0.4129680970944708 0.09824865155976452
0.35700616337511504 7.4145301731308005E-6 0.7516223616943728 | -0.008053238886102336 0.0013351502976132054 0.0016471754159284502
0.40002692765447667 0.024108478037030787 0.15717257208441662 | 0.003300253122711854 -3.1139963732086055E-4 -0.00913225280524285
0.4000000027335371 0.11090618861206876 0.31313348576215383 | 1.3759662599790303E-6 -0.02878213595078834 0.05050309753419949
0.4000673796827386 0.010695120411129126 0.3244519920915291 | 0.006192458059406977 -3.666257673404869E-6 -0.007281721554604233
0.394190807283515 5.731408034459221E-6 0.4038523407472753 | 0.007481649586592681 0.00205383827491724 0.001893527787223792
0.4274142026737747 4.284480390055848E-8 0.5451983665926461 | -0.0031754292997074928 0.0037228493322626374 0.004060487003219423
0.42628687280220995 1.3295398523676774E-5 0.5429542968646885 | 0.002481705958420619 0.0017695921118543005 0.0072185431868705095
0.43268043535682704 1.5463177917001672E-5 0.7332991877876873 | -0.001718021134326897 0.00289667506255219 0.006315825179261879
0.43691130095095415 1.961597915096788E-6 0.752734087771628 | -0.0072105543159623415 0.0021071929559970067 -0.0015425842240048
0.4926103253827054 6.030892281880471E-6 0.07381290204429695 | -0.002132423512915498 0.002584906977294206 -0.007579277866183063
0.5113228258185358 7.827215417737997E-6 0.30086285629701875 | 0.0037317997797705472 0.0026249870755697203 -0.006491447839990621
0.4857542493042933 2.1234495805908747E-6 0.3691673289777548 | -7.595279125056598E-4 6.54767197888394E-4 -0.008462428467829491
0.5450951233255098 5.760239565039222E-5 0.42743597988527166 | 0.0053653223568591694 0.0039187135261896325 -0.0017542004586440696
0.5112834035417795 5.787722150364453E-6 0.5114551349446671 | -0.0021489543905389673 0.0043025755084910595 -0.0029557833166758453
0.5021452448522414 2.6576769922767953E-4 0.582912700643239 | 0.0065036831729319705 0.020855859767375137 0.01499937794496871
0.5077617595698879 3.5026369599760234E-7 0.8374627259743568 | 0.0021947376019214185 0.0038656219792315024 0.005369604178134513
0.5133874744167378 2.062639454348808E-6 0.7513586353471339 | 0.008090152505692868 0.0010627568198716437 -0.0019428474142486388
0.5661536815789993 5.721859649460861E-5 0.19582139919714917 | -9.796113450791764E-4 0.002763069058695234 -0.0076696853020331735
0.5720212549063604 1.1985982344575125E-5 0.1060782043560819 | 0.004858256931490221 0.002747822681027313 0.005246956677547745
0.5766992653352854 7.336994628156176E-7 0.3471105239768642 | -0.007265518291792533 0.0025021612796787556 8.120217122818446E-4
0.5433194415705626 2.006148475259977E-6 0.4267791717382035 | 0.0073349351655208304 0.0024222494887227884 0.0011965244622870674
0.5835973363369242 2.601948097059522E-4 0.5022306343804945 | 0.016030066560220227 0.04019828982393743 0.007958075798387703
0.5896076951070887 5.602565259392675E-6 0.5896989642955113 | -0.0034226938040429608 0.003740320825036232 -0.004369298676312383
0.5958674969198408 0.0011263143889625946 0.855462006852788 | -0.01533680776990508 -0.23654976345555753 0.04727450497096584
0.5888400869163034 2.8073029977311215E-6 0.7617824882613953 | 0.0033478401526044876 0.0018334018402739974 0.007921172822926897
0.6542095268762281 1.4340332465938258E-6 0.1453294160752556 | 7.631133071976172E-4 6.277855560466739E-4 -0.00915742468794205
0.71639716621879 2.1877661236008433E-5 0.20666344675830797 | 0.0035992757932899622 0.004675563718759756 6.641061763770042E-5
0.8082635655037824 0.02210001714762048 0.33793344712133466 | 0.10713453150527368 -0.28001422532035714 9.503239209721419E-4
0.7332639367695889 5.245030762306441E-7 0.432745346867637 | 0.006247821483622754 0.0029362739678489235 -0.0017003869781022159
0.837583326311085 7.4615826321873505E-6 0.5078082570382125 | 0.005119274732106109 0.00399422913845141 0.002284972548640851
0.8553558866128282 0.0012504706294682328 0.5958955918608754 | 0.0471546254250113 -0.23643368587961772 -0.015159232969866212
0.7406972189381842 0.00238526891958533 0.7407422384287574 | 0.0037840056112326405 -0.024406290567486368 0.0038975316001766914
0.686543578934081 4.064340398655342E-7 0.7944338506660011 | -0.00485740574572838 0.0010964780867857276 0.007748523023996958
0.7735925814317509 3.8033062131482173E-6 0.16777383599136497 | 0.006303105393090879 8.222787108257574E-4 -0.006503580920137954
0.794167934090622 1.714688044946329E-6 0.2573509003211367 | 0.007789294408307343 0.0018701918115004797 8.671598164344767E-4
0.7516446898088837 5.233789507682303E-6 0.357011673919892 | 0.002218505201282247 0.001539611567491763 -0.007827332930287943
0.7527365103987042 1.374213393020184E-6 0.4369070391621088 | -0.0013335004989963298 0.002157076825608871 -0.007238167824380116
0.7513658152661262 5.565480224297816E-6 0.513388072330912 | -0.0018360491648683798 0.0011061261251403237 0.008128377871910295
0.7617808201707355 2.2503452688063912E-6 0.5888389749859689 | 0.007941257427635325 0.0017918827954514494 0.0032189477316574224
0.7944304957633939 7.741988989509861E-7 0.6865459673290265 | 0.007739463288412338 0.001107232267427178 -0.004855048134266472
0.7860554770408335 2.2564323165831466E-7 0.7860555174245097 | 0.006409159937510322 7.549258362102765E-4 0.006402612705808451
0.2393892278999267 0.40000018324521935 0.23938924631536512 | -0.004824448901072668 0.0031802553520879416 -0.004816689631969595
0.2422307416645387 0.4000016262909018 0.34188467932271305 | -0.005362241870077781 0.0011337058367447107 0.007008286351768498
0.23951959242381704 0.009752685167656079 0.4000422830025912 | -0.0070625170526498375 -0.009685359605345802 0.007489295707154566
0.19072605263100323 0.09412690832922926 0.4000000204165223 | -0.004787571665497078 0.004452476963130449 1.9894198496386813E-6
0.17299256508253275 3.794011934275273E-5 0.4744076158696507 | -0.007477950043245201 0.0021993277971307707 -1.7087924843520137E-4
0.07923898284870387 5.11269271584872E-6 0.5823521985801908 | -0.0044153886158482016 0.0017459355987195838 0.006886136800757988
0.14641192996084107 1.1591101741758605E-6 0.6542830962401859 | -0.00920483434467716 5.860156065843719E-4 5.168919183831827E-4
0.16996988155755244 2.5479178007102068E-5 0.7715597396365139 | -0.006753166807797508 7.673163442608279E-4 0.006091814512961144
0.3418846628590171 0.40000157416690624 0.24223061678701943 | 0.007010800814052876 0.0011330986165360387 -0.005359616292472238
0.34356941898490995 0.4000016311002601 0.3435651625503755 | 0.005284652182028922 0.002631012871153566 0.005280468395174521
0.32246788369618573 0.020823299950372996 0.4000064781084047 | 0.0016332657097883937 -0.012387649679818692 0.008317174971002693
0.31061426444162016 0.1048042954340287 0.40000000030756133 | 0.006484473581903482 0.003441367569489099 1.9433061070092825E-6
0.2967009151116409 7.779772486753117E-6 0.5095676320638081 | -0.0017868906857001145 0.0036893342829759507 0.005573737925063658
0.07306147325471629 1.7249617163527003E-5 0.5878477430009603 | -0.00657887686773006 0.0018380945333121709 0.004829259867235602
0.20795635128386314 3.740740696899355E-6 0.7165564392918764 | -0.004733357467890489 0.004067871506442004 0.0012215713164689804
0.25770471993668687 2.2068838870153134E-5 0.7933826362120642 | 5.566877351645195E-4 0.0016588959159567274 0.00798475006421887
0.4000384105442985 0.009385734299908887 0.2391835719049642 | 0.007529710043933849 -0.008390138032121958 -0.007815608765690717
0.40002679717474043 0.01103769107100662 0.31541497942226937 | 0.0063080898947172935 -0.0016108322766708331 0.008247290452486834
0.5040771643774702 7.318854155960957E-6 0.5034016414957238 | 0.0037619955912214357 0.003181906406263302 0.004675232980861523
0.3199997557873648 0.013617960502566986 0.4001148919356643 | 0.006699988080919985 -0.0011910972058430769 0.007600085466633508
0.3720846777752196 8.532972242250936E-6 0.48520348877187536 | -0.003936658669515818 0.0036354517605026856 -0.004897984236303855
0.34702038044405337 9.218194430493158E-6 0.575965837295166 | 0.0012888620906357387 0.003195700040305286 -0.0063812435020845935
0.35164509134397104 7.973560912991367E-7 0.7144179965273584 | -0.0022539909792552637 0.00166218743472397 0.007825564498606281
0.3621894223044689 1.7970192963687146E-5 0.9114021624246703 | -7.478550946024494E-4 0.0016677237502973651 0.008370360479954446
0.4000000372735025 0.09564799436836811 0.19115023942740678 | 1.6419156423833395E-6 0.00426756211500589 -0.0049819055821477155
0.4000000242103419 0.10458776940771057 0.3106064839018286 | 1.2356000049587253E-6 0.0014119817051820901 0.008964565750270747
0.40010171260801136 0.01321574306437152 0.323842108105904 | 0.007848954685427479 -0.0035447985389028018 -0.007455372842804985
0.4076960416877267 3.2049964375060966E-6 0.4086763239628119 | 0.006212598389585055 0.0023829060923034476 -0.0038047358605246126
0.42846577579635026 4.199161587637617E-6 0.5409964081881025 | -0.002644696950501601 0.0014802470147759976 0.008369174915537425
0.42591027749343197 9.685190953449402E-7 0.5445862621074156 | 0.004521194369143509 0.002441302634481242 0.0051626612268116075
0.43264846781196964 2.955578441588168E-6 0.7334852877745202 | -0.0016555679681187294 0.0029259957065900792 0.006285036903135279
0.4343467491744055 9.860772874817897E-6 0.9279855378641969 | -9.658783259610985E-4 0.002986922873931341 0.006995263265617699
0.4744557310169351 2.105100531354367E-6 0.17294581087765795 | 2.0406837071210165E-4 0.002395624327512281 -0.007431990109264107
0.5096948002803741 4.38204881889739E-6 0.2961394893987545 | 0.005963706881835987 0.0033323206745100482 -0.0024886931468401066
0.48563371940466626 3.906311576752805E-6 0.36907761792683846 | 0.006673766471934128 0.011763461576522647 -0.008235791293388832
0.5410180090033757 4.052367347336965E-5 0.428565782273376 | 0.0075798439116331745 0.0017233225943688911 -0.0021041824712639524
0.5083939422468725 1.07777560202692E-4 0.5085807245903563 | 0.001574853954369483 0.004827918691234441 8.744917705976168E-4
0.502228286026335 2.8615767138147027E-4 0.5828564273444957 | 0.01323688762273351 0.020815862957253496 0.005935999834322915
0.5074782700773148 5.144488456099037E-6 0.8367512569407809 | 0.0024682421905436393 0.003045237681934131 0.006503602775445492
0.5070378972914792 6.223873947178316E-7 0.9288220651051893 | -7.718376477290175E-4 0.002143460512363657 0.0079342667075278
0.5821638070487325 9.743101451858746E-6 0.07951825057407494 | 0.007153824718174567 0.0019107670159432784 -0.0036791085471132544
0.587672798490378 1.754391729148517E-5 0.07374177008061576 | 0.005165182047059682 0.002037394982426912 -0.006073125365662444
0.5767932452458153 1.7578779569255856E-5 0.34722282916096703 | -0.007381805001231344 0.002432955188788447 2.2277522376164228E-4
0.5448596204640477 5.8282098537241025E-5 0.4254554626253115 | 0.004939783321649412 0.0027633553219630095 0.005368899300974677
0.5833161693194889 1.625000330363774E-4 0.5022492124388078 | 0.03172142463905366 0.037972204603566345 -0.0021067010600589044
0.5898656503515507 2.2737013604558417E-5 0.5899562278918156 | -0.004550489829187313 0.002755360935007142 -0.005180785085573694
0.6362577676224007 0.0044559609577903446 0.7524976513250489 | -0.022872271012864646 0.37429365619852617 0.010648663251031728
0.5760221869900171 6.029829802502752E-6 0.9144600206683774 | -0.0023556845533821693 0.0015326729625289846 0.008034099345278389
0.6542960722089592 4.732565267566853E-7 0.14646427534059026 | 5.679783586135773E-4 5.815482894109265E-4 -0.009202038844404912
0.7166275866957869 2.6947031521757167E-5 0.20805306002602547 | 0.001322068701004417 0.004175600027385683 -0.004517954264011662
0.7095646493889748 4.2752537600202555E-6 0.3536843580723861 | 0.007666740382798567 0.0017736968909648038 -0.0023162856324795357
0.7328546195092547 3.917014758639748E-5 0.43265173048044037 | 0.006342151209071012 0.0028963367978004826 -0.0015357394143857863
0.8368996723230997 1.3525897993789224E-5 0.507568756978613 | 0.006389889670522753 0.003166853582161622 0.002392587438528435
0.7527612220470355 0.0046797226881751105 0.6358381265502712 | 0.01156089244689226 0.3746797269068027 -0.02322788737632942
0.7406857851160739 2.800969936085808E-4 0.7407286499022936 | 0.0030231563878158492 -0.014363792371458212 0.0031243325524511634
0.6868205299852469 6.3192304526911555E-6 0.7938661003745879 | -0.004938964743728241 0.0010478685413447249 0.007740158878583016
0.7717508044161708 2.585389320303673E-7 0.16974346742940138 | 0.0061035098306167984 7.742091932324976E-4 -0.006736024230289123
0.7934061318376642 1.7490127120886473E-5 0.25769305684693117 | 0.007919460771103396 0.0017550729374255084 5.455767852254941E-4
0.9113934226877716 2.2785118947999958E-5 0.3621964593241436 | 0.008360099944990502 0.001688694559773722 -6.573470809355568E-4
0.9279869666374027 4.250936375135607E-6 0.43435100167944996 | 0.00700415091926187 0.0029798570679083728 -9.638826669937622E-4
0.9288071846723568 1.5810225995730586E-6 0.5070365279908844 | 0.007955169481426194 0.0021223229052883103 -7.671365395389318E-4
0.9144627639211115 4.497365613203612E-6 0.576018166835132 | 0.008023813575677443 0.0015459875394731497 -0.002353144804359004
0.7938646948091735 6.655385290485582E-6 0.6868219395876414 | 0.007731388110621984 0.0010579246740249734 -0.004937216198043511
0.7819680391913703 1.1863498482709908E-6 0.7819681357709999 | 0.00640896788747525 7.47979078523817E-4 0.006401918718163527
0.25213007088753747 0.40000718712305305 0.2521300802829471 | -0.005277194784833908 0.002631658979931091 -0.005279169893931972
0.2498498871448597 0.4000012233897605 0.33922821154863536 | -0.004605073459260507 9.461448057535445E-4 0.007686902014342124
0.22447106609113476 0.036279925627676235 0.40002392698141576 | -0.0024615832774757067 -0.01338219588998508 0.007258977414002923
0.2077141767401545 0.10593579083915831 0.4000000520288864 | -0.005525834649262191 0.004074733069413955 7.6781357537236E-7
0.2329059923053287 7.609605290386299E-6 0.4794849750366263 | -0.004359811064152018 0.004392232657341278 -1.1789632814123929E-4
0.19636832841082616 9.894749267071371E-5 0.5663767454517299 | -0.007889621460227718 0.002794619006247386 -0.0016749594426706403
0.14933298995757707 1.4709061305156777E-6 0.653856133786227 | -0.009266412009930655 5.007920989756528E-4 3.802085203913674E-4
0.1871550320669699 3.6796810991771356E-6 0.7575307876622696 | -0.008860059036597812 0.0010273311493554688 9.574685352588271E-4
0.33922818798137083 0.4000012065294853 0.24984966577103243 | 0.0076843388794814935 9.459975370119693E-4 -0.00460941847996332
0.3436430936977415 0.40000239507411595 0.3436374705888695 | 0.0051886655720552455 0.002749728766412371 0.005191041619184157
0.3155671594336643 3.101728600534738E-5 0.4473060335161748 | -0.0027076518052664748 0.005121223473263403 0.0018345074641085348
0.32453173443567884 0.09394467513155105 0.40000004741487893 | 0.0035148978787081795 0.004976889951929226 4.0824134304203535E-6
0.3014191546380288 6.250959860160899E-5 0.5111086735585343 | -0.005950065154368968 0.0030952961689096883 0.003339505760334139
0.26633290753696925 4.993122087162778E-5 0.5915906635167367 | 0.00286350489241725 0.003235443274187997 -0.00604157542475185
0.21552537608681296 5.985948633848913E-6 0.7170747420644855 | -0.007628295160528356 0.001944960689698178 -7.208257257983902E-4
0.2590417315869733 3.7986621992752047E-6 0.791025852507135 | -3.7119341761087754E-4 0.0014014161693589988 0.008212752693392602
0.400003851577182 0.03643984819583155 0.22430512094691094 | 0.007538083887962687 -0.013194693215820097 -0.0027904123500101983
0.45771200004243257 9.132165406207078E-5 0.3057923003159465 | 0.0013976067875115094 0.004351120323497317 -0.0045663177190075335
0.49879091967319883 5.3208438555669356E-6 0.49888350035452644 | 0.005201980977728619 0.002995680994184982 0.005389208227427754
0.31791003227685094 4.1378798213262765E-4 0.4000403170127112 | 0.004317409293817692 0.003304577395918888 0.005081895430004463
0.3735275519790896 1.179783800799194E-6 0.4843761980418473 | -0.006626617184842183 0.0031301085782180966 -0.0018198087868477298
0.34440753475015823 2.513691107498894E-6 0.5751016607056184 | 0.007995856824519823 0.0016886588130300027 -0.001152211857286799
0.36534115928733213 3.412001310488177E-6 0.649789840173531 | -0.0019733700256322853 0.0033376770558089493 0.0062206177537485925
0.3498514454841719 2.1111282667957754E-6 0.7433066440663195 | -0.00563835931925984 0.003042049269447514 0.0030149073551511566
0.4000001104559166 0.10456046882662591 0.20723188836327092 | 1.2613044577565652E-6 0.004112530886824834 -0.0052348406307805365
0.40000001121700013 0.09358937797834797 0.32480018881204803 | 3.890052253459449E-6 0.00422432970659632 0.0056184614142497456
0.4000849567894462 1.9770106877162934E-4 0.31205791091387225 | 0.005968027297864911 0.0013282668899398122 0.006366546465504421
0.42459281711597535 5.818960094014603E-6 0.42565349273249337 | -0.004455755515087799 0.002112911581045211 -0.005092168054212788
0.428854075726197 4.662777838337452E-7 0.5399527091987091 | -0.0028310637874310305 0.0012969332383416668 0.00855200238960795
0.4448830548905805 6.690779548984023E-5 0.6413607430157499 | -0.006747187762397327 0.002743864088526503 -6.305888387483472E-4
0.43193899257742924 3.8882715235770334E-5 0.7278687042876494 | -9.84174943722729E-4 0.00234053375492978 0.007214277290714291
0.427278090236816 1.6679669932938349E-6 0.8404157360018067 | -0.008044728040645361 0.0016608712065003554 0.002403298539979871
0.4795266503174804 7.290074004037632E-6 0.23290298641226298 | 2.2533608425520123E-4 0.004410596670459559 -0.004095343438267313
0.5105562667012554 3.441802862990557E-6 0.3010470839605544 | 0.004124130087640135 0.0025606476269702345 -0.006342633817266846
0.48571115806704335 1.1813943200508531E-5 0.3692399264445504 | 0.00156184470323981 -0.0069320528077055615 -0.011810095480123475
0.5397224174452131 1.4285666554095904E-6 0.429042619615321 | 0.007630196909807461 0.0014800203594622723 -0.00228283683629733
0.5344864026165003 7.872713841860204E-6 0.5346634581227684 | -0.005076796235143365 0.003069926011085685 -0.005459436876356103
0.5021761692018694 2.8204801023796794E-4 0.5827312406892496 | 0.012311643847442585 0.02021225796600612 -0.009988376662609382
0.5145467619750319 6.512959772887733E-6 0.7321090918252116 | 0.0054535472714299605 0.0017666532417758406 0.00585809594857331
0.5107996849702265 5.799392727484908E-6 0.8337735720027316 | -0.004723949490926367 0.0014477023810702612 0.007110800761322155
0.5664411600149534 1.3175351986811505E-5 0.19599196690243217 | -0.0011555168201376471 0.002732718919523677 -0.007696186543763569
0.5916555166368405 8.220532653992982E-5 0.2662986542467843 | -0.005962122784463905 0.0034154311491372707 0.0027321971093736447
0.5755531383207215 1.1406122436503419E-7 0.344493983003014 | -0.0010353799783369127 0.0014205565649354393 0.008226435963023717
0.6412687284919193 1.1428423886563352E-4 0.445095820002972 | -4.170780199015551E-4 0.002802714405951354 -0.0067009272607198925
0.5837712571332301 3.129391071084318E-4 0.5021165286139112 | -0.03787566296782995 0.001762086106064771 0.019851455466861574
0.5896687490155892 2.667120422026167E-5 0.5897620778972946 | -0.00374579851552228 0.003487230442132505 -0.004608600209584247
0.6035273862705279 2.1191547967131957E-6 0.6668336652560404 | -0.0016381215070148244 5.35895527232898E-4 0.009229112085312302
0.58473452064231 4.950980420608395E-6 0.7949387181928382 | 0.003195173712436078 0.001734755526825015 0.007849411245685582
0.6538699406777032 6.399890183007166E-7 0.1493343340802689 | 4.2469194093135593E-4 4.98235364612807E-4 -0.009263594742681019
0.7171318855559878 3.9222027172945776E-7 0.21556626398244877 | -6.693766397920942E-4 0.00199424408845124 -0.0075958485362152784
0.6498986999473528 4.195329780766721E-5 0.3653191497000329 | 0.006235724801967546 0.003307880343377434 -0.0019717341485298388
0.7270338088680106 1.133963917163784E-5 0.43184169015427326 | 0.007277312995832739 0.0023500882822094287 -8.05794719201236E-4
0.7321494270864868 2.3220597970458168E-6 0.5145494293055952 | 0.005884057059820938 0.001741508082296807 0.005314347666256979
0.6667484383450795 9.97745957873526E-7 0.6034581443682007 | 0.0092840258064183 4.6490840559142583E-4 -0.001892568967198265
0.6979070154695667 3.4090037499737413E-6 0.6978961267887843 | -0.00644265984215881 7.460001873882899E-4 -0.006490197912770915
0.6845873050085686 8.76714800477607E-6 0.7900146173373267 | -0.0038287884412534284 9.683617448419432E-4 0.00840907045157246
0.7575272874415229 3.5522181371723937E-6 0.1871561124456033 | 8.77913475553255E-4 0.0010375008999447476 -0.008860754616858445
0.7910485506546248 6.401319418613238E-7 0.25903068390415546 | 0.008154639314236942 0.0014905000274970095 -3.734376049416398E-4
0.7433598272626595 8.872058021329775E-6 0.3498568288061868 | 0.004270711084387057 0.0029557831542273397 -0.004909688398678086
0.8404772738779821 1.0000170610394276E-5 0.4273359647787492 | 0.0024574192157244463 0.001622384792622465 -0.008073642609624346
0.8337789171407595 7.996825525299716E-6 0.510692477356106 | 0.00722504053841503 0.0014673479644953232 -0.004575846886399806
0.7949393381819183 2.509567504380568E-6 0.5847268494825159 | 0.007792225817664904 0.001752454060234694 0.003096539794711672
0.7900134649013624 9.087243775810013E-6 0.6845884312150187 | 0.008404843968644736 9.782336052421977E-4 -0.003819443762633996
0.7407820715186059 1.9252930501154736E-5 0.7408265902946292 | 0.0074749577971513015 -0.07605615156426589 0.007649662428526068
