512
0.2692645034733988 0.0493312458159951 0.26926450347339903
0.26222312625866634 0.09951184078203364 0.3006022941155745
0.2578857719621145 0.04607745658953616 0.3546452823623018
0.2712470689100129 0.06238673364484066 0.43525778182494895
0.2661627680502604 0.06379489471191918 0.5140294967565852
0.2541177288445204 0.0376241382392982 0.5919069540809733
0.2937330315959524 0.07564662923100125 0.6578243016679041
0.27071342675092475 0.0635211448855457 0.701337434338423
0.30060229411557493 0.09951184078203477 0.2622231262586628
0.29715069594436067 0.15747823512351575 0.29715069594436105
0.3218010327553203 0.09181319443112282 0.3563340708365339
0.31780662527299036 0.11959929661056144 0.42850435833871886
0.3102916778944624 0.12760592672663337 0.5183329156329167
0.32193295502933283 0.08840440938234219 0.5885435012800623
0.30020484214275023 0.15011901849245685 0.65173215788035
0.3076785180715318 0.14173075063036017 0.7202080700876857
0.3546452823623025 0.04607745658954116 0.2578857719621142
0.35633407083653357 0.09181319443112247 0.3218010327553202
0.35797095808478063 0.17470144162878948 0.35797095808478024
0.3565492324767942 0.14048188101445966 0.44199027873985713
0.35739858880083325 0.13868651283070238 0.5083953678095176
0.3566795859010556 0.16875601022196282 0.5893231286791114
0.3545450221168198 0.08610137202616233 0.6363053308908683
0.3666403156463853 0.1585164996266938 0.7372152934945965
0.43525778182494906 0.062386733644842006 0.27124706891001227
0.4285043583387201 0.11959929661056289 0.3178066252729882
0.441990278739857 0.14048188101445827 0.356549232476796
0.4389066670755003 0.09063975663587988 0.4389066670755008
0.43876684200270105 0.09649685341565283 0.5122703178485752
0.4354322979025754 0.10789437014006768 0.5964003051804079
0.4349381894915694 0.05424408883876842 0.6338399507028267
0.43848522339344054 0.11225568738284535 0.7345107178354717
0.5140294967565853 0.06379489471191559 0.2661627680502634
0.5183329156329182 0.12760592672663434 0.3102916778944662
0.5083953678095181 0.13868651283070357 0.3573985888008312
0.5122703178485749 0.0964968534156542 0.4387668420027006
0.5108639891168771 0.11068899797453081 0.5108639891168765
0.5121231067111256 0.11250897375808146 0.5942404849820718
0.5183530759799471 0.06530640972876352 0.6337571579552759
0.5109279708858514 0.11686141370657244 0.7389639979617377
0.5919069540809742 0.03762413823929522 0.25411772884452183
0.5885435012800625 0.08840440938234434 0.3219329550293332
0.589323128679113 0.16875601022196385 0.35667958590105836
0.596400305180406 0.1078943701400625 0.43543229790257487
0.5942404849820759 0.11250897375808772 0.5121231067111248
0.5887344950673233 0.1670644959909849 0.5887344950673241
0.5925606320612478 0.09891985459663648 0.6399021540809962
0.5846824522428937 0.15277011446266145 0.7351239749752333
0.6578243016679047 0.07564662923100043 0.29373303159595193
0.6517321578803501 0.15011901849246026 0.3002048421427504
0.6363053308908666 0.08610137202616643 0.35454502211681865
0.6338399507028295 0.05424408883876658 0.434938189491573
0.6337571579552664 0.06530640972877262 0.5183530759799507
0.6399021540809972 0.0989198545966374 0.5925606320612457
0.6456326885526286 0.06681876095871787 0.6456326885526309
0.6420136325637366 0.09784378562759632 0.7100573857135232
0.7013374343384206 0.06352114488554415 0.2707134267509268
0.7202080700876853 0.1417307506303576 0.30767851807153185
0.7372152934945946 0.15851649962669515 0.3666403156463861
0.7345107178354767 0.11225568738284904 0.43848522339343976
0.7389639979617344 0.11686141370656664 0.5109279708858521
0.7351239749752336 0.1527701144626618 0.5846824522428961
0.710057385713523 0.09784378562759588 0.6420136325637373
0.7111201109166768 0.09655822161136715 0.7111201109166767
0.20916666975124223 0.05761206761170793 0.20916666975124412
0.18937081307939357 0.07225859524153631 0.2987220946960549
0.18644887149978712 0.05510702227971355 0.39180154995903027
0.30924232271937646 0.010516685150351248 0.4280865011068183
0.3111427578418966 0.011243640242448262 0.5197729836052603
0.18660192050340435 0.051596618505490084 0.5582275289995132
0.2040966015322071 0.04882729456195202 0.6530047727633334
0.22335681738200416 0.042474517855820224 0.7290394195632642
0.2987220946960543 0.07225859524153604 0.1893708130793935
0.29616240039481895 0.13181533255421835 0.2961624003948193
0.3202094132745478 0.06428684547738406 0.35295664456268255
0.3065110654906681 0.07362953905201114 0.42763634793972144
0.3048835123638782 0.09382524954039179 0.5183118964814714
0.3194383371464491 0.06351353042653966 0.5899006097071818
0.3001336357564767 0.12687915240474354 0.6544024264947804
0.29142513266446524 0.12716820111278176 0.7654410159123646
0.39180154995903027 0.0551070222797123 0.18644887149978787
0.35295664456268233 0.06428684547738381 0.3202094132745473
0.3576767323558466 0.14988330957968357 0.35767673235584596
0.35389189362243256 0.08263962292830752 0.43189594036322326
0.35246777036817095 0.07979749175366707 0.5188616761223064
0.35711570966557843 0.1438796306158177 0.590076143018893
0.3494254019753701 0.05476334887209006 0.6362162851438796
0.3854476742509556 0.09144020418359189 0.7749572995515714
0.4280865011068177 0.010516685150350235 0.30924232271937657
0.42763634793972277 0.0736295390520137 0.3065110654906671
0.43189594036322315 0.0826396229283058 0.35389189362243334
0.4374839663713536 0.05148609931006849 0.43748396637135445
0.4380609610401559 0.06773012492430096 0.5133298920560296
0.4219096343795907 0.06191970591539568 0.6022525689792587
0.4291849766608984 0.02257262270278948 0.6449115352538854
0.4325049577619424 0.03842603698916828 0.6995815252213257
0.5197729836052604 0.01124364024244879 0.3111427578418974
0.5183118964814721 0.09382524954039179 0.3048835123638818
0.5188616761223074 0.07979749175366899 0.3524677703681695
0.5133298920560293 0.06773012492430135 0.4380609610401549
0.510750091505465 0.09394341589387273 0.5107500915054641
0.5276186293228492 0.06469066653345053 0.5999121811836244
0.5251225501574555 0.034745477532983966 0.6447456600470153
0.5164749053340286 0.04554485109688748 0.7069774884944328
0.5582275289995139 0.051596618505489716 0.1866019205034046
0.5899006097071824 0.06351353042654126 0.31943833714644987
0.5900761430188926 0.14387963061582096 0.35711570966558137
0.6022525689792557 0.061919705915391 0.4219096343795886
0.5999121811836314 0.06469066653345323 0.527618629322849
0.58667829023725 0.14832938431693798 0.5866782902372508
0.5941313027336075 0.07030593444373932 0.6355355433514865
0.5645324784106587 0.08362596975772425 0.7783714195561339
0.6530047727633335 0.04882729456195243 0.20409660153220677
0.654402426494781 0.126879152404747 0.3001336357564766
0.6362162851438783 0.054763348872095934 0.3494254019753706
0.6449115352538857 0.022572622702785816 0.4291849766609021
0.64474566004701 0.03474547753299052 0.5251225501574589
0.6355355433514845 0.07030593444373023 0.5941313027336061
0.6628388330583384 0.1397378479009636 0.662838833058339
0.656468593579639 0.128179092892762 0.7658669184329215
0.729039419563268 0.04247451785582556 0.22335681738199992
0.7654410159123641 0.12716820111278296 0.291425132664465
0.7749572995515732 0.09144020418359337 0.3854476742509537
0.6995815252213331 0.038426036989168896 0.4325049577619419
0.7069774884944243 0.0455448510968877 0.5164749053340297
0.7783714195561318 0.08362596975772757 0.5645324784106582
0.7658669184329219 0.12817909289276194 0.6564685935796393
0.7158602701613554 0.023246570859244035 0.715860270161355
0.19347872430026405 0.09389142123737691 0.1934787243002645
0.18702659775252772 0.06117351146369195 0.29920189522555485
0.1933397699569529 0.02903001910817863 0.38751559104994465
0.25947056620196446 3.318142497567357E-4 0.4360641117758574
0.26483211043871735 7.005517140081877E-5 0.516889020773057
0.19437578303282121 0.022307055252212535 0.5636503727339787
0.18955436317496205 0.05368466987656568 0.6507873404881122
0.19333774978185503 0.09828001261126143 0.7543944775209951
0.2992018952255543 0.061173511463691294 0.187026597752528
0.2937582850000938 0.09626785550087813 0.29375828500009465
0.2682451842410325 0.15458568669318107 0.3705170675386821
0.2641926256655794 0.12541131766038485 0.44218569107827105
0.26715966580293754 0.12404225495718055 0.5091315488428189
0.26237824647407354 0.13670262856870738 0.5844767647870897
0.29413213643932246 0.07596251573578185 0.6584665919340786
0.29739995494171184 0.06962427945662007 0.7682448416018537
0.3875155910499442 0.029030019108178744 0.19333976995695323
0.37051706753868163 0.15458568669318107 0.26824518424103205
0.36219583924608423 0.1460859078915069 0.3621958392460837
0.34649494800251784 0.03521586062560484 0.42373521967309125
0.3450143319999757 0.03844747971441281 0.5245167786805108
0.36225067599608596 0.13800600290053355 0.5872359053774073
0.37461841448909905 0.15056437414159557 0.6716660079743266
0.3822865666541428 0.032588480681555426 0.7599632857823291
0.4360641117758576 3.318142497575829E-4 0.259470566201963
0.4421856910782709 0.12541131766038435 0.2641926256655822
0.42373521967309086 0.035215860625603786 0.3464949480025173
0.4333820621862171 0.0038690830579396437 0.4333820621862175
0.436144404061726 0.024124838007274448 0.5154820247287982
0.41107036974637107 0.014318100770994366 0.612782933370725
0.4395556911578291 0.10387064920303078 0.6673616488700658
0.43565983797037194 0.0010615904132529224 0.693533737803343
0.5168890207730563 7.00551713985539E-5 0.2648321104387166
0.509131548842818 0.12404225495718389 0.26715966580293143
0.52451677868051 0.03844747971441431 0.34501433199997544
0.5154820247287971 0.024124838007276515 0.4361444040617251
0.5147702161289873 0.03181283316056945 0.5147702161289858
0.542825398414772 0.010862355767616252 0.6154525340888986
0.5107097770357365 0.1074005545926975 0.6683588134700195
0.5166846562853038 0.0015671754406607137 0.6852417861467809
0.5636503727339783 0.022307055252212837 0.19437578303282158
0.5844767647870905 0.1367026285687028 0.2623782464740727
0.5872359053774056 0.13800600290054396 0.3622506759960901
0.6127829333707254 0.014318100770990431 0.41107036974636774
0.6154525340889033 0.010862355767615572 0.5428253984147722
0.5827363490077785 0.14090879450478366 0.5827363490077792
0.5936400410525594 0.09187196757656696 0.6482342731111023
0.5711077511522189 0.020349835168951544 0.7579149645833594
0.6507873404881122 0.05368466987656567 0.18955436317496233
0.6584665919340795 0.07596251573578333 0.294132136439323
0.6716660079743285 0.1505643741415893 0.37461841448909927
0.6673616488700626 0.1038706492030243 0.43955569115782717
0.6683588134700239 0.10740055459270215 0.5107097770357334
0.6482342731111126 0.09187196757658118 0.5936400410525569
0.6623650657253171 0.04024693965370941 0.6623650657253176
0.6523487460077518 0.0665269443112256 0.7723757995181652
0.754394477520995 0.09828001261126244 0.19333774978185486
0.7682448416018534 0.06962427945662061 0.29739995494171145
0.7599632857823326 0.0325884806815606 0.3822865666541458
0.6935337378033475 0.001061590413257687 0.43565983797037294
0.685241786146771 0.0015671754406660007 0.516684656285306
0.7579149645833605 0.020349835168958375 0.5711077511522168
0.7723757995181645 0.06652694431122329 0.652348746007752
0.75591760887677 0.09379189360210585 0.75591760887677
0.19586831990908893 0.05140197752888538 0.19586831990908937
0.18175724486972109 0.04545122244497959 0.2986875925208139
0.19385648930918004 0.0025441201458050915 0.37795626519237274
0.15071942983450842 0.006543578322830942 0.44217695973851195
0.15048935564769697 0.00776645438387655 0.5079518264800365
0.19342397295944877 0.0030775723888389643 0.5724554446309604
0.18074409275858758 0.04595305560426219 0.6502187478846264
0.18808536526279915 0.060201889061965136 0.7590398412943196
0.2986875925208133 0.04545122244497987 0.18175724486972109
0.2895635566223038 0.07458001362965397 0.28956355662230504
0.2622661706024798 0.13494033181582854 0.3705478142273125
0.2575470095271942 0.10734454242223448 0.44058807481035595
0.26188729846320863 0.1016423544665455 0.5107870941703727
0.2570167407595224 0.12140179763091177 0.5853791213690865
0.28998084264975155 0.05990225807003251 0.6613331591120412
0.29705153925623906 0.03706396505704151 0.7749938738464388
0.3779562651923719 0.0025441201458055573 0.19385648930918004
0.3705478142273123 0.1349403318158291 0.2622661706024794
0.37602197977175994 0.1618132506432204 0.3760219797717601
0.393209616197329 0.12144683244930128 0.4527610310655028
0.38900685055184375 0.12743830345440987 0.49518712765774103
0.3811628779157912 0.16164104334436838 0.5743991821032632
0.3776286268760346 0.14128653329939306 0.6727158254285119
0.3732039968676488 0.004687904325362823 0.7580041126635095
0.4421769597385148 0.006543578322830063 0.1507194298345156
0.44058807481035556 0.10734454242223349 0.2575470095271978
0.4527610310655028 0.12144683244930203 0.39320961619732936
0.4299459469628043 0.003565439240696905 0.42994594696280447
0.43063874444516875 0.005516133779310598 0.5178144848373042
0.45268171691389986 0.11297219224091758 0.572560635612595
0.4393708801576393 0.09271465746588559 0.6706721673332542
0.4395227498581839 0.007894225301181957 0.801143313532782
0.5079518264800393 0.007766454383878362 0.15048935564768973
0.5107870941703717 0.10164235446654736 0.26188729846320163
0.4951871276577402 0.12743830345441015 0.38900685055184153
0.5178144848373036 0.005516133779310718 0.43063874444516775
0.5169756568105398 0.006965721830351928 0.5169756568105385
0.49291904835506073 0.12004197631024854 0.5767848985609508
0.5103585546675067 0.09867870763252409 0.6709316658625383
0.5095729798369945 0.009176349755570138 0.7999805081599096
0.5724554446309597 0.0030775723888399604 0.1934239729594493
0.5853791213690867 0.12140179763091015 0.2570167407595226
0.5743991821032662 0.16164104334436172 0.381162877915788
0.5725606356125954 0.11297219224091529 0.45268171691390036
0.5767848985609516 0.12004197631024778 0.49291904835505995
0.577116869955332 0.15270570498922162 0.5771168699553321
0.5795937771132924 0.13908179527328485 0.6802947934653958
0.5774545954065685 0.005258389143353747 0.7584217340880238
0.6502187478846266 0.04595305560426158 0.1807440927585882
0.6613331591120416 0.05990225807003508 0.289980842649752
0.6727158254285133 0.14128653329939228 0.3776286268760362
0.6706721673332504 0.09271465746587737 0.43937088015763776
0.6709316658625448 0.09867870763252751 0.5103585546675041
0.6802947934653937 0.1390817952732869 0.5795937771132921
0.6650336465537086 0.03042307649886876 0.6650336465537088
0.6518887440504182 0.04096173756044595 0.7774617931946292
0.7590398412943179 0.06020188906196336 0.18808536526280054
0.7749938738464386 0.03706396505704112 0.2970515392562388
0.7580041126635111 0.004687904325353848 0.37320399686764755
0.8011433135327863 0.00789422530117472 0.439522749858182
0.7999805081598991 0.009176349755558668 0.5095729798369919
0.7584217340880207 0.005258389143354155 0.5774545954065685
0.777461793194629 0.04096173756044538 0.6518887440504186
0.7630790036671236 0.06325116091413394 0.7630790036671233
0.1886323465057447 0.0021601355101892117 0.18863234650574484
0.17966246088982193 0.01067571791697466 0.2836519535646773
0.19890569022410498 6.571848513243633E-4 0.3677826351652958
0.1348568830091242 0.009101549849625534 0.4320654881916683
0.13723303985732085 0.008503678814927626 0.5168220306079324
0.19897918556588398 4.715443586659953E-5 0.5822073502890163
0.17240569862360122 0.010666655821471638 0.6649264778969158
0.18256136966956807 0.008364409897678197 0.7654820753375351
0.2836519535646765 0.010675717916976132 0.1796624608898218
0.25140296507869425 0.13662215221299287 0.25140296507869464
0.24940235628288718 0.102951855950149 0.36723387604155977
0.25282724066249296 0.08782800441566739 0.43826177930978316
0.25826948817098955 0.08120336936302273 0.5127107642362322
0.24824789612218454 0.09993578583469682 0.5878905598814094
0.245457563772537 0.13151233827700598 0.6826900320650309
0.28080866478963645 0.009319659036295986 0.7671029375509641
0.3677826351652946 6.571848513245823E-4 0.198905690224104
0.3672338760415597 0.10295185595014952 0.24940235628288643
0.3742457345448588 0.13753355446963786 0.37424573454485843
0.37683766590511536 0.059812744017414946 0.4438000619877518
0.382900613310315 0.07232882712977444 0.5020216709989606
0.3769230874897863 0.1360274358574796 0.5775693504013163
0.3739280925117907 0.10761376603114806 0.6810017397376036
0.3684770305016234 0.011227912922717317 0.7509302891597466
0.43206548819167007 0.009101549849622633 0.13485688300912926
0.43826177930978266 0.08782800441566559 0.2528272406624972
0.4438000619877531 0.05981274401741522 0.3768376659051172
0.4293929451487676 1.375906555389143E-4 0.42939294514876764
0.42967305481747015 0.0025751776255181495 0.5182651348623294
0.4476569694786752 0.057223269087209955 0.5755591863097593
0.4389514886514732 0.0814022592199819 0.6746278306178509
0.43252743701736435 0.008204361644031445 0.812901998665401
0.5168220306079343 0.008503678814932435 0.13723303985731505
0.5127107642362319 0.08120336936302189 0.25826948817098405
0.5020216709989604 0.07232882712977444 0.3829006133103148
0.518265134862329 0.0025751776255178733 0.42967305481746976
0.5178686280735552 0.004698004304282225 0.5178686280735532
0.4998033642109573 0.06387970320186458 0.5761208155404717
0.5105567927687058 0.08957851567926715 0.6743706760385927
0.5157706033276531 0.006009062879419861 0.8091676706123039
0.5822073502890157 4.715443586692266E-5 0.19897918556588426
0.5878905598814093 0.09993578583469695 0.24824789612218595
0.5775693504013193 0.13602743585747482 0.3769230874897842
0.5755591863097592 0.05722326908720815 0.4476569694786751
0.5761208155404719 0.06387970320186376 0.49980336421095684
0.5769192925855212 0.13338323816696251 0.5769192925855219
0.5821585489983092 0.11152218094888888 0.6904071557527249
0.5812518008425863 0.009259302767639886 0.7496402638232351
0.6649264778969147 0.01066665582147109 0.17240569862360144
0.6826900320650315 0.1315123382770027 0.24545756377253167
0.6810017397376043 0.10761376603115105 0.37392809251179204
0.6746278306178474 0.0814022592199757 0.4389514886514715
0.6743706760385997 0.08957851567926882 0.5105567927687037
0.6904071557527237 0.11152218094888287 0.5821585489983107
0.6772789587520048 0.12734895500158966 0.6772789587520047
0.6667122861902061 0.009906092701479702 0.7742772765621724
0.7654820753375334 0.008364409897677127 0.1825613696695695
0.767102937550964 0.00931965903629436 0.2808086647896352
0.75093028915975 0.011227912922729542 0.36847703050162406
0.8129019986654069 0.008204361644030177 0.43252743701736396
0.809167670612288 0.006009062879406158 0.5157706033276507
0.7496402638232327 0.009259302767640289 0.5812518008425884
0.7742772765621726 0.009906092701476465 0.6667122861902064
0.7703025981881142 0.021709534914033893 0.7703025981881141
0.18913809181756197 0.00913245384397426 0.1891380918175622
0.17880795808395292 0.011400916941739107 0.2823885525622213
0.19738532708066567 2.2138683686411426E-4 0.36729203051828185
0.12765909685864865 0.01789806092228325 0.42993218408761597
0.1255605366676308 0.018921723937965266 0.5196295388962525
0.19705968776769411 8.308239542301236E-5 0.5829589671810725
0.1726231055137719 0.012261250570372343 0.6662507766324596
0.18443388384286066 0.008386381310939856 0.7639806448355195
0.28238855256222045 0.011400916941740169 0.17880795808395317
0.23846511865586914 0.11209896934880927 0.23846511865586933
0.2448623898723512 0.08059402781798378 0.36401735905935384
0.25876359845834274 0.06421668336360792 0.4361966446463212
0.2623718979010414 0.060588615906655575 0.5137976143682189
0.24284981327000604 0.08136741262217188 0.5896399652427082
0.2314420162316615 0.11197706180672418 0.6908432017928389
0.28013734026410403 0.009650268532917257 0.7711685619195182
0.36729203051828074 2.2138683686449075E-4 0.19738532708066447
0.3640173590593539 0.08059402781798439 0.24486238987235023
0.3733473164287239 0.10585206185123529 0.3733473164287231
0.35677444438558314 0.014164353071694925 0.4362902310583699
0.35685906723960864 0.01723773123460842 0.5128835409090486
0.37482909955003235 0.1001938733675409 0.5795583836003333
0.364992951560786 0.05674232637415737 0.6927827132618919
0.3682468598118189 0.010689740961789458 0.7517704226389099
0.42993218408761585 0.017898060922284676 0.1276590968586484
0.4361966446463209 0.06421668336360616 0.25876359845834723
0.4362902310583709 0.014164353071696603 0.3567744443855838
0.4276994116041177 1.4225551696372184E-4 0.42769941160411756
0.42883575121580025 6.116569365520558E-5 0.5191671416019424
0.4376834726505062 0.0017190553534845812 0.5905253232397513
0.43775912078509505 0.06700657607467357 0.6788530442082481
0.4293953921963365 0.01825438817654512 0.8245228417922564
0.5196295388962525 0.018921723937960738 0.12556053666763228
0.5137976143682189 0.06058861590665438 0.2623718979010379
0.5128835409090495 0.017237731234606132 0.35685906723960653
0.519167141601942 6.11656936542575E-5 0.4288357512157995
0.5190616650746732 2.1181093999076195E-6 0.5190616650746731
0.5114721708650567 0.0016421441092162878 0.5892561092950642
0.5122814314336225 0.06948815324921517 0.6776368078597007
0.519848380823809 0.018584659484877274 0.8298122259380858
0.582958967181072 8.308239542351267E-5 0.19705968776769475
0.5896399652427085 0.08136741262217287 0.24284981327000713
0.5795583836003331 0.10019387336754247 0.3748290995500347
0.5905253232397503 0.0017190553534848084 0.4376834726505072
0.589256109295065 0.0016421441092162622 0.5114721708650565
0.5716641940762136 0.09807054724740658 0.5716641940762142
0.586967487015722 0.06503664105521793 0.7030027743840055
0.5815876647433944 0.008209759587771825 0.7505687639728162
0.6662507766324594 0.01226125057037145 0.172623105513772
0.6908432017928386 0.11197706180672451 0.2314420162316614
0.692782713261894 0.05674232637415452 0.3649929515607857
0.6788530442082418 0.06700657607467138 0.43775912078509377
0.6776368078597098 0.06948815324921499 0.5122814314336206
0.7030027743840005 0.06503664105521367 0.5869674870157234
0.6857932825604561 0.11549389624495107 0.6857932825604559
0.6679739429661962 0.012446049301575075 0.7739416182439642
0.7639806448355188 0.008386381310939743 0.1844338838428614
0.7711685619195182 0.009650268532916638 0.2801373402641032
0.7517704226389129 0.01068974096180495 0.3682468598118206
0.8245228417922582 0.01825438817652578 0.4293953921963382
0.8298122259380925 0.018584659484903118 0.5198483808238108
0.7505687639728135 0.008209759587771962 0.5815876647433965
0.7739416182439633 0.012446049301571553 0.6679739429661963
0.7703284773586868 0.00950764964024918 0.7703284773586867
0.19067263394750172 0.01082846615287298 0.1906726339475021
0.17351491268015592 0.01159080129135343 0.28636691827239086
0.19465429581307492 0.01170606442512314 0.37231709830685017
0.13341855987395354 0.009883888557569298 0.4316180531238058
0.13349010784894488 0.011505673961063159 0.5180710732020319
0.19107048217673495 0.008985439100262014 0.5763104328031219
0.16844181983199893 0.0129248896190214 0.6642272354387462
0.18783261022866302 0.011201416519747747 0.7602176856748308
0.2863669182723897 0.011590801291351564 0.17351491268015667
0.23572931786650964 0.10200003788532974 0.2357293178665101
0.24807718058825146 0.06584469929404262 0.36129197659485335
0.26693765808448633 0.05181781950669351 0.4350517905437991
0.26731303501665254 0.052481180772509316 0.5145203782715699
0.2433030918382435 0.0670688384098776 0.5911469132450609
0.22870141308863307 0.10370186929631299 0.6932433729251065
0.29135344805694136 0.003846626686277763 0.7815451160997998
0.3723170983068489 0.011706064425122986 0.19465429581307458
0.36129197659485324 0.06584469929404288 0.2480771805882509
0.3669758343750425 0.05471982000772066 0.3669758343750417
0.34491868400001363 0.009931353185112025 0.42677464998960213
0.3447308287173357 0.009388520852732129 0.5251080523749099
0.3676499605586731 0.05402829304878647 0.5817255291139616
0.36304814752205666 0.04209845734053588 0.6921172448935295
0.368904377459285 0.0160362424751496 0.7561650085067945
0.4316180531238065 0.009883888557567746 0.13341855987395573
0.435051790543799 0.051817819506693924 0.2669376580844896
0.42677464998960196 0.009931353185111739 0.34491868400001324
0.43727097478131643 0.0025525776333548285 0.43727097478131693
0.4368702870724955 0.0022830784759986715 0.5151243487862127
0.42802340732642635 0.009207698325074148 0.599890566340097
0.4370369743901639 0.04900179374965245 0.6837405407591415
0.43095189206969237 0.00960579535434015 0.8165346098406163
0.5180710732020328 0.011505673961065206 0.13349010784894205
0.5145203782715704 0.05248118077250927 0.26731303501665
0.5251080523749097 0.009388520852733331 0.3447308287173354
0.5151243487862118 0.002283078475999333 0.4368702870724944
0.5159028720327237 0.00803301160219065 0.5159028720327223
0.5211997324498234 0.010736706262294667 0.5995578877436499
0.5135207953077476 0.04828311538848824 0.6827915690217058
0.5189951952626437 0.012033741930585741 0.8181471086005938
0.5763104328031217 0.008985439100260744 0.1910704821767363
0.5911469132450614 0.06706883840987948 0.24330309183824447
0.5817255291139624 0.05402829304878496 0.36764996055867327
0.5998905663400954 0.009207698325076417 0.4280234073264273
0.599557887743652 0.010736706262293179 0.5211997324498241
0.5770426531283452 0.05267309799277574 0.5770426531283454
0.5889154649730707 0.048656206608894796 0.7042013334618985
0.5802623783143143 0.01231967847939136 0.763065123050553
0.6642272354387455 0.012924889619022288 0.16844181983199805
0.693243372925106 0.10370186929631368 0.22870141308863348
0.6921172448935312 0.042098457340531664 0.3630481475220563
0.6837405407591318 0.04900179374965417 0.4370369743901632
0.6827915690217178 0.04828311538848934 0.5135207953077466
0.7042013334618935 0.048656206608894165 0.588915464973072
0.6882586368733388 0.10503993612265113 0.6882586368733385
0.6649444510742687 0.009677780435292882 0.780954239586989
0.7602176856748297 0.0112014165197478 0.18783261022866318
0.7815451160998 0.003846626686283446 0.29135344805694274
0.7561650085067954 0.016036242475126528 0.3689043774592835
0.8165346098406203 0.009605795354337109 0.43095189206969237
0.8181471086005986 0.012033741930592323 0.5189951952626465
0.7630651230505485 0.012319678479396266 0.5802623783143144
0.7809542395869904 0.009677780435296136 0.6649444510742677
0.7644997444208742 0.014418235784707524 0.7644997444208741
0.20193316728449473 0.005866450447386838 0.201933167284496
0.18727989307214862 0.0142005715024023 0.28255496358745275
0.20493396526330648 0.003481931156745974 0.3680138321999242
0.21791794075838897 0.03815582686759718 0.45709480013509723
0.2158418760939567 0.038434645999080905 0.4920786512858096
0.20546512417817708 0.002631679345532975 0.5817096814681063
0.18418835005120568 0.011845336516740352 0.6672665681677178
0.20295613005540114 0.00533379408966608 0.7450619273845653
0.2825549635874516 0.014200571502402231 0.1872798930721487
0.2717447434961636 0.034154504469562245 0.2717447434961639
0.2641935600431135 0.022070061875820716 0.3542105987192256
0.2728799344260443 5.847648864585712E-4 0.4320213165959343
0.2731550879215944 7.391244267068065E-4 0.5175195119188846
0.2599992327035064 0.02876346449552532 0.593611817609966
0.27812039485364387 0.026309987868643685 0.675586655029846
0.28099503233541 0.014617740053615892 0.7651302842531549
0.36801383219992334 0.003481931156746427 0.2049339652633063
0.3542105987192256 0.022070061875822226 0.26419356004311284
0.36431130054334393 0.01541827899537422 0.3643113005433435
0.34881754286641525 0.013525109003590162 0.43303184257671845
0.3531190149756944 0.011725834143982433 0.5142239401954776
0.3587703158921307 0.0037107366071346846 0.5872736834900475
0.3516497961421829 0.00970997088292071 0.6723615853725277
0.3682615710997373 0.010511715516136477 0.7505322252624497
0.4570948001350973 0.03815582686759833 0.21791794075838913
0.4320213165959339 5.847648864569376E-4 0.27287993442604463
0.4330318425767194 0.01352510900359158 0.34881754286641575
0.43117642325226013 0.01310752678643567 0.43117642325226035
0.4304888605518977 0.013149525830084188 0.5180001144039518
0.43236842348053195 0.013246629999848082 0.5984216408838987
0.4300922894924224 0.005817236987376795 0.682273415689379
0.45565578060116313 0.033293240136329415 0.731975934754689
0.4920786512858106 0.03843464599908137 0.215841876093956
0.5175195119188846 7.391244267087008E-4 0.27315508792159343
0.5142239401954785 0.011725834143981649 0.3531190149756933
0.5180001144039511 0.013149525830084828 0.43048886055189695
0.5176159093822545 0.016064960374159228 0.5176159093822533
0.5160235003607608 0.013951268723845986 0.5972573045896488
0.5198721831474513 0.0057367524398278785 0.67753333522386
0.4943780130921649 0.03827596292510289 0.7350363694812989
0.5817096814681055 0.0026316793455328767 0.20546512417817608
0.5936118176099662 0.028763464495526504 0.25999923270350744
0.5872736834900479 0.00371073660713611 0.35877031589213076
0.5984216408838976 0.013246629999846963 0.4323684234805323
0.5972573045896505 0.01395126872384546 0.5160235003607624
0.5961479205612432 0.003732767854258556 0.5961479205612437
0.5946812320942281 0.005639080428708415 0.6751436009820603
0.5815610464789287 0.008771672673540122 0.750716718679631
0.6672665681677176 0.011845336516740312 0.18418835005120548
0.6755866550298465 0.026309987868640534 0.2781203948536434
0.6723615853725282 0.00970997088291854 0.3516497961421827
0.6822734156893757 0.005817236987370019 0.43009228949242173
0.6775333352238669 0.005736752439833558 0.5198721831474511
0.675143600982059 0.005639080428707117 0.5946812320942286
0.6727846337038401 0.0059315877852429595 0.6727846337038403
0.668150034244749 0.013532573079314256 0.7699902446786793
0.7450619273845644 0.005333794089665905 0.20295613005540125
0.7651302842531541 0.014617740053616435 0.280995032335409
0.7505322252624534 0.010511715516143515 0.36826157109973867
0.7319759347546895 0.03329324013633652 0.4556557806011621
0.7350363694813034 0.03827596292509227 0.49437801309215895
0.7507167186796292 0.008771672673541396 0.5815610464789297
0.7699902446786799 0.013532573079312606 0.6681500342447493
0.7446135878429756 0.005871780706932507 0.7446135878429759
