512
0.27489164418108253 0.40854860370704993 0.2748862246462987 | 0.028324857055831116 0.2261416978911201 0.028325335301861675
0.24698837212835628 0.33242468653444407 0.4144408794419727 | -0.035602293768391004 -1.4099440528354392 -0.02234511222865294
0.2591136244002619 0.06501925368814286 0.4000001571703201 | -3.36605822345316E-4 0.005695869170236279 0.003532760972601972
0.16858765287706196 0.020692397814238282 0.44922922386729447 | -0.15475528646793815 0.6957216654561589 -0.08361602630632589
0.21471434909664536 0.007956907040471056 0.46981471672358643 | -0.07724609894741803 -0.2300627236108834 -0.08062452797062843
0.29553825248390647 0.0036522874455543115 0.6003414484178659 | 0.010369534087167509 -0.04737984722673333 0.11719748944342491
0.3693072466251989 1.7539472688450492E-4 0.6488690262306096 | -0.0019300054291408102 0.005768009831670517 0.0021228506382038664
0.30006628784474254 0.03163607017313377 0.7131473054760376 | 0.06561892915677532 0.08098526455669207 0.018034186735938554
0.41444781440306455 0.3324147052552648 0.2469932220100809 | -0.02235954285856412 -1.4100557558449631 -0.035625104180939116
0.34391793411809823 0.40011119387629185 0.34391193676766246 | 2.885593452461935E-4 -0.002213819302538011 3.0307415890460136E-4
0.34582207807177634 0.08064975279972154 0.4000587998426228 | 0.002853555350662305 0.00499547591175905 4.899622338599722E-4
0.2461914589200295 0.08580190874328975 0.4838973221983435 | -0.21814492496788537 -1.6800676372646675 0.015102789109389343
0.2900861380228353 0.02707595493419731 0.4845978175435051 | 0.003373677184083626 0.364136626397744 0.0037893601714695723
0.24884660541297768 0.05344472905481322 0.5559416730681717 | -0.21143352740927737 -1.7738857533421737 -0.1230739004535043
0.28456257956560815 0.07819345493232185 0.6375955244529318 | -0.09992555336165668 -1.356255736760876 0.05860858298761166
0.2813441660510529 0.07438624680799963 0.7322640893733022 | -0.07734809926719143 -1.4684470792580833 0.07214973889524737
0.4000004492860806 0.0650601427776213 0.25912792652188527 | 0.0034089758948266293 0.005442088170763707 1.5191310807082586E-4
0.400001400851764 0.09535916777002734 0.33645266633562926 | 5.812028267179493E-4 0.0045545451661375145 0.004088246545521541
0.41032576535423376 0.011158659832207315 0.4090100201441067 | 0.028421954483999333 -3.171325584287088 0.017591126666840855
0.373755598759458 0.03474763920304884 0.4598379014502254 | -0.004826423600113291 -1.9963992449572183 -0.04592961465518365
0.35698080079786526 0.09104357898261785 0.48643428208258976 | -0.0716064394356022 -1.539329078803471 -0.04015895208701718
0.32819405484217984 0.047534814545074605 0.5583473509975665 | -0.0994376880091939 -1.4644622086682533 0.037930184933295086
0.35113396562430554 0.05517091048046972 0.6435663547009614 | -0.09786551808430453 -1.5807708348429272 0.05126755257973723
0.35473133966076875 0.09335569579807193 0.6913298775177956 | -0.040106689864882014 -1.5026010288343248 -0.19154794752751617
0.45008130592528195 0.023198341833946895 0.16882853175325543 | -0.08007788590021346 0.6859453637011176 -0.15754956080360485
0.4841180288283784 0.08743671372689964 0.24591300958622858 | 0.01537017846781957 -1.6704449203960248 -0.21847426621491786
0.45600842702237876 0.029685932613535027 0.3725533052355134 | -0.04890889841929339 -2.048520591989853 -0.006293297815262359
0.4229165461221306 0.007240303709106921 0.42129240197042894 | 0.055385388455968285 0.36225624455513133 0.03656393731718479
0.45508469788507877 0.03350927421353719 0.48743690500852166 | 0.07455317921987495 0.3841218294747591 -0.08203137814462523
0.4301002211448547 0.03155023674551525 0.5976287513418608 | -0.0015639227715095654 -1.8731066803118575 0.11296674149095436
0.4152194736795595 0.008736891644229017 0.6306754603310746 | 0.031377394708224045 0.44790977281779804 0.04560200052424605
0.44103768212758243 0.03127536360981749 0.6582466642089547 | -0.07685335282487207 -1.856947004145097 -0.06571441887778945
0.46949121722618065 0.008750782314275394 0.2144375908269014 | -0.08452566704825538 -0.23062641877761478 -0.07541295575126786
0.4832510445998684 0.028532213125017084 0.29000373389643214 | -0.002046809329552418 0.37152342027854846 0.004246322325983898
0.48646582730458915 0.09180680425170393 0.35740609635442433 | -0.04108858647686464 -1.533405889951493 -0.0709614116541653
0.48706057371632583 0.033302572378443 0.45428772767042297 | -0.08005743396883566 0.3463661067825253 0.061177933556505186
0.5229473029352152 0.00719102434719471 0.5215869107657911 | -0.05138628144369245 0.3582416111406894 -0.05623532267528306
0.509762539121183 0.022890477194258407 0.6095355471633342 | 2.334504074324559E-4 -1.7809897617492885 -0.0837490558017629
0.5098627447324405 0.007103990444880028 0.6439695441323515 | 0.07752145603029818 0.32386603442716366 0.12466578424709637
0.5180900109009058 0.045471729830888014 0.672592341315954 | 0.03673185510981337 -1.7459402933146932 -0.16347551972022945
0.5996445202635206 0.003020673269132038 0.2938899435981922 | 0.12010632004298775 -0.047956441456829195 0.007219733137670116
0.5559466488624277 0.05339217789087047 0.248842580933474 | -0.1231436377520845 -1.7735791479802254 -0.21106972256228781
0.5583363666329662 0.04761805326623917 0.3280341643091511 | 0.0397045267581201 -1.4671071917185416 -0.09852400487863562
0.5973092274535221 0.03187153234979056 0.43005553295123694 | 0.10769949962142725 -1.8699783943604744 -0.002464377376066221
0.6095537986181718 0.022822621621622997 0.5097870880442955 | -0.0827212883393661 -1.7823511183718346 9.467338565303333E-4
0.6037612797779108 0.03909598848334896 0.6037146823003221 | 0.06294574366424803 -1.4708713399295454 0.06280081621883604
0.5833699016402428 0.018134504063524987 0.6743826642774159 | 0.012893463326204278 0.20041338915322005 0.11072095965428826
0.6022999460904832 0.04847618058859844 0.6954191440214111 | 0.06592576307204977 -1.7260961051284651 -0.15781399304183827
0.6499231332488601 3.5433382015197316E-4 0.3697757528185766 | 0.03403171114327737 0.1222411347992639 0.023880165367696538
0.637554578819965 0.07805566409899013 0.2844167631272444 | 0.057694021226822635 -1.357572371048667 -0.1011653156738131
0.6436912383313218 0.055198286235374726 0.3509125494668392 | 0.050186408980119585 -1.579693203293473 -0.0988618304784961
0.6306032127799719 0.008615868269419232 0.41551288894542654 | 0.046387207048889524 0.44947198494402657 0.03384763843497927
0.6438217964027564 0.006951331139848651 0.5099105907170776 | 0.12088768116417334 0.31705882564797494 0.0776291189351353
0.67430699577324 0.017950922084374425 0.5834347229132317 | 0.1104587550515831 0.20089193905359762 0.01271927266410166
0.6605455754402461 0.0059544119268747295 0.6605255997348425 | 0.08090998923330964 0.7068722399265092 0.08098437067272027
0.6604049148419892 0.008844552942369978 0.6563456887427368 | 0.07132675232178569 -1.5316173749739943 -0.0016878598036673617
0.7132752488286634 0.031445926436964027 0.3000506782017774 | 0.018891392265039823 0.08267428046890728 0.06562019241261208
0.7322426480441602 0.07435220758702404 0.2812829526784995 | 0.07179544406245018 -1.468995420656082 -0.07800911234230565
0.691339126181546 0.09332646861279711 0.3547149772974877 | -0.19148009809979327 -1.5028870050216214 -0.0402460510979025
0.6582221427489787 0.03140689950021285 0.4410933125540727 | -0.06698417707981376 -1.8572609743200923 -0.07685620654744288
0.672574532531771 0.04542830819925011 0.5181746336476892 | -0.1629873189408939 -1.746956202134641 0.0377124489632482
0.6954218109558419 0.04846849803644307 0.602298739386208 | -0.15788445469048434 -1.7263544685362844 0.06589402951319297
0.6563610614892227 0.008852047330665795 0.660387655847596 | -0.0016845702294590666 -1.5315495568521529 0.07131888284691158
0.7212563683257688 0.023041479443577234 0.7212604783507477 | 0.045795919355688226 0.42104741717033295 0.045825757058886335
0.2736627887240096 0.40269054301427415 0.27365595350772937 | 0.03514597544293455 0.08372012088853314 0.03500017892050929
0.2233848520769226 0.3821902222959106 0.4223426655088747 | -0.026698536949163652 -0.730847447562145 0.1052519885720988
0.26021273030962533 0.14142763691896373 0.4000000336341943 | -0.005078574636391478 -0.035806472266824416 4.4554563425047544E-5
0.2290298265176045 0.011614865659757482 0.4000447861371314 | 0.0015688493822714157 -0.006592493529106575 0.010673537562814285
0.2232125266033332 9.510259404423843E-5 0.46896155694461317 | -6.902962305680735E-4 0.006384570291161044 0.0010338174912461174
0.2715331370696403 0.0013087910483889928 0.5890095722372501 | 0.008854759300269785 0.14755880136607877 0.0652414481119821
0.30916970733967875 3.545723672794383E-5 0.6544749202856317 | -0.0058958601076679225 0.005417491638483464 0.0013729947122648185
0.2545281709305235 1.870855564144817E-4 0.7040773208952287 | 0.001932523770116793 0.004157904532729723 0.0026437592524919716
0.4223525823428235 0.3821899227818724 0.22338531085124144 | 0.10526048423612365 -0.7308722546882022 -0.026698052466111805
0.3437227636690865 0.4000050056401913 0.34371698798490674 | 0.00184610027298166 0.005314739767269324 0.001855435040593363
0.3446543049741839 0.1785664286652077 0.4009452783891128 | 0.029938400034676703 -0.5981246206423844 0.0012050307442278269
0.23298654900260138 0.013237219006201017 0.48226938088854304 | -0.26862042342981735 -1.9469089784343572 0.06894101535810247
0.2882683042521313 0.03133074238811012 0.47965328721266837 | -0.010846735141928797 0.4064913218827166 -0.005601328607066859
0.2372472542645065 0.0059614298199021035 0.550679441977128 | -0.12320753831540346 0.8620388107103928 -0.044454279274753504
0.23885955988474128 0.019299967163944935 0.662688424605247 | -0.1406769260907261 0.6020480266867855 -0.002478962892527766
0.2887922920440839 0.017301522746868064 0.7956270288412383 | -0.06295049003734891 0.541943707879746 0.12205214843027018
0.40000138945608116 0.14091108080091527 0.26014709669509795 | 2.361157645536691E-4 -0.056255520129149396 -0.009310049207259495
0.40094515224965865 0.17893549212060658 0.34456209034352714 | 0.0012909983422556477 -0.6012438690896688 0.037621621475663704
0.433747607200244 0.030315030437511686 0.432840195950779 | 0.10619694221236063 0.6891989412079293 0.10755153314283637
0.3314901415905129 0.0032672480777460444 0.4000644038042483 | -0.007374967074736891 7.013455671516795E-4 0.00288449233807061
0.37172645930425235 0.01214069601789016 0.4868698222867156 | 0.0103917620728333 0.5807741181877542 -0.026139849615333877
0.3355032230814068 0.021967278754769566 0.5612104063873338 | -0.06698347339718283 -1.583804012960901 0.02966803267811475
0.3461532296907166 0.027449182713504834 0.6538553604982819 | -0.11901900890401136 -1.5911276720941352 0.05640207912512788
0.35848925453310326 0.02206265495746771 0.7830132438419573 | -0.02030790571540871 0.5785101300760023 0.1337178295545213
0.40005920879969925 0.01148355638710696 0.22692164564399628 | 0.010473347712452967 -0.007075700814978612 0.00113194624258598
0.48275596370222873 0.015197430602864546 0.23241954582982235 | 0.06935596089737942 -1.9462183111349824 -0.2742083390147085
0.40008460711805544 0.010311524263908845 0.33645640077827055 | 0.002369390021222816 -7.707027676046081E-4 -0.00728948656971843
0.4291335046302153 0.011790350654180578 0.42795832736597716 | 0.09904136747272381 0.3272514047325425 0.08799194196746599
0.4576854061857167 0.03612708334919672 0.48629065339705924 | 0.07044415545132054 0.2614103895665683 -0.06498343870031946
0.42784410494841346 0.0022634269728650943 0.5917129044828602 | -0.012410449933267838 0.7159792222466878 0.08376263456851063
0.42105343145794105 0.013163570180332703 0.6341092212591796 | 0.03200897275666416 0.23286788543002876 0.05443042286099968
0.43772239790712963 1.4877850475932138E-5 0.6350248182522431 | -7.52374652534799E-4 0.004606114707272081 0.0026920660385852772
0.46820903354786453 6.170400682128035E-5 0.2225076458355843 | 8.637678207421034E-4 0.006272404997248263 -9.489446482815115E-4
0.4791711398092907 0.03139193107239189 0.28877335616384814 | -0.0059086710679400484 0.4165397368905708 -0.00436437838634583
0.4880852809465921 0.010797474628647986 0.3707923446779787 | -0.008530384549281955 0.5866126387198259 5.918962462642252E-4
0.485706010476329 0.0356328224870592 0.45673841870940884 | -0.06947402025069042 0.26642147648183556 0.06170104976286442
0.5904012928916578 6.10395124533155E-5 0.5904412231398788 | 0.04472395332794309 0.16515745216690791 0.0448160674400772
0.5078395670011423 0.003885211444073585 0.594795085503569 | -0.0448024227007619 0.878863400351939 -0.06985719720609423
0.5117511165668177 0.005304696671854714 0.6423139571089632 | 0.045175405900872025 0.07362138864601221 0.1423239170857206
0.5192210744881606 7.61760965109215E-5 0.6451656261608604 | -0.0031005664297562977 0.005314057552818205 0.002327726866382532
0.5888708437087472 0.0013285935978844736 0.2716195791276371 | 0.06517326907892046 0.14932205290220407 0.00924992562208241
0.550222768561434 0.005861539505721718 0.23722218584891305 | -0.04994446702997037 0.8644029948012376 -0.12444038401403973
0.5618163832218638 0.022102413053010795 0.33505590719675293 | 0.037163791741148255 -1.590444323309287 -0.07020145017080823
0.5908793747292348 0.0024173273393981115 0.4276846501859631 | 0.0766428103164474 0.7152490881387606 -0.014262873751867177
0.5950332325682851 0.00396603865625017 0.5078787473716873 | -0.06551862210740748 0.8799359974583191 -0.04429138719336608
0.5954529324420301 0.006282657204449172 0.5954526520605664 | 0.030373129124163265 -1.595747731795364 0.030468779083207272
0.5736193952575869 0.013400139319364422 0.6779915240584584 | 0.03447697268569044 0.7295993801386673 0.057162103520846934
0.5942327794164496 0.016768172009287034 0.7744786792525268 | 0.007391191592621275 0.3769028061518178 0.11879680242567173
0.6544524048907809 9.392009027859444E-5 0.3092411009280494 | 0.0013818717399498568 0.00532954878116987 -0.0058169158808710555
0.6628166956965227 0.0194429948213268 0.23876989434753448 | -0.001497746632773681 0.6022765603702698 -0.14138048470968903
0.653983971113923 0.027694977013173985 0.34602060714544786 | 0.05639052334594246 -1.5857089410207723 -0.11916376937052856
0.6339247177593205 0.013296608224880737 0.42116689838449284 | 0.054651216211036475 0.22796479282503507 0.03280642042894042
0.642105637397814 0.005091531165393782 0.5117953614351538 | 0.1392243643801171 0.06903356753728876 0.04564103715550595
0.6779596981406474 0.013393288509992985 0.5736184904045148 | 0.056822519374126544 0.7297831424432178 0.03465654458248972
0.6625165001349284 0.008906554875224706 0.6624957266912063 | 0.07870586113498451 0.6109067454140856 0.07873972664207704
0.645993751513089 0.027961401575118658 0.8213649624134607 | 0.03813769165067871 0.21142892507617633 0.17371655322703428
0.704070653209979 2.024283241479886E-4 0.2545269946166542 | 0.0026388316820993695 0.004150123027683364 0.0019205504404437256
0.7956353915609459 0.017301409606745016 0.28879622334546534 | 0.12216634433390744 0.5418870933816129 -0.06291398445312
0.7830285466138133 0.022056384003494793 0.35851497279235195 | 0.13356965610250396 0.5779061597968326 -0.020336834336112185
0.634782804173303 5.917295015972192E-5 0.43766452083453744 | 0.002750885849083998 0.004618554920501777 -7.94129167820332E-4
0.6451187459843902 4.3553618982990265E-5 0.5191816832878187 | 0.002224691712904813 0.0053300276660645475 -0.003090465290353665
0.7744583799960651 0.01676682313172172 0.5942315916798295 | 0.11874648822341204 0.3768900275852511 0.007367137485449203
0.8213637075216695 0.027965002298761706 0.6459850155460399 | 0.17372303549675527 0.21147869338112776 0.038116382694127114
0.6780958334145497 2.4431380314382257E-4 0.6780844955399217 | -6.394920783612332E-5 0.006499207781633149 -7.388163885348333E-5
0.17348883906394627 0.40000173494126046 0.17348892167062982 | -0.0063809229122713355 8.750271997094316E-4 -0.006380911441348625
0.22358370042985654 0.40000930166335325 0.3464958192805674 | -0.0032884146122196885 0.006478847308726526 -0.013341742666988735
0.25317910348612266 0.20713315217665743 0.40000000165462973 | -0.0013891895701465848 0.010649886606942043 2.090823420291029E-6
0.2044570876636862 0.10639869333069582 0.4000030199212058 | -0.011247109709010075 -0.001408976058939759 6.156652872438861E-4
0.2643879005339651 1.0603285336112313E-4 0.4550085923037501 | -0.0028231838466833328 0.00633424655083535 -0.0033880226076519397
0.2676397642352873 8.776908226312816E-5 0.5822247664363336 | -0.0016213593785138973 0.004528055589878227 0.00296311158062833
0.28414741122905596 1.4394448612253795E-6 0.6455556024904783 | 0.0012371529606328175 0.004016818910053897 0.0015072551358274444
0.17028626425669657 0.02594262821546824 0.7701229544073553 | -0.10022563515817255 -0.15106739356577695 0.09017535993740072
0.3465404444866517 0.40000080530260607 0.22359285397942383 | -0.013828684503184356 0.007200891752987342 -0.0033630693118600593
0.3435883744063473 0.4000159403219293 0.34358258596317864 | 0.003108409572202428 0.004600931053175428 0.0031153170557894367
0.3450820561703547 0.006889925689559249 0.41186567946780434 | -0.17697609652919755 0.645986931662234 -0.04881828581276256
0.22271070797844353 0.040361503278837155 0.412009394136519 | -0.02487119844433737 -1.518942881275666 0.05534547376521671
0.29025841814485126 0.036101107141821825 0.48437188991292307 | 0.009469151255615338 0.23560677414624517 0.010870583072956574
0.2500065002271158 0.013253177980655926 0.57148110306994 | -0.06611705077198797 0.5859842291850968 0.02350222833656102
0.23979979558032816 0.017718157324195523 0.6619134460585868 | -0.12243898638127859 0.641709425602634 -0.012028574029508283
0.3269227591695446 0.01228109015823992 0.8316347145547176 | 0.044446432182430926 -0.15146305685165484 0.18048462261987777
0.4000016543139656 0.19894330525886786 0.2531656110860129 | 6.841328045437397E-5 -0.615975046318555 -0.012241123308778135
0.40934863972378416 0.012214592562174796 0.3401090993934551 | -0.07691795027948216 0.6500572568959969 -0.18166328906659487
0.44069405768281605 0.06671993517885161 0.4410229955413703 | 0.00832020144445262 0.47228790539509047 0.019836390050943453
0.38929707560333005 0.01589616828431863 0.425895884747008 | 0.2398603074934412 -1.9360131577455917 0.13794592873342781
0.37320320008698515 0.0018489883857347074 0.4860464288301788 | 0.010151734680054791 -0.2962324509900201 0.018648054716906518
0.37889761122656235 0.049041663864647075 0.5597196888943143 | 0.10106675762447619 -1.9321255660513368 2.1962177565164331E-4
0.30567513270053265 0.01131112933229718 0.6422318152988934 | -0.17671052186114727 0.39830343893730374 0.042325152502634196
0.3652065615956096 1.4265317493943551E-4 0.6441618336578193 | 1.437048115280009E-4 0.007072499437536721 0.004304971473996066
0.4000001421526856 0.10669908576569397 0.2037592548748512 | 7.189485094260444E-4 0.003838846631072722 -0.006046685198703784
0.41402525172956106 0.04631264768523243 0.2201909592202504 | 0.057054448680236215 -1.4939492340563334 -0.033540235402455154
0.4221087700343093 0.029704890903279057 0.37399930504014467 | 0.08548959202109757 -1.8254929840257668 0.11829109000359447
0.4092065145506078 1.4510119820994256E-4 0.40765157433315335 | 0.0036885001449362487 0.0064234217951596746 0.0036321373218575473
0.4254232227614859 2.133002042973774E-4 0.5513805873401749 | 0.001221108435127 0.0047324804250480955 -0.008165825602539216
0.4317280764379863 0.010136234477030924 0.5822315278806607 | 0.0073345070712683876 -1.7256214502047953 0.06637628756862456
0.44429949172722416 0.018844823171396945 0.6912297410940752 | -0.034975225788887815 -1.7026977182422451 0.16057980908259722
0.4404051219072851 2.3334822190006145E-5 0.6327170787308392 | -0.0017843019362714049 0.004429537438333714 0.003907257590400378
0.4553119771652968 2.475543940739551E-5 0.26419246026134124 | -0.0031050606745560805 0.006043401968407145 -0.003222189538266837
0.48518700167792145 0.032595896880792445 0.290556045674455 | 0.013474655078284534 0.25461043444692355 0.013207609333266895
0.48780464347795616 0.0038321448177498604 0.371997518438968 | 0.015284070739976148 -0.33834944543987444 0.0017321983263474164
0.5509873166429795 1.0628903466833362E-4 0.4257082721213753 | -0.007907499400791763 0.00485645423634455 0.0012630285807689215
0.5986822917852016 2.509419771326079E-5 0.5988307683894188 | -0.005575144266314417 0.0030529886968692875 -0.005625106005692114
0.514395358223303 0.015441144396648855 0.5691807689302074 | 0.016397646326762456 -2.067377216994544 -0.0015885064090073475
0.5101955150568992 0.01050632837320343 0.6477529992491565 | 0.0656120891355189 0.25464367504184166 0.11918939116787436
0.5154874786881641 3.190698816093893E-5 0.6339595915587165 | -6.00214255581637E-4 0.004614760020713208 0.006846004998327236
0.583386454084728 2.0803949741938134E-5 0.267979117458948 | 0.002834624733354072 0.004585196238220808 -0.0015589874117455781
0.5717696502817872 0.012513620527128653 0.2504654153706665 | 0.02262792649981337 0.5867045200664089 -0.0646829044701031
0.5602092952395874 0.04937622489088121 0.3789120092920493 | 0.002647487121211807 -1.9270921774174485 0.10398966237113355
0.5817879189785451 0.01028381501767357 0.4315149169134302 | 0.06382778754890435 -1.7297450440577045 0.004915585930210733
0.5690502888047987 0.01562948558866634 0.5144706222921377 | -0.0018355080263767055 -2.0649764488509366 0.016929804775029644
0.5934778657078712 0.008312331781066943 0.5935153292127789 | -0.06154616681854404 0.7760391663964396 -0.06067033446507766
0.5904616681803599 0.011485461140442611 0.6740632722064043 | -0.007624665058877242 0.04464984792358412 0.1180884971610488
0.6054683544344875 1.1338650636769402E-5 0.6624917069214111 | -0.003603277495539563 0.0050810456367964135 0.005727623222987686
0.6455391220560698 1.292069090130702E-5 0.28416379180766427 | 0.001543920444132361 0.003952002572497401 0.001297244848963085
0.6620306209324351 0.01772798852289343 0.2397290520386018 | -0.010980769170758445 0.6418738836709885 -0.12301661349006943
0.6426799499414291 0.011062356908027243 0.3056456888665123 | 0.04495478937068702 0.3979474635097088 -0.17555081054726276
0.6910670933434656 0.019216625484917992 0.4443322386361782 | 0.15916963790076286 -1.7016837541389276 -0.03448900330881996
0.6476240861203763 0.010217544979861423 0.510235806127182 | 0.1184794462660523 0.24845480962960748 0.06621679097298964
0.673994089847512 0.011417008623818366 0.5904403555589216 | 0.11784864381366773 0.044942290975774936 -0.00782296935038996
0.6941995833916542 0.03646270458175652 0.6942161130510599 | 0.17221130826913097 -1.8696598662890327 0.17228270474690888
0.6416192814917439 0.02954916709505973 0.8220509595218553 | 0.02277783114726133 -0.21369572052044758 0.1518414722096958
0.7701086001214463 0.025938138569370845 0.17029142841908393 | 0.09014099944463169 -0.15105056898033695 -0.10021591910932036
0.8316328757993844 0.012278529887728798 0.3269177151699305 | 0.18053041812824677 -0.1514470144193939 0.04442276813699544
0.6442215254960308 1.1346051904920614E-4 0.3652085571851858 | 0.004416996304343916 0.007135598985293449 2.2020134743499346E-4
0.6326977459239352 1.0667785238953361E-4 0.4403944215016082 | 0.003874984363448583 0.004460578463867549 -0.0018386802720015787
0.6339334494707444 7.27901461046801E-6 0.5155047918778548 | 0.006761931114293101 0.0046431628067635225 -6.19182084116028E-4
0.6624327218589025 3.8111906273650975E-6 0.6053899560950228 | 0.00572276037717532 0.0050559881369564115 -0.0036195654241416965
0.82205065407928 0.02955051451296735 0.6416107322363499 | 0.15184754213478377 -0.2137157974575867 0.02276453941241355
0.7842366585356013 0.037342865793661036 0.7842365650427121 | 0.11330139029972426 -0.15927322412967532 0.11330107530882887
0.1921562308686619 0.4000048307831806 0.19215625642786707 | -0.0064307232199851405 7.717325124824546E-4 -0.006430722810174217
0.218559748927127 0.4000080789429251 0.3456449281027346 | -0.010336272574778795 0.006482293648400733 -0.008393161071876798
0.24151381794997528 0.1543296514969534 0.4000179317603243 | -0.029904503028811685 -1.4392287182082169 1.8803085097655073E-4
0.1345724099895683 0.029891544306410184 0.40005334408858834 | -0.007042523890992505 -3.1402520468447147E-4 0.006969940344782992
0.15503315892557556 3.2958362384735316E-5 0.47336067477801924 | -0.0027503006135394894 0.004003201652712826 -3.2685170233185757E-4
0.19254099359110777 1.0802404099015652E-5 0.5690235847750164 | -0.002575465941176528 0.0039350712495408325 0.001941058072767149
0.14492596947544978 0.033748312665851335 0.6441870387291733 | -0.1607566269029292 -0.4564273799892395 0.0016861587801932335
0.1697488568244858 0.014708339699857888 0.7729300642579139 | -0.07726878189253107 -0.41521557207292975 0.07500256370279869
0.3456493896238698 0.40000786855482345 0.218559128011064 | -0.008353189842704379 0.006497253952894055 -0.010355242463317236
0.34351551705705113 0.4000026586348156 0.34350986298114244 | 0.0035949970916453445 0.0042731364914703526 0.0035996068648575675
0.3235526908422731 0.020485098844202868 0.4000358797884779 | -0.0037770311860641378 -0.00808665649693554 0.005935244950950509
0.2716875468238349 0.17565867085639056 0.4000001530867645 | 0.005036071852751605 0.006493122728304944 5.249836651109856E-5
0.29868172907459467 1.0967276799550248E-4 0.513197835516208 | -8.242596664255851E-4 0.0055434372034207915 7.538038285618404E-5
0.20430225944931207 0.03771996400443059 0.5134395482685319 | -0.16878340853653642 0.5640546618670566 -0.12204917578597627
0.22481294163759874 0.031069156231422132 0.6651944689555996 | -0.14613150184099083 0.30181906151832455 0.03602814147308611
0.2645705690441376 0.0017960572400419525 0.7940887897772229 | -0.10009270628302154 0.22851374444286732 0.05344741026992144
0.4000002911122261 0.2257627585572214 0.249318131956716 | 1.0035144615989927E-5 -0.7069074113585682 -0.02619472924583131
0.40002527258684173 0.014142144444064631 0.31996712961062906 | 0.007835746163180762 -0.008136328032670429 -0.0014013355108914278
0.44287774537222047 0.09852114555711494 0.4437168476042033 | -0.014433429010153733 0.32881594587977997 -0.0036957704300532987
0.34591836860001557 0.015760041808366983 0.40543377044453494 | -0.18398692271350514 -1.2546328711438692 -9.216956320438985E-4
0.3725828661216938 0.027591636228551892 0.4860773219695025 | -0.029882411863204388 0.4801059634474009 -0.029362751322730134
0.3466730442124054 0.017570465277287475 0.5693099196942492 | -0.04762269308517301 0.5481873806758143 0.10317938231148821
0.36160914345648076 5.061874429740029E-5 0.6621780868891641 | -0.020909170474768472 -1.7473109309953367 0.10035162078985913
0.348449884537413 3.248119806732128E-5 0.7290776738821186 | -0.001304939264589039 0.004004245467364726 0.0035629809523743013
0.400000399479179 0.029604916819303273 0.1342483388165472 | 0.00696884673523189 -3.5599619843040625E-4 -0.007044101157369984
0.4000001360363551 0.17564889898168076 0.27155704422438903 | 1.1608561718021634E-4 -0.017975850194530785 0.00915692712244982
0.400132532755552 0.0048865816153733045 0.33483525431278344 | 0.0027111893056244738 3.6727958865814835E-4 -0.007796299997708573
0.4219604219228475 2.8879826890745413E-4 0.40441700985386747 | -0.0030284816981161347 0.0063150530558944195 0.006576473305133524
0.4208245828675542 1.6575145749333193E-4 0.5589805309060375 | 0.003770451282548685 0.003606126251630329 -0.008767754412875568
0.42891914882147725 0.008713316988118235 0.5429108847978935 | -0.06922406703508395 0.6815858214074872 -0.06855933570292316
0.4324516935725741 0.029763159821378782 0.7135115174605408 | -0.040211214065660444 -0.2669852913497575 0.08933113671964509
0.4370829369554635 6.369401990617385E-6 0.7392608657216335 | -0.001574313518932927 0.005971606435492206 0.0052332290785795455
0.47314745002020303 7.966950138525066E-5 0.15488348537716884 | -2.9238334531207305E-4 0.004020555260660707 -0.0027177665123918745
0.5133503734311464 5.4128377601282064E-5 0.2989729590690403 | 3.546060337778208E-4 0.005300423345305638 -0.001215684750629239
0.48781058529721644 0.029590320981657512 0.3716009999373996 | -0.015245709282839349 0.44796815853327576 -0.04222095371940648
0.558815919877368 5.2611634776932856E-6 0.42100585107094873 | -0.016325342233558904 0.007702275386528062 0.007263020607426258
0.5984119531864084 1.8373096000402962E-5 0.5985729796843234 | -0.005552543141927077 0.0030683429622316667 -0.005614097260110376
0.5098273664336163 0.01674345138381099 0.5577233727721119 | -0.028260589051432968 0.6862326606688514 -0.017296751558434624
0.5164075015380061 0.04027445363068652 0.7481965550728912 | 0.05343583436237566 0.020892553024873254 0.13932141635107054
0.513300231297191 3.431937138028245E-7 0.7312143078008299 | 7.496776046460211E-4 0.0054313453778622985 0.0010307568398454417
0.5690109028574782 2.998174740931583E-5 0.1924938410856389 | 0.0019762371112398065 0.0039447571820112395 -0.0025883079789751602
0.5137036319607711 0.037445860496648886 0.20469285332745973 | -0.11986056339855942 0.5602037353577021 -0.1655157221539226
0.5704394635719445 0.017227234046507132 0.3465872000620321 | 0.10931073843224136 0.5592492086511056 -0.04373149000002337
0.5415908769119869 0.009168568312808347 0.4296906177092288 | -0.059231390820047025 0.6709523612023764 -0.0658075884412307
0.5573079618476835 0.01702200597861747 0.5099543728852703 | -0.020927541884831515 0.691845522166421 -0.027758598739545642
0.5885166657061881 0.018809289150118022 0.5885493344304685 | 0.026747179970203115 0.1657186043878458 0.027216610611655628
0.5656680933878364 0.02289258551239541 0.6813732885153126 | -0.016854257762604984 0.5524564308117477 0.020712525202000946
0.5979637039165018 5.982006554368149E-5 0.7168393036465469 | 0.001062042837598421 0.004590239982065992 0.003858387246026785
0.6441821771468419 0.0337645383763092 0.14491656615062107 | 0.0016532762533758784 -0.45652142491667047 -0.16079155309423776
0.6652333046003289 0.031056552131936335 0.2248070879497474 | 0.036044723924140376 0.3018008757991962 -0.14604470593415936
0.6622418142885994 7.648117325765105E-5 0.36163471456298946 | 0.09982688910430167 -1.7432669051395275 -0.020510056062587816
0.7134376528953744 0.02968154356106586 0.43251534464220565 | 0.08984766202399973 -0.26498437048969287 -0.039779018201895756
0.7481636675303263 0.04026090975416148 0.5163982698695506 | 0.1393270330025332 0.02085909883142934 0.05330079987183684
0.681380958254237 0.02288293969324767 0.5656323724192159 | 0.020778017289247115 0.5526569788605925 -0.017010776680765415
0.6761008052494792 2.87444545125513E-5 0.6760715398055064 | 1.1004325633943372E-4 0.0046385020715623395 1.0791948432916478E-4
0.6791871190086771 3.7382860807586677E-4 0.7922030949123199 | 0.0918012393217679 0.2628692828260051 0.043283144343708634
0.772921267092281 0.014707971746512805 0.16975234904765837 | 0.07501076055244325 -0.4151990272667415 -0.07728035920282578
0.7941028449187117 0.0017992198295545341 0.2645652045840187 | 0.05354323160490409 0.22845736094980085 -0.10011940997000225
0.729100066855529 3.8532249764030045E-5 0.3484528242933976 | 0.003564220764185206 0.003949895790328468 -0.0012959823014040063
0.739266486746706 6.8378814961844965E-6 0.4370840737782869 | 0.005219336224989428 0.005948004633206961 -0.0015584875444011048
0.7312129280561637 2.5962741292783423E-6 0.5132987291794789 | 0.0010246860803116468 0.005435909084642494 7.496293061201941E-4
0.7168391927097757 5.850901496312657E-5 0.5979629773071475 | 0.003865087060903735 0.00458741518238212 0.0010618870676997105
0.7922004967941155 3.7550446039342686E-4 0.6791864768716648 | 0.04327624647533991 0.26287375684896747 0.09180188403607001
0.7859729097603112 0.024045662220107702 0.7859727977224564 | 0.10398621173346935 -0.42014680780795916 0.10398587907902229
0.2140629248530909 0.4000048197214068 0.21406293638446477 | -0.005469498303301364 0.002484910016299855 -0.005469017425461939
0.23210855685321455 0.4000073546479893 0.3431599007755431 | -0.0054349217716003475 0.002088322846647101 0.005834037463927519
0.24374424539962564 0.15323827688051217 0.40001411652715385 | -0.016965999106006928 -1.4789400339024084 1.5333711853991267E-4
0.14327130955619374 0.030316210203735 0.40007505993906545 | -0.008316233641000136 -0.0011951913711274373 0.006191721774705501
0.10461885083598736 0.010256335526652127 0.4975373268409026 | -0.15060444376013174 -0.882400133779007 0.023357428638585535
0.20011270755101906 6.06851922824683E-5 0.5661508827840237 | -0.0036477420277281365 0.0037133475984421384 0.0019630909493599056
0.14550763801095434 0.0018261082299997013 0.6540990110878141 | -0.08481496687513294 -0.04304830422548479 0.012404191232784212
0.17067808351952884 0.0026077023276462595 0.7722457005636778 | -0.05914312789537145 -0.07052152749157943 0.04084777539074475
0.34316243617854403 0.4000072344800633 0.2321086600234608 | 0.005847213047214637 0.002089698774910999 -0.00542226618289046
0.3435082821909901 0.4000016534490282 0.3435028930839878 | 0.003636219324054428 0.00424380939756069 0.0036378317952818055
0.32246907074921244 0.02008502462953893 0.40002219461702043 | -0.0028266013251212734 -0.008428973327832105 0.006422749049530765
0.28890187031742215 0.14626294839211537 0.40000028987757036 | 0.008720920733182215 0.0042710335499325965 9.08668218147438E-5
0.300161167782936 5.570277700757161E-5 0.5132524033632995 | -0.0016024055457787133 0.005396052534756366 4.352206039454905E-5
0.20256052198419194 0.04026052867370527 0.5093816248046552 | -0.17822849743932007 0.605444413397413 -0.12306954922678741
0.22091412803565325 0.03418596294984102 0.6736312363031429 | -0.14364592836349682 0.21625654081017812 0.06824646631617737
0.259738044771958 0.00392018800906391 0.7907480629692609 | -0.09062513035894704 -0.02133748578151059 0.07569496399685119
0.4000017304383628 0.2051316110644728 0.24879364792516048 | 1.3534121154550034E-5 -1.2386868964781494 -0.01737140708293506
0.4000386190782134 0.01411264250230414 0.31856602345292945 | 0.008065076229010282 -0.008217410829741785 6.187097162775389E-4
0.46023145692787043 0.08794590716704549 0.4657498235107618 | 0.11447261069440988 -0.13800512288264982 0.13778585832033016
0.3280673191837375 0.00893318894247801 0.4031767632573602 | -0.2115657224287384 0.37728116705478226 -0.0863827043229528
0.3724170176828032 0.038501734740891184 0.48607152133132764 | -0.03772134601863677 0.20034049169413798 -0.018766353112885423
0.34251536375808356 1.7863329690537798E-4 0.578990675430316 | 0.006357733981932232 0.17202792698966202 -0.010811450255373124
0.4354933788794258 0.02803454780512959 0.7219964767649977 | 0.05090449314115136 0.37230382539823026 0.09540198418983281
0.35209851627170424 1.412385291255766E-4 0.7302554900880471 | -0.00219783375448598 0.003892194792785969 0.0032921853043368023
0.4000320790104578 0.030579945281581297 0.1430329623000609 | 0.006157482281777795 -0.001333580799442172 -0.00838392257353175
0.4000004385586629 0.14560929946341905 0.28944017315718185 | 1.257034100316472E-4 0.0027387517249730887 -0.006810707273647073
0.40005340884219054 0.008304444262940146 0.3286253241751531 | 0.004506349338771522 -4.585021836151379E-4 -0.009293361316433334
0.41835975789182317 8.152996040026818E-5 0.38783249528536373 | -0.0013939328387402227 0.005894978567112941 0.006006171515011639
0.4234853675202486 1.5462301539358013E-7 0.5543701795423857 | 0.0028945446901566725 0.003989362415862263 -0.008895702911349512
0.4250380726021145 0.004575885492832206 0.5457166867321089 | -0.018195775353578747 -0.07132037363117667 -0.18171223345741738
0.4315257138703013 0.030581431514637054 0.7168383479736692 | -0.033403592873169796 -0.34042998502709565 0.1104883354472916
0.4376316130326504 2.0520900505784805E-4 0.7443064424026292 | -0.0014985157292978426 0.005693484890088356 0.005307006366041286
0.49749089795334983 0.010197864044338775 0.10464596204733231 | 0.022837820129724223 -0.8841076898056895 -0.15010637702579624
0.5123593309481185 1.084413583469685E-4 0.30063375768259853 | 7.374613050218334E-4 0.005086983940089241 -0.002006047050264662
0.4877120392326343 0.03897113528825918 0.37145514049102807 | -0.009706828497900364 0.1542384900895787 -0.04671764346001927
0.5541416134201673 1.3708207359082597E-5 0.4237214977079959 | -0.00872165720522534 0.004096652833948219 0.0029702634190669833
0.5869836395597716 3.070206623119671E-5 0.5871903935877238 | 0.004632153016053579 0.00416687179294151 0.00442024152938425
0.5048853929145453 0.034577578901422185 0.5663116029169066 | -0.0037876814786086473 0.24881505088657951 0.044221675141204876
0.5155578561277199 0.047002200613052436 0.752254115249153 | 0.033488700974766125 -0.05896343760153604 0.14658336090385696
0.5125780703380964 9.549971471206328E-6 0.7415875324720516 | 0.0010110339280776722 0.005723970674027886 2.1871269678829867E-4
0.5661329204870649 9.931200033290813E-5 0.20008112762972827 | 0.0019901926386568635 0.003712942549953986 -0.0036594709048870335
0.509597267496241 0.039628475488339726 0.20287623917396216 | -0.12257717470837456 0.5961103790008683 -0.17945585666746663
0.5789302665735401 7.760756030359615E-5 0.3425332596794681 | -0.05324434509843493 0.05575987231034534 0.06433330242510797
0.5457968282030666 0.004297164130351894 0.4253145026016883 | -0.17321671999574212 -0.0541752319620002 -0.017067063141276696
0.565837685400848 0.03488503010253877 0.5049767741381487 | 0.0433201112903355 0.24947247805371559 -0.0025778757535465926
0.5949289048191121 1.4820166656988125E-4 0.594968430548397 | -0.004925827348649389 0.0038304140074560226 -0.004887176984537873
0.5234076653421118 0.038407187853919264 0.7011573066160591 | -0.10354409443400134 0.5036043069000311 0.012572238057666866
0.5938996897393439 6.0384320816307734E-5 0.7264657160144979 | 0.0023945106508300677 0.004850803057039995 0.0028063936461491484
0.6541060293475581 0.0018164411705238847 0.1455136401676768 | 0.012412111259220423 -0.043139757503395125 -0.08477394136850386
0.6736282899258249 0.034192444955632395 0.22093494814815182 | 0.06838090738483 0.21601721471233026 -0.1436136786725808
0.7218338833758118 0.028131055523862396 0.4355228702865975 | 0.09512380972575005 0.3724182668087051 0.05116477659030713
0.716755113436687 0.03053287846263284 0.4315741130624833 | 0.11038910497107249 -0.33560052969824344 -0.03307844319102466
0.75224633813036 0.04703472470598242 0.515543969334693 | 0.14667495218385698 -0.05911765765758753 0.03336598577819852
0.7011068010350909 0.03838469876157345 0.5234278794073278 | 0.01261027704725999 0.5041405286207805 -0.10324189698380241
0.725244715474743 0.03478815128847992 0.7252488914278125 | 0.10304153655444555 0.765264334176042 0.10303127619214138
0.6863594395928329 1.923733287528099E-5 0.7936476698298007 | 0.001884592959748254 0.005244064268104358 1.72385457557575E-4
0.7722357437007734 0.002610025931501987 0.17068195140474707 | 0.04080181993273304 -0.07051929277168992 -0.05913052767465703
0.7907638286679536 0.003920752508689097 0.2597307978925907 | 0.07578073564140646 -0.02145621957179526 -0.09065600474101433
0.7302660495656155 1.4169316478487257E-4 0.35209958171918265 | 0.0033140184341108494 0.0038600460042709822 -0.002188679024143545
0.74430384852198 2.0884941711303855E-4 0.4376320129534065 | 0.00529145586063186 0.005669747762129157 -0.0014860273519517932
0.741587953357087 1.0559873447019947E-5 0.5125775180699086 | 2.1672318974975477E-4 0.005730382084197769 0.0010081725791863255
0.7264652706178534 6.012129526081049E-5 0.5938989729655092 | 0.0028110775308751927 0.004849352670091083 0.0023942444722138364
0.7936460746985547 1.98468524450765E-5 0.6863608314215558 | 1.7188671245167253E-4 0.0052440401654823224 0.0018841408447528587
0.7873897887928857 0.0014922557304321098 0.7873898159467144 | 0.07701722770409776 -0.027634610115059136 0.07701723012053202
0.2252411249884605 0.4000002772006596 0.22524113243400132 | -0.005339834993421757 0.0027625926333680064 -0.005338460826743687
0.23617535161799136 0.40000151306119375 0.3417757589287807 | -0.004901349751242406 0.0016436765558950624 0.006911877618918045
0.24944872061059883 0.22599733441131994 0.40000169682194625 | -0.013522673529668721 -0.9943011946774316 2.2358224841022162E-5
0.15698005395813494 0.023368391597449464 0.40002219130863664 | -0.008225191018568992 -0.0012344089732230891 0.005353382795258245
0.11082188404000358 7.608255398972377E-4 0.4943074436893096 | -0.1465658959785291 0.4828697667106317 0.02673384580951549
0.1958512080144662 2.2950840422027722E-5 0.566170780261137 | -0.003063846472821486 0.0038245527365657677 0.002169071660884226
0.1457369729414647 4.83307392224548E-5 0.6541588733633469 | -0.04858880009806238 0.002493942651206303 0.0024943450204585396
0.17138859468437243 7.710099081994681E-4 0.771289067474494 | -0.060207487952283416 -0.20503979487293195 0.03887732639550343
0.3417752611880985 0.40000161049353294 0.23617502387087874 | 0.006918753816340185 0.0016447778910355594 -0.004894220748513112
0.3434911296506791 0.4000071549112912 0.3434856740530108 | 0.0036982582281984006 0.00419704813888942 0.003700533522381082
0.32308051939316385 0.02137734877384887 0.40005112938374143 | -0.0032652560451621754 -0.008447188038418468 0.005970583207254284
0.31055932927182234 0.11163007211565808 0.40000073012013904 | 0.010121477378991696 -0.008934186613359816 4.297999820827265E-5
0.30104654427935496 8.791624505663288E-5 0.5121186102217661 | -0.00205137076790603 0.005240933136922909 5.636214692869431E-4
0.16723427898564605 0.05053455142951764 0.5375781797557864 | -0.22796007710505142 0.06569728926406812 -0.010775026404086998
0.215138649514831 0.03348050147720901 0.696606592648035 | -0.13071836967957437 0.055879377550572755 0.13361434567855043
0.25946839991563947 0.003424286303425892 0.7910611030426963 | -0.09284668067065058 -0.03215413202615705 0.0730231260900744
0.40000150196668693 0.20597849362341453 0.2489340677059166 | 1.1221030812481852E-5 -1.2408141876706298 -0.016616149383992664
0.40004435228217994 0.014007856636144046 0.3179109137569317 | 0.008102147004491416 -0.008063388046925822 0.0015332446832965413
0.49820606561273084 0.06307017596605527 0.49992910893247894 | 0.21358894218345037 -0.911257940935888 0.2221737354410937
0.3244251744215106 0.011468726885118238 0.4000710345839161 | -0.0059188624906264115 -0.0019958478781799864 0.00635673376306682
0.37259404136085245 0.02623873841798928 0.48647616252746323 | -0.025577841680618545 -0.08142278409476299 -8.665969623509905E-4
0.3452141181325443 0.0373885072670933 0.5737508342305228 | -0.04830415540824504 -0.19190416432200574 0.07222527853627661
0.3615693376354134 0.05023061062215284 0.7162309972505165 | -0.10210673487764017 0.4612235071408896 0.07368899391559218
0.3574250390366755 1.0467098794663474E-4 0.7514912675912291 | -0.0032649179514219777 0.004432996065617908 0.0017472132224667929
0.40002692765447667 0.024108478037030787 0.15717257208441662 | 0.005392068059228854 -0.0014158502025799868 -0.008367462922009739
0.4000001459587191 0.11156178306681834 0.31053408522799303 | 3.591760491685666E-5 -0.011320831128224159 0.009237812603561095
0.4000673796827386 0.010695120411129126 0.3244519920915291 | 0.00579000116067408 -0.002808658873693566 -0.006460622483743118
0.394190807283515 5.731408034459221E-6 0.4038523407472753 | 0.005857949307432151 0.006391531522219609 0.0019221376898474391
0.427398388596839 7.36045307993003E-5 0.5450498632981116 | -8.94620323509296E-4 0.0061993073763579685 -0.0012966985812468213
0.4247545332028069 0.00382767697968335 0.5460656796753461 | -0.025555427202609622 -0.09501280332605463 -0.18286918377121295
0.43136106702879395 0.02851299079495575 0.7196298114971194 | -0.02110913923409414 -0.3914055104202837 0.1134960708056179
0.43712621239793426 1.52087445571026E-4 0.7527939132899545 | -9.94153244925646E-4 0.00565184737960928 0.005950737240096613
0.4942708887637703 8.386906361085023E-4 0.11080046157935981 | 0.026033566304659052 0.48311215036804384 -0.1457462137916929
0.511023270263428 1.94645085379822E-4 0.3012077892657841 | 0.0012582155035381593 0.0049361236608936035 -0.0022624909994481916
0.48803998603774895 0.028874998194237604 0.3716119776433552 | 0.0027989075331080735 -0.11885780365263363 -0.034120432542462296
0.5450951233255098 5.760239565039222E-5 0.42743597988527166 | -0.001453346892833749 0.006312103262379093 -4.4263075649026584E-4
0.5113795511523015 2.1300904385711424E-4 0.5115931134795068 | -0.0019980511251721867 0.006267977793948947 -0.0021077451144938834
0.5041677092227002 0.03358974604479204 0.5694684304054184 | -0.0028701968220644254 0.0259456894785292 0.04421815419616993
0.5137208848939592 0.044988059650424676 0.75688184701391 | -0.0021629153544113736 -0.18566798565846085 0.1500237801244228
0.5131122157226582 5.1719506624286126E-5 0.7514903684259172 | 3.788546879414329E-4 0.005989197704131892 1.2704526075679647E-4
0.5661536815789993 5.721859649460861E-5 0.19582139919714917 | 0.0022004149221841415 0.003826253858787886 -0.003077608222040641
0.537686557438704 0.05070581118206342 0.16731987192535427 | -0.01071724118061673 0.06516881302340476 -0.22734956966134448
0.5746231827287376 0.03717907806217277 0.3450499621852567 | 0.0756853093854571 -0.19573176072193363 -0.04846524787827521
0.5462009805886526 0.004007737716870393 0.42506194312735873 | -0.17627449822046698 -0.09726132215341447 -0.022675717225503465
0.5691084568480759 0.03427285633042338 0.5042204302675218 | 0.04352813191005472 0.027722744693933377 -0.002096034110583402
0.5873235208527738 0.022050618569024696 0.587344214636975 | 0.017014570082415918 -0.1557265100336942 0.017319603336472988
0.5943527662372072 0.05099235836719925 0.7712896903834389 | 0.09193170327682657 0.16944902701308473 0.1881364419891864
0.5888400869163034 2.8073029977311215E-6 0.7617824882613953 | 0.002177439620102202 0.004558087151966381 0.004044990089857397
0.6541680267803136 4.069077074358106E-5 0.14574413827770955 | 0.0025042300626224993 0.002471167913686824 -0.04857876220718388
0.6965672988446475 0.03351831392080936 0.2151695507108889 | 0.1336657485093086 0.055200924508620075 -0.1306876453291883
0.7163518878961169 0.05015611435725688 0.3616622825669891 | 0.07430690123796362 0.4596150925821826 -0.1016996503843591
0.7195125190184539 0.02842823359746213 0.43140339248578424 | 0.11291568901028295 -0.3889289724663345 -0.020815293143054445
0.7568851422298003 0.0450852267127949 0.513707725069567 | 0.15005134586251775 -0.18549553364445023 -0.0020792618401082527
0.7712488032936142 0.05098964952056738 0.594363056463437 | 0.1880230537856488 0.16963145423791168 0.09189085902121226
0.724779713085234 0.03622719849987604 0.7247833083930493 | 0.08780658083061334 0.6094319985240847 0.08780876139864476
0.6867514534686331 5.227694162528143E-5 0.7941107142207166 | 0.0018089579033575274 0.005415520460250388 -7.180224607834778E-5
0.7712775336332152 7.742409425410535E-4 0.1713930822224365 | 0.03884313758063912 -0.2050044760396079 -0.06020234940434439
0.7910773821650822 0.0034224450358762977 0.25946059507085767 | 0.07311331242326076 -0.03223611252923752 -0.09288409793119819
0.7514860337378504 1.0825021049372437E-4 0.3574276067381264 | 0.0017426544244156543 0.004437317774680927 -0.0032566885857264975
0.752789919022041 1.5588929526959516E-4 0.4371265403857584 | 0.005931806000323998 0.005629678014219364 -9.89123626730131E-4
0.751490668205769 5.284212924314976E-5 0.513112080260772 | 1.2323431389639364E-4 0.005978924334592469 3.7486254658268287E-4
0.7617808201707355 2.2503452688063912E-6 0.5888389749859689 | 0.0040453650808726874 0.00455813508849571 0.0021713948751831513
0.7941092982623829 5.268303879117632E-5 0.6867529014428977 | -7.253423551836022E-5 0.0054154853967506 0.0018085342311438778
0.7859391856516249 2.002006004093937E-5 0.7859392257141278 | 0.003511317454893509 0.004802398639660724 0.0035113356445805066
0.2393892278999267 0.40000018324521935 0.23938924631536512 | -0.0037149132524086394 0.004279122360074289 -0.0037115926352553966
0.2422307416645387 0.4000016262909018 0.34188467932271305 | -0.0051616994829620745 0.0016031911998198602 0.006789116727462072
0.23951959242381704 0.009752685167656079 0.4000422830025912 | -0.005994718833529752 -0.007007942324831612 0.00962297949000843
0.1918138186759429 0.09339585705435659 0.40000897177705197 | -0.0034330874217416954 0.004432832495437376 5.031978479394046E-4
0.17299256508253275 3.794011934275273E-5 0.4744076158696507 | -0.004963250963218074 0.0042159485165805515 -0.0011186633424127214
0.09853067917417824 0.005837708856937257 0.5773409243260749 | -0.13111862923031067 0.2762355408597844 0.02277722996738661
0.14687745747698897 7.177183858252193E-5 0.6542590196847307 | -0.003469580825592099 0.005235769970131494 1.449479790840746E-4
0.17217353760661855 3.2919106336720563E-4 0.7702018858945856 | -0.05528371570941928 0.07329676457403705 0.032186115604839624
0.3418846628590171 0.40000157416690624 0.24223061678701943 | 0.006793301676213319 0.0016040866635589747 -0.005159164965275164
0.34356941898490995 0.4000016311002601 0.3435651625503755 | 0.0032979125347837603 0.0044859891383486955 0.0032855012716655864
0.32246788369618573 0.020823299950372996 0.4000064781084047 | -0.002774427001358725 -0.008592642636522652 0.006267664369118983
0.31022363088295185 0.10477399927607021 0.4000001689204707 | 0.016597522206065772 -0.006369612207999621 8.673316151271917E-5
0.29602244192136495 0.007050177259813157 0.5071527490838622 | 0.03514835231627731 -0.3177277849581181 0.015620151782444424
0.15767140627617363 0.046168838315695813 0.5672069376874399 | -0.22040224206387732 -0.016384731731123852 0.10142161257987635
0.21527394256556456 0.03341179398329786 0.7061926495384417 | -0.11256612526125072 -0.01745898677541281 0.17088319535857116
0.2594877896052672 0.0030397202889765333 0.7906355439059622 | -0.09331983023273588 -0.07817806857874214 0.07422242267206693
0.4000384105442985 0.009385734299908887 0.2391835719049642 | 0.00864217604544488 -0.006335497952496675 -0.006665988458436488
0.40002679717474043 0.01103769107100662 0.31541497942226937 | 0.008058942365606033 -0.0046733932281453 0.004727257138300845
0.4915747119366158 0.05173627116699066 0.4936446389933364 | 0.10963670227000087 -0.9511299052870165 0.1153547951200958
0.3199997557873648 0.013617960502566986 0.4001148919356643 | 3.372646202655344E-4 -0.00518269938687449 0.00888066601867359
0.3728103258336675 0.0018890995070091148 0.48656491767770554 | -0.009318123708634338 -0.4661872948432459 0.02867581290828794
0.34525644824143364 0.0411372454253692 0.5732875151217506 | -0.04585260856420354 -0.15687350445640139 0.0696118959971946
0.3572697310593072 0.03800371021696699 0.6838451307909532 | -0.006428741096206388 -0.21127436966975102 0.07470129188485887
0.3653627975769669 0.019538524440215435 0.8645564395817901 | -0.03202222670466137 -0.8534443882851824 0.2506585809826889
0.4000034226554592 0.09495585501284878 0.1923119840112344 | 6.117845022072806E-4 0.005483917547913547 -0.002224875925150686
0.40000041772140116 0.10461636507726332 0.3101123337191807 | 2.842958729084648E-5 -0.0074048357718275995 0.011077250752733239
0.40010171260801136 0.01321574306437152 0.323842108105904 | 0.006193267133187147 -0.005464707908147327 -0.005865930247716623
0.4075848051760186 3.5352943094453494E-5 0.4086527412394962 | 0.004628458255420314 0.0062107053785765065 0.0025756935121012286
0.42846577579635026 4.199161587637617E-6 0.5409964081881025 | -0.001235909135513383 0.00459367339958235 0.0030828288875496554
0.4245477424223486 0.0020402714544662578 0.5463979073297952 | -0.03599125014144448 -0.1557501445591757 -0.17292390993841375
0.4314560989936609 0.027546297410707063 0.7184946006233741 | -0.02345357061705659 -0.43353773747595786 0.11338721628811946
0.44034180924832833 0.011451186864601191 0.8915495826803718 | -0.0056828473378072565 -0.8888098395930439 0.3019462715957666
0.4744557310169351 2.105100531354367E-6 0.17294581087765795 | -0.001055690176857485 0.004248308984669247 -0.00483053701966966
0.5080888233928168 0.005272340923003649 0.29573822321085586 | 0.014489773630534412 -0.31684061126182234 0.0344152362009569
0.4881802722509646 0.004692944626721409 0.3715216816111748 | 0.025671379852936042 -0.5137442957910222 -0.02305001365089165
0.5410180090033757 4.052367347336965E-5 0.428565782273376 | 0.002980548249540059 0.004713118717354033 -0.001022022385199975
0.5083939422468725 1.07777560202692E-4 0.5085807245903563 | -0.0017454651808234238 0.005949357092357261 -0.0018230731572795858
0.5046758252000011 0.023808711327553533 0.5691631618459955 | 0.0068681747837385 -0.2190621899842033 0.028623459728644933
0.5139389641200961 0.040671807991042974 0.7548637782054991 | -0.008313913744636954 -0.2537128961560814 0.14488881389251054
0.5058642969764331 0.01735570563515427 0.8861350549215807 | 5.472980891368704E-4 -0.8929189545410973 0.31880736482314903
0.5773062279994763 0.0057534019712986795 0.09851239179754608 | 0.022780599752560162 0.27650471528773346 -0.13089810552994882
0.5671446644713859 0.04627203390343487 0.15779264097839418 | 0.10064376997871483 -0.017388612467159392 -0.21981093134890373
0.5742027551962584 0.0410062259525324 0.34507842354278806 | 0.07353073969329921 -0.16005877124518272 -0.04596637346632714
0.5465768042306576 0.002250838490347598 0.42479410948174195 | -0.1680207175267348 -0.1534090116441071 -0.034448896170788015
0.5689234716408801 0.02460625132931764 0.5047329431061285 | 0.028793855023282276 -0.21995537982487573 0.0077208127565842315
0.5864552360266457 0.038507349942376395 0.5864718684930471 | 0.013920481104195814 -0.16063247502773847 0.014323289732928143
0.6265227733483559 0.04611860362996971 0.73582000322788 | 0.1574584398373667 -0.04848272530015283 0.08232061909460064
0.5778672962905642 0.016942818246158342 0.875912418078152 | 0.005466810643205304 -0.8881138771408891 0.27791563033562483
0.6542687184179631 6.464913982750272E-5 0.14688514460077692 | 1.4332056238601778E-4 0.0052357351448959425 -0.0034711513539784425
0.7061685762612547 0.03344970029908601 0.2152928679979352 | 0.17086943790105089 -0.018053347982238094 -0.11257363381993754
0.6835376003556546 0.037779618202987544 0.35742733547271455 | 0.07323408640748699 -0.21138431240836025 -0.003805611439142464
0.718377974605077 0.02753867153296992 0.4314991777073424 | 0.11244997408626431 -0.4305475475916236 -0.023065653761547195
0.7549054143287448 0.040946138240785614 0.5139172669598071 | 0.14509386004565203 -0.25364181294651666 -0.008280514248966604
0.7358025590925569 0.0461215835672673 0.6265013021153295 | 0.08226864901206507 -0.04822217840938489 0.1573936051636922
0.72056173624436 0.039500189976317455 0.7205656465841294 | 0.0620491482598067 0.4418574529055057 0.062057443513574
0.6868205299852469 6.3192304526911555E-6 0.7938661003745879 | 0.0016850198381592584 0.005430366281163371 1.4356731745168678E-4
0.7701898000995575 3.3193380944055833E-4 0.1721783512010331 | 0.03211521925978733 0.07328125647356089 -0.05527463024542626
0.7906528062147593 0.0030377891061348665 0.25947969817279387 | 0.07431601403496693 -0.07825324216618842 -0.09335155097939211
0.8645580387695186 0.01953736421110308 0.36536630664594455 | 0.2506638228476282 -0.8534425175583704 -0.03202616474428909
0.8915450771543595 0.011448820596807739 0.4403413983900923 | 0.3019676941444381 -0.8888079460941959 -0.005681634756083902
0.8861306000921285 0.017353413814676356 0.5058644645702397 | 0.31880519080141156 -0.8929246881456397 5.541009932758446E-4
0.8759110495357703 0.016941847424210555 0.5778641634369187 | 0.27791678748794574 -0.8881162154724699 0.005462706280081704
0.7938646948091735 6.655385290485582E-6 0.6868219395876414 | 1.4291258303153072E-4 0.005430344628123776 0.0016845704180896855
0.7818003751387329 5.253236709370067E-5 0.7818004651571148 | 0.0045119954217435546 0.004204525386564168 0.004512144072692378
0.25213007088753747 0.40000718712305305 0.2521300802829471 | 0.0038159133460569116 0.004054158395161119 0.0038150191121264785
0.2498498871448597 0.4000012233897605 0.33922821154863536 | -0.0036715565695782494 0.0015164905899193713 0.00785068053621331
0.22447106609113476 0.036279925627676235 0.40002392698141576 | 0.007057298303545826 -0.007633650680072534 0.010032195331037271
0.20928519701077047 0.10532896289506474 0.4000028114229829 | -0.011745145959158392 -0.0011211679516186822 7.488549866624197E-4
0.23327847568022828 1.8718987489044193E-4 0.47950157542565075 | -0.004600792976070988 0.005406298574419291 -0.002094361796007117
0.19636832841082616 9.894749267071371E-5 0.5663767454517299 | -0.0031550033639442757 0.0038097447116692833 0.0021245238039122264
0.14983861887537864 6.410580908591384E-5 0.6538297079478755 | -0.005088157716921137 0.004743753131143633 -1.9060037326529988E-4
0.1871550320669699 3.6796810991771356E-6 0.7575307876622696 | -0.006278027075502251 0.004316601079219126 0.0019904242100135428
0.33922818798137083 0.4000012065294853 0.24984966577103243 | 0.007851827916164338 0.001517070883555567 -0.0036761500303549694
0.3436430936977415 0.40000239507411595 0.3436374705888695 | 0.0027419982212098055 0.004811870847058378 0.0027474904318947335
0.3155671594336643 3.101728600534738E-5 0.4473060335161748 | -0.0024343966511555636 0.004339562707685711 7.567977373552204E-4
0.3243409325426144 0.09345678470868529 0.4000051135329207 | 0.002030823567003866 0.005327247413173538 2.5167859077501807E-4
0.3014191546380288 6.250959860160899E-5 0.5111086735585343 | -0.002233337610790619 0.00513343483908998 0.001012863812659376
0.26509327158756185 0.03554567497449973 0.5953145892521438 | 0.06121893447482824 -0.2858833504366599 0.08595926340947709
0.22082515271039335 0.02243053512022827 0.712000706571144 | -0.08018638877855772 -0.17536470126317605 0.15830107691027293
0.2597269749661371 1.3455330333130374E-4 0.789142891060009 | -0.040032688071665865 0.10652338496665426 0.058295872617644594
0.400003851577182 0.03643984819583155 0.22430512094691094 | 0.010490004161464105 -0.007392391780867633 0.0062427040673967
0.45771200004243257 9.132165406207078E-5 0.3057923003159465 | 7.986487564911222E-4 0.005147391798374597 -0.0032735818917419353
0.49852259309740116 3.416617118205391E-4 0.49865459702101766 | -0.0011077640505540189 0.005091616890279658 -0.0011075873735673172
0.31570805186446477 7.983933659329328E-6 0.4034691844563925 | 0.0010622830538289277 0.0010945033231039812 -0.009160137429743826
0.3737417768243167 1.94175517954317E-5 0.4845450253100892 | -0.0011426633263877072 0.004407998643251543 0.001762399996731059
0.3440770757867994 4.178447593419951E-4 0.5750848593695618 | -0.01115422274312376 0.31699031811416356 0.015291302058989103
0.36534115928733213 3.412001310488177E-6 0.649789840173531 | 2.0598859857766E-5 0.007275517591374313 0.0022858239089704807
0.3500435055301633 1.4931389963271558E-4 0.7432275689835852 | -0.0011847018658877667 0.004759699449628478 0.0011926380124324247
0.4000005290456361 0.10396143344497231 0.20833179333195992 | 7.307110426580447E-4 0.004100358626309325 -0.005747308732716169
0.4000008373471201 0.09332127075255157 0.32439641060917285 | 3.6452094460161396E-4 0.005009135935620584 0.00299489633954102
0.4033415549495453 8.246935503055259E-6 0.30967939927102156 | -0.008027907326971121 6.20651536501557E-4 0.0034498014173651847
0.4248608146128011 1.7254233748687143E-4 0.4260172178847697 | 0.0030886660578018496 0.009387528002621544 7.537718312615752E-4
0.42900480491070514 1.396405225312611E-4 0.5394513414273944 | -0.001308974171032759 0.0040807827443965754 0.003621345979302744
0.4448830548905805 6.690779548984023E-5 0.6413607430157499 | -0.002291568637725517 0.004616791806674168 2.016780929249412E-4
0.4327257289723061 0.012012491466799535 0.7146835671560703 | -0.024306837959464846 -0.5840118664073018 0.09981527533895783
0.42792449638593777 0.00472903619973554 0.8191483309541733 | -0.0350485598641434 0.4488001842648749 0.13035014911989717
0.4795015119474629 1.949646072032398E-4 0.2332804489945515 | -0.0020081033456051407 0.005190053771854053 -0.004968499555557285
0.5105562667012554 3.441802862990557E-6 0.3010470839605544 | 0.0014717521090586777 0.004925461175566655 -0.00217910804375333
0.487175644600186 8.752075895173246E-5 0.3723625501218636 | 9.858848972542757E-4 0.00483460993482708 -9.504038724567255E-4
0.5391948190866079 1.4088335485013773E-4 0.4291480877602128 | 0.0036315270038979803 0.00409058381807706 -0.001091017365978257
0.5346958695161649 3.197310592006179E-4 0.534920345888216 | -0.0016304855274760807 0.004910228921473556 -0.0017011885993673522
0.49976165607328465 2.4180234431757212E-5 0.5901574996186525 | 0.002337736279176468 0.005049880592938634 -9.409333099249695E-4
0.5143208741378545 1.6603445898252095E-4 0.7323266058567577 | 5.304049376666581E-4 0.007230264555950292 0.0012602081373902208
0.5153540527624698 3.8780548504599324E-4 0.831126132839352 | -0.007933912649630228 0.07433199110761281 0.07687031939593295
0.5664411600149534 1.3175351986811505E-5 0.19599196690243217 | 0.0021607355232912545 0.003816480736703325 -0.003123077515273774
0.5952284219720103 0.03549373200151701 0.26501199016180943 | 0.08591165159427784 -0.28498895535550334 0.06095525840896516
0.5755678394786723 4.181482573752242E-4 0.34396114822401225 | 0.01490382051700544 0.3186880303280693 -0.00987350140456511
0.6412687284919193 1.1428423886563352E-4 0.445095820002972 | 1.8560478407620687E-4 0.004632488819125381 -0.0023846522784205094
0.5904200638456674 2.6557564419993622E-5 0.49972130022735584 | -7.66795474614324E-4 0.005045312892756988 0.002274827020126351
0.5871984777926279 1.5303105107717055E-4 0.5872513471664088 | 0.004484831769172248 0.0042029674568357135 0.004470703304037888
0.6035730985263922 8.318540080847083E-5 0.666485542849545 | -0.003831835873014249 0.004556342679407449 0.004141704928547309
0.5844321487372272 1.5015473179734492E-4 0.7946773691177424 | -0.0014026045617219222 0.004066977407030765 0.003814672188313049
0.6538428680348575 5.5791033175328304E-5 0.14984618945900952 | -1.9140732031271038E-4 0.004743703429667791 -0.005089681600637926
0.7119999441292666 0.02243684619140231 0.22085682364457915 | 0.15832090718150393 -0.17550192052986627 -0.08017537565394255
0.6498986999473528 4.195329780766721E-5 0.3653191497000329 | 0.0023809305131738934 0.007297206711553764 1.188658543240526E-4
0.7146094457258281 0.012238911904162875 0.4327653008017771 | 0.09921813725263778 -0.5810845290017843 -0.02405390276362526
0.7323683691031646 1.5166469855366828E-4 0.5143165046134021 | 0.0012480146877106202 0.007245956760244635 5.315844200343807E-4
0.6664147826186436 9.194108755686438E-5 0.6035096797913282 | 0.004139663380552873 0.004529656371653704 -0.003841524630978568
0.6954404566940137 0.007770163639226276 0.6954299972776395 | 0.1441672601851042 -0.34655877650421646 0.1441809982709265
0.6845873050085686 8.76714800477607E-6 0.7900146173373267 | 0.0018739714320528088 0.005174334549884364 0.0023265398419990042
0.7575272874415229 3.5522181371723937E-6 0.1871561124456033 | 0.0019848915237018227 0.004315072540196061 -0.006280704660851663
0.7891614998997548 1.331233699062033E-4 0.2597185013212983 | 0.0583715913729022 0.10651218415485818 -0.04007266128414969
0.7432373188255542 1.6006715430845315E-4 0.3500525386747516 | 0.0012126017088943 0.004752720775266863 -0.0011786530528652658
0.8191160272630379 0.004754506772100094 0.42793117668544595 | 0.1304618000127052 0.4487420283643955 -0.035034044547362746
0.8311103115245857 3.66855871713707E-4 0.5153508800457535 | 0.07679833038362266 0.07421600956406359 -0.007947026907321688
0.7946805806246512 1.4311544461306723E-4 0.584424378816027 | 0.003815057714465838 0.004065470254685549 -0.0014084252557209941
0.7900134649013624 9.087243775810013E-6 0.6845884312150187 | 0.0023266329581558584 0.005174271871488495 0.0018736331412685246
0.7437455636135751 5.629649114125538E-6 0.743745526534862 | -2.297294155825173E-4 0.004314186441527832 -2.2960323551692876E-4
