512
0.2734754947843265 0.4806830306849655 0.27347549359113454 | 0.01856111071998742 -2.965537807741823 0.01856106728698519
0.26901386537231337 0.4850320305259235 0.341634648512726 | 0.0024391936367053305 -2.9804636858206788 3.819888295316939E-4
0.2661912827980812 0.485434534591551 0.39823253739008435 | 0.002588558002796406 -2.993261885886179 0.008160171385247128
0.26533301464667286 0.485920148912641 0.44974151916562305 | -6.668762905885947E-5 -2.9877654321806606 -4.4753456889842726E-4
0.2653385123897755 0.48579982010632944 0.5003381217961191 | 7.653431478129947E-8 -2.987997843494637 -9.631415929784449E-7
0.26614787171741355 0.48496954564200145 0.5520993132887481 | -1.2592354117774583E-7 -2.9880002723471737 5.646954721341122E-7
0.26880944531146833 0.4823037373786512 0.6084745066930396 | 4.406071782577825E-9 -2.987999991825454 -7.83230413664743E-9
0.27296795095321796 0.47814482946397374 0.6770320810903605 | -3.1574979846603846E-11 -2.98800000016453 1.376930085815653E-10
0.3416346482872051 0.4850320279897293 0.26901386152949386 | 3.819889977052929E-4 -2.9804639493914915 0.0024391454172327924
0.33930895366348596 0.489322709681863 0.3393089629865118 | 5.167326601685478E-4 -2.9745728480827838 5.167547512580881E-4
0.33716919334801804 0.4895551590282912 0.3980171539823601 | -0.0067894843227829385 -2.9962414099718595 0.017753779919870153
0.3365211299811858 0.4900326705990865 0.44965295267253175 | -1.0892583804023588E-4 -2.9878549160245655 -3.974156519641409E-4
0.33652954161427867 0.4898896779044484 0.5004348654219845 | 1.2412613058945161E-5 -2.9879826236514666 -3.113995474589987E-5
0.3373601350972853 0.4888092142162695 0.5525655177115386 | -1.1402521376300966E-7 -2.9880008905412323 1.2525102176893825E-6
0.33919421995959764 0.4860851217234943 0.610806331275365 | -2.2307548259841157E-9 -2.9879999902073116 -2.6583262062262107E-9
0.3415258562400855 0.4823033545186119 0.681190611118925 | 1.9683499853744995E-11 -2.988000000167218 1.2581494602073951E-10
0.39823253535836495 0.4854345391372493 0.26619127697871814 | 0.008160106669988877 -2.993261861851266 0.002588556713363869
0.39801713831519697 0.48955524164938524 0.3371691215488558 | 0.017753264144984883 -2.9962400500998445 -0.006792407293811703
0.3968297518972123 0.49281206918543435 0.3968298630497455 | -5.987946229867755E-4 -2.9767549451892377 -5.979825464628854E-4
0.3963379619593833 0.4930720937329364 0.4498791931705472 | -0.0013318087175648277 -2.9903542825347778 0.010940445287634892
0.39635755896289704 0.49273529301814883 0.5004798540872646 | 3.6753658491472875E-5 -2.987834432444841 -2.09441170041189E-4
0.396889665908838 0.49152235524335425 0.5531146186799862 | -2.8457572939182896E-7 -2.9880018744086807 2.877976396998854E-6
0.39743848773494284 0.4888036876468255 0.6126404064775265 | 2.0157523761015334E-9 -2.9879999636934644 -3.730577260814493E-8
0.39790372520681133 0.484965044521963 0.6838522998434021 | 1.2701457992025644E-12 -2.9880000002736016 2.187035376360964E-10
0.44974151928475803 0.4859201509313203 0.26533301245128343 | -4.4753456890040435E-4 -2.987765433778868 -6.668560085262105E-5
0.4496529685017816 0.49003269709572894 0.3365211035812516 | -3.969050421048083E-4 -2.987855369903037 -1.0970953734892233E-4
0.44987925722807437 0.4930722368783962 0.39633798884678706 | 0.010943115101053318 -2.99035196415 -0.0013304703662616961
0.4495005779062923 0.4939329772797944 0.4495005949627921 | 0.0012409145868445624 -2.9895981561343623 0.0012412900595990524
0.4494561621498426 0.49387001028880756 0.5005534587596897 | -3.475362541734817E-5 -2.9879644335461286 -7.115208961447521E-5
0.4495598668773542 0.4926615721880525 0.5536474018467265 | 1.4535676670109525E-7 -2.9880012295828995 1.4519063661534373E-6
0.44958592188119917 0.48985165081750176 0.6134712052248598 | -5.774433577235071E-10 -2.987999974221741 -2.8157155381285414E-8
0.44967639246381963 0.4857743832290481 0.6846616345907186 | 5.531856956262004E-12 -2.9880000002187685 1.7598399278701694E-10
0.5003381217220764 0.4857998197716 0.2653385123943599 | -9.628958126968832E-7 -2.9879978437068955 7.587922092060185E-8
0.5004348661799896 0.489889680174986 0.33652954243974875 | -3.116225709304453E-5 -2.987982614480674 1.242590615067221E-5
0.5004798686108372 0.49273531578426244 0.39635755913965626 | -2.0944525802008847E-4 -2.987834381651156 3.673874285740562E-5
0.5005534571418986 0.4938700073435182 0.4494561617567018 | -7.114655055563598E-5 -2.9879644384401263 -3.475972235283835E-5
0.5005455551543916 0.4938534697940047 0.5005455551985881 | 1.5516142478310084E-6 -2.988000696971057 1.5518473724804413E-6
0.5004405432532738 0.4926604235496308 0.5536462502715468 | 9.796497664992532E-8 -2.9880001412332353 1.7981563868585071E-7
0.500414155096889 0.48985160106902514 0.6134711198461454 | -1.9783029328599E-9 -2.9879999933408854 -6.823939582340317E-9
0.500323613490387 0.4857743799346655 0.6846616260746415 | 7.0120750307689096E-12 -2.9880000000727525 5.698486248402711E-11
0.552099313261972 0.48496954560696415 0.2661478717200301 | 5.646824862579812E-7 -2.988000272334172 -1.2592145305893034E-7
0.5525655178436634 0.4888092141048794 0.33736013506506535 | 1.2525808062234802E-6 -2.9880008907177404 -1.1422235489067288E-7
0.5531146192480391 0.49152235575978315 0.3968896659922446 | 2.8754195044089713E-6 -2.9880018726564392 -2.8399648509758726E-7
0.5536474019772945 0.4926615720929397 0.44955986692304284 | 1.4516079697401467E-6 -2.9880012293671983 1.4528444585264903E-7
0.5536462502888615 0.4926604235315594 0.5004405432117035 | 1.7980655361426338E-7 -2.9880001412140773 9.799693465816625E-8
0.5531107304949294 0.4915174107140266 0.5531107304798016 | -1.584594111744123E-8 -2.9879999904604224 -1.584820825129079E-8
0.5525615638778485 0.48880342844629854 0.612640102552348 | 2.801510540253419E-11 -2.987999999901151 -2.925136567366694E-11
0.55209627921106 0.48496503193248885 0.6838522735996186 | -1.1276703273940232E-13 -2.9880000000052447 3.2608087240832696E-12
0.6084745066931557 0.48230373737524146 0.26880944531244105 | -7.832300989001572E-9 -2.9879999918253897 4.4065068202314185E-9
0.6108063312602043 0.4860851216605716 0.3391942199538753 | -2.682873508131664E-9 -2.987999990202362 -2.212741147161621E-9
0.6126404064165766 0.4888036874999645 0.397438487734953 | -3.733594827337169E-8 -2.9879999636759784 2.0129323758589546E-9
0.613471205205505 0.48985165073320464 0.4495859218904386 | -2.814888745390256E-8 -2.987999974229755 -5.826457788781194E-10
0.6134711198439041 0.4898516010404688 0.500414155093613 | -6.823297848716971E-9 -2.987999993341765 -1.9792266502776826E-9
0.6126401025560043 0.48880342844358093 0.5525615638739699 | -2.930217722037691E-11 -2.9879999999011795 2.8021567775334877E-11
0.6108058040683391 0.4860845529656476 0.6108058040675407 | 3.7215648749125184E-11 -2.988000000034738 3.7231019972330664E-11
0.6084741435931482 0.4823033297274571 0.6811905696818853 | -7.512698525787472E-13 -2.9879999999995053 -4.260260958836189E-13
0.6770320810906114 0.47814482946413267 0.27296795095309795 | 1.3768863276377647E-10 -2.988000000164524 -3.1581521952136114E-11
0.6811906111127604 0.4823033545130647 0.34152585623938503 | 1.2571694905559088E-10 -2.9880000001671654 1.9684370030165412E-11
0.6838522998362376 0.4849650445169707 0.3979037252065203 | 2.1871197409487886E-10 -2.988000000273646 1.2930769000037464E-12
0.6846616345841035 0.4857743832230376 0.4496763924639097 | 1.7595391679796946E-10 -2.9880000002187432 5.548023769315733E-12
0.6846616260716422 0.48577437993075107 0.5003236134906174 | 5.696775820408007E-11 -2.9880000000727343 7.028231520732488E-12
0.683852273599705 0.48496503193194634 0.552096279210996 | 3.2591486604669665E-12 -2.988000000005243 -1.1134267789032533E-13
0.6811905696820144 0.4823033297274737 0.6084741435930892 | -4.2586444065389296E-13 -2.9879999999995053 -7.515666634086079E-13
0.6770320491724507 0.47814480918934993 0.6770320491724521 | -2.628669492095038E-15 -2.987999999999984 -2.6432210912230383E-15
0.26851503334199406 0.4200433269818159 0.2685150330024837 | -0.012049746499075009 -2.7853704311253122 -0.012049714470413446
0.26216553984630026 0.42022271483044454 0.34077017390571673 | -0.01456462850680018 -2.787785177765602 0.01522654894124076
0.26350251329015545 0.41551485267620575 0.40447002202242255 | 0.020327728768265965 -3.184285173044222 0.08728354492503373
0.26108781486736987 0.4157662687626554 0.45030844125591113 | -4.888905752877859E-4 -2.9869948634928347 0.007601537339283236
0.2612612011029533 0.41474586999054786 0.5005418078595233 | 1.0727097326400758E-4 -2.9874874359103507 -9.41193148247582E-5
0.262308677518707 0.4137680475336503 0.5525772556232507 | -2.815950164326006E-6 -2.9879990021147753 -1.3767085883146136E-6
0.2650281656074836 0.41191947334036383 0.6108071336080841 | 2.5249499068760375E-8 -2.9879999468604983 7.742366063177211E-9
0.2688094287310839 0.4095869442602809 0.6811906915161065 | -1.6532372388329387E-10 -2.988000003752854 2.3282412749786577E-9
0.34077016415853845 0.42022272796831994 0.26216549599467004 | 0.015226460532900636 -2.787785219653768 -0.014565114828235262
0.337409294478176 0.42168486405880123 0.33740928730162945 | 0.014217781371831287 -2.796108834190276 0.014219018477047216
0.33101311331852445 0.41889423259537506 0.40383470695389695 | -0.044826998901206505 -3.1875435027395027 0.10540506764284768
0.3328152603556259 0.4190315868214767 0.45081880940799957 | -0.010277240024524585 -3.026229166126557 0.010744460499534805
0.33325414405364173 0.41801409031186404 0.5007880103392865 | -1.287091406304247E-4 -2.9876395379088345 -1.720060783697928E-4
0.33431724916275946 0.4168186608511009 0.5536659392369938 | -1.5271233454608597E-6 -2.9879991771632723 -4.556612844440053E-6
0.33619360086710187 0.4149202765836505 0.6138082959470891 | -2.720030995305996E-8 -2.9879999150533316 -4.7847158491770225E-8
0.3391941940967675 0.411918614634696 0.6849719693161913 | 5.749828319904486E-10 -2.988000005817669 3.2562416739430448E-9
0.40447002758538153 0.4155148172347393 0.26350254590773536 | 0.0872832673877874 -3.184285756211977 0.020327960338423445
0.40383461779025526 0.4188945291097802 0.3310122851624325 | 0.10541544633302954 -3.187534201292333 -0.04484579836857859
0.3964644350942069 0.4221966902324371 0.3964648146890717 | 0.003661060270244388 -2.9232225132427585 0.003664780966023806
0.39442605022219757 0.42126903684515365 0.4545031196828833 | -0.015176591959679906 -3.057323514998863 0.12494141377579758
0.3947873827014034 0.42019074543182594 0.5008233199247196 | 1.750334905018589E-4 -2.9863688037853295 -7.106391170214222E-4
0.39543726755840264 0.4188731634996687 0.5545753569161754 | -8.944004320995705E-7 -2.988023029172625 2.5571977881190895E-5
0.39635487141482356 0.4167983741313578 0.6156863450986101 | -2.070355243441258E-8 -2.987999451738185 -3.867407056077633E-7
0.39743844936298317 0.41375285387571864 0.6876907606106498 | 3.642303597354626E-10 -2.988000009682368 5.335270411408331E-9
0.4503084166644433 0.41576625951935525 0.2610878034732022 | 0.007601169859283991 -2.9869946653569843 -4.882502534428226E-4
0.45081912032110677 0.4190314621932309 0.33281470076278136 | 0.010748113151921803 -3.0262523161171444 -0.010285729114658169
0.45450399378855233 0.42127049739688277 0.39442643708336567 | 0.12499670619837656 -3.0572485709881883 -0.01516701400804915
0.4508292278290593 0.4211415639644142 0.4508295677671016 | 0.021519453724716888 -3.0743877269950786 0.02152576149349024
0.4491135282992792 0.4213041495942855 0.5009961308986852 | 1.4337975719862366E-4 -2.987161382584033 -9.602426817675233E-4
0.44925283818517486 0.41997835602139777 0.5552408646139818 | 3.0674510673523286E-7 -2.988025101215647 2.0097421397863528E-5
0.44940435175743554 0.41780322009805715 0.61669097456569 | -4.13302159202698E-9 -2.9879994649246986 -3.946534535255031E-7
0.44958588242635483 0.4145837458362574 0.6887387781686093 | 2.074333958786401E-10 -2.9880000082247586 4.400402813837715E-9
0.5005418137040922 0.4147458653361697 0.2612611988939822 | -9.410135632990638E-5 -2.987487421596204 1.0727371825493864E-4
0.5007880030362233 0.4180140759893017 0.3332541681392175 | -1.7199576019014172E-4 -2.987639792096187 -1.2870927262465908E-4
0.5008233366989129 0.42019068676670424 0.39478737409275094 | -7.079067460142741E-4 -2.9863702725723305 1.7461940956246352E-4
0.5009961416466321 0.42130412653109717 0.4491135317362083 | -9.596631401851518E-4 -2.9871614313576615 1.4373851207991932E-4
0.5009965709332515 0.4212580729790738 0.5009965642892651 | -9.56688313491828E-5 -2.9876722880590747 -9.569800910252374E-5
0.5007507420450501 0.41997898754338153 0.5552394141384905 | 1.320940587708274E-6 -2.9880077018481757 6.508002464558243E-6
0.5005958929545039 0.417803114820606 0.6166907021099787 | -1.2209306912050869E-8 -2.98799977220823 -1.61126121662976E-7
0.5004141379638631 0.4145837442034828 0.6887387416547659 | 9.634740402359301E-11 -2.9880000038228083 1.95234232132353E-9
0.5525772554423004 0.4137680475334967 0.262308677670947 | -1.376578584932379E-6 -2.987999002017547 -2.816220456283558E-6
0.5536659365767463 0.41681865722937467 0.33431724770777327 | -4.572872382374869E-6 -2.987999173800112 -1.533095317840794E-6
0.5545753520601442 0.41887315702362793 0.39543726825232656 | 2.5578289729669785E-5 -2.988023033357703 -8.946441488451277E-7
0.5552408618526757 0.4199783516707005 0.44925283876788247 | 2.0089264424860314E-5 -2.988025090850085 3.106976447684246E-7
0.5552394138468771 0.41997898605160944 0.5007507410992597 | 6.5069535372201185E-6 -2.9880077011886432 1.3218389910740873E-6
0.5545660369397862 0.4188674060397064 0.5545660366011854 | 2.6172770306646634E-7 -2.9880006549609424 2.618046354655982E-7
0.5536454412418147 0.4167978836853322 0.615685321178848 | -7.04274424316351E-9 -2.987999968266814 -1.880900106184036E-8
0.5525615623715576 0.4137528375128712 0.687690656439962 | 3.966762959426441E-11 -2.9880000007478746 3.122374595444401E-10
0.6108071336216933 0.4119194733410195 0.26502816558791337 | 7.75485129287684E-9 -2.987999946873244 2.52632465503569E-8
0.6138082953855303 0.4149202761152012 0.33619360085482913 | -4.7645488326419126E-8 -2.9879999152793557 -2.7166116257571156E-8
0.6156863444028938 0.416798373657289 0.3963548714271844 | -3.8676078756343525E-7 -2.9879994516735024 -2.0670947295330498E-8
0.6166909738832462 0.41780321953521427 0.44940435176272997 | -3.945800255203289E-7 -2.98799946497463 -4.0936745845440994E-9
0.6166907017499313 0.417803114464085 0.5005958929440133 | -1.6108021754021266E-7 -2.9879997722646414 -1.2233264708197348E-8
0.6156853211597614 0.4167978836521439 0.5536454412014422 | -1.8802657832648015E-8 -2.987999968269436 -7.049631616879067E-9
0.6138064528453482 0.414919157421835 0.6138064528329693 | 6.321634655473716E-10 -2.9879999998177 6.322194781685639E-10
0.6108058052806664 0.4119185654696136 0.6849717973004095 | -2.7252480265116556E-12 -2.98800000002289 6.794847341317227E-12
0.6811906915106984 0.40958694425757686 0.26880942873289376 | 2.327863856067039E-9 -2.9880000037522407 -1.654239574938908E-10
0.6849719692932503 0.4119186146417233 0.33919419410281615 | 3.255955842828216E-9 -2.9880000058164344 5.739520176720712E-10
0.6876907606093817 0.41375285391016114 0.39743844936741457 | 5.338809924044523E-9 -2.988000009685971 3.6206752743641294E-10
0.6887387781320049 0.41458374584301444 0.4495858824224863 | 4.401563971348372E-9 -2.9880000082256184 2.0650167877537014E-10
0.6887387416143947 0.4145837441922729 0.5004141379584599 | 1.952387000385354E-9 -2.988000003822601 9.638797986088694E-11
0.6876906564249992 0.4137528375060147 0.5525615623694036 | 3.1218296647197325E-10 -2.9880000007477467 3.982702416653156E-11
0.6849717973011005 0.4119185654700345 0.6108058052803148 | 6.78241319275522E-12 -2.9880000000228826 -2.7067080947954462E-12
0.6811905696750499 0.4095869033675259 0.68119056967493 | -3.3163084781483803E-13 -2.987999999999936 -3.3177483910679786E-13
0.2620051838316587 0.4126216704524688 0.2620051876483764 | -0.07761235740395402 1.1419641138833614 -0.07761227911903583
0.25716334663684837 0.412737187410688 0.33971506276468 | -0.05671082691863569 1.1569485840373959 -0.002775845652922325
0.2588523712292121 0.35436328709841486 0.40560995268249855 | 0.028454027494731034 -3.123095734496499 -0.027303325055680165
0.257408779192676 0.3574579265915607 0.4550252213506452 | -0.013950009568628772 -3.0060849581335263 0.09598096739818074
0.258402950313102 0.35509848471825123 0.5009852665179044 | 2.0513706220156783E-4 -2.9908794496788973 4.112395864364868E-4
0.25958809645829983 0.35423916698811553 0.5531423762212472 | -1.0640075048222498E-6 -2.9879663582498504 -9.880098794610193E-6
0.2623091614048024 0.35367524762915353 0.6126419649907663 | 1.6736032396903382E-9 -2.987999699243599 6.598304315563892E-8
0.2661477256880273 0.3532090611708579 0.6838524702298742 | 7.845260875449421E-10 -2.988000018370556 6.7153482527824555E-9
0.3397150445225502 0.4127372077869023 0.25716324876515406 | -0.002776180053549326 1.1569480253551787 -0.05671188307113052
0.33646826517873857 0.4187704866782248 0.3364680283886689 | 0.009560768302415347 1.1593797820525265 0.009558151347151196
0.33118182912833455 0.35650308105207545 0.4034846292428447 | 0.048258827992484786 -3.0754266766402023 -0.039404918159452476
0.3307166763571388 0.3577932557433919 0.45647394098116606 | -0.022341579318240958 -3.097999277434707 0.13020158628181888
0.3309809156269429 0.3566597669792204 0.5014485231419088 | -3.3861775336504915E-4 -2.992716646872912 2.425075197663345E-4
0.3322584521305486 0.35569372748593747 0.5545946179679102 | -3.371739380896496E-7 -2.9879702093145686 -2.7064351363812144E-5
0.33431469088887567 0.3547585356202888 0.6156871886442485 | -1.6653114072245825E-7 -2.987999215520833 -3.8678869744889223E-7
0.33735992219451333 0.35367428294598324 0.6876908365513791 | 4.317466153316279E-9 -2.9880000352150686 1.1556554988013325E-8
0.4056098324291848 0.3543629729098619 0.2588528852554929 | -0.02730791358752099 -3.123092458315626 0.028451935425280232
0.40348463807303303 0.35650181652743307 0.33118281323525334 | -0.03935970983318162 -3.0753568687858563 0.04820602530641241
0.3980495656752892 0.4198148823670063 0.39804835176314235 | 0.046676999544775256 1.1798940648115477 0.0466180479334369
0.39416256160470214 0.3557765134743265 0.4577216734278026 | -0.008911886119212054 -3.1732063251630636 0.05962178812098886
0.3937240747421194 0.3578880300202694 0.500992387677288 | 3.13040795282639E-4 -2.9852548617457066 -0.0010059468802750425
0.39441616029980503 0.3567052218286974 0.5556107662516283 | 1.185990451378536E-5 -2.988076950198344 3.519919831187561E-5
0.3954370483606305 0.35567589029786456 0.6177544072123463 | -2.2856457260790026E-7 -2.98799716333337 -1.5395578062425228E-6
0.3968893319948264 0.35422333616106577 0.6904044839454218 | 3.861985491883871E-9 -2.9880000593981575 2.0155336068860594E-8
0.4550251975343003 0.3574579575801256 0.25740871967116474 | 0.09598294678426715 -3.006079937058767 -0.013949558035957524
0.45647400706811814 0.35779229648654226 0.33071535808172015 | 0.1301611658348814 -3.098041359046779 -0.022362919673501024
0.45771513727783253 0.355774765044022 0.3941632386585156 | 0.059375127105667405 -3.172999743982778 -0.008902314659726969
0.4515710626815473 0.3561787448211936 0.4515709868017965 | 0.0021448651407013205 -3.13325526068228 0.002145709697799934
0.4490829371311757 0.35866469732398143 0.501247912253738 | -1.4284836740836545E-4 -2.984926298364199 -0.0037710572087613714
0.4490798840037292 0.357542711900671 0.5564444717782611 | 4.200437829890205E-6 -2.9881193872755167 5.969290576146216E-5
0.44925237783381644 0.35634467319384416 0.6188614380041026 | -6.993728404223976E-8 -2.987996980036219 -1.5973075179409348E-6
0.449559523627072 0.35475812693157954 0.6915463414365671 | 7.320300328097194E-10 -2.9880000561816242 1.9925690893306016E-8
0.5009852814281098 0.35509846720004656 0.25840294264142394 | 4.11335152898455E-4 -2.9908793305055865 2.0522533394645763E-4
0.5014484932360755 0.35665949021597626 0.3309811067254104 | 2.4119166660242327E-4 -2.992722794971722 -3.372490584651733E-4
0.5009925610313783 0.35788759630358696 0.39372396288895484 | -9.964817449516082E-4 -2.985247609063209 3.1584767620087824E-4
0.5012478298604849 0.35866450646785175 0.44908269509542276 | -0.003770690905164775 -2.9849297223309916 -1.4332427411948933E-4
0.501314373354516 0.3585518131795274 0.5013143481412525 | -3.778653127926323E-4 -2.986387536890918 -3.7797848410473016E-4
0.5009332816060954 0.3575450303492129 0.5564435602182815 | -6.140522815840808E-7 -2.988051784336906 3.1565981319568926E-5
0.5007483172171631 0.35634491483093206 0.6188613873200901 | -1.013736704691564E-8 -2.9879984029331172 -7.853830446909622E-7
0.5004404960598159 0.3547581765976236 0.6915463524423142 | -4.502066784313281E-10 -2.988000030307356 1.0053339447432998E-8
0.5531423741750993 0.3542391682285303 0.2595880982959288 | -9.882678106648711E-6 -2.9879663477134875 -1.063030162968847E-6
0.5545946013827528 0.35569372020046436 0.3322584476464752 | -2.7089041014202947E-5 -2.9879701371240617 -3.399850837858503E-7
0.555610742776785 0.3567052132900321 0.39441616477030284 | 3.5180030276862654E-5 -2.988076968284005 1.1827734221782665E-5
0.5564444509954652 0.3575426969663305 0.4490798854310194 | 5.966010184799134E-5 -2.988119369506954 4.182957045363761E-6
0.5564435459150722 0.35754502130615357 0.5009332694871048 | 3.155985806450106E-5 -2.9880517674510436 -6.143926083635223E-7
0.5555994800674194 0.3567064516807915 0.5555994791563968 | 2.031173682790216E-6 -2.9880090965056776 2.03233309555801E-6
0.5545636835883077 0.3556764304088847 0.6177538478583585 | -1.677688863378321E-8 -2.987999657487005 -1.467049577667814E-7
0.5531106723121371 0.35422345073543265 0.6904044995699212 | -1.588372417904419E-10 -2.9880000075596667 1.7293877576679867E-9
0.6126419646649923 0.3536752474564802 0.2623091615696178 | 6.622993797202097E-8 -2.9879996996539364 1.6571461265278388E-9
0.6156871884742305 0.3547585362207281 0.3343146911981967 | -3.8768748596606335E-7 -2.9879992152442525 -1.662760379866668E-7
0.6177544080783002 0.3556758924553989 0.3954370484852106 | -1.5434213125107108E-6 -2.987997160217027 -2.2700257508228671E-7
0.618861437519415 0.3563446738971606 0.4492523777021792 | -1.5983738335305417E-6 -2.987996978976415 -6.901223517890722E-8
0.6188613860291864 0.35634491453025846 0.5007483172513276 | -7.855794085455415E-7 -2.9879984029792497 -9.938107692306786E-9
0.6177538471834645 0.3556764302402838 0.5545636830168487 | -1.4668711760301509E-7 -2.987999657537558 -1.679990437528562E-8
0.6156852445885601 0.35475811330608487 0.6156852445567772 | -1.5003258144081556E-9 -2.987999989756465 -1.50680344564265E-9
0.6126400737730102 0.35367432450209413 0.6876906568914759 | -2.473797896825671E-11 -2.988000000398261 1.721796700697018E-11
0.683852470189838 0.35320906114846706 0.2661477256902611 | 6.713516432208623E-9 -2.988000018365526 7.846014626025611E-10
0.6876908365775203 0.3536742829616613 0.337359922192543 | 1.1566954007659213E-8 -2.988000035231839 4.314765708972141E-9
0.6904044840552982 0.35422333620825924 0.3968893320041767 | 2.017414157750687E-8 -2.9880000594451634 3.8416553344575665E-9
0.6915463415170039 0.3547581270018257 0.44955952364985835 | 1.9939102218895558E-8 -2.9880000562085316 7.049699571673595E-10
0.6915463524219376 0.3547581766243737 0.5004404960475682 | 1.0057442833054886E-8 -2.988000030314222 -4.613093432651288E-10
0.6904044995122711 0.35422345072714456 0.5531106723015464 | 1.7298434302263676E-9 -2.9880000075599265 -1.599569179310896E-10
0.6876906568790114 0.35367432450393704 0.6126400737622744 | 1.7136678697255564E-11 -2.9880000003982143 -2.4620213937783522E-11
0.6838522723541038 0.35320903826571143 0.6838522723534618 | -4.664910946389092E-12 -2.988000000001289 -4.663055556154395E-12
0.25595497246239035 0.4297024912632745 0.2559549776127268 | -0.1300785937836428 0.7005183436355792 -0.13007853869367292
0.25258920856949874 0.43161305263326066 0.3404113817297763 | -0.0729835190040314 0.7355677642306032 -0.006852854344923998
0.2572234749863765 0.30016471536747374 0.401092077351039 | 0.08165942185742694 -2.9267099713212006 -0.049713459277963855
0.255994516538627 0.3006359740105822 0.46118446661718887 | -0.009833837710198069 -3.1322296510913166 0.07475682274046243
0.2570175541014133 0.30202975919286235 0.5007942502398643 | 1.1133308588558647E-4 -2.990814370846363 1.0014145676636272E-4
0.2584543161330404 0.30153156433372635 0.5537161982637506 | 1.1115842576236454E-5 -2.9878729939308633 2.336148130146874E-5
0.26126110290193694 0.3015281878888972 0.6134730787511176 | -2.6967493284152147E-7 -2.9879999769056935 8.528625870123363E-7
0.26533837016357986 0.3014361833409839 0.684661539536175 | 4.288024362582517E-9 -2.9880000231316184 -6.694568171270757E-9
0.3404113684042892 0.43161304002783196 0.25258910464827494 | -0.00685309105659383 0.7355670672453827 -0.07298433561987087
0.3369630448792791 0.43203496135749 0.33696277564641114 | 0.0302800887050756 0.888713863081708 0.030280456079614194
0.33373671925173554 0.3284610713888129 0.40003267288876104 | 0.03348575845535745 -0.08766775267828984 0.03547990981411059
0.3293249070257671 0.29750958043010856 0.4611621144127832 | -0.01041786074247518 -3.2217192349656347 0.043467003795793394
0.329794282764878 0.30238239558523106 0.501142718897352 | -1.574794953971195E-4 -2.9930371797951665 -0.0017405670252500073
0.33116424445470327 0.3018299038193435 0.5552702618803828 | 3.147716664137634E-5 -2.987831311538404 1.74806083203259E-5
0.3333096957487482 0.3017066150394054 0.6166896073460613 | -6.276207512173591E-7 -2.9879985282080304 2.1615294950619847E-7
0.3365290404615106 0.301526598649195 0.6887383560372995 | 1.635608415768964E-8 -2.9880000594988725 -7.597664247868972E-9
0.4010919909676784 0.30016453866188686 0.25722404251856634 | -0.0497095846796527 -2.926709142392904 0.08162501422354577
0.400033962237971 0.32845764580419323 0.3337439250992892 | 0.035398074282244035 -0.08761638821267634 0.03369701396246438
0.40013859142110014 0.43763418179738744 0.4001342801388268 | 0.06419293718510755 0.8299040612517802 0.06410166620272402
0.3941034129496682 0.29647560882674373 0.4579333460037517 | -0.0025039280998588767 -3.234997201692762 0.03560637600234443
0.3930297061810461 0.3025146648008552 0.5010781799894619 | -6.322840285569505E-4 -2.9941248973037133 -0.0028192817585045815
0.39358009520046605 0.3020132262292192 0.5564119851967176 | 3.293767671753505E-5 -2.9881095897734866 3.355861074848027E-5
0.39476896912048764 0.3018568853329798 0.6188574332535345 | -7.593874198501584E-7 -2.9879934682829776 -1.903087252243354E-6
0.39635459132984086 0.30155296698965595 0.6915457845563145 | 1.8734666863808863E-8 -2.988000114146397 -1.508098094536726E-8
0.46118450782247083 0.3006360012587189 0.2559947599334373 | 0.07475894992530549 -3.132224720740906 -0.009830808847648531
0.4611533976889878 0.29751124175314275 0.32933019315945183 | 0.043268759242260584 -3.2214178804313063 -0.010520042096587733
0.45792009238211806 0.2964683227809858 0.3940990562318112 | 0.035648836764703914 -3.2349306715734683 -0.0024879203337700986
0.4510884819343095 0.2981613518459443 0.4510836267769198 | -0.0015079980836439255 -3.1519547095656404 -0.001519543764149391
0.44901172481690527 0.3027955019631576 0.5015943106277838 | -1.401173549109473E-6 -2.980666700899304 -0.004299172144345438
0.4488493989629433 0.30225790551216947 0.557355465567711 | -1.1211062246245452E-5 -2.9882486752985056 8.422135534104819E-5
0.44905745795266083 0.3020538660146206 0.6200982438788744 | 2.00492617054081E-8 -2.98799156125231 -2.9642130595969435E-6
0.4494556586460292 0.3016569639711433 0.6927351747429592 | -7.869011602948134E-10 -2.9880001188817613 -1.594986916392512E-8
0.50079418608935 0.30202974560809437 0.25701766734747766 | 1.0018642641425878E-4 -2.99081778564324 1.1081486991349757E-4
0.5011428708024264 0.30238201270023535 0.3297943693892029 | -0.0017353336440252927 -2.993026863641939 -1.580305708841954E-4
0.5010778871774616 0.30251437809142034 0.3930297005491215 | -0.002813525910951641 -2.9941343181234727 -6.286659181041594E-4
0.5015938777684906 0.3027954135395647 0.44901114085586435 | -0.004303556698786654 -2.9806703054505044 -1.3363303808508462E-6
0.5016670036079045 0.3026271096602647 0.5016670437530519 | -3.365987024947674E-4 -2.9851106368197105 -3.3634540725640123E-4
0.5011597588051406 0.3022701689320338 0.5573694726940097 | -6.045528782133236E-6 -2.988135143716814 5.906155248171296E-5
0.5009418523422334 0.302055331268387 0.6201001550571531 | 1.2559527404371735E-7 -2.987995047346138 -1.8054172457790449E-6
0.500544305820287 0.3016570822614952 0.6927354248500265 | -7.170013308661913E-9 -2.9880000919733787 1.4627060841080445E-8
0.5537161881529721 0.301531557674219 0.25845431485467923 | 2.3350146033962976E-5 -2.987872915671048 1.1123545782707814E-5
0.5552702257042637 0.3018299455607468 0.33116423081696317 | 1.755179706486444E-5 -2.987831984924037 3.145251552529625E-5
0.5564120381708857 0.3020132733360656 0.3935800976263286 | 3.369426261441102E-5 -2.9881108415720807 3.285358336112218E-5
0.557355481493732 0.30225791588223494 0.4488494346625875 | 8.463880727168293E-5 -2.9882487816556047 -1.1421176136808617E-5
0.5573694405533546 0.30227016016813896 0.5011597317174002 | 5.912105990180562E-5 -2.988135125856202 -6.1046179872933784E-6
0.5564387475728158 0.30204209652534114 0.5564387463736211 | 3.4185923008736423E-6 -2.9880230069653297 3.416748353601261E-6
0.555232140948746 0.30186144881154103 0.618861807027069 | 1.3613398961612175E-8 -2.987998831012543 -3.964346656555362E-7
0.5536454060027107 0.30155328407305554 0.6915464158259059 | -2.2663371445986336E-9 -2.988000028288314 3.6779169223219878E-9
0.6134730776964692 0.3015281871033733 0.26126110284241055 | 8.545026380027686E-7 -2.9879999774664343 -2.697350736953308E-7
0.6166896070961496 0.30170661274135685 0.3333096947334387 | 2.0764156325387248E-7 -2.9879985189792513 -6.287673118971332E-7
0.6188574361960341 0.301856887405625 0.39476896893758523 | -1.9102710223180895E-6 -2.987993451771508 -7.558892625746919E-7
0.6200982472032373 0.30205386805266743 0.4490574588470581 | -2.968487784928533E-6 -2.987991553706005 2.799022926067914E-8
0.6201001558452237 0.30205533205875545 0.5009418539463 | -1.808039069004037E-6 -2.9879950461643348 1.296103240746964E-7
0.6188618059036993 0.30186144890451877 0.5552321399251877 | -3.9689194577078163E-7 -2.9879988310364265 1.4114958279422801E-8
0.6166905500700153 0.30170857554408653 0.6166905500262446 | -3.02538982057525E-9 -2.9879999541276656 -3.0429053233530126E-9
0.6134709859044883 0.3015269025429147 0.6887387630428121 | -3.0063468695434356E-10 -2.988000002074813 1.5814264452046748E-10
0.6846615395478519 0.30143618336557165 0.26533837013578204 | -6.692134241218471E-9 -2.98800002312286 4.290904529440703E-9
0.6887383559168737 0.30152659850332875 0.3365290404266143 | -7.594847292286717E-9 -2.9880000596114624 1.6369845227747202E-8
0.691545784641222 0.3015529669162695 0.39635459129281614 | -1.5118308104674842E-8 -2.988000114239246 1.869249667511156E-8
0.6927351747704217 0.3016569638629962 0.4494556586665458 | -1.5958303090609937E-8 -2.988000118950855 -8.944296180587459E-10
0.6927354249532668 0.3016570822559745 0.500544305866612 | 1.4656157606574769E-8 -2.9880000920155476 -7.247447237757272E-9
0.6915464158218146 0.30155328406874266 0.5536454060402278 | 3.6855443050730613E-9 -2.988000028294063 -2.285459125855714E-9
0.6887387630187799 0.3015269025434756 0.6134709858863109 | 1.5868248759981147E-10 -2.988000002074887 -3.014810479336188E-10
0.6846616238532303 0.30143637196308154 0.6846616238522892 | -2.080794310163399E-11 -2.9880000000016205 -2.0798741526108094E-11
0.25221669301655625 0.4339596835961545 0.2522166976704295 | -0.1583720175945561 0.322783496271389 -0.15837198418461998
0.2500832173380714 0.43740833489721276 0.34061734945622696 | -0.07764582098581034 0.36188190739096876 -0.016053098481558514
0.25791754150251966 0.30102898538502865 0.4000334678386809 | -0.005779382669020767 -0.017297164576553458 0.008391251955721792
0.2565461500160653 0.24301733491321934 0.45896976657686517 | -0.0013139733001607814 -3.15929602190567 -0.005763990780105736
0.25687838497909693 0.2505091432607422 0.5001746233202454 | 1.2811667078076075E-4 -2.992707047672913 -0.001024074431503243
0.25848591075812444 0.2506241820531284 0.5537250227515301 | 1.7123541665402112E-5 -2.9877306493015685 4.69793964714047E-6
0.26126112157771303 0.2506952707710062 0.6134702955985873 | -5.744254779346696E-7 -2.988003546132333 2.2594629919909233E-6
0.2653384643710534 0.25078919792601045 0.6846614159398073 | 7.3807844462090304E-9 -2.9879999908428223 -7.172898550227851E-9
0.34061734624111917 0.43740829704759915 0.25008314185823277 | -0.01605316775695615 0.3618812329940316 -0.07764599943689178
0.3378933210866577 0.4438153181077049 0.3378932498082916 | 0.036309470877138234 0.6185760313157149 0.036313891694893234
0.334345625047534 0.33825082261687195 0.40007229103817077 | 0.0038648470415245536 -0.005801048772136255 0.008395487114354856
0.3297690632009517 0.24052334983103899 0.45694912387272374 | 7.045874970122142E-4 -3.19788355388543 0.008879471583639746
0.3298890243210852 0.24988641665445666 0.5006656666910472 | -2.3348806834479378E-4 -2.996874532554631 -0.0015932242323000983
0.33116814238963477 0.2503176892932997 0.5551958043397793 | 5.3933512009879434E-5 -2.9877144063813663 -2.160952387403614E-5
0.3333108474057224 0.2505113054606451 0.6166844420483599 | -9.004447799437358E-7 -2.9880030263298636 3.7820038995800514E-6
0.336529188981903 0.25069860693081897 0.688737984122452 | 7.969579007223918E-9 -2.9880000130316344 -1.06991884159854E-8
0.40003351179417335 0.30102880054317005 0.25791802522680973 | 0.008391513568260149 -0.01729669023064488 -0.005778117976752584
0.40007481463205846 0.3382444245475122 0.334351647103776 | 0.008384433578448458 -0.005816839669778883 0.003893233154507916
0.40161578050505664 0.4495895115487285 0.4016088904496363 | 0.06158996462874574 0.539751305381596 0.06148945746984917
0.39362418088356305 0.24078038061879348 0.45310025272376203 | 0.007383537980299529 -3.207281800032521 -0.04165254267980501
0.3931524258293271 0.24978587968969493 0.500932428041169 | 3.507941037116214E-5 -2.9940030193728266 -0.0025167057186798896
0.39355938306000243 0.2501394912264484 0.5563268485830829 | 2.2562650541651088E-5 -2.9879800836485724 -5.213869497614912E-5
0.39476915893680803 0.2503601844197302 0.6188528172969224 | -1.8995655381269926E-6 -2.9879960807697152 3.9479056044249864E-6
0.39635458573785703 0.250672312498617 0.6915455611073591 | 1.1609911724697636E-8 -2.9880000842590095 -3.3132107783766466E-9
0.45896979746468974 0.243017372085732 0.25654692730740425 | -0.005770869730340609 -3.1592921592567693 -0.0013057292224626827
0.4569318367983665 0.2405338847212448 0.3297744521219073 | 0.008676308814244704 -3.197436146632885 5.429696832795032E-4
0.4530907793278931 0.24077176366423095 0.3936104715622506 | -0.041084437682722505 -3.2076465628351407 0.007229719590635885
0.44987536362998876 0.2437129504223282 0.4498636056395364 | -0.008577460018562777 -3.1253926836298955 -0.008752979107698082
0.4490784166897849 0.2498608527330001 0.5016501983161623 | -8.978536838690615E-6 -2.9775803693687437 -0.002204581148279548
0.44882090008300174 0.24995636955770736 0.5573329122351309 | -3.914063438918177E-5 -2.988349744156467 4.391950514837417E-5
0.4490556847436608 0.25017030582040883 0.6200956189117729 | 4.1847864995423255E-8 -2.9879921566980157 5.100624043818915E-6
0.4494555345850438 0.2505683020978792 0.6927347026503331 | 1.956893774432388E-9 -2.9880001260932194 1.9974780362262324E-8
0.5001742200674811 0.2505089253281226 0.25687902260896467 | -0.0010234351414437379 -2.992719897319269 1.2506708662309303E-4
0.5006666820928624 0.24988740439928173 0.32988859074934845 | -0.0015981409626707175 -2.99680916873046 -2.3296064338968316E-4
0.5009326569000552 0.2497891146750669 0.39315226337652154 | -0.002594242846984083 -2.9938771915668516 2.9286045826661168E-5
0.5016495452638937 0.24986166303246662 0.4490783286004043 | -0.002217809010141703 -2.9775766418397374 9.14657577876223E-7
0.5017152773406521 0.24979504409279557 0.5017155859854351 | -1.1115704142873927E-4 -2.984352561692235 -1.0731519397466374E-4
0.5011584990151753 0.24997982104218858 0.557381376643106 | -1.1432471866536418E-5 -2.988231947224593 7.506585136668792E-5
0.5009404890308136 0.2501716428828113 0.6200993514990516 | 1.0365543384729996E-6 -2.987991367411918 -3.927548645471448E-7
0.5005442049575525 0.25056836183356773 0.692735165459965 | 1.2710130351267014E-9 -2.9880001454524043 2.2610877336067267E-8
0.5537250094302287 0.2506241531250893 0.258485867566668 | 4.673795121184005E-6 -2.9877304182818314 1.7187351789985285E-5
0.5551956729507458 0.25031773644695354 0.3311681655497458 | -2.1576732169794873E-5 -2.9877165165598085 5.432742144581305E-5
0.5563269560740873 0.2501394659956368 0.3935594112078183 | -5.260168584816424E-5 -2.9879821109040976 2.2366666151039345E-5
0.5573329526716261 0.24995635197720123 0.4488209347138704 | 4.354465422788659E-5 -2.9883505145787015 -3.990902861879463E-5
0.5573813621464963 0.2499798239958976 0.5011584685371694 | 7.532671021788396E-5 -2.988232020697609 -1.1740889192360475E-5
0.5564469279101099 0.2501952234889619 0.5564469225243648 | 3.7164742782527317E-6 -2.9880392273548275 3.6822600719856503E-6
0.5552320151758876 0.250365440043961 0.6188624286740546 | 2.3055507989228532E-7 -2.98799761114187 -5.106739163874977E-7
0.5536453685818882 0.2506723116992255 0.6915464636743397 | -3.4017939812152045E-9 -2.9880000599040075 7.58312468792257E-9
0.6134702949168274 0.25069527303840833 0.2612611254485772 | 2.2644684796480367E-6 -2.98800354755775 -5.741112207387434E-7
0.6166844360252267 0.2505113019329247 0.3333108444002803 | 3.7692110078639034E-6 -2.9880029960599286 -9.021919086808228E-7
0.6188528150692475 0.2503601799485501 0.39476915598593193 | 3.969529329091424E-6 -2.9879960527325236 -1.9017953628664766E-6
0.6200956172692604 0.2501702995557859 0.44905568630950327 | 5.119683115700445E-6 -2.9879921500766056 5.573856638168941E-8
0.6200993522782805 0.2501716421493933 0.5009404915803383 | -3.9602670226142685E-7 -2.987991359788528 1.0489932834514414E-6
0.6188624280381224 0.25036544030296337 0.5552320146523702 | -5.128141118622543E-7 -2.9879976105478914 2.3340884847771957E-7
0.6166909966814413 0.25051695581333805 0.616690996669962 | 1.0325674808854611E-8 -2.987999882861408 1.0412808716701541E-8
0.6134709895181617 0.2506986523890155 0.688738840541548 | -9.632112034425212E-10 -2.988000006008703 7.22216869938395E-10
0.6846614159908819 0.25078919796459026 0.2653384643430103 | -7.1750998549357504E-9 -2.987999990843097 7.381717099824227E-9
0.6887379838875403 0.2506986068970062 0.336529188995021 | -1.0660663243337866E-8 -2.98800001318158 7.969749818217023E-9
0.6915455609078358 0.2506723124595148 0.3963545857585755 | -3.2276396750330026E-9 -2.9880000844497583 1.1541598967441178E-8
0.6927347025528503 0.2505683021369723 0.44945553455635867 | 2.0007576260708817E-8 -2.9880001262113693 1.8246406047680622E-9
0.6927351654734342 0.2505683618506215 0.5005442049133622 | 2.263529515419296E-8 -2.988000145555441 1.13842398123913E-9
0.6915464636938589 0.2506723117141892 0.5536453686188781 | 7.60919302397626E-9 -2.9880000599326517 -3.4662135588198973E-9
0.6887388405300902 0.2506986523863233 0.6134709895091891 | 7.263015354910273E-10 -2.988000006009913 -9.69645898436499E-10
0.6846616333250969 0.2507891500704843 0.6846616333244703 | -4.3050609852063076E-11 -2.987999999941767 -4.302092887816582E-11
0.24923731615863134 0.43214617118960097 0.24923732013461994 | -0.1741691314613797 -0.03323115710954 -0.1741691086077868
0.24824841831384867 0.4368460457301334 0.3405898775240127 | -0.08011937451407929 0.007392376698803504 -0.022420426160552676
0.26042989565356656 0.32179855747716063 0.4000459367373833 | -0.012380325681750914 -0.019912773824716762 0.01018896307580462
0.25860384310593815 0.18738229517477265 0.44918273714705315 | 0.004538828615871789 -3.114957758435264 -0.05345640684634325
0.25818377945139115 0.1966956443553365 0.5001567968422209 | 2.1148402673466194E-4 -2.991251039023975 -7.281298106514027E-4
0.25963616199117767 0.1979839541060427 0.5530479642467575 | 1.0041373129339395E-5 -2.9877494714477053 -1.6137071614635698E-5
0.26231255318539715 0.19854955603194702 0.6126400026712446 | -2.7420504978435304E-7 -2.988006108778415 -1.3236687502866885E-6
0.2661477630192632 0.19901645940646373 0.6838521290792707 | 6.728144191225965E-9 -2.9879999403572364 -1.680527536121079E-8
0.3405898699660253 0.43684599365731974 0.24824834460565356 | -0.02242064753342346 0.007391688922537398 -0.08011957349854935
0.3381338022674675 0.45310242458690736 0.33813370778168783 | 0.028939679364362036 0.345343315065465 0.028941533779147852
0.3346818746475092 0.3385455736717823 0.4000651339735207 | 0.0033912746104038712 -0.005828212771053578 0.008378561530486458
0.3312793233199309 0.18355187714270596 0.4484267038669665 | 0.0035671076873193745 -3.1566822038198477 -0.04061200397353332
0.3310111886117066 0.1949433764893012 0.5006402495918398 | -4.978357155347277E-5 -2.992561124305757 0.001195200642780035
0.33227991180825145 0.1965605156834562 0.5544333660773574 | -3.3369101567031883E-6 -2.987495579960495 -3.375624874873571E-5
0.3343173956237178 0.19746708544699773 0.6156788984925998 | -3.537338392496653E-7 -2.9880098265054316 -3.2607655719042745E-6
0.3373599440086424 0.198551235026859 0.6876902304538866 | 3.6964740819545725E-9 -2.987999912792218 -3.929519178898197E-8
0.40004597352669313 0.321798601550286 0.2604301741253178 | 0.010189791857635517 -0.01991317038493944 -0.012379179123283153
0.4000615423016188 0.3385440480987919 0.3346885648158726 | 0.008365038064915883 -0.005845307919924876 0.003418486985442989
0.3998643761965959 0.3031604708698508 0.40002764812306846 | 0.008644349407295363 -0.033017121203135893 0.009486850533932766
0.393793912927073 0.18431920626690845 0.4494458647715576 | 0.0016806913045551066 -3.141754537309719 -0.04270915846331786
0.3939347014213317 0.1940178944047212 0.500739810421303 | 7.675102129418948E-4 -2.987143909989975 0.006257774141657738
0.39438380521253086 0.19553263516384195 0.5554696553675729 | 7.903505572417276E-6 -2.987725393046312 7.33848843137031E-6
0.395434202599453 0.19655187446165998 0.6177472136775165 | 4.848483308277733E-7 -2.9880043402110146 -2.907988051928861E-7
0.39688943704495194 0.19800210908624005 0.6904038959225947 | -4.9595205971677076E-9 -2.987999990425052 -7.4255054555783805E-9
0.449182929655873 0.1873824309165514 0.25860484049441673 | -0.053456745390513864 -3.114954801319715 0.004540499443653083
0.44841820144624617 0.1835667694499932 0.33127778967340155 | -0.040542073976681525 -3.156384853759271 0.0033936959316744762
0.44946700681174473 0.18432133735341213 0.3937669098487494 | -0.042079447342237536 -3.1417472852070194 0.0011851058292601086
0.4496517246123913 0.1874859333631549 0.44962998306533536 | -0.004364248577834743 -3.084128533611899 -0.004827852190858893
0.44935040924663944 0.19387652228391722 0.5014575175607314 | 8.620138138476583E-4 -2.9767171568668576 0.0014863963921895
0.4490245444959271 0.19471534934974533 0.5564106542248369 | 3.1571829332183324E-5 -2.988167192069408 -2.0986186001466765E-4
0.4492468048205664 0.19587989611422912 0.6188533333048664 | 4.1089200837986037E-7 -2.9879940364578808 -2.6687347340164604E-6
0.4495594666864375 0.19746737430284067 0.6915454607950268 | 1.129853172975175E-8 -2.988000094129028 -2.8716639186504544E-8
0.500156186096418 0.19669520972753862 0.25818461362508865 | -7.262130510646665E-4 -2.991272682796368 2.1071446995832305E-4
0.500643213214522 0.19494499059507747 0.33100891647937875 | 0.0012146487115443773 -2.9925088401231457 -5.331492478310128E-5
0.500741908762531 0.19401938010211153 0.3939340216851297 | 0.006269423052505408 -2.9871404931869345 7.667319282417775E-4
0.5014569293119902 0.19387768045726142 0.4493522916113435 | 0.0014706441342705533 -2.9767126902437653 8.957117112698527E-4
0.5015072420060129 0.19389134583822015 0.5015079227212165 | 1.5687944021175427E-4 -2.9841437863269635 1.6855120071499353E-4
0.5009308028788808 0.19468956154040262 0.556474429220036 | -4.146307041211631E-5 -2.98831869865344 -8.992439333394159E-6
0.500744580162489 0.19588128103207833 0.6188585375777518 | -1.1937090469773897E-6 -2.9879909822727204 -2.8698478620247493E-6
0.5004402269519269 0.19746732614526455 0.6915457377156101 | 8.961920500375746E-9 -2.9880001423993097 -3.4111363557921663E-8
0.5530480366511452 0.19798396476969848 0.259635972848878 | -1.6095181647306145E-5 -2.987749037988221 9.999325216286796E-6
0.5544334001308684 0.19656047499718296 0.3322799721461502 | -3.3799933895515255E-5 -2.9874971601680897 -3.0050979417570495E-6
0.5554694914854652 0.19553258966803705 0.39438390852923644 | 6.6944352866591264E-6 -2.98772604213035 7.756832553805332E-6
0.5564104576472585 0.1947152382311206 0.4490245430290759 | -2.1195958387810234E-4 -2.988167014100212 3.1262031580102255E-5
0.5564744360547093 0.19468952926348723 0.5009307598587792 | -8.56352432405067E-6 -2.988318907026111 -4.221409267246355E-5
0.555620582643013 0.1955189419608753 0.5556205715871203 | -2.5666408558356706E-6 -2.988059764693505 -2.700910012875281E-6
0.5545638003808732 0.19655000954510138 0.6177564700857731 | 2.914338222259491E-7 -2.98799572496903 -4.217587577923383E-7
0.5531105364465594 0.19800208861192356 0.6904045540738795 | -8.666826989160396E-9 -2.988000084335906 1.586962522018777E-9
0.6126400050915222 0.1985495590393101 0.26231256169807515 | -1.3284759915189162E-6 -2.988006110724192 -2.751023885226832E-7
0.6156788890956401 0.19746709317430272 0.33431739700787194 | -3.23959102763631E-6 -2.9880098010404454 -3.5921605896510643E-7
0.6177472089868575 0.19655187385266631 0.39543420368230836 | -2.9595382882032215E-7 -2.9880043197358717 4.940749457182391E-7
0.6188533306797069 0.19587989721287746 0.44924680258007693 | -2.6700172579256335E-6 -2.9879940341401077 4.197703092639205E-7
0.6188585354517159 0.19588128322545167 0.5007445771987343 | -2.8725427239776913E-6 -2.987990976238092 -1.1871660852823688E-6
0.6177564697621346 0.19655001013498175 0.55456380019759 | -4.2647678409160357E-7 -2.9879957226633116 2.9867872572220417E-7
0.6156866661754473 0.19746749053014598 0.6156866661855499 | 1.4675610614302228E-8 -2.987999699933799 1.5245367498860074E-8
0.6126400961372112 0.19855122096014532 0.6876908908646264 | -1.5852125215847507E-9 -2.988000013679902 1.307456762607335E-9
0.6838521290654321 0.19901645941363852 0.2661477629584216 | -1.683809929510726E-8 -2.987999940352209 6.723472455936364E-9
0.6876902299774862 0.19855123491414522 0.337359944042103 | -3.9268661993153364E-8 -2.987999913016589 3.7455736221067566E-9
0.6904038956511066 0.1980021089865213 0.3968894370139136 | -7.255919171508012E-9 -2.9879999905990444 -5.0184855815690246E-9
0.6915454607201474 0.19746737424031788 0.44955946661925583 | -2.882345841314978E-8 -2.9880000942589295 1.117686959394441E-8
0.691545737656925 0.1974673260950383 0.5004402269418455 | -3.415119422789984E-8 -2.9880001425175675 8.84518731246685E-9
0.6904045539744904 0.19800208859769386 0.5531105364051085 | 1.605358211520667E-9 -2.9880000843867016 -8.75712370852802E-9
0.6876908908590543 0.19855122095898223 0.6126400961331234 | 1.3187560585196328E-9 -2.988000013685059 -1.6032323826433066E-9
0.6838523014662289 0.19901648316161757 0.6838523014656684 | -1.635217372857213E-11 -2.9879999998907434 -1.6425995415220456E-11
0.24892977663231652 0.4190165013205553 0.24892978099680654 | -0.1551971758083831 -0.35301239439580534 -0.15519715957220376
0.24879865146561597 0.4262958461525351 0.3405009351511595 | -0.05711619570209457 -0.2228699382017509 -0.014607684732767055
0.26658661547096063 0.3482721979474568 0.40005503304808704 | -0.01639795365297353 0.0025186929042629604 0.0071428278256949205
0.26180912650040333 0.13092495215944627 0.4423199189018777 | 0.003950414862128388 -3.052778072597702 -0.04516865821542037
0.2613118136599653 0.13659906399718622 0.500531719173782 | -6.58359282228273E-4 -2.9851109743449693 0.005673567286080185
0.26232630398371426 0.13850143032871076 0.5525400408764815 | -3.6486422951981336E-5 -2.987912983026167 7.557546653333825E-5
0.26502879664806106 0.1403054909554154 0.6108049231713768 | -8.602554595759062E-8 -2.9880056290564667 -7.951202299767453E-7
0.26880940112281004 0.14263868991630996 0.6811905273383589 | 3.040831934372906E-9 -2.9879998755778354 1.8711098078156524E-8
0.3405009301617864 0.4262958260280921 0.24879857626283208 | -0.014607846729073438 -0.22287035252057766 -0.05711627962738173
0.33825831472958573 0.448335739075499 0.338258202607795 | 0.02986014853477362 0.01418729838124826 0.029861546261465123
0.33811204316825555 0.3542513176161978 0.4000749148596865 | -0.0014178943182614643 -0.00756942054379037 0.006497268145673624
0.3340182672228645 0.12603748800180836 0.4410455856775907 | 0.005336930870909384 -3.081359282890407 -0.04593747128426882
0.3332623677172287 0.1332817896224594 0.5010246886986283 | -9.224901885844743E-4 -2.985548371051932 0.010048868912425547
0.33431827442549933 0.13546908202152055 0.5536184198728306 | -6.297504011863817E-5 -2.9878201224390315 2.7124541280045336E-4
0.33619364919102857 0.13730869918451383 0.6138036072744864 | 1.5560348844561518E-7 -2.98801186105719 1.8142548235293143E-6
0.3391941961016291 0.1403070827052767 0.6849715764334717 | -1.0541857142963834E-8 -2.987999733497753 5.015601317297625E-8
0.40005503296477796 0.3482721979377337 0.26658661345250506 | 0.007143480659782231 0.002519161974213841 -0.0163972841824881
0.4000749148596865 0.3542513176161978 0.3381120431682556 | 0.006494639088819061 -0.007599391222049189 -0.0013899715901891621
0.40379197114217397 0.325843146803817 0.40395659017082125 | 0.05661172287847628 -0.3499557393989793 0.058056973794244716
0.3937104591983361 0.12491699801497028 0.4422972066052292 | -0.0028156064759673064 -3.0706733265346555 -0.04389727726572783
0.39473384711190007 0.1314421725375001 0.5011271577093657 | 5.624114661583066E-4 -2.984332306061521 0.00939754620091909
0.39541582597940433 0.13341721850449287 0.5545457661046694 | -4.290257824509641E-6 -2.987943897486535 2.3429067089131462E-4
0.3963535427158702 0.13542941898669072 0.6156813157205632 | 4.103369615370522E-9 -2.988006819206281 3.2879539847713553E-6
0.3974385993487309 0.13847282177623277 0.6876901619630381 | -9.534832176778094E-9 -2.987999856030706 3.98131734985828E-8
0.4423201299137269 0.1309250596041966 0.2618096771666517 | -0.045170290015155753 -3.052779689755148 0.0039523694865046715
0.441042214960009 0.12604664146057729 0.33401409514483477 | -0.04592700319499224 -3.0812097933274756 0.005258249489863151
0.4423050058279003 0.12492880237119784 0.3936803762668844 | -0.043684629080545316 -3.070507243565282 -0.003226418456914482
0.4483190577925423 0.12581429945866518 0.4482941041906644 | -0.0015681572501131092 -3.0450863354249393 -0.0019032459002889445
0.4493321821748116 0.13098234591495356 0.501517606713733 | 0.0016259874428596404 -2.980254300992804 0.005194402634868851
0.44921795101958945 0.13223592154628133 0.5552283008611686 | 9.393241858041437E-6 -2.9882961618086723 2.0869914855731924E-4
0.44940178660880736 0.13442404024562024 0.616684260446731 | -5.224884336951307E-7 -2.9879929937448426 5.41288431912763E-6
0.4495858881116862 0.13764187359663876 0.6887380346269606 | -1.3662039525722835E-8 -2.988000069216311 1.2891427218967847E-8
0.5005316191919813 0.13659883463412337 0.26131203466522307 | 0.005678171481264173 -2.9851178989378577 -6.576080664198445E-4
0.5010259074565597 0.13328158802984097 0.3332601975010209 | 0.010041544006872048 -2.9855595478726373 -9.172670346511333E-4
0.5011304846785376 0.13143913223807194 0.3947336097747673 | 0.00940250404902773 -2.98437522816426 5.850739735774786E-4
0.5015160010126597 0.1309811358121625 0.44933424884516016 | 0.005180004862036938 -2.9802678157543245 0.0016611146336533206
0.5011878398300719 0.13101261498242017 0.5011888840737398 | 4.777732286008745E-4 -2.98523325803946 4.915484975655319E-4
0.5007865177325047 0.1322213068389766 0.5552887574507838 | 4.613495270928485E-5 -2.988311436887949 4.928835699283991E-6
0.500590920955871 0.1344225716476645 0.6166883498344903 | 1.529807950347269E-6 -2.9879892749567674 6.277973195093423E-6
0.5004139273991803 0.13764180593044828 0.6887381623305693 | -8.954044950382651E-9 -2.9880001763054653 1.9072182352578658E-8
0.5525401361569026 0.13850146448850295 0.2623261389743918 | 7.571193180587609E-5 -2.987912803088814 -3.6509800314107275E-5
0.5536185365971913 0.13546909223118808 0.3343182762043492 | 2.712569094449828E-4 -2.9878199351176127 -6.323702858464258E-5
0.5545455818546837 0.1334173848075226 0.3954159617845656 | 2.3405179537523699E-4 -2.987942920969892 -3.962286592211384E-6
0.5552281564711453 0.1322360468310789 0.4492180292189198 | 2.076416217056154E-4 -2.98829517652445 8.298786001160067E-6
0.5552887738520158 0.1322213461443323 0.5007864177495047 | 5.513479130747723E-6 -2.9883111405786207 4.51696657960033E-5
0.5545991280962365 0.13335306810462547 0.5545991078857986 | 2.263083908132182E-6 -2.988065813049626 2.0156324831258712E-6
0.5536469613334775 0.1354274347922317 0.615690321821475 | 3.24484327303851E-7 -2.987994324459206 9.666773264024735E-7
0.5525613191699753 0.13847264765677994 0.6876906844152127 | 4.720886074313315E-9 -2.9880001288883467 -2.5744172560295985E-9
0.6108049275105899 0.14030548896258732 0.2650288012947634 | -7.92970208062549E-7 -2.988005634676767 -8.494245410844793E-8
0.6138036004328423 0.13730869796402242 0.33619365432499154 | 1.8322441689688707E-6 -2.988011869643809 1.5233964866983786E-7
0.6156813069208203 0.1354294140633084 0.3963535467700228 | 3.303592015052241E-6 -2.9880068313911385 1.206264794088825E-8
0.6166842602346925 0.13442403773221687 0.449401780728311 | 5.405990833199066E-6 -2.9879930022051715 -5.054226278613331E-7
0.6166883519627526 0.13442256934074254 0.5005909205156559 | 6.2720499645751996E-6 -2.987989285065785 1.5424578072286525E-6
0.6156903202000258 0.13542743422808798 0.5536469608248982 | 9.59257189824253E-7 -2.987994327034404 3.362617773661538E-7
0.6138091071429183 0.13730658752999575 0.6138091072199816 | 1.4082155835372599E-8 -2.9879994123083717 1.5689641210372076E-8
0.6108058556826713 0.14030694934440932 0.6849721699246638 | 3.3057832630160146E-10 -2.988000028510712 -4.4897899769916913E-10
0.6811905273488162 0.14263868994356707 0.26880940116258756 | 1.8731214504358413E-8 -2.987999875503672 3.029620667879056E-9
0.6849715756246406 0.14030708286709495 0.33919419616207835 | 5.018794475071668E-8 -2.987999733390734 -1.0486903532074276E-8
0.6876901616811347 0.13847282190325133 0.397438599178995 | 3.9913849227492394E-8 -2.9879998558981393 -9.633260368846086E-9
0.6887380346110124 0.13764187367481648 0.44958588806477223 | 1.2762731124989158E-8 -2.9880000690897597 -1.3831192458866603E-8
0.6887381622640181 0.13764180600513345 0.5004139273829771 | 1.9025355852746453E-8 -2.988000176211722 -9.12859807321002E-9
0.687690684384209 0.1384726476761092 0.5525613192118098 | -2.5478151542917907E-9 -2.9880001288444613 4.562770840039573E-9
0.684972169886506 0.14030694934282426 0.6108058556531062 | -4.2441669290060716E-10 -2.988000028504817 2.890202197088848E-10
0.6811906482945121 0.14263862432123575 0.6811906482932477 | 2.363864342602095E-12 -2.9880000001188365 1.630835420557552E-12
0.25298994351386606 0.40077234367914605 0.2529899490954024 | -0.0903566591238629 0.0890471333960278 -0.09035659672429265
0.25080753540722683 0.40031182937181226 0.3394842355806858 | -0.05123185627989067 0.19420940899981964 -0.01439807617204592
0.25507439959802775 0.3694054192146398 0.4130230075934955 | -0.016846753965421127 -1.3397245032039837 -0.006918060914118459
0.26797808395069456 0.06525767110675348 0.43484741454459164 | 0.002477639303733508 -2.997023182191406 -0.03025863139620195
0.2662691176501923 0.06600823237366894 0.49945014372536023 | -2.8108531070774223E-5 -2.9863116845736934 4.283492275998593E-4
0.26612801991358953 0.0672453168529609 0.5521212761853244 | 1.3179892155658295E-5 -2.9880912003025104 -6.732552107875429E-5
0.2688054617263681 0.06992523611964176 0.6084765160137462 | 3.568499740136627E-7 -2.988000311465648 -2.050956010530037E-6
0.27296798888269447 0.07408062007267925 0.6770323235891655 | -5.187782344210895E-9 -2.9879999885658695 -1.8339980651448549E-9
0.33948422736095085 0.4003118093519225 0.25080746058858905 | -0.014398114205226367 0.1942094739854058 -0.051232344021483044
0.3372241087139958 0.40725687400400906 0.33722385430945206 | 0.011634949596101351 -0.33209073893584673 0.011636194656001587
0.3330063028475042 0.38556933937275345 0.417702621507702 | 0.0401472681778451 -1.2280849661134494 0.08119871995566794
0.3385209274336947 0.060928462646383956 0.43165132748915186 | 0.003037424791410928 -2.997161133438264 -0.03280090040365275
0.33672194415856316 0.06191971495653279 0.4992479889037988 | 1.2396722287279967E-4 -2.9858490405090574 4.1886575744755437E-4
0.33736654666739335 0.06339940217585126 0.5526891216858997 | 2.1082907229189623E-5 -2.988151192776032 -1.0161917806201915E-4
0.3391910665854538 0.0661469687591669 0.6108083696225839 | 7.877175583183854E-7 -2.9880014155065906 -3.272681631192666E-6
0.3415259743711578 0.06992204050551543 0.681190520420327 | -2.6372687272017943E-9 -2.9879999760749327 -5.5250832983286865E-9
0.41302277192559594 0.3694050876243268 0.2550751934997029 | -0.006920080297208625 -1.3397218296294031 -0.016850668554696278
0.41770478116569637 0.3855665127227131 0.3330083226921593 | 0.08121225152878234 -1.2280682927917674 0.04018604604681129
0.4111000670259137 0.38158367356438905 0.4110798565499202 | 0.17081066750410112 -0.8084894529982835 0.170560650607737
0.39138985710375207 0.05818395926626254 0.43502965102396535 | -0.005043689049743069 -2.996400644798036 -0.025226188679482904
0.3955868241966676 0.05931746890299269 0.499668578499477 | -1.9546121575342166E-4 -2.985853094355751 4.2295215503525594E-4
0.396921351928876 0.060696631947486944 0.5531907877499828 | 5.591729673343643E-6 -2.98816685132969 -1.1835328592365057E-4
0.3974440664693937 0.06342721195667708 0.6126424016229448 | 6.106859368774431E-7 -2.9880001876772377 -5.852347107429712E-6
0.3979035323151476 0.06726039166122832 0.6838523094049777 | 2.665700841937303E-9 -2.9880000007901564 -1.0171174522882145E-8
0.4348474336185957 0.06525793994680615 0.2679783795955667 | -0.03025888194103163 -2.997023440911227 0.0024784282685431174
0.4316510191894325 0.06092808687950754 0.33852082915854925 | -0.03281488683191446 -2.9971602519855507 0.003048618407211381
0.43503047937177425 0.058188315512839074 0.3913865014118991 | -0.025220867702188565 -2.9963480600909254 -0.00508809588176171
0.4460491036228254 0.05607379180534611 0.44604932631867283 | -0.001601346123064573 -2.9940650313454817 -0.0015822474419470082
0.448249027743595 0.05826334326192237 0.49956834280986245 | -2.2736389271286848E-4 -2.9867006558627662 3.959396821189663E-4
0.4495958920160441 0.0595496129575167 0.5536138810052172 | -2.1687560109571135E-5 -2.988140897837054 -1.399979530061376E-4
0.44959199017975565 0.062375548275887475 0.613475693838199 | -5.429712511754713E-7 -2.9879969607673287 -5.458497498170115E-6
0.44967635175921244 0.0664512091105256 0.6846620285572622 | 2.5369610812638056E-9 -2.9880000582751354 -3.3437463582402314E-8
0.49945016945065585 0.06600813832969267 0.2662690298386387 | 4.282516996632479E-4 -2.986311771815522 -2.81134998144361E-5
0.4992474749865339 0.061920291997233735 0.3367218167829063 | 4.161282555696186E-4 -2.9858515823249787 1.2590263124111613E-4
0.4996679900848042 0.05931731970718177 0.3955874553758287 | 4.189174979272223E-4 -2.9858596124794894 -1.8693815683900664E-4
0.4995686963142577 0.058261845074951364 0.4482493984411979 | 3.9203049506232655E-4 -2.986703942004367 -2.2262920997327812E-4
0.5000276732381486 0.05841430000161631 0.500027706724817 | -4.83930952317237E-5 -2.9878121983976906 -4.8669158776944E-5
0.5003752532231152 0.059546751808033156 0.5535506302700952 | -1.1783342764823747E-5 -2.9880591708750526 -4.4127244496626944E-5
0.5004182075838233 0.06237235613882821 0.6134727439177187 | -1.1694507928828398E-6 -2.9879960596930837 -3.011383310137097E-7
0.5003238466239414 0.06645123932627083 0.6846620815621349 | 2.9530802578929582E-9 -2.9880000879682944 -1.9873010506412728E-8
0.5521212758821537 0.0672453196848627 0.2661280346472788 | -6.731451578453936E-5 -2.9880911937111927 1.3180466452308271E-5
0.5526891088865195 0.0633993228496672 0.33736660930815215 | -1.0159356606483506E-4 -2.988151009907776 2.0951231507082886E-5
0.5531909089534304 0.060696448363570146 0.39692129989496433 | -1.1806028543758048E-4 -2.988166566988947 5.237131010919273E-6
0.5536138986928465 0.05954969072862811 0.4495958513456389 | -1.3980669635482287E-4 -2.9881406483403645 -2.2048243323504123E-5
0.5535506330916543 0.0595468076374496 0.500375259909456 | -4.4020399981524764E-5 -2.988059084199307 -1.1926939824654473E-5
0.5530639848899012 0.06070065381068627 0.5530639830838158 | -1.1696768123167104E-6 -2.9880061822488466 -1.1617617410273874E-6
0.5525580937441369 0.06342087705158446 0.6126344082326908 | -3.2757010840480825E-7 -2.987998731043076 1.0403794212860924E-7
0.5520965246663181 0.0672604590773713 0.6838523168691412 | 6.751112665212686E-9 -2.988000045547326 -6.757841324081584E-9
0.6084765148454713 0.06992523514498288 0.26880546346840684 | -2.049397935332974E-6 -2.9880003149401166 3.5653720264348643E-7
0.6108083745139081 0.06614697159838412 0.33919106111509356 | -3.2655039623477516E-6 -2.988001415149354 7.842034007777478E-7
0.6126424026758485 0.06342722345525709 0.39744406728567505 | -5.839430652564449E-6 -2.9880002020076026 6.09667578699707E-7
0.6134756920158837 0.0623755527778322 0.449591993916128 | -5.450202474731606E-6 -2.9879969516653193 -5.32207965863891E-7
0.6134727429412633 0.062372354450983956 0.5004182077842031 | -3.056987059399154E-7 -2.9879960645033754 -1.1616266173610545E-6
0.612634408668022 0.06342087616147159 0.5525580939754441 | 1.0272424152553774E-7 -2.9879987320947974 -3.257987846402962E-7
0.6108025114336635 0.06614065009736406 0.6108025114477181 | -9.38125394976372E-9 -2.9879999347335726 -9.447731357376162E-9
0.608474042946622 0.06992213616104953 0.681190209381212 | 1.371328909697179E-9 -2.9880000083689198 -1.2044604756795408E-9
0.6770323237347738 0.07408062002541424 0.272967988754508 | -1.8230922307723476E-9 -2.987999988534276 -5.184813198165277E-9
0.6811905205227766 0.06992204053800885 0.34152597441685645 | -5.5092709817498085E-9 -2.9879999760575546 -2.615613083105285E-9
0.6838523093554613 0.06726039151768164 0.3979035323692373 | -1.0161097930697466E-8 -2.9880000006616974 2.6054107897502167E-9
0.6846620285525175 0.06645120900239875 0.44967635176768683 | -3.34832380871387E-8 -2.9880000583978115 2.439038373016883E-9
0.68466208159215 0.06645123930114141 0.500323846623529 | -1.9873474966989096E-8 -2.9880000879591986 2.85177194209858E-9
0.6838523168512464 0.06726045910066815 0.5520965246478798 | -6.743501200584613E-9 -2.9880000455200904 6.699703340341518E-9
0.6811902093850195 0.0699221361633225 0.6084740429504216 | -1.2009485512175921E-9 -2.988000008365777 1.365648547715839E-9
0.6770319412030956 0.07408069985719021 0.677031941202903 | 3.0897952609982233E-11 -2.988000000023513 3.0952660898889764E-11
