512
0.2634130166046876 0.08425419989107111 0.2634130166046876
0.26889903083105327 0.1040950535181879 0.31069070470079835
0.2633912151510611 0.09516173755515521 0.36912847973924273
0.2710092743899085 0.09094107065957066 0.437344319494826
0.27070235708960155 0.08997435079829953 0.5118604754719503
0.2592506501708531 0.09378734311472033 0.5792322697954024
0.27341834990338754 0.09108248078452211 0.6390159572107791
0.26474121084599783 0.08921293227168059 0.6910668531373259
0.3106907047007983 0.10409505351818843 0.2688990308310527
0.3026878261331536 0.13630821521655104 0.30268782613315387
0.31430556679746885 0.10283973238035547 0.36842465925058404
0.3078453121217801 0.10969531566277783 0.4365069907476584
0.3080905243914593 0.11285375176196373 0.5126641540060591
0.3134677497619784 0.10223210191749992 0.580637995952175
0.30266789396762417 0.13124558505992331 0.6472713416145887
0.3113472077161187 0.1187693426285562 0.6892147665187843
0.36912847973924245 0.0951617375551562 0.26339121515106223
0.3684246592505839 0.10283973238035539 0.31430556679746885
0.3634798573370195 0.13690861548909727 0.3634798573370192
0.3590453537010476 0.11086543384437464 0.4348165166305917
0.35832378069454907 0.1090244591042402 0.515619992066644
0.3633566438960234 0.1353090803735303 0.5849461824974064
0.3668196215676005 0.1004877794768202 0.6373657881756918
0.3708208745504282 0.1320693507486209 0.7011913242054002
0.43734431949482594 0.09094107065957041 0.2710092743899089
0.43650699074765864 0.10969531566277899 0.30784531212178
0.4348165166305918 0.11086543384437458 0.35904535370104784
0.4364099889103403 0.1040213908148974 0.4364099889103402
0.4366326465101063 0.10787808359246173 0.5132929973002934
0.43216192446456986 0.10283326891804971 0.5926643167094815
0.4377307182428967 0.08581384782518924 0.6355666153372698
0.4368458806438223 0.10575338950881497 0.692153828079467
0.5118604754719502 0.08997435079829912 0.2707023570896021
0.5126641540060594 0.11285375176196298 0.3080905243914597
0.5156199920666444 0.1090244591042405 0.3583237806945487
0.5132929973002934 0.10787808359246234 0.4366326465101061
0.5129406653589236 0.11295939663402911 0.5129406653589231
0.518005064457415 0.10232568577255308 0.5919078860657414
0.5122493790645865 0.08929484329043012 0.6356115745771227
0.5124219238625348 0.10594017945912063 0.6931078494999966
0.5792322697954025 0.09378734311472006 0.25925065017085286
0.5806379959521752 0.10223210191750072 0.31346774976197816
0.5849461824974077 0.13530908037353012 0.3633566438960239
0.5926643167094809 0.10283326891804873 0.43216192446456975
0.5919078860657428 0.10232568577255328 0.5180050644574155
0.5851442098617463 0.13616860321470028 0.5851442098617464
0.5814581439083207 0.10373753244096146 0.6380863676685328
0.5792139142214062 0.13064813419175275 0.701822649636334
0.6390159572107793 0.09108248078452214 0.27341834990338726
0.6472713416145889 0.13124558505992445 0.3026678939676241
0.6373657881756917 0.10048777947682148 0.3668196215676002
0.6355666153372692 0.08581384782518885 0.4377307182428975
0.6356115745771213 0.08929484329043086 0.5122493790645873
0.6380863676685328 0.10373753244096084 0.5814581439083202
0.6394112432531187 0.10095585529515856 0.6394112432531189
0.6375790300637866 0.10356865877003898 0.685069751705739
0.6910668531373253 0.08921293227168012 0.26474121084599833
0.6892147665187843 0.11876934262855506 0.3113472077161189
0.7011913242053995 0.13206935074862197 0.3708208745504283
0.6921538280794685 0.10575338950881513 0.4368458806438224
0.6931078494999948 0.10594017945912067 0.5124219238625347
0.7018226496363333 0.13064813419175147 0.5792139142214069
0.6850697517057385 0.10356865877003932 0.6375790300637869
0.6912385542407584 0.10041434634265513 0.6912385542407583
0.22149110278564946 0.10415377469646506 0.22149110278565032
0.22191072734783102 0.11884998769164774 0.3015938515363537
0.2199102846086372 0.10737228272963378 0.3826084317993233
0.2732044416617202 0.06528369743221754 0.4388817014905413
0.2728887284033421 0.06515812621096313 0.5105076195870729
0.22012010032827506 0.10498130609502132 0.5679323586353954
0.23038247332400177 0.10560886648216407 0.6493342255804724
0.2264838494456798 0.09798962393057732 0.7243096373014412
0.30159385153635354 0.11884998769164752 0.22191072734783135
0.30108854968244375 0.132660879452727 0.301088549682444
0.3115022126286182 0.09724626947057112 0.367366101017386
0.3028098561351297 0.10489390198100317 0.4356117059636554
0.3027642755711321 0.11032959704505566 0.5134044526159769
0.3107809737853905 0.09654092358103701 0.5814978281648789
0.3006785487940902 0.12961348406173737 0.6490064289864995
0.30197700288261176 0.14285725514144312 0.7340509292294607
0.382608431799323 0.10737228272963364 0.21991028460863746
0.36736610101738587 0.09724626947057112 0.31150221262861805
0.3617665246600744 0.12630125691979 0.3617665246600741
0.3547988342934171 0.09505414882868883 0.43179372915792286
0.354517134979769 0.09307671561785626 0.5182233953713986
0.3617157376759376 0.12502635259543707 0.5863897852996941
0.3652234685159407 0.09342510615253649 0.6393334423597524
0.38362498148580354 0.1270053427780179 0.737781415238135
0.43888170149054134 0.06528369743221725 0.27320444166172053
0.43561170596365567 0.1048939019810041 0.3028098561351298
0.4317937291579229 0.0950541488286885 0.35479883429341713
0.4358351817108668 0.09092271501130703 0.43583518171086677
0.4367754865821404 0.10015329653919607 0.5129655801190305
0.4289483672556517 0.08786230353723952 0.5964404657371967
0.43514958916898727 0.08646831920268526 0.6419050038144731
0.4371423435554276 0.08134571030359057 0.6888499551170634
0.5105076195870729 0.0651581262109627 0.2728887284033422
0.5134044526159771 0.1103295970450559 0.3027642755711317
0.5182233953713988 0.09307671561785641 0.3545171349797686
0.5129655801190304 0.10015329653919666 0.4367754865821401
0.5117595030191411 0.1130195501261285 0.5117595030191405
0.5211427360657033 0.08685683972517015 0.5956093167597447
0.5144881097450142 0.09326744945955898 0.6430898285357981
0.5119944038939025 0.08314880809914521 0.6899148304690885
0.5679323586353954 0.10498130609502104 0.22012010032827542
0.5814978281648792 0.0965409235810374 0.3107809737853905
0.5863897852996947 0.1250263525954369 0.3617157376759379
0.5964404657371964 0.08786230353723848 0.42894836725565166
0.5956093167597456 0.08685683972517035 0.5211427360657036
0.5862843382289238 0.1271130111823838 0.586284338228924
0.5831708812761655 0.09758785944702135 0.6397731105774306
0.5671596436105988 0.1223461721968136 0.7376943417675599
0.6493342255804724 0.10560886648216417 0.23038247332400136
0.6490064289864999 0.12961348406173837 0.30067854879409
0.6393334423597521 0.09342510615253706 0.3652234685159404
0.6419050038144726 0.08646831920268552 0.435149589168988
0.6430898285357977 0.09326744945955946 0.5144881097450147
0.6397731105774306 0.09758785944702046 0.583170881276165
0.6522617857168175 0.1354826073943922 0.6522617857168175
0.6481233558843621 0.1376097556394823 0.7310242189103514
0.7243096373014423 0.09798962393058004 0.2264838494456781
0.734050929229461 0.14285725514144337 0.30197700288261176
0.7377814152381352 0.12700534277801936 0.3836249814858038
0.6888499551170651 0.08134571030359106 0.4371423435554278
0.6899148304690869 0.08314880809914531 0.5119944038939027
0.7376943417675601 0.12234617219681555 0.5671596436105986
0.7310242189103513 0.13760975563948274 0.6481233558843622
0.7188659559238089 0.08958527006257987 0.7188659559238089
0.2104204868811794 0.13438361216976183 0.21042048688117979
0.20912473242251764 0.1166589281550936 0.3011531719322628
0.21456672769946544 0.09545712015905398 0.38134550398579803
0.24229073055350428 0.04864554253673502 0.44580388914545127
0.24505126983862852 0.047002634586462255 0.5046450423236254
0.21526661539274236 0.09286938398719644 0.5691426460501435
0.2082753578255591 0.11161970214183765 0.6493836038167767
0.2093209336246069 0.13806804854240287 0.7391414552902792
0.30115317193226254 0.11665892815509295 0.20912473242251822
0.30246061297633486 0.12107329252543653 0.3024606129763349
0.2857437374580311 0.16279846206039522 0.368939113646868
0.2868697842027696 0.14665098633322693 0.440196742687446
0.2871550034123632 0.14669138474689586 0.5097855100028632
0.28587470530828546 0.15543805168924416 0.5815370666123313
0.30216901454776984 0.11679499675401991 0.6480493574891654
0.3007404083559549 0.12705414391073513 0.7426369373329244
0.3813455039857977 0.09545712015905441 0.21456672769946517
0.36893911364686793 0.16279846206039508 0.2857437374580309
0.3666104959353529 0.14637046478313478 0.36661049593535266
0.3528723006349097 0.08307578401183409 0.4303319225099275
0.3529641949969905 0.08106656839861037 0.519299372325037
0.3661123218594688 0.14181668760672947 0.5831160420712819
0.3684598489377316 0.15002610650422413 0.6589811135159489
0.38015250849248683 0.09826265940550936 0.7404524580855363
0.44580388914545177 0.04864554253673639 0.24229073055350334
0.44019674268744596 0.1466509863332268 0.28686978420277015
0.4303319225099277 0.08307578401183344 0.35287230063490976
0.43513210584921425 0.07990413397470127 0.4351321058492142
0.4360922894569547 0.08717462908172875 0.5136086863934048
0.42794503720368254 0.07567179876623574 0.5969882183349112
0.44026196933442285 0.139021728528244 0.6603044020585985
0.44391112435059155 0.05963501192016159 0.7054265925550224
0.504645042323626 0.04700263458646105 0.24505126983862785
0.5097855100028631 0.14669138474689652 0.2871550034123622
0.5192993723250372 0.08106656839861051 0.35296419499698967
0.5136086863934046 0.08717462908172949 0.4360922894569544
0.51315399661847 0.09291630473368369 0.5131539966184697
0.5220629143726705 0.07377211330126024 0.5960130034216192
0.5102657812242104 0.13755743511743604 0.6592647829062882
0.5064263155745308 0.05838655600325307 0.7030296462852643
0.5691426460501433 0.09286938398719645 0.21526661539274275
0.5815370666123314 0.15543805168924002 0.28587470530828685
0.5831160420712808 0.14181668760673846 0.36611232185947085
0.5969882183349109 0.07567179876623445 0.4279450372036825
0.5960130034216202 0.07377211330126013 0.5220629143726707
0.5835271726410655 0.14038784891473727 0.5835271726410658
0.5838801653123601 0.12452641426465129 0.6512585411539046
0.5704720829528438 0.09335384313764812 0.7403576457320485
0.6493836038167766 0.11161970214183788 0.20827535782555887
0.6480493574891656 0.11679499675402057 0.30216901454776973
0.6589811135159471 0.1500261065042155 0.36845984893773065
0.6603044020585974 0.13902172852824238 0.4402619693344225
0.65926478290629 0.13755743511743795 0.5102657812242096
0.6512585411539059 0.12452641426465501 0.5838801653123594
0.6500935009142881 0.11206909443913847 0.650093500914288
0.6495446850062608 0.12275724543757535 0.74351013501653
0.739141455290279 0.13806804854240262 0.209320933624607
0.7426369373329239 0.12705414391073588 0.30074040835595495
0.7404524580855377 0.09826265940550798 0.38015250849248694
0.7054265925550219 0.05963501192016258 0.44391112435059094
0.7030296462852584 0.058386556003252134 0.5064263155745315
0.7403576457320484 0.09335384313765052 0.5704720829528439
0.74351013501653 0.12275724543757485 0.6495446850062612
0.7408110443826778 0.13953701224908055 0.7408110443826776
0.20801887575114983 0.11741795555370563 0.20801887575115008
0.2013310579782911 0.11267554715474715 0.30121685299349954
0.20549362499788307 0.08733499867017451 0.3805508690979771
0.17487374596977068 0.07508382734002024 0.44501852698269684
0.17535014153830503 0.07479262643276453 0.5050985704559272
0.20626332196334918 0.08488222531943565 0.5698892619606756
0.19901001862910137 0.11208992043970546 0.6485937217276454
0.20685525586761047 0.12221472227145795 0.7419847897414475
0.3012168529934992 0.11267554715474713 0.201331057978291
0.3004344526211576 0.12146624388265573 0.30043445262115775
0.28286655772144703 0.1644898354775847 0.36990319427237106
0.2852593112515955 0.1473473707043626 0.4406397162845449
0.2855125046987257 0.14670108293485393 0.5094886533574043
0.28226221241443433 0.16084158649796754 0.5807140216054736
0.2999125574581485 0.11764742739315519 0.6500261649423346
0.2998614447504807 0.11498698533407264 0.7498492245630327
0.3805508690979768 0.08733499867017465 0.20549362499788235
0.36990319427237095 0.1644898354775847 0.28286655772144675
0.3734823698967527 0.18011977695770054 0.3734823698967527
0.3794059580245667 0.1671443933996397 0.447678602920603
0.37841663074769977 0.17039982001300016 0.502249075512617
0.37371464805159027 0.179923985757989 0.5773798191309047
0.37078134733308665 0.16459183203499492 0.6643666377922823
0.3785933465665128 0.08541846751654654 0.748420034194085
0.4450185269826975 0.07508382734002006 0.17487374596977448
0.44063971628454485 0.14734737070436243 0.28525931125159615
0.44767860292060313 0.1671443933996405 0.3794059580245671
0.4331704728604122 0.06265714350505326 0.43317047286041216
0.4347759770078506 0.07068754854872658 0.5150737062356254
0.44772668928682885 0.1641698271898237 0.5743939761876757
0.4416579011949569 0.1433964429601498 0.6626081433310459
0.4448464224763495 0.07007445114378487 0.776792808880022
0.505098570455928 0.07479262643276462 0.17535014153830192
0.5094886533574043 0.14670108293485395 0.28551250469872475
0.5022490755126169 0.1703998200130004 0.37841663074769866
0.5150737062356253 0.07068754854872679 0.4347759770078501
0.5148499029379036 0.07390313041701671 0.5148499029379031
0.502282444082636 0.16720687398280268 0.5751995926101253
0.5088881477012481 0.14412135184821573 0.6621416629240046
0.504960542179604 0.06936398369241033 0.776461691631015
0.5698892619606752 0.0848822253194361 0.20626332196334965
0.5807140216054735 0.1608415864979678 0.2822622124144345
0.577379819130905 0.17992398575798785 0.37371464805159055
0.5743939761876758 0.16416982718982237 0.44772668928682907
0.5751995926101262 0.1672068739828023 0.5022824440826359
0.5779397516853227 0.1805212961027937 0.5779397516853233
0.5803311773331743 0.162376084719485 0.6668400391181661
0.5716483481859085 0.08242701101041416 0.7483745604972859
0.6485937217276454 0.11208992043970502 0.19901001862910137
0.6500261649423351 0.11764742739315685 0.2999125574581482
0.6643666377922834 0.16459183203499678 0.3707813473330869
0.6626081433310453 0.14339644296014759 0.4416579011949565
0.6621416629240067 0.14412135184821645 0.5088881477012475
0.6668400391181658 0.1623760847194864 0.5803311773331741
0.6531001984889492 0.11441725490951331 0.6531001984889491
0.6501360047742066 0.1138303250661545 0.7526216893307835
0.7419847897414472 0.12221472227145748 0.20685525586761072
0.7498492245630324 0.11498698533407294 0.2998614447504805
0.7484200341940864 0.08541846751654471 0.378593346566513
0.7767928088800237 0.07007445114377864 0.44484642247634854
0.7764616916310104 0.06936398369240823 0.5049605421796034
0.7483745604972841 0.0824270110104142 0.5716483481859089
0.7526216893307839 0.11383032506615437 0.6501360047742067
0.7436357630612839 0.12639664677527793 0.7436357630612838
0.2065034707283642 0.10237822565399901 0.20650347072836445
0.1957452311086269 0.08197505010044716 0.29796838638197504
0.19950892253159852 0.04906413729879895 0.3732809778776512
0.16784473881282055 0.041352071949946605 0.4415480806827536
0.16893646131677126 0.039698907809103616 0.5088003418150201
0.1991460582868672 0.045487746565495694 0.5767788015816474
0.1950205838650101 0.08607198416714107 0.6513774594027817
0.20527898731169628 0.10758149347258647 0.7438521852533092
0.2979683863819748 0.08197505010044877 0.1957452311086272
0.28268073781654096 0.1833274934401975 0.282680737816541
0.2809899103788718 0.16010239694936193 0.3701227583122656
0.2844379199548087 0.14567753796451147 0.4406935096293477
0.284640660419546 0.1449525977471458 0.5094796618930687
0.280653440413819 0.15833942403706597 0.5807100993077711
0.2823603761380308 0.18262128984571557 0.6653512018425098
0.2959689239447999 0.07791674950601189 0.7558540950684465
0.37328097787765074 0.04906413729879853 0.19950892253159727
0.3701227583122656 0.16010239694936212 0.28098991037887155
0.37450165890664905 0.17571802981001575 0.37450165890664905
0.3771435106722693 0.13680749460011676 0.4446041911151702
0.37772482457320067 0.1442513539209546 0.5041887608094309
0.37455156069580675 0.17555210985955774 0.5766702925126296
0.37200866748404227 0.1611257923755698 0.6672684085888284
0.3737156899323106 0.060370422617991054 0.748071862964854
0.4415480806827542 0.04135207194994568 0.16784473881282566
0.4406935096293476 0.145677537964511 0.28443791995480944
0.4446041911151704 0.136807494600118 0.37714351067226987
0.4318048096800763 0.04875948699657455 0.4318048096800762
0.43340180663061934 0.054040630088840885 0.5166569664605877
0.445255795745231 0.13757073073410422 0.5759763309105908
0.4424698314696419 0.14556523988466064 0.6644823716044898
0.44134720491249496 0.03994017355880224 0.7819822580485826
0.5088003418150205 0.03969890780910569 0.16893646131676793
0.5094796618930687 0.14495259774714558 0.2846406604195451
0.5041887608094306 0.1442513539209548 0.3777248245732001
0.5166569664605876 0.054040630088840524 0.4334018066306189
0.5165415934703709 0.053258792116793116 0.5165415934703705
0.5044207441074714 0.14220877245603844 0.5764254069024155
0.5081363682139423 0.14837477668588797 0.6645131656612074
0.5086425039354353 0.03785186801167505 0.7806914582429428
0.5767788015816472 0.04548774656549644 0.1991460582868678
0.5807100993077711 0.15833942403706697 0.2806534404138193
0.5766702925126298 0.17555210985955644 0.37455156069580686
0.5759763309105909 0.13757073073410325 0.44525579574523105
0.5764254069024162 0.14220877245603863 0.5044207441074715
0.5772545890128686 0.17651178092911382 0.577254589012869
0.5799489177498451 0.1614758801997992 0.6696940350656485
0.575891162770201 0.05908836078402002 0.7476430101657143
0.6513774594027817 0.08607198416714014 0.19502058386501
0.6653512018425097 0.18262128984571527 0.28236037613802933
0.6672684085888294 0.16112579237557223 0.3720086674840427
0.6644823716044892 0.1455652398846586 0.4424698314696414
0.6645131656612099 0.14837477668588808 0.5081363682139416
0.6696940350656476 0.16147588019979778 0.5799489177498454
0.6654132959543742 0.17920948274820825 0.665413295954374
0.6533376790004343 0.08543648171437264 0.7571421577596394
0.743852185253309 0.10758149347258612 0.2052789873116966
0.7558540950684471 0.07791674950600966 0.29596892394479923
0.7480718629648527 0.060370422618000574 0.3737156899323126
0.7819822580485847 0.039940173558800834 0.4413472049124949
0.7806914582429367 0.0378518680116688 0.5086425039354358
0.7476430101657126 0.05908836078401979 0.5758911627702016
0.7571421577596401 0.0854364817143704 0.6533376790004347
0.7456608931618975 0.11283934995447406 0.7456608931618974
0.20578080950628805 0.09319464900008131 0.20578080950628833
0.19079999311142992 0.06629425423236197 0.2961071697101182
0.19623638481040098 0.0404502251466302 0.3716226991229733
0.15801380646309598 0.05817039310207481 0.4418522420037354
0.1578485031057954 0.0650135737936602 0.5078881970275974
0.19609045761297306 0.03723065484804339 0.578318018649288
0.19006025687263745 0.07190524062177467 0.6528857525019549
0.20428054268344895 0.09629153090764422 0.7450132260957966
0.29610716971011797 0.0662942542323634 0.1907999931114302
0.2795853243792035 0.1736347298829889 0.2795853243792036
0.28005564596123367 0.15270756872277313 0.36958642839590433
0.28463207865242796 0.1359854467840912 0.4399276912914213
0.28517799327407534 0.13493169610603395 0.5101467553109649
0.2797377438970536 0.15124532109821448 0.5812569706348317
0.27889979932381254 0.1733212311539466 0.6676561249433142
0.29417346523907006 0.06602868715171292 0.7613058950836253
0.3716226991229727 0.04045022514663012 0.19623638481039987
0.3695864283959043 0.1527075687227733 0.2800556459612333
0.37325607995798166 0.15893725873640513 0.37325607995798155
0.3746862143919526 0.12223240207404032 0.442417139482585
0.37496434591674876 0.12582100630732335 0.5070025473022756
0.3734408009519957 0.15827884348753246 0.5774626641620653
0.37124383343477707 0.14992347369564543 0.668366409252779
0.3727145323196006 0.05676647957361221 0.7509944069918053
0.4418522420037355 0.05817039310207557 0.15801380646309693
0.43992769129142106 0.13598544678409033 0.2846320786524287
0.4424171394825852 0.12223240207404111 0.3746862143919531
0.43134181061591126 0.03468496201033147 0.43134181061591104
0.4325042501747916 0.03765033638893792 0.517772533885014
0.44262080164556594 0.11942233941780041 0.5780344380706516
0.44140204569953384 0.13636598536878458 0.6644936564834564
0.44168741061696254 0.058939403429628355 0.7952973541943461
0.5078881970275977 0.0650135737936582 0.1578485031057944
0.5101467553109649 0.1349316961060341 0.28517799327407445
0.5070025473022758 0.12582100630732274 0.374964345916748
0.5177725338850141 0.03765033638893674 0.43250425017479116
0.5173505363214719 0.03864836671478297 0.5173505363214715
0.5074166206346998 0.12122438886762969 0.5783604281209233
0.5090062600901474 0.1383752028173317 0.6642352053684325
0.507896267476098 0.06390599227786291 0.7965780133818051
0.5783180186492876 0.0372306548480444 0.1960904576129738
0.5812569706348316 0.15124532109821492 0.2797377438970538
0.5774626641620659 0.1582788434875309 0.3734408009519957
0.5780344380706514 0.11942233941780045 0.44262080164556633
0.5783604281209239 0.1212243888676308 0.5074166206346998
0.5775064922496113 0.15941338825891627 0.5775064922496118
0.5806474455679442 0.1515739761003793 0.6711721016202424
0.5768890698048831 0.05548370656338963 0.7503198320347593
0.652885752501955 0.0719052406217735 0.19006025687263708
0.667656124943314 0.17332123115394654 0.27889979932381204
0.6683664092527805 0.14992347369564651 0.37124383343477724
0.6644936564834562 0.13636598536878278 0.44140204569953356
0.6642352053684346 0.1383752028173327 0.5090062600901472
0.6711721016202418 0.1515739761003777 0.5806474455679445
0.6679146779283491 0.17023770182414052 0.667914677928349
0.6549563546921234 0.07544411540966862 0.7607213967315789
0.7450132260957962 0.09629153090764428 0.2042805426834493
0.7613058950836255 0.0660286871517119 0.2941734652390696
0.7509944069918022 0.056766479573625676 0.37271453231960366
0.79529735419435 0.058939403429616 0.44168741061696126
0.7965780133818027 0.06390599227787501 0.507896267476097
0.7503198320347573 0.05548370656338914 0.5768890698048834
0.7607213967315798 0.07544411540966617 0.6549563546921237
0.7474082864412672 0.09798976825480991 0.7474082864412671
0.20643314827535503 0.08404046740135204 0.20643314827535542
0.19643407482181321 0.10347928225404884 0.3013711387143666
0.20020962079597684 0.08646961110324475 0.38289329699894786
0.16369538726452526 0.03321868601107206 0.4412556756643618
0.16330428617121395 0.03678838565281792 0.5089344990023609
0.1986120183665975 0.09125056907533256 0.5666422106210658
0.19379578148281404 0.09651146746857596 0.649323207214112
0.20510371401689254 0.08446385275848359 0.7443443819704862
0.30137113871436605 0.103479282254048 0.19643407482181313
0.27874699086692184 0.16342480933347733 0.2787469908669219
0.28170185031561296 0.15734311509636148 0.3698762898381009
0.287818658053523 0.1425661895844294 0.44100699780985164
0.288055570720567 0.14343559805254005 0.5090648936790615
0.2808587107535847 0.1550298639259738 0.5809325386490465
0.27795509793988876 0.16303848751199396 0.6680536901059658
0.30068662404925844 0.11410367874207047 0.7547576005762939
0.3828932969989475 0.08646961110324458 0.20020962079597646
0.36987628983810095 0.15734311509636154 0.2817018503156127
0.37061639890310827 0.13906066997996053 0.370616398903108
0.3660979002964367 0.09362152261844547 0.4372768401184292
0.36463379150999103 0.09204421216978187 0.5134754785754636
0.3708079584245087 0.1376070679869881 0.5793962950350121
0.3707675603572302 0.1525029606136536 0.6683453302828033
0.3784988633034784 0.07673675654232831 0.7545148535723621
0.4412556756643621 0.03321868601107169 0.16369538726452706
0.44100699780985175 0.14256618958443007 0.28781865805352397
0.4372768401184291 0.09362152261844488 0.3660979002964365
0.44932631190492456 0.1315977563987636 0.4493263119049248
0.4483408596854649 0.13471736654536448 0.5021015830651068
0.43823758156104115 0.09462595756111417 0.5829364171009265
0.44193708359519723 0.13756116971103993 0.6646865598014802
0.44041776840690805 0.034002192211003056 0.7888086762559188
0.5089344990023611 0.03678838565281857 0.16330428617121218
0.5090648936790614 0.14343559805254036 0.2880555707205662
0.5134754785754637 0.09204421216978272 0.3646337915099909
0.5021015830651068 0.13471736654536487 0.4483408596854648
0.5033584997118109 0.13654363374798403 0.5033584997118107
0.5121216218944489 0.09444313516958561 0.5830523494851642
0.5087332920326952 0.13904043389134144 0.6646486038106071
0.5093628193208147 0.03720719475723317 0.7901164938797277
0.5666422106210659 0.09125056907533129 0.19861201836659842
0.5809325386490464 0.15502986392597376 0.2808587107535848
0.5793962950350127 0.13760706798698735 0.3708079584245088
0.5829364171009249 0.0946259575611168 0.4382375815610421
0.5830523494851652 0.09444313516958543 0.5121216218944491
0.5795093066677797 0.1378423665346026 0.57950930666778
0.5809349797473297 0.15146342543984373 0.6720630243881712
0.5708716473209919 0.08042015948595677 0.7571866934059228
0.6493232072141117 0.09651146746857671 0.19379578148281373
0.6680536901059655 0.16303848751199373 0.27795509793988854
0.6683453302828049 0.15250296061365284 0.37076756035723035
0.6646865598014794 0.13756116971103918 0.4419370835951969
0.6646486038106101 0.1390404338913426 0.5087332920326947
0.6720630243881699 0.15146342543984342 0.5809349797473299
0.6679155100745017 0.15896281313894844 0.6679155100745016
0.6509236732364291 0.10310279291838685 0.7584852548980776
0.7443443819704855 0.08446385275848373 0.20510371401689284
0.7547576005762932 0.1141036787420731 0.3006866240492587
0.7545148535723685 0.07673675654231255 0.37849886330347443
0.7888086762559214 0.034002192210999184 0.44041776840690783
0.7901164938797277 0.037207194757240235 0.509362819320815
0.7571866934059199 0.08042015948595854 0.570871647320992
0.7584852548980778 0.10310279291838817 0.650923673236429
0.7470598144356267 0.0818515930180396 0.7470598144356267
0.21060470646586701 0.05715604903149629 0.21060470646586843
0.20107943921010285 0.08116900109363893 0.29884174090398374
0.20928867765603557 0.055438126490391954 0.37720927551892336
0.21928519384361894 0.07958971716777012 0.45388423397400346
0.21819856645413716 0.08134005980625283 0.49594526635712344
0.2094877654492952 0.05922449170283445 0.5719839039271107
0.19866329201285984 0.07329926607966847 0.6520459172722909
0.21042107108607389 0.05494927594486767 0.7391926842701225
0.2988417409039833 0.08116900109363819 0.2010794392101027
0.2835820974896025 0.14176137879943693 0.2835820974896026
0.28056134763799545 0.142220396130134 0.36902723181281005
0.2880069323298021 0.1252476422775902 0.43982608761265934
0.28845094045067526 0.12521355170824566 0.5101410213721401
0.28006594824422737 0.1401058146984777 0.5817502857264684
0.2831531335014169 0.13804183309949863 0.6640409503697751
0.2982510692461904 0.08632034935657769 0.7500672225525266
0.3772092755189229 0.05543812649039235 0.20928867765603507
0.36902723181281005 0.14222039613013435 0.28056134763799523
0.3726472990284796 0.13686903436985176 0.37264729902847943
0.376270129097024 0.10742172852249895 0.4425224690547512
0.37815406652278616 0.11316639811256322 0.506433202328114
0.37145635687374595 0.12963056806735246 0.5789009497678357
0.3691413049782994 0.12744132048335735 0.6681042155060484
0.37477432240682196 0.052464586375038515 0.7460836150683814
0.45388423397400357 0.07958971716777029 0.21928519384361872
0.43982608761265923 0.12524764227758953 0.28800693232980257
0.44252246905475157 0.10742172852250023 0.3762701290970248
0.4405744104434611 0.074388651812544 0.4405744104434611
0.438697483599663 0.06919128995313574 0.5113057842713449
0.4420526354975464 0.101617022160262 0.5779029551441104
0.4386711372277124 0.1065719686326703 0.6648211460284759
0.45330993217562154 0.07683855627898602 0.7328941585188292
0.4959452663571237 0.08134005980625358 0.21819856645413716
0.51014102137214 0.1252135517082463 0.2884509404506744
0.5064332023281143 0.11316639811256261 0.3781540665227854
0.5113057842713447 0.06919128995313642 0.4386974835996627
0.5117529544268524 0.07849308322403095 0.5117529544268522
0.5077987802521485 0.10345830227314659 0.5777133609716174
0.51199593954421 0.10000901955362519 0.6634644818112518
0.49640415763374246 0.08059333099852713 0.7346943139388876
0.5719839039271106 0.05922449170283404 0.2094877654492954
0.5817502857264683 0.14010581469847785 0.280065948244228
0.5789009497678361 0.1296305680673529 0.37145635687374656
0.5779029551441105 0.10161702216026064 0.4420526354975465
0.5777133609716182 0.10345830227314701 0.5077987802521488
0.5803843009258766 0.12227613864145964 0.580384300925877
0.5824032797807474 0.1254270194987335 0.670450709441024
0.5749844884196855 0.05277075491855874 0.7473083966303341
0.6520459172722909 0.0732992660796686 0.19866329201285962
0.6640409503697744 0.13804183309949736 0.28315313350141713
0.6681042155060495 0.12744132048335607 0.3691413049782993
0.664821146028475 0.10657196863266677 0.4386711372277123
0.6634644818112545 0.10000901955362826 0.5119959395442097
0.6704507094410225 0.1254270194987329 0.5824032797807474
0.6642763183992516 0.13098578864011143 0.6642763183992514
0.6540658906520534 0.07351524075324145 0.7553563679973826
0.7391926842701222 0.05494927594486758 0.21042107108607422
0.7500672225525259 0.08632034935657935 0.2982510692461903
0.7460836150683836 0.05246458637504032 0.37477432240682235
0.732894158518828 0.07683855627898944 0.4533099321756212
0.7346943139388947 0.08059333099851933 0.4964041576337402
0.7473083966303331 0.05277075491855944 0.5749844884196859
0.755356367997383 0.0735152407532409 0.6540658906520536
0.7399027193606987 0.05126661009670595 0.7399027193606987
