512
0.27344124559912547 2.581145976629013E-6 0.27344124559912464
0.2110624745985921 0.042527477096837935 0.29697900750110745
0.260862467006872 3.3564191845708874E-6 0.3524231670044752
0.23944822631306978 2.1390388984560257E-5 0.43673361515344095
0.2386756272796602 1.9858725283304726E-6 0.5188575596552284
0.2724986703525638 7.033951049452956E-5 0.6030519775801392
0.27523742261623385 2.554091982875348E-6 0.6855164964374121
0.29513496647736454 1.5753676534323425E-5 0.7165806052120208
0.2969790091971948 0.04252747229168895 0.2110624757540284
0.26632872998707546 2.627009563492607E-6 0.2663287299842354
0.3388857733563668 2.8267794822325963E-5 0.3374667874998477
0.2940460305448395 0.03917027542375813 0.4084465719018192
0.27656174411446904 0.03315260325416087 0.5665331441802133
0.331700068893827 3.745589709543125E-6 0.6087249710688377
0.21920992006517195 0.006568667336111429 0.6914910835621768
0.30316285487313144 0.018392720100519143 0.7414005810001805
0.3524231692705741 3.3561664393039553E-6 0.26086247227670006
0.3374667874998476 2.82677948216636E-5 0.338885773356367
0.33871372982542275 2.603376140514587E-5 0.33871381305528797
0.3279814495895849 7.30245625261556E-5 0.42688986709189725
0.33013016126678796 6.405421055089274E-5 0.519746666637455
0.3230932976856557 0.06154925677233843 0.6188057036731812
0.3329051111954541 8.468273133675792E-5 0.6102796183022164
0.3372310989140996 0.009526599038308076 0.8818038803073411
0.4367336151534404 2.1390388996551967E-5 0.23944822631306265
0.4084465265761514 0.03916865853988441 0.2940452397764371
0.4268898670918981 7.302456251490134E-5 0.3279814495895871
0.42856269160630994 3.739890981521908E-5 0.42856269160631083
0.4276696272751272 6.613528506037089E-5 0.5193803803403345
0.4231273233193509 1.5024977323242331E-5 0.6174537015081484
0.4262253506234201 1.0029468607572017E-4 0.6168898034831511
0.44282683972434395 0.02835350828292973 0.7834189189354032
0.5188575597589269 1.985884818583835E-6 0.23867562728655933
0.5665310329297755 0.03315532580913997 0.27656297022736265
0.5197466666374527 6.405421053834608E-5 0.3301301612667794
0.5193803803403315 6.613528506274418E-5 0.427669627275128
0.518240446334404 9.32489367111794E-5 0.5182404463344018
0.5176258037184075 1.294018436760838E-4 0.6134106238310191
0.5152634246572074 6.599807057653779E-5 0.6129138279295123
0.4906448721593258 0.022982012540293268 0.7777315518890454
0.603051977580139 7.033951048108109E-5 0.2724986703525677
0.6087249710106236 3.7446780681204E-6 0.33170006841814476
0.618807641715728 0.0615480915945381 0.3230951199511856
0.6174537015081473 1.5024977293153414E-5 0.42312732331935093
0.613410623831049 1.2940184373555898E-4 0.5176258037184087
0.6381032842835509 0.05747133664812458 0.6381032840613998
0.5932498837434586 1.276758200739266E-6 0.6592117338447786
0.6034588233789031 3.401488381694557E-5 0.8645506206745531
0.6855164964374165 2.5540919810377187E-6 0.2752374226162351
0.6914830880128569 0.0065778034756811595 0.21919956018195266
0.610279618302213 8.468273136772375E-5 0.33290511119545213
0.6168898034831547 1.0029468608048489E-4 0.4262253506234268
0.6129138279295265 6.599807059380864E-5 0.5152634246572136
0.659211733362795 1.2769264362262529E-6 0.593249884759976
0.6487922603978772 8.105624676668683E-6 0.6487922603959966
0.6603158880480586 3.9431292590896264E-5 0.743586439319224
0.7165806052120088 1.575367651555636E-5 0.29513496647736076
0.741404661281697 0.018400143811167065 0.30316764874327784
0.8818039167941766 0.009526153152727743 0.33723108835179977
0.783418968994182 0.028353579367983228 0.4428267993500802
0.7777312797485081 0.022982151548580337 0.4906446593446434
0.8645505706509878 3.398485295387621E-5 0.6034587963308301
0.7435864393192825 3.9431292809336764E-5 0.6603158880480877
0.7445974616765635 1.5140084558444347E-5 0.7445974616765593
0.20982205974281196 8.062891070144061E-6 0.20982205970685205
0.1496826350540897 1.8933189654115447E-6 0.2758646831739729
0.057428387956160766 1.3930586241023784E-5 0.33007948274996324
0.3193060526882806 4.0255581639616E-5 0.4254399044502794
0.3306169858703569 6.573059111917564E-5 0.5209362254587283
0.05895391678655606 1.8032982834634027E-4 0.6053845509834245
0.2031808516557173 1.1922295822379978E-7 0.6658214666886968
0.21377517418662872 2.5791822121364757E-7 0.7278369005467406
0.2758646831739714 1.8933189626148418E-6 0.1496826350540915
0.2659410815215479 5.529796201492616E-6 0.26594108151220036
0.3344242576391989 4.731173073854621E-6 0.33634451848164576
0.3285803848992243 3.210452679722512E-5 0.4290090055994236
0.3365771327019061 3.6542824396579055E-5 0.5189476235891445
0.3259958232524173 1.8447392406645705E-5 0.6049648449809258
0.27734098050680706 4.3015847180145235E-6 0.6909942082617567
0.2265918726100771 4.918606259344599E-6 0.9084903421577721
0.33019215872852736 1.1163473002637519E-5 0.05760638756068424
0.33634451848164654 4.7311730728739706E-6 0.33442425763919764
0.3405113078791601 1.7506971055450234E-6 0.3405113078791189
0.3280795176085901 1.1073642151353365E-4 0.42868564047589336
0.3350271645405817 3.459718585835378E-5 0.5181106820398453
0.3334390185460481 3.199432898454118E-6 0.6079723125379108
0.33806190213124593 1.5720877204787262E-6 0.6239939877392295
0.33633225404465356 4.001985872702898E-6 0.889044595995362
0.4254399044502784 4.025558163792345E-5 0.31930605268828105
0.42900900559942423 3.2104526794628105E-5 0.32858038489922425
0.4286856404758936 1.107364215108279E-4 0.3280795176085887
0.43016401349791417 6.163726837243462E-5 0.43016401349791494
0.4290143976043014 5.401349623354167E-5 0.5181840902179231
0.42492349270292795 1.0733650299001409E-8 0.6180303226756856
0.42732569648799124 1.7908315339072466E-6 0.6418675405386289
0.4349835988088561 4.305487419629264E-6 0.7060839543505539
0.5209362254587284 6.573059112082721E-5 0.33061698587035854
0.5189476235891473 3.654282439914436E-5 0.33657713270190204
0.5181106820398474 3.4597185859110574E-5 0.3350271645405775
0.5181840902179198 5.40134962361031E-5 0.4290143976043014
0.5183461548930811 2.7293272196081285E-5 0.5183461548930789
0.5204177431351202 1.0825076797490863E-4 0.614814744385538
0.5361328089972136 3.0445335513062927E-6 0.6418507764741203
0.5091862924993317 5.861030546275057E-6 0.7349084619500237
0.6050722528156043 3.6619293995429956E-4 0.058412349175630526
0.604964844980929 1.844739241395745E-5 0.32599582325241716
0.6079723121286039 3.198813355810846E-6 0.3334390183994134
0.618030322675684 1.0733642715938949E-8 0.42492349270292695
0.6148147443855525 1.082507679953871E-4 0.5204177431351232
0.5829435745297327 0.021558840957533607 0.5829435740158674
0.6005763961611542 9.468064597023838E-5 0.6510595132271775
0.6181186076528911 2.806399848749227E-6 0.8926871684712733
0.6658214666887042 1.1922294404621652E-7 0.2031808516557208
0.6910248393159276 7.879427764268886E-5 0.2772561432741899
0.6239939869081644 1.5718792833292447E-6 0.3380619026189731
0.64186754053863 1.790831526894173E-6 0.42732569648799656
0.6418507764741058 3.0445335675162095E-6 0.5361328089972194
0.6510595132271636 9.468064583902189E-5 0.600576396161166
0.712596640914658 0.009284678654388995 0.7125966409348725
0.7392777972386403 5.429210834001916E-6 0.9094305739211408
0.727837115402078 2.1128729292296087E-6 0.21377515482071602
0.9084902937074436 3.601094757729815E-6 0.22659207218656333
0.8890445960060728 4.001982179267287E-6 0.3363322540139059
0.7060839543505572 4.305487410622212E-6 0.4349835988088524
0.734908461949918 5.8610305435380495E-6 0.5091862924993655
0.8926871685745453 2.8065325356318774E-6 0.6181186077230242
0.9094305739211584 5.429210837235342E-6 0.7392777972386115
0.7221315712298477 6.190139541237734E-5 0.7221315712298476
0.09385992390498585 1.728422007120796E-5 0.09385992390498228
0.1501299512502846 1.7813007096399267E-6 0.2762542604392439
0.12907654159160176 3.98069448283696E-6 0.35629085034788344
0.25926392126293063 5.319431540298126E-7 0.4359628490832859
0.26415705581076554 2.9762185815372967E-6 0.5168659793436737
0.12746596432456214 6.2039172131256934E-6 0.5892113950147186
0.1438209784766276 5.996960000545717E-6 0.6724592538013097
0.11184127564038773 2.7800666770698167E-6 0.8783442957478145
0.2762542604392423 1.7813007073744016E-6 0.15012995125028575
0.26618179358223387 1.7266332032584357E-6 0.26618179358223215
0.2615668797528255 8.049291693096955E-6 0.35294540173147565
0.16776167973152606 0.03808548111397614 0.4463104092065281
0.15146533145961721 0.03641703638445878 0.5250031679174779
0.2414404734357044 2.3056245808401068E-4 0.6169919283124512
0.27781550430512064 3.7058725880977413E-6 0.6835853503980226
0.2697716324452402 3.2194003096370596E-6 0.806646953492021
0.35629085034788016 3.980694480698537E-6 0.12907654159159573
0.35294540167279315 8.050300985524879E-6 0.2615668865644988
0.3851785162957299 0.015553119745690819 0.38517853785876366
0.33520055985410546 4.267652218300881E-5 0.42776444406953734
0.3355263211984897 1.223363600217069E-5 0.5197664631874295
0.38423743844539104 0.030333637192707114 0.5666392103063252
0.35649266175094674 0.009864024824109818 0.6826065411381786
0.3659820579789029 9.694839511375306E-6 0.7664560894812503
0.4359628490832861 5.319431549041098E-7 0.2592639212629292
0.4463103648370472 0.03808548361282724 0.16776168242514997
0.4277644440695368 4.267652218173577E-5 0.3352005598541043
0.42981237040107007 1.9924843564153196E-5 0.42981237040107056
0.4298162250902088 2.4021589894309804E-6 0.5186281897315417
0.40427631935980196 1.3859702452566068E-4 0.6145904847303305
0.43464690748541646 3.345130127024496E-5 0.7046212416735468
0.43533964295810723 7.002375548849622E-6 0.69390606135477
0.5168659793693559 2.9762154663941706E-6 0.26415705580631715
0.5250027773738284 0.036417291385123535 0.1514655457336771
0.5197664631874301 1.2233636003996867E-5 0.335526321198488
0.5186281897315399 2.402158990915382E-6 0.42981622509020784
0.5164886472078081 2.539394228626161E-7 0.5164886472078065
0.5517466580121119 5.446556231651533E-7 0.6185067548363152
0.5211338193764561 4.945345669735054E-6 0.7001146869701668
0.5206940116925425 4.973333181210718E-7 0.6990096398302486
0.5892113950147169 6.203917215074418E-6 0.12746596432457552
0.6169860810844147 2.3112198244935878E-4 0.2414456996465764
0.5666391526484061 0.03033375179898574 0.384237436843491
0.614590484730332 1.3859702451850568E-4 0.40427631935979
0.6185067548363229 5.446556218890304E-7 0.5517466580121096
0.5830219543658985 0.02348178462394047 0.5830219538588455
0.5942906736001798 9.393499881161288E-6 0.6615740375325223
0.5817849017684839 3.052969009277125E-5 0.7712631681491977
0.6724592535333995 5.996942715767199E-6 0.14382097793446014
0.6835853503980254 3.7058725914690578E-6 0.277815504305121
0.6826088360381456 0.00984202664815781 0.3564849708656
0.7046212416735437 3.3451301183358535E-5 0.4346469074854126
0.7001146506896376 4.868451164764159E-6 0.5211338423963654
0.6615740374051772 9.39348595618684E-6 0.594290673893404
0.6734672236652068 5.98706270189676E-5 0.6734672236652101
0.6759597457755039 5.595660916171004E-7 0.8060425315527909
0.8783442957124981 2.7800675943836837E-6 0.11184127565523787
0.8066469534920245 3.219400316056668E-6 0.26977163244524044
0.7664560894812547 9.694839515438296E-6 0.3659820579789037
0.6939060613547741 7.002375553165431E-6 0.43533964295810806
0.6990096068636217 4.786387054629095E-7 0.5206940291702805
0.7712631681491987 3.052969010481924E-5 0.5817849017684855
0.8060425315527934 5.595660892106561E-7 0.675959745775504
0.8155184203235354 1.689422370415897E-5 0.8155184203235356
0.14284446351268448 9.862363833445298E-6 0.14284446351268534
0.1506473800727403 1.1450295579904005E-6 0.2766575006125748
0.17070786290325718 1.0097621235172152E-6 0.36944612462609033
0.11203761147164235 6.59340128481788E-5 0.4315157205964249
0.1188278638686494 2.9461999994259275E-6 0.5115221555900754
0.15602306928406887 2.913403864627781E-5 0.5799768421532133
0.05345026283619913 1.655950852012306E-5 0.6618889118470447
0.1423826703781663 4.545651671603512E-8 0.8032976540117858
0.276657500612573 1.1450295572741782E-6 0.15064738007274092
0.27109697999117266 8.798456685097026E-7 0.27109697999117227
0.26142637389200785 1.683886163215854E-5 0.3528206239609943
0.17299518359336052 0.02408970529444485 0.45523362674698753
0.24126870543030268 4.1684894138271456E-5 0.5189900223421356
0.24150264572791655 9.968810449124057E-5 0.6169428097885629
0.2796287700754742 1.6753352925067077E-5 0.68141361433111
0.2731581846517966 1.6915352444981962E-6 0.8018640149168037
0.36944612462608845 1.009762122652991E-6 0.17070786290325815
0.3528206238965935 1.6839585540581248E-5 0.2614263792283627
0.3851068263488881 0.012536099165253318 0.38510684753532193
0.3788260509154062 0.026642505362579276 0.4724638327436794
0.3788057602225698 0.024574175243666486 0.47245372505930877
0.3840868699224228 0.009243708522158004 0.5659904556877768
0.3564847450520491 0.010193757450408845 0.682604852085008
0.3664952547101256 1.2888770382737315E-5 0.7643853846674747
0.43151572059644044 6.593401284253683E-5 0.11203761147168478
0.45523357760742206 0.024089704647994016 0.17299518822494142
0.4724638063290971 0.026642774449957028 0.3788260060951753
0.4300799445219498 2.87903362513776E-5 0.4300799445219501
0.42987333332734823 3.1637244457274E-5 0.5181314472504139
0.4750461919271203 0.03695970591988722 0.5759604268190062
0.4343648516543517 1.8600787182813384E-5 0.7047329782773175
0.4299300697653095 2.5069770858073544E-5 0.8393292389252314
0.5115221555900923 2.946200014241452E-6 0.11882786386860356
0.5189900223421375 4.1684894181416116E-5 0.2412687054303017
0.47245369928859376 0.024574437460883974 0.37880571873838204
0.5181314472504134 3.1637244457442484E-5 0.4298733333273468
0.5172717508524133 2.0502670021101245E-6 0.5172717508524116
0.47499092974351437 0.03607496652263099 0.5759770227829052
0.5211304730224217 1.071080805020199E-5 0.700102143454834
0.5140858889162956 2.0974696437189784E-5 0.8242335552732986
0.5799768421532105 2.9134038648737737E-5 0.15602306928407353
0.6169369808806484 1.0044789069005297E-4 0.24150791107628766
0.5659904018796303 0.009243755440250261 0.38408688014442505
0.5759604196218971 0.036959714371438065 0.47504619865840325
0.5759770144544537 0.03607497514077681 0.4749909378735025
0.5831000465805571 0.02343259686289986 0.5831000460727538
0.641386681309659 0.03117207237480974 0.7282286356874196
0.5811187081012196 7.709649615800839E-7 0.7680036687189861
0.6618889118485942 1.655950735895519E-5 0.05345026282915666
0.6814136143311118 1.675335293129088E-5 0.27962877007547376
0.6826071025618335 0.010169715706942152 0.3564770455770401
0.7047329782773147 1.8600787109341353E-5 0.4343648516543475
0.7001021056979078 1.064169986424957E-5 0.5211304961562114
0.7282286354906964 0.031172072605182198 0.6413866811956911
0.6735147807481142 4.1054467198193615E-7 0.6735147807508629
0.6753922546990664 2.1672623015437246E-5 0.8054539562956706
0.8032976532040927 4.5734144817492274E-8 0.14238267107693175
0.8018640148855706 1.6912838898483303E-6 0.27315818449963697
0.7643853846674782 1.288877038043592E-5 0.3664952547101274
0.839329238925242 2.5069770848787166E-5 0.4299300697653066
0.8242335552732506 2.0974696385376095E-5 0.5140858889162793
0.7680036687189844 7.709649677683542E-7 0.5811187081012205
0.8054539562956714 2.167262301378026E-5 0.6753922546990665
0.8085507101889462 3.192319566342741E-6 0.8085507101889461
0.15574365465702833 1.701896599933064E-5 0.15574365465702808
0.15673555853291532 6.000354159659814E-7 0.28046370056265185
0.19802900464626547 2.273910751645988E-6 0.3677798001182729
0.11721154937791992 5.0162317796436646E-5 0.430452263437174
0.1216449580195554 4.126049961051004E-5 0.517276699844686
0.19848427614756634 2.623360596325916E-6 0.582125705801116
0.1448567536408145 3.808350492322165E-6 0.6710993524719671
0.15315899541282188 2.2612654042246943E-6 0.7948553999129016
0.2804637005626497 6.000354178911077E-7 0.15673555853291463
0.2099214389516457 5.08476374228894E-4 0.20992143892768905
0.2613415172501951 4.616995274296617E-6 0.352734533703237
0.23569976099075854 1.861179728350108E-5 0.43535690159854507
0.2396656280532523 2.183235352077927E-6 0.5189186297676307
0.24190448828925384 2.284627481034448E-5 0.6167373732249628
0.2066676986198151 2.1049952382631215E-6 0.7377433190168486
0.2781906159901536 3.2464911250963704E-6 0.7822717237456206
0.36777980011813893 2.2739106762403877E-6 0.19802900464631318
0.35273453356393725 4.617656825302874E-6 0.26134152200980754
0.38517010151060593 0.020893883816285617 0.3851701250619327
0.3789901308213456 2.0558219817550713E-5 0.4717633918908963
0.3792497274388804 0.06063568432846227 0.4722933017680381
0.3840811250266905 0.02331245631430468 0.566950869489302
0.3566928810290231 3.223174945040568E-4 0.6824808855864742
0.3691691467149138 2.890500684525186E-6 0.7622411226382756
0.4304522634371759 5.016231779165927E-5 0.11721154937792379
0.4353569015985424 1.8611797226337617E-5 0.23569976099079162
0.47176337802631085 2.0570396369075882E-5 0.3789901291876625
0.42945566035305366 8.643206712358102E-6 0.42945566035305377
0.4298629376048903 2.8926027206307384E-5 0.5180747383086387
0.4747681559517965 0.017202681959666354 0.5750882501850644
0.4344596102465387 3.888806850191952E-6 0.7052923705677224
0.4312557408557676 2.4374185506751447E-5 0.8268386862004222
0.5172766998446895 4.126049961979914E-5 0.12164495801954738
0.5189186298880365 2.1832500631256045E-6 0.23966562806130384
0.4722932560888232 0.060635934815832924 0.3792496733593271
0.5180747383086383 2.8926027206099624E-5 0.4298629376048896
0.5173664042759747 8.227838454357465E-7 0.5173664042759728
0.47387764958027895 0.053857760207018324 0.5733343691766463
0.5211215167842423 1.1943382742220749E-5 0.7000734172612645
0.5157992390637807 2.0887890988844653E-6 0.8177624121191274
0.5821257441297291 2.606924820406747E-6 0.19848424867669281
0.6167322767681519 2.36438820796492E-5 0.24190901841760687
0.5669508111791144 0.02331254005044461 0.3840811352314578
0.5750882456812126 0.01720268737645936 0.4747681617515256
0.5733343688783701 0.05385775808311909 0.4738776530909171
0.5830286974434827 0.02288940580034061 0.5830286969337176
0.6451707478557592 0.01324198332082255 0.73024387102427
0.5800402281512886 5.6612308453751845E-5 0.7588581715690548
0.6710993524719635 3.808350492024575E-6 0.1448567536408154
0.7377474294209453 2.8949579350114144E-6 0.20666217708192694
0.6824876088442233 5.10209331790654E-4 0.3566911927377624
0.7052923705677211 3.888806812509355E-6 0.4344596102465359
0.7000733769693497 1.189166785485506E-5 0.5211215406139776
0.7302438708669887 0.013241983710938217 0.6451707478319554
0.7143914495772551 0.04003971761215783 0.7143914496007485
0.6734484012625961 1.4763278874841731E-6 0.8017561368306146
0.7948553989033932 2.2615779439649E-6 0.15315899620625986
0.7822717237456183 3.2464911230869304E-6 0.27819061599015293
0.7622411226382791 2.8905006935976643E-6 0.3691691467149148
0.8268386862004302 2.437418550841132E-5 0.43125574085576657
0.8177624121191256 2.088789074601813E-6 0.5157992390638121
0.7588581715690522 5.6612308455373744E-5 0.580040228151291
0.8017561368306153 1.4763278849201942E-6 0.673448401262596
0.8006722985548136 6.549294541189637E-6 0.8006722985548135
0.16061901894679584 6.648158169232724E-6 0.16061901894679564
0.1592652918182084 1.4592351098798206E-5 0.2813866144831264
0.19694793597284904 1.3057211710678865E-5 0.36752795906863095
0.10045252281232109 2.3005076167800393E-6 0.425997388987981
0.07636384232943376 5.146522748161999E-8 0.5284172411290127
0.19660636780199317 3.24610533561589E-6 0.58285026508426
0.14687197195401444 5.674554861021909E-7 0.6703599224084107
0.15719645721877143 1.8025490970104827E-6 0.7914747486205237
0.2813866144831241 1.459235110032229E-5 0.15926529181820775
0.20992685771355782 4.3508087933800195E-4 0.20992685768998168
0.2613121446917417 1.802912231076377E-6 0.3527254736776387
0.23844877971028264 1.4336144256546737E-6 0.4361562541943155
0.23906110679827197 2.6215389627304777E-6 0.5187759277692178
0.24195444255086748 3.3774656502056845E-5 0.6167302671982089
0.20663779819800832 4.701101568872916E-5 0.7376454887279786
0.2783763079037866 2.2583546499095656E-6 0.7837573525337838
0.3675279590686299 1.305721171105986E-5 0.19694793597284788
0.3527254729567083 1.802967852576113E-6 0.2613121484904377
0.38524862938500737 0.05943717242484389 0.385248664172929
0.33116446235449637 4.974586107195643E-5 0.4302302907426019
0.33283051689409243 2.1632603632068916E-7 0.5175544951352296
0.38459216610904823 0.05830854887489065 0.5650573974443952
0.356703163441087 5.082781692989102E-4 0.6824686107785617
0.3694903129500806 9.226970374132565E-6 0.7617769981717564
0.42599738898797823 2.3005076179320584E-6 0.10045252281231476
0.43615625425725113 1.4334429253264764E-6 0.23844877951976376
0.43023029074260194 4.974586107424968E-5 0.3311644623544951
0.42788371015769866 9.89950575385096E-6 0.4278837101576986
0.42883575121580025 6.116569365520558E-5 0.5191671416019424
0.4284237538000837 1.3992535576491164E-4 0.6116800344633961
0.4349074974059203 1.8606492878552782E-6 0.7059866896959939
0.4292137297679639 2.383208530664966E-5 0.8454650812230056
0.5284172411289912 5.14652028496681E-8 0.0763638423294771
0.5187759278767162 2.6215523371155326E-6 0.2390611068053575
0.5175544951352316 2.163260327345414E-7 0.3328305168940903
0.519167141601942 6.11656936542575E-5 0.4288357512157995
0.5190616650746732 2.1181093999076195E-6 0.5190616650746731
0.5146562245528455 2.974320081131727E-5 0.6071288689197889
0.5210702465387168 1.0205745033045795E-5 0.7000269419370049
0.5248724717490478 5.409648747442758E-7 0.8888770303271117
0.5828502954825832 3.2279036060777574E-6 0.19660634558962625
0.6167254502998137 3.471361898139736E-5 0.24195856590791573
0.5650573427829602 0.05830875479424403 0.38459215257867707
0.6116800344633909 1.3992535576867182E-4 0.42842375380008985
0.6071288689197976 2.9743200810688868E-5 0.5146562245528514
0.5828268402738475 0.0011268207797766082 0.5828268392369041
0.6458025843074657 0.0012665607913476052 0.7299731739712614
0.5800611395232596 1.773294390960042E-5 0.7588787501136858
0.6703599224084094 5.674554852385324E-7 0.14687197195401464
0.7377372558100712 5.284193269027117E-7 0.2066408879864149
0.6824727828664817 5.08257486382905E-4 0.35669537480526586
0.7059866896959944 1.860649285978043E-6 0.43490749740591794
0.7000268975641014 1.0151143597026309E-5 0.5210702693436511
0.7299731738917422 0.0012665607862969615 0.6458025843192386
0.7445008617592098 2.153738868771894E-5 0.7445008617591962
0.6728983826822612 1.4838527793283666E-5 0.8000661346618226
0.7914747486205226 1.802549094906612E-6 0.1571964572187717
0.783757352533782 2.2583546487374956E-6 0.2783763079037865
0.7617769981717601 9.226970385428498E-6 0.369490312950082
0.8454650812229939 2.3832085289052806E-5 0.4292137297679684
0.888877030327182 5.409649658143682E-7 0.524872471749061
0.7588787501136831 1.7732943910937404E-5 0.5800611395232622
0.8000661346618225 1.4838527790738173E-5 0.6728983826822608
0.7955787084910275 3.783834817786237E-6 0.7955787084910273
0.16948859659731777 1.4955021397895386E-5 0.16948859659731794
0.15257618485987498 4.74478603783607E-6 0.27842175438441896
0.17711142315658185 1.4033668208791257E-6 0.3710954133319467
0.11539398789120518 4.9673414460456213E-5 0.43000711816731024
0.11390638880267351 2.47436163063377E-5 0.5189867190566246
0.1625377654325017 1.6711567628268692E-6 0.578117116523338
0.1368715436192215 3.0740217673198104E-6 0.6746770061177799
0.16206584115549966 7.474574492833801E-7 0.7869725358530911
0.27842175438441674 4.744786038086803E-6 0.1525761848598747
0.2099173390275212 1.3949431894266117E-4 0.20991733900515827
0.2612730090308869 1.2409241552202539E-6 0.3527026972149721
0.23798313855906714 1.0092473813501052E-6 0.4366538026895662
0.23844893082075455 5.463555465374446E-6 0.5188057266574493
0.24185228094466377 6.942106935556082E-6 0.6167771962791416
0.20656538639801747 7.265780787851631E-6 0.7376425388612868
0.2738616261779009 1.8175307268637354E-6 0.8011297397606962
0.3710954138792897 1.4034056721481395E-6 0.17711142542974379
0.35270269646748303 1.2407817619604458E-6 0.2612730123989757
0.3500029893382879 6.452579958913408E-6 0.3500029893382875
0.3396763654011436 1.0434739304697447E-4 0.42813213222199986
0.34031483378905003 1.5446240915359895E-4 0.5229226738373676
0.34456915522401765 1.3377397081293587E-5 0.5971853901259098
0.35669972906161085 6.1938059594137E-4 0.6824762535722171
0.3676502970267559 2.4847851702895156E-6 0.7631202797853693
0.4300071181673106 4.967341445711019E-5 0.11539398789120663
0.436653802751481 1.0090701860397227E-6 0.23798313837442925
0.4281321322219998 1.0434739304644977E-4 0.33967636540114304
0.4303162381828203 6.618624239528739E-5 0.430316238182821
0.42991132143621075 2.0301059052499985E-5 0.5178619327659385
0.4266579698936224 9.00629841658881E-5 0.6060799551989111
0.4355658489884414 7.0934523599291625E-6 0.7065539301430055
0.43011868411207277 1.8105353142067716E-7 0.8309422362418876
0.5189867190566262 2.474361631275503E-5 0.1139063888026698
0.5188057266574508 5.463555467542986E-6 0.23844893082075752
0.5229226738373679 1.5446240915488585E-4 0.34031483378904903
0.5178619327659362 2.0301059055387128E-5 0.42991132143621
0.5182798300790351 2.216721709103417E-5 0.5182798300790333
0.5183684026674082 1.0172387208121107E-6 0.6040075776436593
0.521087284074251 8.636205279068978E-6 0.7000384691477892
0.5188272552244485 2.3963132112624125E-6 0.8329080779020576
0.5781171165233369 1.6711567591001309E-6 0.16253776543250606
0.6167720743744775 7.73223068227277E-6 0.24185681757091237
0.597185390125918 1.33773970697505E-5 0.3445691552240109
0.6060799551989063 9.006298416849983E-5 0.4266579698936239
0.6040075773202613 1.0172250353384274E-6 0.5183684026491743
0.5832738232593051 5.619808546853567E-4 0.5832738225906513
0.6447361424381615 8.801617569550036E-7 0.7294932357877465
0.5811171587675278 3.4142290277036375E-5 0.7678600284937
0.6746770061177785 3.0740217683580932E-6 0.13687154361921947
0.7376466172076095 8.149305480159585E-6 0.20655980356147394
0.6824809972518683 6.223669413616271E-4 0.35669165616085824
0.7065539301430076 7.0934523586689605E-6 0.43556584898843914
0.7000384251449441 8.580499063385084E-6 0.5210873070989857
0.729493235683051 8.801190325094876E-7 0.6447361424515695
0.7446510350350541 3.445055380754021E-5 0.7446510350350459
0.6742539264556332 2.276961152267815E-6 0.8032146508030124
0.7869725736832023 7.404948726317341E-7 0.16206581480733004
0.8011297397606949 1.8175307317739515E-6 0.2738616261779011
0.7631202797853714 2.484785163124945E-6 0.3676502970267578
0.8309422362418925 1.8105353104009848E-7 0.4301186841120731
0.8329080772570902 2.396345300340186E-6 0.518827254699721
0.767860028493698 3.414229028340618E-5 0.5811171587675287
0.8032146508030131 2.2769611516061975E-6 0.6742539264556331
0.7898803728247962 7.433482277348518E-7 0.789880372824796
0.20987552894760123 6.710896979993845E-6 0.20987552891830738
0.15916146042822032 2.0776716327411845E-5 0.2812574739226342
0.2026937374820315 2.0596072673467346E-7 0.3681939548730052
0.16939026747597943 1.2547347594906163E-4 0.48544878866747904
0.17004624172835478 1.329498643261304E-5 0.4839358957842173
0.20349863936279813 3.5215056029357824E-7 0.5815348783979761
0.15741694072722343 5.256625763970902E-6 0.666684820321243
0.20337222739134686 6.699078061862006E-7 0.7433727907869592
0.28125747392263223 2.077671632824583E-5 0.1591614604282197
0.2680248235287465 3.9919333829291266E-6 0.2680248235287452
0.26087756306346005 1.4215055942679007E-5 0.35243189952814447
0.25650156541515257 1.8354495035528846E-6 0.4336085940641773
0.2563158162682903 2.868833607827603E-6 0.5184168622675821
0.275330500263359 3.452814089653379E-6 0.5988893635029056
0.27826339552460916 1.9344112965027886E-5 0.6842895244223656
0.2773442277637847 1.8655065136700656E-5 0.7890117496434104
0.3681939548730043 2.0596072711291094E-7 0.20269373748203132
0.35243189972114036 1.4215289665514126E-5 0.26087756437219567
0.3488097882621319 7.528873578645283E-5 0.3488097882621315
0.33501580150050914 1.0377583634185616E-6 0.4300693417692325
0.33517104111550294 4.506132849403679E-5 0.5184063981728302
0.34206197191305376 2.088025283620825E-5 0.5994562242349135
0.35670121049369685 6.280315937675135E-4 0.6824746765771551
0.3696376115078343 1.1808771194611649E-5 0.7612752514561301
0.4854487886828775 1.254734510175234E-4 0.16939026749628686
0.4336085940646433 1.835449499532785E-6 0.2565015654151425
0.43006934176923295 1.037758365482537E-6 0.33501580150050825
0.4303772076569423 7.695661431490517E-5 0.43037720765694276
0.42960858295296733 5.311267408291044E-6 0.5182940499659545
0.42777735000047284 3.863368876305749E-5 0.6081965051314844
0.4313684757881327 1.082253486046198E-5 0.6918916443290175
0.4672250211466092 3.148631617115114E-6 0.7756742678226298
0.48393589580012536 1.3294957253197565E-5 0.17004624175088615
0.5184168623542924 2.8688399925252407E-6 0.2563158162657728
0.5184063981728316 4.5061328491386674E-5 0.33517104111550117
0.5182940499659536 5.311267409013204E-6 0.4296085829529663
0.5173476495049236 2.7928342530312803E-6 0.517347649504922
0.515956325630785 7.973814271843989E-5 0.6036931666971794
0.5207596121165587 5.833290447554025E-7 0.6989476471686167
0.47837337381219736 1.0913414554924712E-5 0.7746527309880742
0.5815348798954854 3.5043789101830817E-7 0.2034986395697143
0.598889319749388 3.4516701746924553E-6 0.27533049970835793
0.5994562242349164 2.0880252837375636E-5 0.34206197191305204
0.6081965051314795 3.863368876210225E-5 0.4277773500004756
0.6036931666971856 7.97381427177669E-5 0.5159563256307889
0.6093755416105832 5.670510705640543E-8 0.6093755416105844
0.601442414025277 8.263465657661822E-7 0.6779134774520233
0.5800370001264274 5.438361527965185E-5 0.7597396946356155
0.6666848203212428 5.25662576341741E-6 0.15741694072722437
0.6842895244223662 1.9344112961717386E-5 0.2782633955246085
0.6824793979414955 4.927370785569567E-4 0.3566865892557398
0.6918916443290154 1.082253485295123E-5 0.43136847578813114
0.6989476150658435 5.651887341949075E-7 0.5207596296965492
0.6779134774567237 8.264370156981334E-7 0.6014424146535621
0.6753370145529259 4.8275946061228565E-6 0.6753370145529286
0.672594590655245 2.261639937791369E-5 0.7988489126284408
0.7433729090002641 6.967443111198026E-7 0.2033720548863265
0.7890117496434075 1.8655065135887654E-5 0.2773442277637846
0.7612752514561334 1.1808771202231219E-5 0.36963761150783575
0.7756742678226246 3.148631781402121E-6 0.4672250211466345
0.7746527309885446 1.0913414486477128E-5 0.4783733738124234
0.7597396946356136 5.438361528208087E-5 0.5800370001264287
0.7988489126284413 2.2616399375890162E-5 0.6725945906552451
0.741789641632392 1.0400387118477636E-6 0.7417896416323913
