512
0.26741289303682575 0.4306109685571141 0.26741304488888146 | 0.0015144326140906117 -0.18670188855830427 0.001515130237542088
0.2419622735003292 0.4190384519505999 0.3822349528919023 | -0.017477600145120974 -0.38903474628142387 0.03017395712630005
0.2592622362869403 0.06506059481253791 0.4000815945412194 | -0.00796752773149743 -0.002756232526756159 0.008786554469425008
0.19442895330141188 0.10002988103406657 0.45718773876038715 | -0.16805420773392502 -1.1528048793851968 -0.0950007610119683
0.22044906869434164 0.02905223876411628 0.485638279129015 | -0.015918593143914906 -1.1334383834406903 -0.013249742120884365
0.29949208855484694 0.03838493762721878 0.5828832153202155 | 0.2255813072114191 -0.9256051079279968 0.11072565694046574
0.335766270899867 0.03899154670954291 0.6394861344348775 | 0.4893709282157262 -0.9194435250827491 0.04381848442405365
0.2966534658735299 0.037697947566469645 0.7050328063005052 | 0.19955920578910763 -1.0179865704576647 -0.04010553363134639
0.38223762419165536 0.41903892739945603 0.24196375449246066 | 0.030182020285529763 -0.3890385448508476 -0.017475677109425946
0.34293207600581366 0.4137339405330634 0.34292495167124837 | 0.02072047403084553 -0.12359955053809864 0.02065381502789563
0.33533508647578725 0.09427376753118014 0.4000242281740944 | 0.02322987224992431 -0.22556753960969952 0.028686912908312927
0.266804064598118 0.1933100608685785 0.47886755187942526 | -0.20353115917166345 -0.6372369826508231 0.017778579385540755
0.29312604712915497 0.06437644579798983 0.48846842785509575 | -0.07838526304187611 -1.1038216265213063 -0.03227850326520356
0.27223555125336213 0.16108822486248928 0.567578966589332 | -0.20382115138655743 -0.7622368724865726 -0.10616765740916104
0.30575211812891073 0.15644472262013578 0.6324360457025279 | -0.11652925691553793 -0.37318286584998994 0.053886001313202876
0.29280791565714953 0.17158158669350532 0.7231009130586828 | -0.07801700443798738 -0.48084315308969505 0.060296548755785655
0.40007799497664337 0.06505961558945478 0.25926057876110215 | 0.00689623358948667 -2.617048779795641E-4 -0.007275435746296794
0.400001400851764 0.09535916777002734 0.33645266633562926 | 0.001609675988235409 0.00884241616788693 -5.578741767563553E-4
0.4064952303552202 0.2747547985322657 0.40651498334800795 | 0.008760452722302393 -2.3100605955149915 0.008791115871156245
0.37191147080173265 0.16092866516765283 0.4473326441336444 | -0.020667745468799653 -1.0464390735005764 -0.05287246336180349
0.3657179854427091 0.186813273782321 0.48777269558340675 | -0.06764636138915821 -0.5512758287780322 -0.03768944053024982
0.34385997065577717 0.1307215056698326 0.5590566979934524 | -0.12018524266450278 -0.515930036531293 0.04370608571758869
0.35681668493536417 0.15051158020022612 0.6423175553600452 | -0.09745290732948299 -0.5727531476949405 0.044862209953422605
0.3547290845802399 0.18548851818709278 0.7016310074588086 | -0.05241618167014341 -0.5349553978608601 -0.1595467431838904
0.457330939675369 0.10042659465458922 0.19462104425160592 | -0.09564378259006198 -1.1503670083309856 -0.16869428428621838
0.4787595612111282 0.19428469487158878 0.26644465257023875 | 0.017631296853809503 -0.6317644639317702 -0.20593337586615615
0.4458308273478237 0.15902931597605738 0.37112747306938454 | -0.05735648779921299 -1.0577098579243793 -0.020140296859193642
0.42050612706959817 0.09420645977989404 0.4204596296248906 | -0.18771045624441873 -1.0338318617846807 -0.1854938898315681
0.44376386433852827 0.05556987651035974 0.5138481959970939 | -0.10289208743687189 -1.2380425558514923 0.10140809619831376
0.43062325630143994 0.13646054995338391 0.5925528295247923 | -0.01641705538976933 -0.8693142370782585 -0.03066845678952024
0.41724325100056675 0.06795071581984378 0.6235198490852283 | -0.050885749135544577 -0.5126523123217241 -0.10372739506539704
0.44335455417891395 0.13632504406069057 0.6676826477966734 | -0.05902724486435692 -0.7815501546891277 -0.045431342659644124
0.48561184351979686 0.029178860130871603 0.22062611047056516 | -0.013738939630802787 -1.1277895350821794 -0.01496626903170712
0.48881812181624934 0.06485102352796511 0.2931019208586312 | -0.03016039041922688 -1.104555359907173 -0.0776365970072673
0.4879928036739024 0.18741747063621012 0.3658012049079747 | -0.036954830169169985 -0.5479348664837732 -0.067507366720642
0.5138784022738748 0.05393355243884538 0.4436243923603977 | 0.10548982618814899 -1.2469179600462512 -0.10590040845411013
0.5246038075014554 0.07886629147120483 0.5243792164862321 | 0.0940573664734877 -1.027661785691755 0.09396146145231718
0.5077224481344624 0.12903622199127163 0.6110292331893351 | -0.004854194599903912 -0.8819349191962947 -0.07114257214908866
0.5033977446377103 0.07095814078219068 0.6284636835006145 | -0.004990824706258124 -0.5837721182380022 -0.07358763228028219
0.5104510034882308 0.14773677040774097 0.6806792830149926 | 0.04751954083328314 -0.7250566023331138 -0.08877696503543708
0.582691609856469 0.03834169857841538 0.2992165573622006 | 0.10899078869763518 -0.9238603299571755 0.22316253178651815
0.5675556740469729 0.1609963841686551 0.272157625168974 | -0.10620679880357671 -0.7629317657419176 -0.20405982390847172
0.5590568357050263 0.13086975358425124 0.3438857593460216 | 0.04389841810757752 -0.5159691669877491 -0.12012730510062795
0.5926035593972038 0.1366591974819083 0.43062597927122903 | -0.0324803173686673 -0.8691893709342423 -0.015901998982735335
0.6109403268075484 0.1290362622275449 0.5077247754547102 | -0.0705127378707098 -0.8822149714551654 -0.004383467040272097
0.5944360599449217 0.12062515895855601 0.5944316234869024 | 0.06495521274420056 -0.7529671692115562 0.06468389002548457
0.5786242669405363 0.04994847661091735 0.6515741862497486 | 0.021309261528652975 -0.8572047763709663 0.04141033018309612
0.597455740907688 0.15928763535578985 0.7042291549628308 | 0.051024328265376055 -0.8258684441893159 -0.1197121480500268
0.6395080226462745 0.03899408119735871 0.3357460421153345 | 0.04388607679631329 -0.9194818365946378 0.4893243511587097
0.6324650753319039 0.15638261477936902 0.30571607618188057 | 0.05408732053469455 -0.37340190171804666 -0.11690924378684783
0.6423297571298087 0.15040866993322738 0.35676321902341523 | 0.044459845995717215 -0.5731064563270551 -0.09807474541755956
0.6234179238269865 0.06805805432793045 0.41724258898048217 | -0.10390962164435794 -0.5121561295909358 -0.050930234817059716
0.6284480965121455 0.07095845114597348 0.503388444477623 | -0.07373437644401037 -0.5835321290821053 -0.004964680208081692
0.6515557121607058 0.04991987010937491 0.57862908009674 | 0.041412977752258204 -0.8576264134353015 0.021383294990606726
0.6526697228555848 0.09165306079137554 0.652662005936124 | 0.026399988359950895 -0.6979216452380115 0.026393770074954016
0.6529306182572516 0.10631972412632001 0.6540333937886508 | 0.06114846912709062 -0.5912299334760909 -0.03523856773368818
0.705021804885595 0.03769153341389042 0.2966497565549263 | -0.040190139831275215 -1.0180507314153515 0.19953538258853273
0.7231167257258271 0.17158409294517374 0.2928058459459739 | 0.06037316817905769 -0.4808517698284688 -0.07796341048175107
0.7016381630949935 0.1854701649980171 0.3547247849399946 | -0.15948398445824344 -0.5351224286885934 -0.052476663547734545
0.6676621184759295 0.13635403944785887 0.44336442349274896 | -0.04577856346037516 -0.7808832992924784 -0.059014255545778
0.6806553000894449 0.1477146181824489 0.5104702965271681 | -0.08870941236988188 -0.7250446870391573 0.04795451500790576
0.704230117271447 0.1592879718162597 0.5974561522864105 | -0.1197207602084961 -0.8258435639536494 0.05101427253987298
0.6540386029618601 0.10632155367236952 0.6529242666732451 | -0.035250187247766754 -0.5911998223553383 0.061144168523844744
0.7164716579726516 0.066042833351047 0.7164714975499081 | 0.026767468880578463 -0.911839005127879 0.02676779598677664
0.2666128414360095 0.40552474479121664 0.2666130068805826 | 0.005723098709857584 -0.6641493166198928 0.005723615075136706
0.2303150498811154 0.405975799581854 0.37745768125198 | -0.023336571371162303 -0.5177606146937102 0.015208381062400756
0.26044137998646605 0.1412386377220692 0.400003277206669 | -0.0022400462553567257 0.004817599296485318 0.0027612140350021406
0.23167321008136887 0.025561110864379552 0.4159138206334427 | -0.12343830278095955 -1.1682000118760827 -0.14628711444948136
0.2311532987445592 0.007635246718883553 0.47278262212141287 | -0.04344982089151384 0.27756127450699597 -0.026520112373569403
0.26556428914784097 0.01534716742832715 0.5707997490658628 | 0.14859774375078819 0.3015264026510099 0.030636610145038237
0.31190909203507944 0.0036540836549678424 0.6489771963053016 | 0.08059014043822181 0.45640747398642545 0.06630189704577494
0.2524089345012973 0.005388574939353635 0.6987124011225849 | 0.06581441994710298 0.23201290409029096 0.04186402216535819
0.37746007012830796 0.4059767115998221 0.23031506268429774 | 0.015211014230494847 -0.5177599113053195 -0.023337189942384002
0.34358547426644936 0.40044121626728824 0.34357600207963945 | 6.687704692208244E-4 0.22300289667932555 6.707035501148634E-4
0.33594920628101427 0.19111022378472908 0.40001206186744614 | 0.0012646022846804898 0.004733997781888178 0.0013683159671539608
0.26086239570439157 0.13984295219176307 0.4743261369952459 | -0.20368739962529012 -0.9119412808483541 0.06773254499672748
0.2926264615399944 0.07237784334495187 0.48382821293836703 | -0.07310188666644993 -1.2505206978444632 -0.02042798346344312
0.2622951007655235 0.11993098528458404 0.5624979906074936 | -0.2791180815600908 -1.0349942143594537 -0.145654952955121
0.26300908539523543 0.10027296935334522 0.6619378004604672 | -0.2539370055963513 -1.3220839356171559 0.1545324856644736
0.2935140942234913 0.09237858346922218 0.774888022452931 | -0.06234183061110287 -1.2704323163787323 0.2043006921543074
0.40000239375972224 0.14123945235730875 0.26044274746938034 | 0.002894433429053591 0.004660639786091587 -0.001986044313462405
0.4000200269433394 0.19111673575600013 0.33596657558207443 | 0.0013147119967575286 0.004737393574378415 0.001259715774869521
0.4148216115216037 0.1751827179485192 0.41466456596912327 | 0.04826105551398943 -2.6161004760943762 0.046556944677440947
0.3448929370278466 0.06417845302416662 0.4060424873037745 | -0.11209521494404384 -1.0537904346639893 -0.057093175360246905
0.37139741326312753 0.0863074560291791 0.4863305184391615 | -0.0693395871682012 -0.8625691901087356 -0.026291354892916115
0.34507714716043114 0.11825180985455741 0.5588923908574969 | -0.09802707962703004 -0.711655391556439 0.02853780681638926
0.35541764449866287 0.1299166048527531 0.6452923152139892 | -0.11762761594731956 -0.6957391747845146 0.061262342971819796
0.36152265291280034 0.0766781737649597 0.7534878164009657 | -0.1076617537857318 -0.9288825948700987 0.11294255829359028
0.41598335095712535 0.025606085361169723 0.23095585476084815 | -0.14873522873956513 -1.1728263645808064 -0.13045422242704863
0.474437898416329 0.14112590998298394 0.26033015104853136 | 0.06740463613131217 -0.9018338515031518 -0.20684184940456227
0.405265684995668 0.06377094072304777 0.3460451039481458 | -0.05361600581281509 -1.0643246478420567 -0.1155100997949942
0.4262039801696034 0.09307855917669867 0.42596248971071093 | -0.1205545111009585 -1.2625986798115596 -0.12016583186572206
0.4496568716769847 0.04487098041747081 0.5099881163898382 | -0.04638110636234081 -1.3348975275147343 0.0901394819079985
0.42835542773735363 0.10284394848405869 0.5866956768908227 | -0.013946417981962786 -1.0425092097667448 -0.10599759055283717
0.41694042573284434 0.05105153202922412 0.6207746167587623 | -0.05491165404922859 -0.6979319047626588 -0.09997232877152369
0.4357000437444263 0.008648020956390175 0.647937121709131 | -0.00803735928936088 0.3562561407345659 -0.2276821579964335
0.4725745315474303 0.007630057123416364 0.23119655988091548 | -0.028907137233003182 0.2853171947681505 -0.04391110640160223
0.4841402596487566 0.07265869531912389 0.29268996387135693 | -0.018656393479803888 -1.2525699544269624 -0.07278381820645176
0.48621479733654044 0.08697746593717134 0.3716479211695331 | -0.025658880503367256 -0.8578839152676565 -0.06846195952679575
0.5100278139879457 0.04221482663908604 0.4493523614117923 | 0.101571116570581 -1.3507362280324973 -0.05983094881605036
0.571240363337605 0.010492420136114004 0.5713842126593583 | 0.2980444897435404 -1.2582670617247584 0.2987981023074534
0.5093030738683026 0.11462416076905751 0.5996498078546083 | 0.015194236010704198 -1.0391586677527425 -0.09612503342291638
0.5054055839681508 0.05397477226398419 0.6224070844697193 | 0.007084332898710343 -0.7137738312211954 -0.11675649891955468
0.5216991090692878 0.0071602137925926256 0.661354479798893 | 0.037757452088387315 0.42961417256680634 -0.22243474107320504
0.5707572162301853 0.015371141443046979 0.26555819250876234 | 0.02971582015982487 0.3005166904596136 0.14868581390569494
0.5625151794337231 0.11989036636509265 0.2622856633432304 | -0.14531411435054378 -1.0360194226055999 -0.27859981935257916
0.5588614391241694 0.11847783286805123 0.3451184209190473 | 0.028382384916676287 -0.7109793181582333 -0.09754774551672306
0.5865825630223931 0.1029970434235783 0.4283952311019691 | -0.1078939672152242 -1.0417468013932425 -0.013324843879824215
0.5996022451403837 0.11466510452443857 0.5093049867660229 | -0.095618102332683 -1.0388184387433546 0.015542590437409834
0.5926377050037144 0.10452993941915173 0.5926361902333724 | 0.0574977861093864 -0.9388151435878695 0.05731451366845099
0.5765832614603925 0.10311619224956546 0.6673656390992277 | 0.04212261263126234 -1.0063448496597902 0.0725773801926068
0.5905116629043596 0.06655374395197136 0.7513051450814096 | 0.10335051910293759 -1.0069341238178948 0.09298341181674137
0.6489691906442361 0.0036400578426409266 0.31191183409816364 | 0.06638744273430726 0.45640292129468496 0.08066180066252167
0.6619401176485104 0.10037331244677328 0.2629810972775702 | 0.15439989277854674 -1.3214503346839042 -0.2540701679056151
0.6453125336360181 0.12985237131981117 0.3554046624931172 | 0.06120453673623214 -0.6960039073669337 -0.11774765037377113
0.6206187703539309 0.051188138976141814 0.4169340954636323 | -0.1011348073709225 -0.6967839781520008 -0.054838982065073455
0.6223795675235126 0.05397401287083928 0.5054248962423756 | -0.11691621784853434 -0.7137306752928256 0.007473325793075192
0.6673577875189413 0.10312369827688238 0.5765679189512807 | 0.07257856810428875 -1.0063491220914607 0.04208995188039962
0.6532700925103975 0.08714020687310164 0.6532626278035509 | 0.03411215300908014 -0.8405491014848971 0.03410954182873461
0.6514324549082093 0.06583521177225932 0.7817255957720479 | 0.02277688873115584 -1.382904855874853 0.2552876688639759
0.6987110166266882 0.005396349805229887 0.2524100967349429 | 0.04182885974910789 0.23207510896967146 0.06577633011001309
0.7748874007326679 0.09237648406531887 0.2935139583109688 | 0.2042958789456198 -1.2704085638710865 -0.06233665804603682
0.7534995224053641 0.07668270797542236 0.36153596058138665 | 0.11304009178827103 -0.9289279473139597 -0.10760706191949046
0.6478843184387248 0.008625695148604312 0.4357079440904178 | -0.22800764525299835 0.35654658779237297 -0.007984143280872115
0.6613685344690216 0.007148654489646244 0.521701614018096 | -0.22232743422697027 0.4296505418860877 0.03773245183161207
0.7512990994266675 0.06655284368767798 0.5905099838660699 | 0.09298461140361466 -1.0069600134106194 0.10334100137810082
0.7817250773323364 0.06583594819137077 0.6514317431565319 | 0.25528611191794065 -1.3829048654476335 0.02277033038478779
0.6783983820935521 0.008949526002374865 0.6783940552005889 | -0.05432930846811911 0.10179152561648533 -0.054352544058892616
0.1777760670820633 0.4006098095580597 0.17777614330209063 | -0.07103931071404272 0.056157775908335573 -0.07103923890641689
0.22404176976693832 0.4000713328209834 0.3487881667263047 | -0.0020793764300405812 0.0034370690034395785 -0.0066323540493807955
0.25680885445407103 0.21290059266303557 0.400000736921672 | -0.009503371749367317 -0.007216965121377811 0.007242117512365883
0.20468781713686968 0.10635423411622602 0.40008408348024566 | -0.008223710773017008 -6.171003985278677E-4 0.0044385363096791225
0.2643879005339651 1.0603285336112313E-4 0.4550085923037501 | -0.0020024433315446117 0.005236552501319513 -0.003181625774487826
0.2519109287258416 0.012700054871035092 0.5674596016694605 | 0.12517276873954775 0.12544898830076506 0.018807463666662194
0.28107190339465216 0.006526541486017057 0.6462263686380282 | 0.0833688267620598 0.032781504110175164 0.030064673366421164
0.19011888090346363 0.026889994805550408 0.7520050684087645 | -0.13970118101235274 -1.47323217579041 0.11961327429004032
0.3487878190115137 0.40007081596732746 0.2240404911787552 | -0.006632338190376521 0.003436760524809251 -0.0020799070685674067
0.3433514533773008 0.40225332777379386 0.3433432580005405 | -0.001506748751835791 -0.1028904586455468 -0.0015118728653894019
0.34961648897136727 0.11425609189841536 0.40810016738318156 | 0.08925026891867693 -1.4599915202348073 0.10185898321812527
0.2334567910027402 0.15377426948463602 0.40338850520840935 | -0.06291254881736856 -0.857977388746801 0.1040676186487832
0.29055788701829743 0.05671550866710755 0.48522161243328005 | -0.07408754611571831 -1.39785686649276 -0.014743144297398607
0.2675644597340668 0.09024772156798586 0.5712489538938125 | -0.32720910973065526 -1.0222110847609858 -0.15887209092089807
0.2599019270019523 0.10702514582694403 0.6631948531778631 | -0.21236497142937275 -1.3665361393516784 0.12006363695285144
0.30607153646479024 0.04467566080677222 0.7845263589583935 | 0.019917699861982545 -1.4255451849061722 0.23178925436098666
0.40000039285294625 0.21290212960254712 0.25681109175619565 | 0.005619954513359877 6.890475754490629E-4 -0.007345911601182569
0.40837655109679166 0.11563267289255728 0.34937066509859854 | 0.09977373808619343 -1.4593832555373516 0.08283154856196553
0.4281178140686577 0.08803024763004784 0.427700673350063 | 0.0565350282916164 -2.86466971418458 0.055824693997989054
0.3571030911758573 0.126212341895855 0.40799631707921963 | 0.11341550063523911 -1.0033815156032848 0.09086658722482167
0.3733400014697809 0.008894560070531687 0.48427464554137506 | -0.067666532078955 -1.0788378976751518 -0.03871006833398687
0.3654792069417846 0.16797224635914618 0.5639704620651788 | 0.07765393989879786 -1.0600897916435885 -0.024857320530199168
0.33620761113676356 0.06922746695285553 0.6333774244250105 | -0.175794138387253 -0.8697472705715028 -0.02846166831131368
0.362884798056289 0.009552202885617573 0.6482088525801287 | 0.007390880029814434 0.17824968339264077 -0.16529887422972034
0.40001743988385124 0.1065924025469632 0.20415132581136233 | 0.004454938679174256 -5.906025003311893E-4 -0.007994777069028035
0.40382969534085594 0.15733862088805825 0.23284839517948322 | 0.10785605708278657 -0.8465006584938259 -0.06824476524661278
0.4066364299961478 0.1242537620821684 0.355770178484409 | 0.06883654887231386 -1.0023475026522894 0.08062577880035202
0.40905230296739714 0.029857318452307262 0.4113380694518915 | -0.21323569429204664 -1.2556604477195699 -0.1919346765817648
0.4267890893852303 0.004774719135651261 0.5465637500818707 | -0.016923134282382946 0.3665233927081947 0.10231561323098251
0.43239394709407786 0.1380178275755377 0.5749913804294321 | -0.02528672704518074 -1.2054593886631306 -0.013623829106977021
0.44422275347241896 0.11979217910106554 0.6771751577634738 | -0.06714994981436423 -0.8147095497600391 0.2515372206120304
0.44015308679954085 0.003230763640927742 0.6347554337700714 | -0.006683132824513567 -0.0896107553089938 -0.3044178181890401
0.4553119771652968 2.475543940739551E-5 0.26419246026134124 | -0.0031300351366300794 0.00535363430235799 -0.0022110585566314967
0.4856338833718258 0.05689033695400786 0.2906197516201726 | -0.012525653467089271 -1.3972380500796158 -0.07185341014384712
0.4848157411027508 0.009966661708886007 0.3725798317790665 | -0.03707090272528978 -1.075739869216084 -0.06960677095493317
0.547329239527065 0.003598529851773452 0.42648540290764164 | 0.10443804016860585 0.3565270491472127 -0.018295835214073446
0.597542752930881 0.0037960090356226116 0.5977006979477338 | 0.19394572823538317 0.18204446554878678 0.19418154662180367
0.5185384617279778 0.14788051940520286 0.5729928940779547 | 0.04376890969666136 -1.1875377527114006 -0.020597368499236518
0.5024734286585699 0.06631398662673356 0.6348920781222753 | 7.340621092368426E-4 -0.8189822501901649 -0.0141806822140273
0.5150494603090977 0.005403028653333109 0.6355444736697675 | 0.010576122708873892 -0.11941843577984734 -0.28113905923854876
0.5674537348354732 0.012795976812038179 0.25187749476481963 | 0.01955970414965707 0.12752881003139152 0.12584908243981638
0.5714081840280887 0.09001623349178098 0.26771318740587013 | -0.15771217360364095 -1.0233584823676583 -0.3252533088431607
0.5641195728727225 0.16811141489416245 0.36537778487050265 | -0.024444843349777635 -1.0582961057688538 0.07679358278696229
0.5747834972915354 0.13811843540686974 0.43240941722794896 | -0.014375986724376037 -1.2051850972306979 -0.025121362421173927
0.573039770321522 0.147918657010034 0.5185803466935144 | -0.020549826573755748 -1.1872016140365105 0.044063625138780683
0.5968940434882791 0.1177113388628455 0.5969130602293172 | 0.042317543201136454 -1.2513479764335713 0.04238183553480568
0.5878904447744295 0.04029320903171803 0.6533092185233131 | 0.10610077627321535 -1.0107943228312632 0.010984388781768913
0.6026954975085261 0.008493902776742763 0.6602666346774073 | 0.07040009228234805 0.19640424604117634 -0.08267977839994926
0.6462124971348783 0.006532056523791168 0.2810761844645651 | 0.030084884865787004 0.032787237034662804 0.08340994985993605
0.6631816357134079 0.10702708172467414 0.25989625658947735 | 0.11997742948241685 -1.3664514354742072 -0.2125050576479815
0.633404832970763 0.06918575717437563 0.33619720421489235 | -0.028470922453583035 -0.8701253554949862 -0.1754028210301255
0.67703728624723 0.11995872277807983 0.44422968172719285 | 0.2507809681005459 -0.8130553310589781 -0.0671654717902028
0.6348691022650014 0.06624412890999096 0.5024736774087308 | -0.0144303509944943 -0.8195144236845086 8.248048756979813E-4
0.6532919936439032 0.0402796629787711 0.5878839116613591 | 0.011033526474139065 -1.0109571291381372 0.10598862875986642
0.667216267609265 0.15185000414471966 0.6672180163435947 | 0.15826570188746455 -1.0588033598723208 0.15828278015471145
0.6447501004077091 0.028465791092349205 0.7835836123801971 | -0.0021732717475314517 -1.4784220968637427 0.22606987182527702
0.7520016923837002 0.02689086274590128 0.19012109693658302 | 0.11960709090417437 -1.4732315332143633 -0.1397007074039627
0.7845217776702579 0.044673918477866656 0.30607012522261906 | 0.23175988371733985 -1.4255449344344717 0.019904871544920173
0.64822881895104 0.009542593508315567 0.36289480582466377 | -0.165217729614757 0.17801250531892007 0.007352762633455368
0.6347367491656576 0.003286601195229803 0.44015175918063626 | -0.3049584675598371 -0.08798271435962746 -0.006587559668228129
0.6355283812516568 0.0053860190970276235 0.5150678356025528 | -0.2812288580064295 -0.11941932071664119 0.01050477744996048
0.6602242062344453 0.008486051491869576 0.6026551870010024 | -0.08299701978778842 0.19632910170382503 0.07009351291946646
0.7835838112134423 0.028466579027997502 0.64474908468642 | 0.22607069670222224 -1.4784193538219585 -0.002179036621917734
0.762659536896515 0.008403397367677238 0.762659565600554 | 0.13803316837417645 -1.543953428475446 0.13803330267660363
0.1921562308686619 0.4000048307831806 0.19215625642786707 | -0.006476026373076052 6.993936087828082E-4 -0.006476023141257947
0.21908072266405001 0.4000003100847486 0.3465471590977982 | -0.0036919445382278273 0.0034190698603007246 -0.0057623410552102424
0.25076855086449185 0.2551645683384955 0.40000139195283374 | -0.02215208555029345 -0.658959348037095 8.065899484357864E-5
0.14726957732396298 0.027202225152649268 0.40739254684308024 | -0.0920409265254728 0.4073463384447327 -7.365954720374455E-5
0.17577224328230326 0.020173062219181248 0.4806027095178056 | -0.13792791321063969 0.06600986534348176 -0.02984379075012677
0.19736726712988895 0.005697572063170032 0.5674100032911303 | -0.07592104567326022 -0.12702102418493716 0.03383623913903032
0.17263436722016018 0.015513430064028711 0.6466082424277861 | -0.1369459440049636 0.5749369817973623 0.022561672783881544
0.1823432525709585 0.009399005611420026 0.7620024895599086 | -0.08512733875355054 0.6217198842009282 0.08476149525014942
0.34654705003117486 0.400000123293917 0.21908009919445443 | -0.005762301070166308 0.0034187500597752996 -0.003692100831837635
0.34294924086914197 0.4001208774549544 0.34294121820835455 | -0.0064760582033560055 -0.15603704409612867 -0.006462264990753641
0.3298536181315074 0.023595949050075962 0.40099134781139506 | -0.17009827773111932 0.5519857967885468 -0.06473975849722213
0.2716657251715998 0.17556768770354045 0.4000858461488373 | 9.782493128701276E-4 0.004918625278405773 0.004675636524433428
0.299864114942079 0.007924350481266138 0.5045978834617603 | 0.013901253709867566 0.44030489086792307 0.05467992078973624
0.23519030679741257 0.09024681868681045 0.5396351255053705 | -0.3063127430985077 -1.4213913529281117 -0.17361426147473985
0.24762229605729053 0.07652571621481614 0.6651929174086965 | -0.2719572875612685 -1.492524559328349 0.14084756938053336
0.2909598608640425 0.014630636265199155 0.7784362749273579 | -0.12499118618807685 0.43779023147130613 0.14782402282330476
0.400000153658834 0.2723509024605784 0.2527201673341133 | 2.1323040539199875E-5 -0.162756536513315 -0.010729806734403324
0.400143910914317 0.018190655540960766 0.32717199662822904 | 0.11770983870206411 0.16280093054681258 -0.22579337451418915
0.4319941039126264 5.53159948363244E-4 0.4325496511507339 | 0.10399349211712568 1.4274849792503592 0.11514559740740835
0.348169529155679 0.09386455544583364 0.40400778974566764 | 0.019894021676393245 -0.8752377314590652 0.02711966970105906
0.3796241854282489 0.08147101649513537 0.48892380513719935 | -0.04087462304641698 -1.360200637919935 -0.0037876876709690634
0.3551384761484397 0.10480464072017662 0.554864351797273 | 0.029218258648918204 -1.2828772532492372 -0.032084714583417544
0.3655842872537368 0.12154944633458196 0.6488619055078304 | -0.007635444120564717 -0.9026184891474771 0.10586308055563215
0.3526039296678339 0.009170294428657395 0.7258969285277855 | -0.09457636987190993 -0.16422583329886586 -0.05618416155173408
0.40737501336711296 0.02707301392051704 0.14738820982228984 | 9.063577407458074E-4 0.4084357056260355 -0.09215893698208892
0.4000867132065795 0.17565445346376 0.2715709128436652 | 0.0027997231461607975 0.005493051487045644 -2.2153837629700692E-4
0.40178260688463263 0.0793160309758827 0.34627614069652385 | 0.028128656581539825 -0.7993233454918308 0.007207098466715034
0.4219604219228475 2.8879826890745413E-4 0.40441700985386747 | -0.003167588490750749 0.006268547949628177 0.004106080516876601
0.4208245828675542 1.6575145749333193E-4 0.5589805309060375 | 0.008308968666679675 0.030779583369082607 -0.01329574045357249
0.4326007567795751 0.11842439529514905 0.5595603603615515 | -0.011972630742901072 -1.2938991371726398 -0.10559530713070854
0.43919076744092744 0.022963317997739475 0.7072598742348012 | 0.038701008762588106 -1.669647203562501 0.21224577924641738
0.4370829369554635 6.369401990617385E-6 0.7392608657216335 | -0.004854512566304709 0.004913406961604973 0.0036109653456205372
0.480561545911909 0.0199435332291072 0.17596754849675478 | -0.029397963698444697 0.06481253388070751 -0.13726838888794146
0.5046508316966664 0.005301791097251629 0.29959414275279284 | 0.0534478065232416 0.4687157039756473 0.013615414509477909
0.4888921121892074 0.0817251651074976 0.37998138778700863 | -5.181465974370402E-5 -1.3549217899869037 -0.042593236522165595
0.5593953991494913 2.5246254869844384E-4 0.4207514741577475 | -0.0030462662971913394 0.008229122789421603 0.0017245139684087508
0.5975755278336176 0.0021479318060222082 0.5977392439952443 | 0.21566737299940095 0.021400856867032376 0.21608947843795362
0.5158678734846847 0.12012425184430615 0.5642023089174845 | 0.06014883158935631 -1.3410758128237894 -0.10560674045946632
0.5033683391812309 0.039059670814509534 0.7223034941489946 | -0.0261486207539256 -1.721111065688592 0.28232333683833843
0.5131776306650818 1.3829128537401605E-4 0.7311559163448341 | 0.003575222234186123 0.005351315968577834 0.0015901462371362637
0.5673891938767116 0.005722423405167077 0.19732994684934255 | 0.03404601958251656 -0.12635075471300153 -0.07618137344708274
0.539654905075284 0.09029742611280124 0.2351630264309873 | -0.1732778931211458 -1.422140493579554 -0.3056306295910472
0.5549287818800338 0.1047583652076345 0.35499829503763325 | -0.03198123641451603 -1.28159369878599 0.028616757469252026
0.558789761346446 0.11829592881302543 0.43271209455208015 | -0.10786884802785524 -1.2938339472779858 -0.011329710908591811
0.5643275116320674 0.12024740663771002 0.5159396757879997 | -0.10567110657568568 -1.339972039995448 0.060515717682136705
0.586616778564127 0.07071752129820504 0.5866190161417858 | -0.032285031995787736 -1.3837161430993785 -0.03234703817057014
0.5685557005596007 0.08560543053912456 0.6773387630136513 | -0.07807161115289471 -1.2377047930810314 0.1801445442564763
0.5979637039165018 5.982006554368149E-5 0.7168393036465469 | 0.005395762056351271 0.008283131145797267 -1.0521260404867212E-4
0.6466080068802456 0.015518207351717914 0.1726440830850667 | 0.022565583313135806 0.5749043638831359 -0.1368801767916635
0.6651902771687341 0.07653644467164955 0.2476063478735443 | 0.14077338833481715 -1.4923677155476802 -0.27205761535217315
0.6488840106943302 0.12153225375957943 0.3655770725401345 | 0.10584044888954253 -0.9029649798562922 -0.007734333917753178
0.7072148047664426 0.022914102722866255 0.43916406958553295 | 0.21197240401964232 -1.6701142663259732 0.03842760633937296
0.7222805750324947 0.03904927361082345 0.5033538595660336 | 0.282279883828876 -1.7210751026740179 -0.02633057272063496
0.6773346618661312 0.08560701365650947 0.5685361452619755 | 0.180115703134298 -1.2379562055325284 -0.07819551444310611
0.6599187027634272 0.030479119604339137 0.659912453176448 | 0.07404114239508779 -1.1139088107208375 0.07399621140044767
0.6589378125673337 0.01543124109023314 0.77442122735364 | 0.09699863895292851 0.4152555401967893 0.11530670885122626
0.7620025828697332 0.009399178474160346 0.18234334652559084 | 0.0847586411895656 0.6217163197166805 -0.08512493850099459
0.7784351615721469 0.014630891931704719 0.2909589496707141 | 0.14781874011249316 0.43780281669936644 -0.12500807288540136
0.725908166204962 0.009172013009521553 0.3526034419356712 | -0.056144330560433525 -0.1641363783206346 -0.09458687358727991
0.739266486746706 6.8378814961844965E-6 0.4370840737782869 | 0.003623620458686749 0.00491752869525114 -0.0048447303621075586
0.7311546254108202 1.401088355596108E-4 0.5131763348364548 | 0.0015937581344900708 0.005348320536091595 0.0035795171902416136
0.7168391927097757 5.850901496312657E-5 0.5979629773071475 | -1.0537383412220845E-4 0.008286043984609102 0.00539960455436729
0.7744215402487853 0.015431718414396394 0.6589376537068747 | 0.11530951967492721 0.4152576972067211 0.09699946891210039
0.7671898853172782 0.01230678904698103 0.7671898917600004 | 0.10205903040948724 0.5715449029539382 0.10205884162132947
0.2140629248530909 0.4000048197214068 0.21406293638446477 | -0.005036405944710231 0.0025782683805323325 -0.00503643122848954
0.23240129614688657 0.4000010338891486 0.3431938402535326 | -0.0015547636758187447 0.004035395856073797 -0.005065782165081227
0.2511738554768525 0.25873382551408813 0.40000138055338863 | -0.003353427839609539 -0.7038090541220843 5.2966877940314964E-5
0.15243879648972655 0.028485228761732845 0.4039605963612722 | -0.08159742265780354 0.30669689626753355 -7.894442143155003E-4
0.13523799002662754 0.03924990752127024 0.4940351245571819 | -0.15121926791557438 0.1371226524002083 0.01939038812933135
0.20011270755101906 6.06851922824683E-5 0.5661508827840237 | -0.006158353545293248 0.005611778273024609 0.0018152904464383733
0.16918081609130314 0.021725801451263103 0.6546145510787582 | -0.12602532721505666 0.02244002564139761 0.04084503385934077
0.18052548686793762 0.015646196902564344 0.7658792749260701 | -0.08786427949758407 0.12184906714256218 0.08831594650461107
0.34319334209390334 0.4000009330888085 0.23240097241473215 | -0.005066080833860326 0.004035147992379994 -0.001554819017531465
0.3426533908217493 0.4004660736880259 0.3426466282548 | 0.003064255991233158 -0.0037606052864260203 0.003116453591079182
0.3293954273493758 0.023937944115590106 0.40150939570425115 | -0.17345070252661693 0.5463565580204708 -0.06710077016356725
0.28890187031742215 0.14626294839211537 0.40000028987757036 | -0.00378902044066614 0.0045489153667215634 0.0014917499480900072
0.301728767680539 0.009391924116005576 0.5059655928016448 | 0.013835906229749832 0.28767471243865966 0.06203616755876625
0.23067772680266088 0.08785425799691193 0.5314953976914475 | -0.3233381327114457 -1.5511610779370606 -0.195529795543126
0.24048656914625147 0.06399900353625985 0.666897336280409 | -0.28319600310451065 -1.5890284801969745 0.1392680889206199
0.2776825506880674 0.01927122221069958 0.7766615674299785 | -0.1524006659308226 0.15773415213065725 0.11678457056024537
0.4000002217049619 0.2738945736342431 0.2513680913981125 | 1.3715293778300096E-5 -0.3081357391448075 -3.603390725485603E-4
0.4000796873950053 0.020156616047701772 0.3267282241161087 | 0.12664235666050916 0.14656355526535955 -0.22365894873869926
0.44600965936575526 0.031494682539414516 0.44839743774226143 | 0.08836178880514263 0.8707022888363976 0.11464561015520366
0.348960108394252 0.07925761382228022 0.4090329051042622 | 0.00854035485904407 -1.0142124647546078 0.06504394662484889
0.37966849442029255 0.052463198821152454 0.4881498672505395 | -0.011809180871253896 -1.5678838850265782 -0.015317882508435002
0.3368325448450282 0.005977570728984519 0.5872862007872475 | -0.09192963901473421 0.5116824877766872 0.06093386405410533
0.42314135496007466 0.09611086587629487 0.7103649562716483 | 0.27536695158030516 -1.5562077471914477 0.17076025616301957
0.35309734406867715 6.96091685059487E-4 0.7293393983537672 | -0.06064254852624745 0.12688329057892564 0.017186809555515527
0.4039461496433777 0.028650251705648812 0.1524928439559117 | -4.3475782187447524E-4 0.3082601570158476 -0.08157274857075382
0.40000178462917496 0.1454742014463255 0.2895849107509406 | 0.0015848200294298822 0.004526209226961249 -0.003918880696636213
0.4064117201061951 0.07423909248565354 0.34886766165556293 | 0.0447906097880052 -1.0077453215731995 0.0010487513180057221
0.41835975789182317 8.152996040026818E-5 0.38783249528536373 | -0.001548525819157166 0.0069519960760251395 0.004594365702548402
0.42346011848580195 2.915966523602513E-4 0.5544021991953597 | 7.724907347889705E-4 0.005182584157119179 -0.0015104998304320714
0.42698998245515446 0.05737892897613997 0.5616248659491554 | -0.03143559608758346 -1.313698809177725 -0.13763508575475178
0.4355039835859996 2.4506202501515997E-4 0.7133680298154552 | 0.04709882787765798 -1.7331260280521048 0.20477892948310703
0.4376316130326504 2.0520900505784805E-4 0.7443064424026292 | -0.0042851000367906435 0.004672813843157192 0.004633251396272105
0.4939946165803206 0.03928729452626285 0.13526946987610783 | 0.01922564929600118 0.13689685264257098 -0.15095464450845453
0.5059828133170637 0.007167297690331254 0.30162346217434227 | 0.060633252887471276 0.31595144009111126 0.014989085119593662
0.4880705083807232 0.05238923926156512 0.3801212843254648 | -0.011851868918376514 -1.5782878672543872 -0.015377216718896278
0.554163440449225 3.3529149944008004E-4 0.4236942623570999 | -0.0014414646700512928 0.005760166837203884 7.914678784559314E-4
0.5869836395597716 3.070206623119671E-5 0.5871903935877238 | -4.961492063314441E-4 0.007428312271286978 -5.77600546544079E-4
0.5089132374003739 0.07766021423107863 0.55764742181668 | 0.029973265901728517 -1.4280677648847486 -0.10441919639555519
0.5069037612217799 0.023126693758473052 0.7274203920465925 | -0.031106423670305028 -1.7757238376579636 0.28813033270797955
0.5125203201745195 1.1655130063860849E-4 0.7416400014545868 | 0.0028244225423697347 0.005424396472541744 4.975925665188923E-4
0.5661329204870649 9.931200033290813E-5 0.20008112762972827 | 0.0018140320832533696 0.005610565898808257 -0.006152065187259075
0.5315058152559351 0.08774360401406535 0.2306450259135885 | -0.19553920910287997 -1.5530990196118228 -0.3228500648959889
0.5871927450180234 0.006108323367717025 0.3369432845953535 | 0.06089447517857181 0.5117846024215167 -0.09160273590132019
0.5607797552253564 0.05791170970113149 0.42712960505416503 | -0.14750692865045115 -1.3095491123244145 -0.02945683650334982
0.5575652491828509 0.07764662763099442 0.5088997827487429 | -0.10576657113333653 -1.4268265534980178 0.03071822117951008
0.5971232594761955 0.004011800021146802 0.5971160291204031 | 0.06153802996545379 0.22846645350327566 0.062029279617152225
0.5469765322555766 0.08539226478413345 0.6989396363399918 | -0.23432850544965073 -1.5356560279528002 0.2337984619605533
0.5938996897393439 6.0384320816307734E-5 0.7264657160144979 | 0.004725840446676051 0.00587184963813654 -0.0020676925686294997
0.654613401803718 0.021725843877262396 0.16919080083238341 | 0.0408403273062637 0.022379453890551793 -0.12596762829646907
0.66689202872873 0.06402253723347415 0.2404820719221788 | 0.1391959644765665 -1.58882910253785 -0.2832704607078021
0.7103369458800904 0.0961407302393934 0.42315581357444165 | 0.1705630850831358 -1.555505973482217 0.2754524382398556
0.7133281691506088 1.6821125408093916E-4 0.4354930752973445 | 0.20453695720813045 -1.733179832422019 0.04699335298410711
0.7274057255498418 0.02311828247690846 0.5068961630211805 | 0.2880566423510103 -1.775498484273166 -0.03126168493684397
0.6989265815014566 0.08539335710461089 0.5469702610608752 | 0.23367466673180615 -1.535593654096811 -0.2343255831062902
0.7002111752325361 0.11532304107902198 0.7002140045375324 | 0.24773905943855806 -1.4617222216033163 0.247749622056831
0.6734546097904629 0.01679039028528346 0.7787699662442688 | 0.1538623096399923 -0.027215714009320553 0.12794302310514907
0.7658791445920209 0.01564636927747615 0.18052567883051496 | 0.0883139204918177 0.12183809107533593 -0.08786236787467863
0.776661753608079 0.01926856695733942 0.2776823266663125 | 0.11678104769238049 0.15775156864630904 -0.15239446616436952
0.729348508715645 6.959619531249294E-4 0.3530980492028832 | 0.017243450284936807 0.12688251946361112 -0.0606453863567997
0.74430384852198 2.0884941711303855E-4 0.4376320129534065 | 0.004643051108583762 0.004674090923608003 -0.004278947858478894
0.7416404424986387 1.1765020600365068E-4 0.5125201287696263 | 4.990870393643438E-4 0.005424285829156194 0.0028247856550914566
0.7264652706178534 6.012129526081049E-5 0.5938989729655092 | -0.0020708655011060957 0.005870985440733179 0.004725725492987726
0.7787699839117788 0.016790801071295196 0.6734546294699874 | 0.12794333957128481 -0.027214126564795403 0.15386526492410413
0.7718868255321034 0.01613153949023126 0.771886829711111 | 0.10780592685776731 0.13265208801917125 0.10780593965476468
0.2253270903895926 0.4000511042566567 0.22532709834488931 | -0.003578393626438121 0.003925127052274302 -0.0035784314945207086
0.23617535161799136 0.40000151306119375 0.3417757589287807 | -0.0017946826918260619 0.004331422248897216 -0.004265206336359491
0.25128405962225 0.259173496568325 0.40000000578500416 | -0.0012403365056109384 0.006200041580818815 6.874229510025584E-7
0.15698005395813494 0.023368391597449464 0.40002219130863664 | -0.03654533271292305 -0.002955452051246783 0.005127417698062753
0.14546622250007973 0.03725361811031668 0.48921335965813706 | -0.1321179094723592 0.03562879487209979 0.005541312423069524
0.1958512080144662 2.2950840422027722E-5 0.566170780261137 | -0.004946860840233956 0.006143677215944152 0.0018071955991198153
0.16860401763979932 0.01976534982754999 0.6555877203829489 | -0.12128636310468363 -0.14319439750825558 0.0411163846013881
0.18221594509105943 0.015217913930960348 0.76492735586598 | -0.08233745970487646 -0.011509548926167184 0.08479023696413181
0.3417752611880985 0.40000161049353294 0.23617502387087874 | -0.004265582140994575 0.00433123733203514 -0.0017945594312479354
0.34269066527845576 0.4004232231608927 0.34268329075816667 | 0.0032484958929006667 -0.02704958372412987 0.0033008446925639496
0.3295253779319689 0.025845438889017882 0.4015073922326438 | -0.17489884947362708 0.51399456080354 -0.06626691279373963
0.3105366325969297 0.11157906025277277 0.40005611260319107 | -0.0062610256438854674 7.147760079562963E-4 0.0023119816372111357
0.3023196164487718 0.009313890269529711 0.5064496963616316 | 0.01271140240792118 0.15719955294314986 0.06270346367586038
0.20662841609291227 0.045748883275915156 0.5363406601119626 | -0.3011314190276856 -1.7164847850856786 -0.12815980921159878
0.231255964818685 0.044922286894676505 0.6727610632211315 | -0.30372493776695403 -1.6433392868560392 0.15519442367349243
0.27664508376895913 0.020348226200643627 0.7782173074138912 | -0.1543062468690998 0.10978257945275753 0.11646147049198231
0.4000001719965111 0.27558147139858546 0.25147385911993664 | 1.1184446521013932E-5 -0.30820212453395407 -5.366517955916328E-4
0.40007235308347355 0.02161317122352574 0.32663220720264163 | 0.12999845936500196 0.12262286540163708 -0.2256883661307139
0.4707308558060387 0.08145366401790168 0.47179116033485213 | 0.18698436944534116 -0.06194761249743762 0.19686616567361756
0.34335556125089073 0.03330770722709039 0.4089654558398475 | -0.17615432728231364 -1.330963066860378 -0.023027110627881674
0.37921481534093465 0.009524500452684676 0.4846768555438023 | 0.0026968540218097327 -1.624516597250131 -0.024934720054971556
0.3518889089323441 0.011579052906787731 0.5623928571259506 | -0.021527017807725903 -1.7238096167704586 0.012355111982427213
0.3831857099832826 0.06136382423123265 0.7098280688447389 | 0.08262119122009756 -1.6035816138345436 0.15065882459481897
0.3585395886884199 5.549650184136853E-4 0.7501446634090325 | -0.03882153676059839 0.19263284790928678 0.023731606082174034
0.40002692765447667 0.024108478037030787 0.15717257208441662 | 0.004308566104715674 -0.004296370315516859 -0.02011688940813443
0.4000636846287721 0.11157104947776604 0.3105249242003917 | 0.0018359841632944332 0.001426824374820762 -0.0059228782048592055
0.4086688368025823 0.0404552991764284 0.34551905229507623 | -0.022564629960907842 -1.3213358385115905 -0.17747460501310341
0.394190807283515 5.731408034459221E-6 0.4038523407472753 | 0.003932981308166927 0.00704672148260323 5.244938863383527E-4
0.427398388596839 7.36045307993003E-5 0.5450498632981116 | 1.0000088872505007E-4 0.002054124132321688 3.972265410851619E-5
0.4273711101330518 0.05288867514725269 0.5631947181451669 | -0.03285118337517528 -1.3624855294018003 -0.07265629925128328
0.4335903198807959 0.008053591333030956 0.7192088853162389 | -0.018745918418368878 0.7425296846710143 0.086891116437691
0.43712621239793426 1.52087445571026E-4 0.7527939132899545 | -0.002886819546616249 0.004088954051709463 0.005721599362320759
0.4892134069488679 0.03736809383690346 0.14539461002073323 | 0.00550058985350969 0.03555041261096252 -0.131853357943642
0.5063934630988092 0.007411227355982624 0.3022763054947682 | 0.060315661534091874 0.18323911676817803 0.01383164897114093
0.4854714956649635 0.009623978915821362 0.37884747101964644 | -0.015785920686778733 -1.6261655711793572 -3.4961797175726134E-4
0.5450951233255098 5.760239565039222E-5 0.42743597988527166 | 2.1670364174467715E-4 0.006059611136458918 2.4863612464805045E-4
0.5146145596888428 0.017683045483315524 0.5147633364894039 | 0.047713925349279186 0.08306996014876966 0.049972324919727355
0.5054743648287923 0.05274450501800774 0.5562110274128237 | 8.868564864130935E-4 -1.5077828756011586 -0.06295196190836501
0.5122280727833634 0.0038043562200683837 0.7360525955960165 | 0.03737684785431833 0.851397951104185 0.1486593348362548
0.5131122157226582 5.1719506624286126E-5 0.7514903684259172 | 0.0012469232028536896 0.005968181809437692 0.0019168236156433707
0.5661536815789993 5.721859649460861E-5 0.19582139919714917 | 0.0018074895744965482 0.006140030675291035 -0.004946086228400409
0.5363674687099463 0.04580610306207017 0.20663522930931733 | -0.12784628586736435 -1.716135401531474 -0.3009047420404342
0.5625854024198792 0.011719984319812025 0.3517976872393019 | 0.014253404445278327 -1.7235402684283938 -0.02324206271195982
0.5625772326185818 0.05311861525143598 0.4274644523193296 | -0.07318252549637393 -1.3636081827851783 -0.03257508402492377
0.556158214227399 0.05281084986836252 0.5054622860160571 | -0.06298289375122072 -1.506266729950315 0.0013328820348857038
0.5776952044909163 0.02797791873714702 0.5776607400808496 | -0.11279207365758451 -1.6390068878960498 -0.11305101435770612
0.5733749174459347 0.042543105655217385 0.7346208482973833 | -0.13030253145801568 -1.6756771745800036 0.30533549624569023
0.5887237482894144 1.9440493449328987E-4 0.76145764453334 | 0.0011165599876850078 0.005451448776730649 0.006591856065386898
0.655586594179804 0.019767576033275166 0.16861488809253938 | 0.04111196220671837 -0.14327277085513984 -0.12122608586609208
0.6727513429949932 0.04496207469516117 0.23126423326199652 | 0.1551414440568324 -1.6430936663722862 -0.3037516720949518
0.7098076471252336 0.06135694498608313 0.3832174617048812 | 0.1506451027237334 -1.6034053885810848 0.08272914392052212
0.7191561177248151 0.007986330611592013 0.433589555974703 | 0.08657252578209276 0.7426062364291997 -0.018730612462373723
0.7360443388576414 0.003826361053274035 0.5122242168169613 | 0.1486866613115986 0.851286803841048 0.03736036219930184
0.7346173575757035 0.04254287887585266 0.5733806165084396 | 0.3053150477496441 -1.67561737102049 -0.13023951328878977
0.7070814214515478 0.09730556182796309 0.7070838074314137 | 0.23111638080069496 -1.5320015482370686 0.23112064300845642
0.6743654515192699 0.01634128708627365 0.7813816122342937 | 0.1493883482526639 -0.08626621083748082 0.13349926238254725
0.7649261139290333 0.015219534654217427 0.1822171043286817 | 0.08478624357745439 -0.01152022376015414 -0.08233218833482905
0.7782176150524891 0.020345619024185767 0.2766449246932127 | 0.11645910993079428 0.10980131045293692 -0.1543003063715285
0.7501412562988587 5.574020311082974E-4 0.35854127769697186 | 0.02369047037521514 0.19262037155981432 -0.03879702297688772
0.752789919022041 1.5588929526959516E-4 0.4371265403857584 | 0.005726551087749044 0.004086801873623059 -0.0028839544063111503
0.751490668205769 5.284212924314976E-5 0.513112080260772 | 0.0019201603809850143 0.005968027885796559 0.001243798221874404
0.761456164674924 1.937891080308525E-4 0.588722947709966 | 0.0065909575631492075 0.005452268075636464 0.0011162910946011355
0.7813816374672633 0.016341703065747733 0.6743654766533079 | 0.13349956580200562 -0.08626502816697867 0.1493907032622677
0.7725335606341808 0.01403362449169597 0.7725335577842685 | 0.11223125205187008 -0.18672102663785056 0.1122312300227432
0.23942760229941776 0.40004600190329853 0.23942760998924364 | 6.279188315926036E-4 0.005904558860932234 6.278716000792113E-4
0.2422307416645387 0.4000016262909018 0.34188467932271305 | -0.0012285276807223057 0.004285599912902816 -0.0044040440969149615
0.23951959242381704 0.009752685167656079 0.4000422830025912 | -0.0036235626813408963 -0.009582096482155938 0.010871834912183725
0.1918138186759429 0.09339585705435659 0.40000897177705197 | -0.0031931940577121414 0.0039238689922852605 0.00286072489641405
0.18104028265853522 0.01346671437814573 0.4781199941278501 | -0.08770302309422241 -0.1877952331984627 -0.037451990883133376
0.1313210594028595 0.033224434929358164 0.5702585285099634 | -0.19090203381230295 0.005296239256393097 0.031890195537691714
0.1697169877983654 0.01824851319620526 0.6563543217502725 | -0.11593471071375094 -0.16969374049456343 0.043842998344186715
0.18386589609792953 0.013947853831427773 0.7631167424832693 | -0.07539173487898287 -0.07527718486049356 0.07808173127133697
0.3418846628590171 0.40000157416690624 0.24223061678701943 | -0.00440466551757618 0.004285325907140002 -0.0012282359059978176
0.343025622976883 0.4004474645563071 0.34302907922716697 | 0.005242246374640932 -0.027537595392101752 0.005325903871213282
0.3291058734094642 0.025512825231504794 0.40184634496280786 | -0.17833935009225665 0.51039044921081 -0.06719986800890156
0.3098954505995708 0.10477634999488762 0.40000628751034406 | -0.004785100514363198 0.001993917442338667 0.0017904949486692856
0.2889307157914645 0.001989585801894771 0.4924049602110606 | 0.03622943700401757 0.8085364661773924 0.07203109605576691
0.1987491680355998 0.029461583747918334 0.5485484470659182 | -0.3183231184633531 -1.7364307823097653 -0.0778822521017049
0.22651604680454746 0.02944021972521303 0.6795381785849691 | -0.2947266882049645 -1.6842609449167367 0.1844334610030421
0.27574373734997076 0.019794030436947233 0.7775571665343616 | -0.15350702487619547 0.08436864040846163 0.11068201701070152
0.4000384105442985 0.009385734299908887 0.2391835719049642 | 0.010377111264422987 -0.009184291737102177 -0.005415283229216055
0.4003670864690993 0.022027936760170366 0.32628863473715985 | 0.1315051931685659 0.11159256946530605 -0.2261296194003829
0.46962098658089024 0.07282778094601507 0.47076330478723616 | 0.17596256651967526 -0.18965548943599614 0.18619604817303978
0.3368056691832846 0.015001473156158577 0.41050313941012445 | -0.214540823965302 0.49047075093635367 -0.05047567127523009
0.379833038325291 0.014898765843079432 0.4836639670660842 | -0.022563393055083248 0.4830519929807767 -0.02442224819859901
0.3513431088685251 0.006942386106284108 0.5615793723022718 | -0.03121455280934561 -1.8772162016120142 -0.008206983658346458
0.3599437494243327 0.028692199273130194 0.6856813939428846 | -0.04265268868184804 -1.4958033556048405 0.06625269132049114
0.3723975633973912 0.051945327906380005 0.8343586169370679 | -0.03895042918768237 0.14296236792013392 0.247920101795497
0.4000410983874538 0.09473229217218002 0.19246202667569157 | 0.0029210820348438827 0.003946789923485264 -0.0031645092014506012
0.4000029261442439 0.10475334251424491 0.30988873083951324 | 0.0015491968361453076 0.0024261502698680144 -0.004881419861980474
0.40609795637894397 0.011341575568281298 0.3374320114939805 | -0.07021000427325105 0.4923125912137931 -0.20641449615645832
0.4075848051760186 3.5352943094453494E-5 0.4086527412394962 | 0.0028764636868423435 0.007318054690029022 6.16616834300862E-4
0.42846577579635026 4.199161587637617E-6 0.5409964081881025 | 1.9104133179428378E-4 0.005322203876926799 7.487933567739914E-4
0.4289666032867432 0.042842270740684814 0.5631406611604725 | -0.03142920976250159 -1.4678207158461292 -0.0051494063541517796
0.4332022055050033 0.011935666839240409 0.7170449713363775 | -0.016146636981015608 0.680163270793029 0.07841972969372299
0.4433187246784206 0.0507144428686061 0.853562927631464 | -0.006240671496698603 0.10638241178930571 0.3079757956798568
0.4781260086494545 0.013437686979285986 0.1810358121420404 | -0.03703344239492722 -0.18784561288362375 -0.0873883810987856
0.49260969552257705 0.0020956964386500505 0.2886323547291575 | 0.07360283847691679 0.8082469365763366 0.0376630240635028
0.48555531331587626 0.01617608649295278 0.37883059797596946 | -0.006686815040394568 0.4699990795263431 -0.035331656812046405
0.5410180090033757 4.052367347336965E-5 0.428565782273376 | 8.319923305695248E-4 0.005516612843502818 1.6956001605530728E-4
0.5113366096442724 0.02032351747650796 0.5114962368240746 | 0.04987597716784296 0.061485771985051535 0.052264991496080555
0.5039276181618474 0.027722967478070244 0.5524705742934912 | -0.017580819646848888 -1.6023108130724815 -0.024082519473406047
0.5140930668376478 0.009305445435762989 0.7335680235196997 | 0.028133433644216464 0.7245085257779484 0.14658430416483959
0.5055285027868909 0.05216234710911078 0.8501441113881151 | 0.004333576990797309 0.11576042897397763 0.3028493272297478
0.5702259151980353 0.03314953578544043 0.13133884369447124 | 0.03175237701615457 0.005065917358200871 -0.19087294107577657
0.5485698108565553 0.029551987688969907 0.1987921219966213 | -0.07750539281760184 -1.7358574103981852 -0.31793235995445707
0.5618133776255176 0.007075080611940994 0.35122863304431784 | -0.005470682376531447 -1.878536070392544 -0.03362490549922864
0.5628632870680218 0.042996904348812405 0.4290381665186069 | -4.0808465814207563E-4 -1.4685553879194335 -0.03174007535003478
0.5525267035474848 0.027918409864102343 0.503934195689808 | -0.024800405852751835 -1.6024406777341478 -0.018260169114526704
0.5793302190227204 0.015643279234738763 0.5793000453874827 | -0.08047774758521929 -1.8567379087321807 -0.0806889465731388
0.5927210600670672 0.006015870634000487 0.7203149561938507 | -0.0031157972254778703 -1.698507721037285 0.18355703745972393
0.5704125474755295 0.05300229510271869 0.8456917822966215 | 0.0035015338570463096 0.1256043025141514 0.2710391756107634
0.6563531122506376 0.018251870089193517 0.16972765003807133 | 0.043839333179719366 -0.1697913338166542 -0.11587527521216895
0.679521779531143 0.029485396464026228 0.22652746365245485 | 0.1843409711165503 -1.6839792837687766 -0.2947535560957647
0.6856738569891215 0.02868957033235906 0.35994762664874763 | 0.06635326761200452 -1.4956277385606978 -0.042565779801729216
0.7169947441561552 0.011924333465487925 0.43320484179782465 | 0.07812173675966744 0.680165713159623 -0.016131900413160268
0.7335685076622772 0.009432268864990493 0.5140857719204178 | 0.14665181008944728 0.7242310432411867 0.02813730770536226
0.7203094433914693 0.006007821180123463 0.5927253857560395 | 0.1835557239311854 -1.6986634602222992 -0.00310456172978606
0.7067427961932015 0.07648843294496574 0.706744480101572 | 0.11554532090443521 -1.5297136376915887 0.11554072206703984
0.6752008429555224 0.015904351070466262 0.7811455814439112 | 0.14906401278906733 -0.11737678119746597 0.12852026652326068
0.763116501247355 0.013948526167420438 0.18386603656070233 | 0.07808161644798875 -0.07528212623226273 -0.07539168187867057
0.7775580496350137 0.01979208682410903 0.2757436876278504 | 0.11068290431894284 0.08438066935781878 -0.1535035307765112
0.8343593068092913 0.051945615581011705 0.37239919858108494 | 0.24792420064600446 0.14296624987885995 -0.03894600386891135
0.8535616057968565 0.05071498388040578 0.4433186930572542 | 0.3079867323398215 0.10637769372034364 -0.006241071982882113
0.8501439131568118 0.05216143195976799 0.5055280032636088 | 0.30284738066593037 0.11575994766765293 0.0043341626188765
0.8456917180397544 0.05300230170800044 0.5704126842671187 | 0.2710409823803822 0.12560420332221633 0.003502217859332887
0.781145572321115 0.015904754277808117 0.6752008640661471 | 0.128520262322919 -0.11737518053526755 0.1490659244089194
0.7669391123641075 0.00992777988133679 0.7669391076780764 | 0.08454617561941888 -0.30220702582021014 0.0845461258931334
0.25213007088753747 0.40000718712305305 0.2521300802829471 | 0.003925000195124125 0.004620484219298073 0.003925100659430759
0.2498498871448597 0.4000012233897605 0.33922821154863536 | 1.7737541209298567E-4 0.004706533632967345 -0.0036555073498669216
0.22447106609113476 0.036279925627676235 0.40002392698141576 | 0.008392806357707526 -0.010972969979897967 0.007389411368702421
0.2128153150513247 0.10726544995338225 0.4000043334735028 | -0.00850372830991346 -9.034336831813129E-4 0.0039038739540853537
0.23327847568022828 1.8718987489044193E-4 0.47950157542565075 | -0.0038296913316972566 0.005702354068029053 -9.376813920681646E-4
0.19636832841082616 9.894749267071371E-5 0.5663767454517299 | -0.005181958265803219 0.006167022164992945 0.0017359606008684717
0.17370195652965237 0.014780546312694584 0.656879766104633 | -0.10292016215154592 -0.24183157868826824 0.04304620371581827
0.19085842507417342 4.288678537427451E-4 0.7548790738899743 | -0.05516386590189945 0.011034559114373316 0.04518949803018965
0.33922818798137083 0.4000012065294853 0.24984966577103243 | -0.0036562393936168673 0.0047062980643849985 1.7349917089995218E-4
0.34272251757286426 0.40015074736540995 0.3427160759587401 | 0.02364982985955293 0.029193339682786305 0.02364974296477226
0.3206990943596546 0.0220019916521866 0.44908379246648955 | -0.049624425912367154 -0.5382338809289426 -0.008957367559761256
0.32427354019040866 0.09301021228907448 0.40005653988634843 | -0.0024171206213967887 0.009106212513242291 0.0029487761667752127
0.3021993947684295 0.009312024337052988 0.5066042717087234 | 0.018734266125069704 0.06327925161430253 0.05840960503531004
0.2602143556455758 0.001857699839572369 0.5809212651621556 | 0.05914199957264274 0.7805594780346847 0.067642739847255
0.23061374887605743 0.01024728533896401 0.6859839872279592 | -0.2469831803019704 -1.7065104637399704 0.18065089506181004
0.2745582634475629 0.017842207450051894 0.7749536794070919 | -0.15235844979693108 -0.03925392291124899 0.0982562929512015
0.400003851577182 0.03643984819583155 0.22430512094691094 | 0.0075735766356174825 -0.010901371051392078 0.008262686437745827
0.4540129319561306 0.027602906785162307 0.31671735684669955 | 0.0910264673981385 -0.5998370231414764 -0.04326601490495756
0.5001417071142196 0.00220575181747423 0.5001889445830426 | 0.011265950258672441 0.3484996625723156 0.012994275723159513
0.31568904467209075 6.68229662537095E-5 0.4037523570260042 | -0.0013206865075567355 0.0044827792440062224 -0.0020069208606660165
0.3749146850448684 0.016135085345154346 0.48499539006860504 | -0.031110770728460253 0.028610720059059604 0.006453106848243806
0.3464931035699094 0.023673351534911527 0.5728416365192143 | -0.08757970367804645 0.3122898686410493 0.038303070645260624
0.36308383097612856 0.014441530723123165 0.6528503771299214 | 0.012576211483134562 0.2904128781616897 -0.04793923038663545
0.35499751387964923 0.015168021893958036 0.739842804262771 | -0.10111259324828574 -0.23237036463726418 -0.018386356377721843
0.40000073566167427 0.10781735732660644 0.21324587491451322 | 0.0066224848499593465 -0.00314677280717967 -0.014493869863575756
0.40004753341444055 0.09299279113990357 0.32427302826437177 | 0.002997394231207151 0.008968362719358521 -0.0028235208893479754
0.40369046612959814 7.842128946144319E-5 0.30961717585334647 | -0.002269549694936048 0.0051786754850365185 -0.0013604406347706678
0.4248608146128011 1.7254233748687143E-4 0.4260172178847697 | 0.0029016605288339943 0.005975217783041958 0.0023087283693171696
0.42900480491070514 1.396405225312611E-4 0.5394513414273944 | 1.4308709716228475E-4 0.005157007425688753 8.913247633526431E-4
0.44380747804283155 0.007413707745377764 0.605936623912684 | 0.0938871502792072 0.5003841453714778 0.2567960768506369
0.43325114307649204 0.01569191822369003 0.7088951366413526 | -0.008079885115870449 0.42666183007877634 0.02607774917117895
0.4338560388716807 0.0432592568394687 0.7912045022300316 | -0.07176824907037609 -0.0397474958784184 0.164015860771523
0.4795015119474629 1.949646072032398E-4 0.2332804489945515 | -9.877463008055032E-4 0.005673490759140748 -0.004015671366420689
0.5066033716215397 0.008683828470746354 0.3020550304041327 | 0.057052553029683886 0.058816108966370156 0.018061618312442667
0.48707330701520807 0.016657900355350634 0.37321735327042127 | 0.014937381113349921 0.013788337812671927 -0.03985372620859336
0.5391948190866079 1.4088335485013773E-4 0.4291480877602128 | 9.600918760299846E-4 0.0052281493303130795 1.3367276736946457E-4
0.5348288422000811 0.008846489136752563 0.5350014462927842 | 0.09485451489772516 -0.17624129503436475 0.09554907239468108
0.49877368578583425 0.01183038164543992 0.58275828312473 | -0.005843190788611931 0.525354474382816 0.13678789772154648
0.5166863289359629 0.013904294384274905 0.7193437465730251 | 0.016457110535038684 0.33033332492166856 0.04501649352980752
0.5156422056609696 0.02014297114206659 0.7914543992161114 | 0.05682757651898255 -0.35083584730713546 0.2670099237213435
0.5664411600149534 1.3175351986811505E-5 0.19599196690243217 | 0.0016907606631545598 0.005975280487091729 -0.0050667800452494135
0.5809549813275976 0.0018214195761796616 0.2603224359565415 | 0.06847744557525319 0.7814931260632922 0.058009781895959095
0.5730866725880447 0.0237558157713576 0.34638383287198915 | 0.040333907483554136 0.31079780139569213 -0.08914612619850072
0.6056376668740497 0.008150585845846768 0.4436806987667375 | 0.255727142110993 0.5034072528542618 0.09258515389550952
0.5828327358854858 0.011813669862662317 0.49881609502174556 | 0.1367449757191074 0.5280351197528812 -0.005985406033325112
0.5907097853970734 0.011087677725917873 0.5907256996831035 | 0.04468102831228575 0.267009151388374 0.044904098147607624
0.5993503663274593 0.01246061074505298 0.6676075537506124 | 0.08471058171154472 0.2975551294414937 -0.03482299186460604
0.5876410707336798 0.019143263402718214 0.769867598135471 | 0.07196464457638131 -0.2895186208919542 0.04217102094195226
0.6568781820429421 0.014782604122949542 0.17371261840874405 | 0.043041963343654066 -0.24192405426110278 -0.10286496027499037
0.6859831088784789 0.01026799338572533 0.23062229377787885 | 0.18061174843899083 -1.7062957738631437 -0.24693134830864294
0.6528821896213703 0.014436857588736321 0.3630869698580521 | -0.04786681016106246 0.29023968140217066 0.012594087796423948
0.7088821274833655 0.01584370024307956 0.43325201688844417 | 0.026325449780300273 0.42646863539260216 -0.00799674258136316
0.7193846705604638 0.013903842421424974 0.5166831946746598 | 0.045295024206856015 0.3304836769745318 0.016451359002809463
0.6675597601384773 0.012461279260866352 0.5993324996801289 | -0.03516561328349677 0.29769589102267247 0.08462710555856534
0.6937378971636318 0.00935904290517451 0.6937382933951769 | 0.05553926544750461 -1.4620755298921668 0.055534042091308335
0.6758511046944239 0.013027857622913381 0.7766628572540706 | 0.14409608760815135 -0.18725257027581454 0.10481235828769327
0.7548783191434474 4.292377364687251E-4 0.19085840113535618 | 0.045179391414693085 0.01102319953736531 -0.05515986260028518
0.7749554281683518 0.01784161041094917 0.274558325810014 | 0.09826484655913133 -0.03924609127726854 -0.15235787100031234
0.7398506507118805 0.01516868288957125 0.3549990509819871 | -0.018373134083484434 -0.23229049187537953 -0.10109341440954975
0.7911864886523109 0.04326994991234133 0.4338569988982233 | 0.16389035707799285 -0.039770864869769176 -0.07176383245419655
0.7914507619344281 0.020131419052144557 0.5156417849552866 | 0.2668859153728981 -0.35118493805910217 0.05678036228525058
0.7698682913056047 0.019139916168953122 0.5876414398503705 | 0.042212200867496004 -0.2895615794743882 0.07195155463652089
0.7766627908510133 0.013028207752437385 0.6758511145774025 | 0.10481148999955264 -0.1872496207448236 0.1440974972171206
0.7437455636135751 5.629649114125538E-6 0.743745526534862 | -0.0018350191196560915 0.005637704495679206 -0.0018350545424515939
