512
0.28151147779358277 0.4000030197381564 0.28150180648858686 | -0.0019601736819879058 0.005182610171881105 -0.001959799739028969
0.2248782501352054 0.024995886077085007 0.40001574629261355 | -0.002509859132317305 -0.012771180321374344 0.008357836755599259
0.2591136244002619 0.06501925368814286 0.4000001571703201 | -0.002543227855211621 0.005078651735772154 0.002034586854236796
0.05203319878597038 3.5093474967694375E-6 0.4035770244896234 | -0.004055753709035472 0.003086069700033314 -0.005634087517570889
0.21422478879121556 7.640005716893009E-5 0.46994119306583054 | -0.003601661537768411 0.0037849845750782185 0.004910226130168989
0.29275532873996846 4.938892564570776E-6 0.6020573221287536 | -0.009171627167312535 5.795719291938734E-4 3.968974136941339E-4
0.3689880861456205 7.211709696990732E-7 0.6492311696086625 | -0.005213882228700417 7.015003498106628E-4 0.007394617638374192
0.2790853238797243 5.24599534159657E-6 0.7184093516613584 | -6.329878156934373E-4 0.005087449339063647 0.0036760276044664943
0.40000658300692477 0.015629283690281073 0.22255963719558491 | 0.009812591708893335 -0.01162360591716237 -0.002287743060131136
0.3439022857921188 0.4000093623358199 0.3438965147977949 | 0.004728965299237504 0.003284784894764526 0.004732939681685695
0.4076804313954942 2.6845397971607767E-6 0.407555191662672 | 8.399297821520656E-4 0.005728657382616408 3.0042880441145817E-4
0.1435993535408292 3.332245569040056E-6 0.4734588371500837 | -0.0025489347253900953 0.00526276879394811 -6.846012033635288E-4
0.26451044142872887 0.009315489832030881 0.4620112020289207 | -0.034769597987497666 0.1382269030680131 -0.05466345428372611
0.22209179546372104 0.03730140820316642 0.5310620284261663 | -0.009627305908782146 -0.484580073856164 0.01505149440304338
0.2856117454809105 0.03294678854693763 0.682902455529571 | -0.006663931237003803 -0.22510742749762339 0.022363189885886522
0.28147751170213514 0.016881248826742086 0.7260105940970908 | -0.005392390516227444 -0.5890594049306921 -3.0942947994688286E-4
0.4000004492860806 0.0650601427776213 0.25912792652188527 | 0.00147722301252435 0.005536046462194149 3.643953932850891E-4
0.40001882993917987 0.0015156919527157353 0.3515503920857312 | 0.003962616345806292 -0.002324240978881113 -0.009696655041278089
0.40783562916511606 9.51402399441382E-5 0.4073426232136937 | 6.313246086374315E-4 0.005731086189290751 5.911809146078165E-4
0.3631456254727706 0.01892290919491408 0.48882543959107744 | 0.0628842226841368 0.34540430858846083 -0.15556160036866526
0.37038996828800774 4.013251205703161E-8 0.4830552035107278 | 1.9882983578405292E-4 0.002656842203319689 0.007133259553245281
0.34816776136982697 1.7016371482351215E-6 0.5760540938281837 | -0.0030286916634911704 0.0023514903830583176 -0.007132599016990231
0.3648851720580103 4.496253878494351E-6 0.6570449096679918 | -0.007307321471861384 0.0028052851454864235 5.08423460107553E-5
0.363511463382627 0.020364384184067084 0.6578720510212781 | -0.016672963707751592 0.045631431071690313 -0.05038337992562755
0.40352740394550407 9.505578902473794E-6 0.05064901684198431 | -0.0057293177590157646 0.003101184912854682 -0.003874336785684275
0.47510347830352034 1.0975581832711407E-5 0.14845445135782803 | 0.0011578617091003612 0.004968795704216933 -0.0032692190171600445
0.48559089925643517 1.5831851211221102E-4 0.3689767456099274 | -0.0015727666728545275 -0.030445789893861645 9.849511516249214E-4
0.42482573485209985 4.519285629128668E-7 0.42471999811892686 | -0.003986283037192644 0.004191637490905488 -0.004550114105782594
0.4641389345674318 7.902157791724057E-6 0.4634559793861599 | 1.6170392820776314E-4 0.005871261142115533 -2.476925413708157E-4
0.4397498463796637 5.451590566502692E-5 0.6408517649040815 | -4.0108004356597266E-4 0.005545659603229025 2.801234807223396E-6
0.43802728697115306 3.839296965182698E-6 0.6386981880561136 | 0.0032403692225836398 0.00465931282679951 0.0029242994573117757
0.4860551722891353 0.0563157426345899 0.6914798227415113 | 0.0776671192862884 -0.2212270432221027 0.008443343951192084
0.47056625145456243 1.359981554853883E-4 0.21420925811224611 | 0.004821682773010407 0.004361430254951392 -0.0030869910205804556
0.464603060142128 0.0051936670284913064 0.2637080474969866 | -0.05119152114091733 0.38793611248097815 -0.042574759004557254
0.4855979884462164 1.0797109322200657E-5 0.36897964617655954 | -2.3352461553722637E-4 0.005544963969015966 4.648817356167059E-5
0.46402541728864116 2.0900165089945393E-5 0.4635136129671572 | 3.150312315646593E-4 0.00586315531563278 -3.0686958921695797E-4
0.5175361543600245 1.0770395844016477E-5 0.5162575896803133 | -0.005291590675861912 0.002795018382669497 -0.004747213176301961
0.5022843434106165 1.1405943289633992E-5 0.5817790736836298 | -4.7491770541367983E-4 0.0049879647933210374 0.0030134121847935885
0.5178955785693785 1.3280465148739562E-5 0.6549730770294492 | 0.005496774387585391 0.002497134021731048 0.005123836533515731
0.5233840717815385 4.087569090389031E-5 0.6584803568424739 | -0.003263056545132119 0.004768952399256296 0.002010313498150996
0.6012060509722025 1.806927995196667E-5 0.2920098947115258 | 1.9963394655024704E-4 5.124008650652487E-4 -0.009240562828476647
0.5309291581674135 0.03670218932792118 0.2217512915529533 | 0.007162635763921156 -0.43051325110067923 0.005403716857756912
0.5755996606789313 7.9753984566772E-6 0.34821467082899804 | -0.001902351996671464 0.0031958893070309926 -0.006566923441422704
0.6413848011087459 2.9074842447297144E-5 0.43990871001934756 | -0.001094354843628453 0.005537123319821479 -6.790358747377168E-4
0.5810974980309052 1.6748244983620333E-4 0.5024115767989242 | -0.003093102633916312 -0.06466910477719057 -4.440201067816711E-4
0.5896681125663602 1.1985219935639465E-5 0.589756911165231 | -0.00423994306050539 0.003007764716321214 -0.005646041602400297
0.5969873354016062 2.581482148635105E-6 0.6786805598448394 | 0.0052290342774722175 0.0013453472532479443 -0.006956086774260488
0.5998700262620891 8.596919082038688E-6 0.6752774205386799 | -0.002704824816158242 0.005033186025356642 0.002105019309435872
0.6504876319909616 1.6652519747006382E-6 0.36937040653847575 | 0.00667235799086769 7.653591577366063E-4 -0.005973070326440698
0.6868323159154193 0.027615999835266115 0.28493407337765125 | 0.016570471540639828 -0.23518850857593046 -0.0038044992723421335
0.6572480156267994 3.4247204631887653E-6 0.3648192582877002 | -0.0016486775655838886 0.003218208410149817 -0.0066973245151727605
0.6389561757687403 2.422531000497775E-5 0.4385168201809247 | 0.002612019310912725 0.005102702372368151 0.0020759388188562916
0.653891774365932 1.6490699824383637E-5 0.5173114526355811 | 0.005294904364342689 0.0023714728514238623 0.005497428348464668
0.6805669406091879 6.768358542772464E-7 0.5946423767202322 | -0.006840448920611963 0.0010790146132289645 0.005689341988325444
0.6832767886237571 1.0070329118705613E-6 0.6828652648246618 | 0.006117343110301552 0.0018335007486934133 0.005533655345639328
0.6836206524348631 1.1405347378791504E-5 0.6831939104978038 | 0.005867802093395245 0.002291607010718387 0.005172926953166191
0.7190962048890055 3.1204593240600532E-6 0.2796936305183246 | 0.0029085734038842804 0.005338440595574617 -4.5390581995298875E-4
0.7269547099882235 0.020459214717786403 0.28281266970051117 | 0.0017568973236447988 -0.5949007076522687 -0.003206259143035192
0.6575058949268968 0.021414234844712207 0.3633573398438434 | -0.03338457467644518 0.14261105278792724 0.007622869753666066
0.6920672514563603 0.05710753442534451 0.4876042039086721 | 0.009294578470174644 -0.20894102214872967 0.0849068107486673
0.658170887985718 3.39234651333701E-5 0.5221182606667226 | 0.0027835266793427567 0.006113570451635852 -0.002245954601552724
0.6754936618014202 4.7293085316054E-6 0.5992140738342845 | 0.0019610604137205562 0.004365393275520409 -0.0046540271633087075
0.6836239759467061 1.2978881247736852E-5 0.6831904834074292 | 0.005852715184657272 0.0022931675584425834 0.005187650440927824
0.740763758072775 2.689809271145625E-6 0.7408079246278427 | -3.954509632357497E-4 0.005531479296089766 -4.155155623644811E-4
0.2809784801992638 0.4000044860753599 0.28096827759643067 | 0.003547578067994601 0.004328497905704663 0.0035533394355625665
0.14015621163675812 0.03656927100190303 0.5322561126576366 | -0.18602247336602806 0.33831619229750726 0.10548776298568889
0.26010356777929655 0.14243634031647623 0.40000000064559355 | -6.640477416545321E-4 0.005527028143241331 6.671900982284264E-8
0.2290298265176045 0.011614865659757482 0.4000447861371314 | -0.003752304601181362 -0.010263776691181895 0.009722693952962198
0.2232125266033332 9.510259404423843E-5 0.46896155694461317 | -0.003754099214934697 0.0037334293043002993 0.004676256923424604
0.2705429271115326 5.179111177680264E-6 0.5903247386335073 | -0.005849586419864213 0.001701813011825871 -0.005824263572832617
0.30916970733967875 3.545723672794383E-5 0.6544749202856317 | -0.007523451516060708 0.0020958369313899567 0.001472871824764926
0.25475302225148544 5.910347989393475E-6 0.7043735668962 | 0.004123550059879475 0.003155415726704318 0.006117889995588393
0.5349792148979124 0.04420652383463748 0.13518748887270973 | 0.1364480361481192 0.3336181831174691 -0.21585348929214895
0.3437227636690865 0.4000050056401913 0.34371698798490674 | 0.005069373804668221 0.0028964288257577425 0.00507273330498398
0.409307777075417 0.05398327883480428 0.40222972476018226 | 0.025445250655055807 -0.9144262154472991 -0.03937567739435113
0.1939790159861449 1.089601587045267E-5 0.48219264699687475 | -0.005883618675706189 0.00345576212606799 -0.0024297896504244043
0.2644782445814552 0.009784006273408658 0.4620699087957136 | -0.03399234851810772 0.1273929095095004 -0.05295255788452551
0.19862176626704706 8.00238378507003E-6 0.5522159255951239 | -0.004375535623793047 0.0034383054183956133 0.00523616110391776
0.2151809165747723 2.2274116066375854E-6 0.6443825018782499 | 0.002657742510983725 0.004952845116882298 0.0011298491281124061
0.28008286901002866 1.2045421358348722E-6 0.9060740262129329 | -0.007310919074831599 0.0018119457112684646 0.0038690219416802497
0.400000035667793 0.10533074205393601 0.2559689159391311 | 1.2089598410770096E-6 0.005739291349050873 -9.394438377907944E-4
0.3990406804468336 0.060103885368754766 0.4155464788394024 | -0.03165337376537862 -0.9563203088454 0.02659119805929964
0.462229059408475 0.03293853651299911 0.4640533380294666 | -0.03020181338297051 -0.44380883799338955 -0.0014424558119815226
0.3314901415905129 0.0032672480777460444 0.4000644038042483 | -0.007401744357854536 0.002283963579054029 0.002654773730072547
0.371795045776813 5.726279144448366E-6 0.48261919270090925 | -0.0069714750917265825 0.001266814436213223 0.0045825918996697124
0.3482683947893957 2.3435187060636026E-5 0.5760584255634345 | -0.003525508768501837 0.002321252471321192 -0.006936785288713454
0.36327048623995434 2.7699875416347438E-8 0.6577053997103783 | 0.00642967806075499 0.0021973640775309845 -0.004575941536486701
0.38564411729252795 1.933678031517068E-5 0.8330237915949034 | 0.008133564672977014 0.001375620951428001 -0.0028224863755495506
0.40005920879969925 0.01148355638710696 0.22692164564399628 | 0.010107376982148631 -0.009870868813285224 -0.004444725717565923
0.4780838079672167 6.448245249752451E-5 0.17965872763316323 | -0.0012259747512362489 0.0018907693542814677 -0.007973830372760074
0.40008460711805544 0.010311524263908845 0.33645640077827055 | 0.002561204991430073 4.0019419903220194E-4 -0.008986866866483019
0.43929532911202634 6.711139274505185E-6 0.4395833282562039 | 0.0044065612315900785 0.00434352023367539 0.003908596891363665
0.46407315054360737 3.9101639397534726E-5 0.4635385237835577 | 2.4082673184815996E-4 0.005864385043072686 -3.514078540032482E-4
0.43918011940387164 1.3948315736835322E-4 0.6401142934110874 | 9.629732007160658E-4 0.005453851045412478 0.0011348064601388148
0.4372985878487971 3.267007052605781E-5 0.6385781703785653 | 0.0045464073703291 0.00424716005148391 0.002565709817570532
0.43772239790712963 1.4877850475932138E-5 0.6350248182522431 | 0.0017616253814424364 0.0033119917385365074 0.006477845492299734
0.46820903354786453 6.170400682128035E-5 0.2225076458355843 | 0.004848487760137406 0.003969487005882669 -0.0031035970671197503
0.4647493682235002 0.004411247085617392 0.2638018997600367 | -0.05233060307636884 0.4085509307183774 -0.04297558461653672
0.4856264525034716 9.279379553602429E-6 0.3689627097217993 | -0.0015221704973070835 0.005413411264064021 7.36232911892915E-4
0.46410253013145575 6.819221139898802E-6 0.46345039134013677 | 2.1548886304217688E-4 0.0058699899181962195 -2.3307582619301316E-4
0.5895905379329279 4.752527592853277E-6 0.5896817062192415 | -0.0036609312345075805 0.003405171001121067 -0.005437471442854573
0.502288946437515 5.553968933005037E-6 0.5817755641336193 | -5.313144055177139E-4 0.004975836341049856 0.003044145652557468
0.5160263120496684 2.1853069805334922E-6 0.6499564063211296 | 0.0053222623580841885 0.00147336072929266 0.006533827993860572
0.5192210744881606 7.61760965109215E-5 0.6451656261608604 | 0.0025307473960178182 0.0010589205802089587 0.008326712711047641
0.5903091089121223 2.7730019097962233E-6 0.2706286360138392 | -0.006012118364465044 0.00213463872232154 -0.004881920907776804
0.5398295342234533 0.0036814732386271946 0.2121743354957812 | 0.019124574179657135 -0.3145769051237945 -0.006095447251492979
0.5755719985835615 1.9711135950455434E-5 0.3481670036955174 | -0.0017346446543494507 0.0033231401008821477 -0.0064425852586143416
0.6407229851028899 2.127145754841961E-5 0.43962973385813864 | -2.4887833224313226E-5 0.00561347448309018 -1.8480778901697228E-4
0.5811310265136678 4.6165020861771663E-5 0.502406051833468 | 0.0010202734318362121 -0.003455435213280851 -6.295958464577778E-4
0.5896503691840942 1.8422729666667983E-5 0.5897430139603727 | -0.004088572821319007 0.003108450261975551 -0.005605741024848097
0.5998337041923568 1.1820337890125239E-5 0.6753385040800985 | -0.002469381339877124 0.00524748927464802 0.0010261285462085758
0.5946338175901087 2.3073181546827377E-8 0.8091600853147114 | -0.0018130984096927497 0.0022534110783806196 0.007828863810080416
0.6546485318085418 1.1167521806937825E-6 0.3086823763303669 | 0.0012674480155378007 0.001987884383855721 -0.007647543821550668
0.644332703230474 4.980917346473614E-6 0.21506871280062356 | -2.4120859574268256E-4 0.005040517285298025 0.00238132344189105
0.658450334408227 6.842777775873112E-7 0.363708256360198 | -0.007369082619499476 0.002144334799264561 0.003075598977867647
0.6383877119865613 1.7126476975128405E-5 0.43676714325724086 | 0.0022943600274403465 0.004094704830599109 0.0051123968163626155
0.6481046083904763 1.9722642605484407E-5 0.5148879107701242 | 0.006597210385263647 0.0013175191926587232 0.005414180362986754
0.6755613297592679 1.8201289863040946E-6 0.5991696923194395 | 0.001162526068112475 0.004526461239027482 -0.004575809445844907
0.6827925302398943 8.388973840505867E-6 0.6824307395168314 | 0.006339535165112875 0.0014493679500260583 0.005767629684175248
0.6560382349365126 3.023827007807452E-7 0.8898931653052746 | 0.008272818033930948 0.0017026321367886324 0.001283369668883304
0.7043533171068791 4.2486142737958076E-7 0.25474518850527306 | 0.006049758037194043 0.0032712926624920767 0.003990350179777374
0.906067440245275 4.954468743657459E-6 0.28012610743600863 | 0.003904231017550798 0.001789527032453248 -0.007298646573693456
0.8321478724245059 1.5884128992045993E-7 0.3849277342438577 | -0.003082602509402266 0.001383359539392565 0.008605159251124041
0.634965145699208 1.901495355160327E-7 0.43759441307705527 | 0.006369792440480645 0.003453112159382113 0.0018488770644925542
0.6451187459843902 4.3553618982990265E-5 0.5191816832878187 | 0.008351347659483043 0.0011178035881043318 0.002373015297182149
0.8093429529920939 7.344885901538005E-6 0.5947152903733287 | 0.007741381192022261 0.0023386478532659424 -0.0018129494642571548
0.8899102870935888 4.583800574930591E-6 0.6560213750332196 | 0.001313755761792652 0.0017013086773219144 0.00826920198202552
0.6814957298132115 5.4486426438044564E-6 0.6812252593894841 | 0.006584832130016186 9.213471084929062E-4 0.006086078147815222
0.17348883906394627 0.40000173494126046 0.17348892167062982 | -0.006381573986195435 8.74430986034782E-4 -0.006381562654125141
0.223567179433235 0.4000045133371587 0.3464327864315845 | -0.0044665922527099815 0.0034376426984282626 0.004715171244059366
0.23500645960109595 0.0719979371287249 0.40000057009258355 | 0.005507557835141308 0.004089944150991943 7.619551011962253E-4
0.2029118941994121 0.10695096114374683 0.4000000007717403 | -0.005614737076088034 0.004017678395350465 6.311090084504526E-7
0.2643879005339651 1.0603285336112313E-4 0.4550085923037501 | -0.0013210102649788133 0.004156219787688002 0.0046760185622237525
0.2675709226017187 6.022643850270832E-6 0.5823589895952951 | -0.003919469885647487 0.002820429452391342 0.00588539782183038
0.28414741122905596 1.4394448612253795E-6 0.6455556024904783 | 0.0035521896904254398 0.0027255789142713914 0.006060813064885488
0.14874765909144066 5.10443095525194E-6 0.7927996122337446 | -0.006399492206343108 0.0010328168253854939 0.006198351065137832
0.3465404444866517 0.40000080530260607 0.22359285397942383 | 0.00457624370154713 0.0034704906961793174 -0.0045446042714588865
0.3435883744063473 0.4000159403219293 0.34358258596317864 | 0.005232376330977854 0.002693774944818928 0.00523542865160635
0.3246756894337607 0.017789514232146142 0.40006108151025316 | -0.006310070739419888 -0.007900981027422364 0.008705772976455837
0.22515354490212164 0.013310809244658725 0.4000388543207027 | -0.002297987048310394 -0.011006758643462648 0.009760035336343556
0.264359126125034 0.010540629797881456 0.46206620375074314 | -0.033766964051803995 0.05856579031685788 -0.05002830401726872
0.2658328956537504 2.8891686201619115E-5 0.5831771439527877 | 0.0031455464930431284 0.003950324564706584 0.004558638028325679
0.21515978578173758 1.93422307166035E-5 0.6443879879443374 | 0.0026966875828407727 0.004944457097388611 0.0011129022853652182
0.33111097284051527 1.6170425060758946E-5 0.8460604820377323 | -0.00606842994246706 0.001998204649089907 -0.005454927921650293
0.40005804246801957 0.04668137487871472 0.2384137612815196 | 0.011360046713347213 -0.004228909031760027 -0.0015383173633963044
0.40008244824449585 0.02167238682336368 0.3254852110311707 | 0.005397990956488112 -0.01075720043372492 -0.008387018099189188
0.46152221255466597 0.03461674165042776 0.46480778774732373 | -0.03704524325455707 -0.45586323663659134 0.008265127962337467
0.40852303183921257 5.17512907016328E-6 0.4092091878129058 | 5.6390502603488695E-5 0.005657823286072993 -0.0016909890034886089
0.3726069217979274 1.437925498374498E-7 0.48547224315533205 | -0.006125166904008689 6.382695405336784E-4 -0.006424529579832169
0.19740086844854135 0.035078495719314456 0.6318157020905959 | -0.13409036085825754 0.3305360902185709 0.11072461040241952
0.282551989162245 6.331252380688218E-6 0.6560383740044008 | 0.0052809886784628435 0.0035708345432578204 0.0025211012937315204
0.3651406199027185 4.083558148597505E-7 0.644691225825735 | -8.296985984508416E-4 6.639405905654761E-4 0.009022692935012344
0.40000005706474967 0.10679918547354969 0.20322035879594036 | 1.2633757755957146E-6 0.004084877235318363 -0.005421810961659817
0.40000306618936043 0.014754036025177508 0.22310274570199004 | 0.009939569399568741 -0.011333177176417743 -0.002558825381538837
0.40890247304308475 2.2655501110106886E-6 0.408134055136703 | -5.537389377957617E-4 0.005760405325108918 -2.839020763827891E-4
0.40921650274656907 4.449387904039101E-6 0.4076839899506175 | -9.946021118020319E-4 0.005725622063834847 3.415865561191051E-4
0.4255051115274571 7.0520431035064035E-6 0.550952715209486 | 0.001748313205665901 0.001054305411300548 -0.008694067690400566
0.43119257003142525 0.05990286308914923 0.6220525553849212 | 0.10181777883887068 -0.31500729363234947 0.08635091253327298
0.48666650615320856 0.05821645742129507 0.6909720582996661 | 0.08321001299899324 -0.46273216598039146 -0.00479681084299087
0.4404051219072851 2.3334822190006145E-5 0.6327170787308392 | -0.0026595514314640837 0.002429572584609141 0.0072627845861277796
0.4553119771652968 2.475543940739551E-5 0.26419246026134124 | 0.004689552667965014 0.003679143500868435 -0.0015594964615303019
0.4640579115819802 0.007359791829868553 0.26324820335147675 | -0.046414460354346584 0.297233693919518 -0.04036992774190036
0.4856243489124418 1.200239763856498E-5 0.36896167232519195 | -0.0014279238036383922 0.00542368809016336 7.707832529453141E-4
0.5506824426651966 1.0466947798088126E-6 0.4259018423162632 | -0.00879834221287187 0.0010381302767882151 0.00102223425831687
0.5896950882863002 1.6340217685586607E-6 0.5897865674173997 | -0.004405076083970012 0.0028390689774689193 -0.005768678341050484
0.5022358152419396 0.0028696904123503 0.5819001806190774 | 2.1105289747911559E-4 0.08358636686023067 -9.457321827834918E-4
0.518042108042922 4.6008546725523826E-6 0.6566166770224932 | 0.005762905543884715 0.0029482917936981875 0.004015044826382803
0.5154874786881641 3.190698816093893E-5 0.6339595915587165 | 0.0032755329833797507 5.748457790290546E-4 0.008380391138895268
0.583386454084728 2.0803949741938134E-5 0.267979117458948 | 0.005375084182411544 0.0034507114827169896 -0.00286862014232581
0.5829969170123814 1.420209440457656E-6 0.26579316602558134 | 0.004348179846042437 0.003543218487399896 0.004159232734573957
0.6350510023666635 0.025675020872850965 0.20524570790001054 | 0.13829396187548731 0.37576395867932744 -0.1389273269921358
0.6247820500415655 0.05700327713487371 0.43442043763464666 | 0.0919962352708336 -0.37867642277766833 0.11226531954307775
0.5809616776496384 0.0029126077809179043 0.5023686824433734 | -0.00442378748576726 0.07409227828869785 5.958679539047994E-4
0.5898311910103271 1.2342090670423058E-8 0.5899130644497708 | -0.005006555329154537 0.002352357545239806 -0.005953411620687529
0.5976378353060221 1.3303196592178874E-6 0.6778714805448866 | 0.0050990197288096695 0.001619187792493031 -0.0067712771377433836
0.6054683544344875 1.1338650636769402E-5 0.6624917069214111 | -0.0013795709360988947 3.77073409127869E-4 0.009228461882281689
0.6455391220560698 1.292069090130702E-5 0.28416379180766427 | 0.0059894094936944545 0.0025378566941563125 0.004112199643147605
0.6443098563359317 4.5783091091009856E-6 0.21506954342653606 | -1.4648844193892096E-4 0.00504442069338028 0.0023690783919055715
0.6566870632937601 1.7938393791052348E-6 0.28244399939676545 | 0.002370672689684723 0.003314036191451268 0.005782877872166711
0.6915845320124395 0.05779080076736684 0.4877854915332851 | -0.0018690312544379873 -0.4452243136118432 0.08925280379179652
0.6559646114039515 7.172845883157301E-5 0.5176157498444256 | 0.004008835318075951 0.0029559544968052872 0.00575423442396323
0.6786481405996748 5.661459348411947E-6 0.5962047411532554 | -0.006551050945709805 0.001487483426048118 0.005528465638667805
0.7407631122045693 3.282559132894698E-6 0.7408072310531795 | -3.7463126901648606E-4 0.005533022867979764 -3.9312696870498725E-4
0.6488772714442838 4.693366919849036E-6 0.8841945536730493 | 0.008545396905328604 0.0010771494079365315 0.0024094321854928307
0.7931048896765003 1.4755925614342345E-5 0.14844605205371153 | 0.006207155126213916 0.0010168516236487516 -0.0064089946598808395
0.8460636431162624 1.1921928154932465E-5 0.3311069194016112 | -0.005609962877301618 0.0021763362707441854 -0.006185830029050064
0.644785391822569 1.1472381962203648E-7 0.3651711456989015 | 0.008941753243725765 6.931445919258355E-4 -8.694676607562454E-4
0.6330369049535128 6.815387740672941E-6 0.44012205146302547 | 0.007188496791372767 0.0026609571295981398 -0.0024271578500919726
0.6339334494707444 7.27901461046801E-6 0.5155047918778548 | 0.008473762052090607 5.906705768720852E-4 0.003207378226806623
0.6624327218589025 3.8111906273650975E-6 0.6053899560950228 | 0.00918931885515274 3.86520374647148E-4 -0.0016053161286758307
0.8841960757245906 5.222419333738567E-6 0.6488704899666455 | 0.002449269063361813 0.0010749902790612895 0.00853574711338667
0.8060655610134106 9.163733873239583E-7 0.806065577119326 | 0.006170261563289216 0.0012741226246437637 0.006168750442680994
0.1921562308686619 0.4000048307831806 0.19215625642786707 | -0.00642833210405791 7.691170983043637E-4 -0.006428331631674532
0.21850705937882262 0.40000314847830115 0.34560721607482175 | -0.005642300630740189 0.0027028641285376446 0.004783506503889525
0.23905830528164057 0.07483659110967981 0.4000009181038638 | 0.007792741102351544 0.0023383195369747318 0.0011262863278945585
0.1345724099895683 0.029891544306410184 0.40005334408858834 | -0.0052889267118760115 6.754090801298792E-4 0.007479610365789694
0.15503315892557556 3.2958362384735316E-5 0.47336067477801924 | -0.006919738114789945 0.0031264764028580967 5.36897585247767E-4
0.19254099359110777 1.0802404099015652E-5 0.5690235847750164 | -0.00415635921431896 0.0033194443842929086 -0.004884858836457317
0.12865323282544747 2.541394207010698E-7 0.6572081664501723 | -0.0041784106231233875 0.0031803374936290813 0.005560182133070655
0.1553112935438506 2.880030357329924E-7 0.7868345292779456 | -0.006146784511978685 0.0012860226878650479 0.0061777275348698455
0.34561192578814676 0.40000292827972456 0.21850639704140914 | 0.004821768812370843 0.0026966278203616615 -0.005618720010479936
0.34351551705705113 0.4000026586348156 0.34350986298114244 | 0.005341227643047764 0.0025524179167403615 0.005343526345325006
0.3235526908422731 0.020485098844202868 0.4000358797884779 | -0.0015400836721116387 -0.012545514134591158 0.00823601332205469
0.28107808777520993 0.11129247897752709 0.4000000074803749 | 0.004399383369222871 0.004624034099849343 3.0745579808470354E-7
0.2985145925822886 4.902064049985979E-6 0.5133198137923365 | -0.006371011795132726 0.00254926861673469 0.0034906317792637313
0.06706931131181822 1.904483113927598E-5 0.4938747570202324 | -0.009493453630185403 0.002293535607144445 -0.004677881691930991
0.21509886985558066 2.0129284504014202E-6 0.6441591337286883 | 0.0027300645581551253 0.004886591890588257 0.0015190813416416156
0.2574482818901663 1.895708407700377E-5 0.7972279733604674 | 7.080103825868435E-4 0.0028140330059227827 0.007003575093082237
0.4000011754285762 0.06637211837430036 0.2272368567566114 | 4.3362260375419826E-4 0.005065949173336431 0.0036593870218516174
0.40002527258684173 0.014142144444064631 0.31996712961062906 | 0.010611287262653374 -0.007259459868470861 0.0036645269472248884
0.4617001401932789 0.032541439932624885 0.46462059025712044 | -0.036133812403691304 -0.4808851988621343 0.006260406676713289
0.329541550889457 0.008901505935272292 0.40003217211521686 | -0.007441216736958903 0.0021153481503379903 0.002963758605133776
0.3706705019550281 6.431130293469607E-6 0.4815673017743091 | -0.001268445391775811 0.0011497030881820137 0.008302559931956301
0.3469590711500715 3.289588845450019E-6 0.5751083312846472 | 0.006012266341535181 0.0032525571898821214 -0.0029704020350421515
0.3658725209331732 2.7835348323127964E-6 0.6557330446269838 | -0.006970227060819007 0.001453402887028992 0.004979199362312442
0.348449884537413 3.248119806732128E-5 0.7290776738821186 | -0.0016236771374091594 0.0014623992062500722 0.008041859332843194
0.400000399479179 0.029604916819303273 0.1342483388165472 | 0.006634236143288401 0.0010321011921804115 -0.005942195476364368
0.4000000013429463 0.11001439833133941 0.2984511297130535 | 4.920742835189502E-7 0.0032493915018477555 0.007284778975502273
0.400132532755552 0.0048865816153733045 0.33483525431278344 | 0.0026897710358849804 0.0014587689148362305 -0.008276943130822289
0.42167414932924135 5.792567215917356E-6 0.40483662722892366 | -0.007002880234931844 0.002949240079842245 0.0025820529227351258
0.42114782894048947 1.715846462240171E-6 0.5582204458987754 | 0.0038978375997505512 6.292449057477092E-4 -0.008289409829873693
0.4266672340144094 1.5529495111610537E-6 0.5459616439113272 | 7.102230922883117E-4 0.002849080538217392 0.0072003348473774
0.43256297760419565 9.156237852747201E-6 0.732496594337782 | 0.0012046221686741543 0.0025535562997423163 0.007341941756918737
0.4370829369554635 6.369401990617385E-6 0.7392608657216335 | -0.008398108203310823 0.0014408846921401517 -0.0010222188037345152
0.47315536684491283 4.0806704393521995E-6 0.15485980169110905 | 0.0022026447992813344 0.003508543310845707 -0.005979828372049252
0.5135463772361968 5.446201321474152E-6 0.29866668988427486 | 0.00464558270452137 0.0017115581287788023 -0.007903901101777397
0.48562795946201515 1.0414017726449522E-5 0.3689591668677084 | -0.0015789698706269665 0.005395881591446396 8.634861700316637E-4
0.558815919877368 5.2611634776932856E-6 0.42100585107094873 | -0.00824112242532504 5.872346031969141E-4 0.003952886221990623
0.5896744193815457 1.207972157813088E-5 0.589765208483844 | -0.004266789376875765 0.002972175628019601 -0.005678979337077309
0.5022671601551357 6.426073806849288E-6 0.5818193415213406 | -2.887919842844445E-4 0.004939638851327553 0.002613347651283654
0.5077426717829858 3.628088992490321E-6 0.8377459415440343 | 0.0011681840509718718 0.0037964163895873237 0.005795241707260576
0.513300231297191 3.431937138028245E-7 0.7312143078008299 | 0.005714795224070921 0.0021532594374463953 0.005768921985804901
0.5690109028574782 2.998174740931583E-5 0.1924938410856389 | -0.003832820489692673 0.003158156491770622 -0.005835302951945919
0.4937818632510293 2.4751967609604777E-5 0.06761955119549952 | -0.010815053049941752 0.009568028767056156 -0.01589813841438753
0.5755235387206762 8.142663837614291E-6 0.34700603235403354 | -0.002208952056357705 0.003451258689392 0.006107703360043128
0.5460427829235075 3.026544791676433E-7 0.426977938750553 | 0.007531915895375799 0.002399051588791731 -0.0016061094509004022
0.5810938772670897 2.9383335615358456E-4 0.5024149758055069 | -0.002263761581718753 -0.03162768848311995 -4.5526612789678595E-4
0.589582430030838 1.420359529214529E-7 0.5896649901440478 | -0.0036505924901808844 0.003473322439195834 -0.0053316564224258735
0.5998212723095195 1.8036363607223813E-5 0.6753436696060742 | -0.0022462521320826137 0.00529907709269357 9.885483390113974E-4
0.5979212725334306 9.198690422958038E-7 0.7173385918407629 | -8.486644466791534E-4 6.867141038349141E-4 0.009045593241144042
0.6570513637936161 1.4248575821164916E-5 0.1286731030836223 | 0.006294337623513352 0.0028044804207189495 -0.003890381995844319
0.6441467958697853 2.3057664858967668E-5 0.21497696325724425 | 4.683071262612569E-4 0.004967697796372047 0.002658335751766939
0.6559189559807599 6.702095356255503E-7 0.36604650176522724 | 0.004259133072133013 0.001591027420480242 -0.007329598701759273
0.7326659214243246 1.46483003587387E-6 0.4325703990966069 | 0.007272946796991784 0.0025859885996487924 0.0015590780529401054
0.83785429880945 5.164390061365091E-6 0.5078466589709691 | 0.005882953647472022 0.00381609828238743 6.073717971908E-4
0.6755765063000178 1.0203905502751462E-5 0.5991818376994519 | 8.372719338182949E-4 0.004489713920110325 -0.0047242222680914355
0.6813514262345964 1.1103561358550774E-6 0.6810936239190504 | 0.0066029433973226 8.847734892581637E-4 0.006104224143893334
0.684956923169411 5.262806334481964E-7 0.7931789971856066 | -0.004134215491203777 8.6199092653994E-4 0.008217170673692393
0.7867338055553547 1.1029341372717236E-6 0.1553856783665232 | 0.006172777513229933 0.0012978084485258169 -0.006138063926733695
0.7972528071463828 1.714153492153016E-5 0.2574341304249697 | 0.0068748158732232665 0.002929442715469338 5.855389435950677E-4
0.729100066855529 3.8532249764030045E-5 0.3484528242933976 | 0.008052040229435547 0.0015105210078730931 -0.0013788765943563935
0.739266486746706 6.8378814961844965E-6 0.4370840737782869 | -0.0011252047217389415 0.001476124701092526 -0.008407851069351832
0.7312129280561637 2.5962741292783423E-6 0.5132987291794789 | 0.005571418669962356 0.0022472812284346127 0.005747105532531577
0.7173308193425985 1.9016520309611255E-6 0.5979378546140219 | 0.009207654976982452 8.088888324311336E-4 -7.93144683825839E-4
0.7931738623530405 8.58130485884641E-7 0.6849555499722424 | 0.008185996517985393 9.092863842829837E-4 -0.004115483893062584
0.7988240301739596 6.403574516737072E-6 0.7988240159895251 | 0.0063622411043373975 9.119628555093956E-4 0.006357327384101481
0.2140629248530909 0.4000048197214068 0.21406293638446477 | -0.0038643937301944984 0.004092412148722029 -0.003864169801501378
0.23210855685321455 0.4000073546479893 0.3431599007755431 | -0.004622028253340355 0.001642142948915136 0.007040768504118902
0.24143599954343017 0.07803004698342315 0.4000001403297553 | 0.010663320732231163 -0.008231908166030128 0.0011606181538838876
0.14327130955619374 0.030316210203735 0.40007505993906545 | -0.008888986772878247 -8.844138443295994E-4 0.004647010950695227
0.07001543317551222 1.687773568637792E-6 0.49283036876878394 | -0.00817850125401032 0.001926689997549862 -8.039816353971901E-4
0.20011270755101906 6.06851922824683E-5 0.5661508827840237 | -0.006489630209395039 0.0026992612768470194 -0.003601017595909182
0.14374458903254214 9.180905820624201E-7 0.6543798742831259 | -0.008551669042417522 0.0015316303671522498 0.001351748732417372
0.16581142613410052 7.007381545818197E-6 0.7755695062928569 | -0.00627945444352421 8.827534863886827E-4 0.006467587128335695
0.34316243617854403 0.4000072344800633 0.2321086600234608 | 0.007051506878598106 0.0016398867814924098 -0.00460906677868665
0.3435082821909901 0.4000016534490282 0.3435028930839878 | 0.005351255986864242 0.002539874051948367 0.0053523591480864495
0.32246907074921244 0.02008502462953893 0.40002219461702043 | 0.002201949263678612 -0.012142917953518203 0.008486080020381162
0.2985380252647852 0.10814131454285998 0.40000000667708746 | 0.0068407584202514115 0.0031650231066881114 7.044996862265579E-7
0.299786850173326 6.658308472593033E-7 0.513406151040114 | -0.007128551606730978 0.0021863752496633086 0.0027753522803713533
0.0668804922695074 1.0260987262998651E-5 0.49379940809056805 | -0.017823141088181296 -0.006183167853761237 -0.008891860139078037
0.2150990559351786 1.9978284367345376E-7 0.6441683915774314 | 0.0027325973852611995 0.0048883073294876764 0.001502026734502743
0.25730544743426453 8.993329332961659E-7 0.7944005439610066 | 0.0015260964254354983 0.0017466664151023102 0.007968853443294552
0.4000059042977806 0.0816961267808935 0.24450097668016904 | 5.241711449485562E-4 -0.2291810566386615 0.0028319242448028225
0.4000386190782134 0.01411264250230414 0.31856602345292945 | 0.009015123424050642 -0.005809002317783056 0.0069327306148585155
0.5043163308408103 0.051761630773527495 0.5235849145047365 | -0.06824884169623927 -0.9905161999922956 0.06854485734830934
0.3234426616642817 0.01284669887632778 0.4000446373686398 | -0.00216713938304126 0.0011869006958570938 0.008603658716199301
0.3713270480901011 7.810225547035684E-6 0.4821358266852434 | -0.0045759946642376205 0.001274881287326247 0.006945179220680941
0.3427766351954669 5.239201265472033E-6 0.5788050848694907 | 0.007019833528092828 7.0279411632035E-4 -0.00582145232132927
0.43280028779224666 8.035064948996295E-8 0.7439827493641854 | 0.0020616966812688564 0.00181391515651212 -0.007912266736207615
0.35178725486084494 7.382543621244406E-7 0.7305608266788157 | -0.004384453947335759 0.0012451470571555197 0.0071620318720603746
0.4000320790104578 0.030579945281581297 0.1430329623000609 | 0.00425152872718897 -4.0348010027473893E-4 -0.008820762349210445
0.4000000774470505 0.13696943416183197 0.297715110670048 | -8.047865136794395E-7 -0.9215664938856852 0.0029447345847365154
0.40005340884219054 0.008304444262940146 0.3286253241751531 | 0.003392051680170353 0.0016305360415792248 -0.007961276521525557
0.41835975789182317 8.152996040026818E-5 0.38783249528536373 | -0.0035018868626732727 0.002867229780947157 0.006378697643791455
0.4234853675202486 1.5462301539358013E-7 0.5543701795423857 | 0.0033147586674463665 7.099891992189454E-4 -0.00847543912831185
0.42645826093059447 2.422290297568114E-7 0.5428100940600957 | 0.001711510356794511 0.0011475621223204808 0.008616118950692211
0.4326654201642717 3.3023156082803704E-5 0.7332537831601882 | 0.0011268280030746628 0.002822025821384756 0.007053056056748349
0.43738029481492374 3.774636254387536E-7 0.7442996310012704 | -0.007981820256251437 0.0011439516647508024 -0.0034715551671402906
0.49281015295922853 1.618941659119753E-6 0.06964834962191539 | -0.0014057214830997756 0.0023142618254956815 -0.0077194746500764905
0.5126242887467216 1.1724073842523511E-6 0.3002601830794034 | 0.004620565540972247 0.001342572242296528 -0.008281940888108547
0.48562218135584695 6.082575573726679E-6 0.36896356245336537 | -0.001355492803079581 0.005437214058161494 7.076290666784719E-4
0.5541416134201673 1.3708207359082597E-5 0.4237214977079959 | -0.008447433977979394 6.766742825177369E-4 0.003381805467279039
0.5896370287227644 2.87167082857328E-7 0.5897185575790398 | -0.004108159928786667 0.0031473869262957557 -0.00552988026634182
0.5022868144405324 3.84527813777019E-6 0.5817899225454594 | -5.21268944786166E-4 0.005011832265619639 0.0029145010161082652
0.5078459316673153 1.5130015089598253E-5 0.8378767857362613 | 5.290605989989592E-4 0.00404650630335337 0.005477803127645289
0.5125780703380964 9.549971471206328E-6 0.7415875324720516 | 0.007949985296656647 0.001861890416691637 0.002849581047010193
0.5661329204870649 9.931200033290813E-5 0.20008112762972827 | -0.003166390113780634 0.002592724996509475 -0.007390555828400544
0.4938523162527461 9.97129396206731E-6 0.0676684644205966 | -0.005323446202712302 0.002504135567919151 -0.007652443230602609
0.5787182496894752 3.571906568303744E-6 0.3427942244320894 | -0.0055606805286326205 7.111016170540113E-4 0.007258044360654341
0.5425722448241529 1.643547456116253E-5 0.4266422948757272 | 0.008852831120623296 8.316876345172206E-4 0.0016233119358330702
0.5811442946472011 2.1469485937296245E-5 0.5024055912937995 | 0.0027313948844390323 -0.01653354689902997 -7.969001855167984E-4
0.5895488702257363 1.2783646010098582E-5 0.5896399454279557 | -0.0031926567354776075 0.003720860006898525 -0.005203096609575394
0.5193571288730453 2.139272614632118E-4 0.7492075388097608 | -0.004739031227154068 0.14706633715510803 -0.021597262916619803
0.5939603452486665 1.4342672824456237E-6 0.7269400797466132 | 0.0011568999435890583 7.287088327610406E-4 0.00885464280697999
0.6543965639518378 5.988675721035947E-7 0.14373744159269583 | 0.0012979198106476692 0.0012388605842476434 -0.008856404721442087
0.6441446259829778 8.992093694509004E-8 0.21497370512762715 | 4.782903823891646E-4 0.004965353518778097 0.002666434420020979
0.744180134627864 9.008486106795962E-6 0.43284407785485524 | -0.007950578778704167 0.0018424975385868427 0.001993610943345763
0.7328588302725068 1.4516473375029179E-5 0.43261488053111247 | 0.007202866241911072 0.002666049184839275 0.0014717803437475545
0.8378843794012114 5.0201646455000935E-6 0.5078709776312659 | 0.005822284103228313 0.003862680611310296 4.6515710674957896E-4
0.7503765780046998 0.004776179923348753 0.5192073116001661 | -0.0065493677457081475 -0.11316596430699508 -0.013656232433184848
0.740771916301373 7.718845361432829E-6 0.7408163426571728 | -7.520290709659474E-4 -0.0421362775565666 -7.596003862107392E-4
0.6863594395928329 1.923733287528099E-5 0.7936476698298007 | -0.004875192920185176 8.101206946003838E-4 0.00784381906569207
0.7755541782602668 1.1479985447637645E-5 0.16581275463516873 | 0.0064537673275131885 8.888608165698832E-4 -0.006286645897230894
0.7944259654653775 6.425700419292668E-7 0.25729476265022627 | 0.007902778681363517 0.0018429714744391597 0.0014487607382317699
0.7305859373889841 2.7327223163783884E-7 0.35179253384957665 | 0.007342551257955939 0.001303815692248738 -0.003970857862377264
0.744308615110117 6.835269755981887E-7 0.4373871115612239 | -0.0034790905516486827 0.0011927833135721832 -0.008002986332679853
0.741587953357087 1.0559873447019947E-5 0.5125775180699086 | 0.002744022278742958 0.0017447547658491255 0.007938767873940844
0.7269413416285002 7.635776412637393E-7 0.5939845504531128 | 0.008992594717843094 8.770650655474804E-4 0.0014001762911146768
0.7936460746985547 1.98468524450765E-5 0.6863608314215558 | 0.00781390044486436 8.52217127470203E-4 -0.0048632145105546015
0.7896547180742174 3.3462028921727534E-7 0.7896547403606216 | 0.006566097982601217 4.870518723682492E-4 0.006559819363518255
0.2252411249884605 0.4000002772006596 0.22524113243400132 | -0.0035771873975985673 0.004312709830593996 -0.003572738616489657
0.23617535161799136 0.40000151306119375 0.3417757589287807 | -0.004935107638059936 0.0012467910811858277 0.007214184372735117
0.23117454125310344 0.059118069242051485 0.40001265957067 | 0.003971289064754394 0.004565213855065089 0.0024252187959718403
0.15698005395813494 0.023368391597449464 0.40002219130863664 | -0.009336170848051193 -6.938369824046013E-4 0.003341532033783136
0.07355829605192594 1.3084401387473767E-7 0.4929796902598548 | -0.008544424245231328 0.0015043966742085792 -9.439228417966258E-4
0.1958512080144662 2.2950840422027722E-5 0.566170780261137 | -0.005491804936030361 0.003297953782490728 -0.0036113838030161875
0.14533161919146603 1.7071662525860345E-6 0.6541914435898009 | -0.008645923042790462 0.0014420367194065494 0.0011972208275531572
0.16796308735972254 2.2232537758213576E-5 0.7734557483124345 | -0.006521290289887708 8.144858688970502E-4 0.006292898566334279
0.3417752611880985 0.40000161049353294 0.23617502387087874 | 0.007220939107433191 0.0012457842437435683 -0.004926521205355423
0.3434911296506791 0.4000071549112912 0.3434856740530108 | 0.0053596802967827125 0.0025284464501713743 0.005361063059266249
0.32308051939316385 0.02137734877384887 0.40005112938374143 | 2.1451504869441347E-4 -0.013165972891746027 0.0077922779205886325
0.3157306885101661 0.10932405878547802 0.4000000208846354 | 0.008442096286599905 0.0016226953386928211 4.639662078342574E-6
0.3007330558986833 5.060159915768262E-6 0.5123439285938687 | -0.007091583726582593 0.0019123957560820658 0.0034475663103501076
0.1080955574561381 2.2568115359268583E-7 0.570227013903266 | 0.0019445377761876574 0.00501916857628544 0.0032433635807404657
0.2066127838328461 6.124853449002236E-6 0.7163318388800656 | -0.0012121407273112258 0.004518721871090873 0.004139158161060272
0.25736179776768553 3.275665371712407E-6 0.7941432903599162 | 0.0014681077595299118 0.0016983768606444235 0.008021791346093076
0.40000001956326 0.08197762117618938 0.24260128851576646 | 2.3078541963025884E-6 0.004793990560955804 0.00393434868949161
0.40004435228217994 0.014007856636144046 0.3179109137569317 | 0.008295777869435734 -0.005055265139499235 0.00777599336041372
0.5097977291625425 4.5420133716179794E-5 0.5088872965019655 | -0.0026646028115745618 0.005024297500099305 -0.002010951230628132
0.3244251744215106 0.011468726885118238 0.4000710345839161 | -0.004193092921366878 0.002502002772001507 0.006466143731515337
0.37068840890812177 6.443322434519015E-6 0.4819736992608878 | -0.001617059360338054 0.0013055941322968184 0.008133663080790566
0.34713359041869674 8.100434782701592E-6 0.5763244378067971 | 0.0026515961554320023 0.0020393137853318886 -0.0076056728179006335
0.3368934552571512 0.001595738960560677 0.8300195432615394 | -0.014343111196402325 -0.1063551410954156 0.0697629986038676
0.35700616337511504 7.4145301731308005E-6 0.7516223616943728 | -0.00837611788950452 7.675901463793813E-4 0.0030013307286901924
0.40002692765447667 0.024108478037030787 0.15717257208441662 | 0.0032476284438218857 -2.884394968415671E-4 -0.009145993576045447
0.4000000027335371 0.11090618861206876 0.31313348576215383 | 5.156759214723781E-7 9.288772023282542E-4 0.00995503110443478
0.4000673796827386 0.010695120411129126 0.3244519920915291 | 0.005972699117794776 5.636163929648053E-4 -0.007336403919153147
0.394190807283515 5.731408034459221E-6 0.4038523407472753 | 0.006185584011087913 0.0038267018317683773 0.0014595078296559673
0.4274142026737747 4.284480390055848E-8 0.5451983665926461 | -0.003414678353854817 0.0020166267287900384 0.00732306282010273
0.42628687280220995 1.3295398523676774E-5 0.5429542968646885 | 0.002172961380885744 0.0011593965805712784 0.008505530157842832
0.43268043535682704 1.5463177917001672E-5 0.7332991877876873 | 0.0010890572813230949 0.0028211560420571278 0.0070601856265817935
0.43691130095095415 1.961597915096788E-6 0.752734087771628 | -0.007299519312048507 0.0011223233055074936 -0.004815727837513042
0.49272821776075787 1.7892108403787924E-7 0.0731264109924674 | -0.0010778492493416134 0.0017161632438417395 -0.008340906918946466
0.5113228258185358 7.827215417737997E-6 0.30086285629701875 | 0.005342570956718045 0.0011957100709972946 -0.007950823814662078
0.4856225988725462 1.40073206904738E-5 0.3689639285466728 | -0.0013490214997913881 0.005439514695583594 6.850519581191774E-4
0.545234976276219 5.180020518955907E-8 0.42738690509633864 | 0.007896612397361997 0.0016075826153364914 -0.0029453215347488657
0.5112834035417795 5.787722150364453E-6 0.5114551349446671 | -0.003154080534697474 0.004223383827265954 -0.004031711505267003
0.5022922620785103 9.067100552016901E-6 0.5817799279223752 | -5.791074771899377E-4 0.004985978153586107 0.0029980108795580464
0.5077617595698879 3.5026369599760234E-7 0.8374627259743568 | 7.225591380834691E-4 0.0033957157798567583 0.006453679659521156
0.5133874744167378 2.062639454348808E-6 0.7513586353471339 | 0.008212988544394161 0.0015042417007217193 -0.002998820241176816
0.5661536815789993 5.721859649460861E-5 0.19582139919714917 | -0.0027884057733440137 0.003104100282532394 -0.006759766692751398
0.5720212549063604 1.1985982344575125E-5 0.1060782043560819 | 0.0024536978224476147 0.005216671563236161 0.0019137339142856
0.5766992653352854 7.336994628156176E-7 0.3471105239768642 | -0.007598220531229888 0.002032263371045266 0.0027374025927490993
0.5433194415705626 2.006148475259977E-6 0.4267791717382035 | 0.008844555353609866 9.429849580124848E-4 0.0012211678646683985
0.5811441800174997 3.105122737102706E-5 0.5024062792005312 | 0.003242241061779618 0.012905441925323637 -8.546253962733378E-4
0.5896076951070887 5.602565259392675E-6 0.5896989642955113 | -0.0038097893705909902 0.003302790353421885 -0.005500849131618941
0.5933634521689726 7.5016117323654025E-6 0.8592902880936913 | -0.004448328403449195 0.002241259001127814 0.006501079849204434
0.5888400869163034 2.8073029977311215E-6 0.7617824882613953 | 0.003493094042078796 0.0011790386557810446 0.007661910033544104
0.6542095268762281 1.4340332465938258E-6 0.1453294160752556 | 0.0011370525877855105 0.0011625762915084413 -0.008942172490584047
0.71639716621879 2.1877661236008433E-5 0.20666344675830797 | 0.005079849644710811 0.004156432022308163 -8.892942402572383E-4
0.8304076917581174 7.003197533281087E-4 0.3368669200687312 | 0.0691901676566858 0.21503901224697938 -0.017156727878012545
0.7332639367695889 5.245030762306441E-7 0.432745346867637 | 0.007103647189544758 0.0028117227300510205 0.0011121431751826042
0.837583326311085 7.4615826321873505E-6 0.5078082570382125 | 0.006422486324635993 0.00344958761008351 6.145111837055188E-4
0.8590536270319488 9.082936548416489E-6 0.5935275810115923 | 0.00648455921806421 0.0022497223612481876 -0.004457413811223031
0.740766926878904 2.517867244457299E-6 0.740811230548161 | -4.961483080307077E-4 0.00552294904947117 -5.207707035203499E-4
0.686543578934081 4.064340398655342E-7 0.7944338506660011 | -0.005025391645520802 8.375394549264386E-4 0.007724710248094775
0.7735925814317509 3.8033062131482173E-6 0.16777383599136497 | 0.006304731014673217 8.210996551805755E-4 -0.0065029925058120094
0.794167934090622 1.714688044946329E-6 0.2573509003211367 | 0.007958302812004131 0.0017926697730798293 0.0013935105781123333
0.7516446898088837 5.233789507682303E-6 0.357011673919892 | 0.003360794926617711 7.856487894845759E-4 -0.008172090788720266
0.7527365103987042 1.374213393020184E-6 0.4369070391621088 | -0.004607767315151613 0.0012267572720035564 -0.007417572912627841
0.7513658152661262 5.565480224297816E-6 0.513388072330912 | -0.0028712938344195144 0.0012265589469973549 0.0082860440331213
0.7617808201707355 2.2503452688063912E-6 0.5888389749859689 | 0.007840961799259976 0.0014508325399916562 0.00346962997968196
0.7944304957633939 7.741988989509861E-7 0.6865459673290265 | 0.007693728955226672 8.80256695447902E-4 -0.005013964116050248
0.7860554770408335 2.2564323165831466E-7 0.7860555174245097 | 0.0065972380522988094 4.1645593630910114E-4 0.006590509042429163
0.2393892278999267 0.40000018324521935 0.23938924631536512 | -0.004824448901072668 0.0031802553520879416 -0.004816689631969595
0.2422307416645387 0.4000016262909018 0.34188467932271305 | -0.005362241870077781 0.0011337058367447107 0.007008286351768498
0.23951959242381704 0.009752685167656079 0.4000422830025912 | -0.007191412747077805 -0.008692741956896174 0.008351499903236404
0.19072605263100323 0.09412690832922926 0.4000000204165223 | -0.004787187398424979 0.004450060176216719 1.9288281035094603E-6
0.17299256508253275 3.794011934275273E-5 0.4744076158696507 | -0.007668886894986478 0.0024887970896837726 -9.972675389616159E-5
0.07923898284870387 5.11269271584872E-6 0.5823521985801908 | -0.005672075412842255 0.00181065464572786 0.006116844776886556
0.14641192996084107 1.1591101741758605E-6 0.6542830962401859 | -0.008706642171957378 0.0013891558311167017 0.0010441358570464235
0.16996988155755244 2.5479178007102068E-5 0.7715597396365139 | -0.006753630107446211 7.673627625760703E-4 0.0060914785658489415
0.3418846628590171 0.40000157416690624 0.24223061678701943 | 0.007010800814052876 0.0011330986165360387 -0.005359616292472238
0.34356941898490995 0.4000016311002601 0.3435651625503755 | 0.005284652182028922 0.002631012871153566 0.005280468395174521
0.32246788369618573 0.020823299950372996 0.4000064781084047 | 0.002162378190474212 -0.012684208266077813 0.00800835273966571
0.31061426444162016 0.1048042954340287 0.40000000030756133 | 0.006480240960827954 0.003440660394852789 1.823491899948638E-6
0.2967009151116409 7.779772486753117E-6 0.5095676320638081 | -0.002535200346978683 0.002206618296708789 0.00706072351956324
0.07306147325471629 1.7249617163527003E-5 0.5878477430009603 | -0.007642027388775326 0.0017844630070910205 0.003284273037633166
0.20795635128386314 3.740740696899355E-6 0.7165564392918764 | -0.0044243461466380715 0.004167285253480334 0.0023565880512854786
0.25770471993668687 2.2068838870153134E-5 0.7933826362120642 | 0.0011008335316226084 0.001592485510435539 0.008169596077259911
0.4000384105442985 0.009385734299908887 0.2391835719049642 | 0.008434113093571107 -0.007675748478138397 -0.008228852179527827
0.40002679717474043 0.01103769107100662 0.31541497942226937 | 0.006083814521877917 -7.959885698031615E-4 0.00835357971221145
0.5040771643774702 7.318854155960957E-6 0.5034016414957238 | 0.002382252983568516 0.005257569132152521 0.0026869446350639074
0.3199997557873648 0.013617960502566986 0.4001148919356643 | 0.00708946093588439 -4.356267098376823E-4 0.006980819435716099
0.3720846777752196 8.532972242250936E-6 0.48520348877187536 | -0.005602560801609815 7.210480697608387E-4 -0.006823755967879686
0.34702038044405337 9.218194430493158E-6 0.575965837295166 | 0.0036671361181357036 0.002310369046956215 -0.006871137156112724
0.35164509134397104 7.973560912991367E-7 0.7144179965273584 | -0.0021312095993563864 0.0012710895088678539 0.008061402358206578
0.3621894223044689 1.7970192963687146E-5 0.9114021624246703 | -8.217316914502844E-5 0.0014210129132911054 0.008583209393394813
0.4000000372735025 0.09564799436836811 0.19115023942740678 | 1.7399620249216934E-6 0.004248761456035291 -0.004937444584282698
0.4000000242103419 0.10458776940771057 0.3106064839018286 | 1.3045395100863916E-6 0.0025589370065670566 0.008432968860598015
0.40010171260801136 0.01321574306437152 0.323842108105904 | 0.007643746356833962 -0.00317329715010722 -0.007941868325048933
0.4076960416877267 3.2049964375060966E-6 0.4086763239628119 | 9.593925603187478E-4 0.005676694553992684 -0.0011188507484568018
0.42846577579635026 4.199161587637617E-6 0.5409964081881025 | -0.0023922210957945792 0.0010173114919842434 0.008499111249826885
0.42591027749343197 9.685190953449402E-7 0.5445862621074156 | 0.003960643038278265 0.0014620447773827183 0.007590974393566656
0.43264846781196964 2.955578441588168E-6 0.7334852877745202 | 0.0013298032994582118 0.0028645939563368933 0.006967289915606792
0.4343467491744055 9.860772874817897E-6 0.9279855378641969 | -9.688552484150498E-4 0.0029869899690864914 0.006994693873455464
0.4744557310169351 2.105100531354367E-6 0.17294581087765795 | 4.883338048760375E-4 0.002042826939848264 -0.007849992752353254
0.5096948002803741 4.38204881889739E-6 0.2961394893987545 | 0.00844539852629652 0.0015727457519050313 -0.0028193757684868955
0.48562462992109456 1.811353863003041E-6 0.36896253901317544 | -0.0014714716966525584 0.0054192452579217495 7.515442873584692E-4
0.5414388540239597 1.066601386612458E-7 0.42844524869996037 | 0.008675848543927552 7.627051378558948E-4 -0.0024890356807176074
0.508460658651305 5.867936303849807E-7 0.5086333454084446 | -0.0011465567306728857 0.005301481094746332 -0.0021864984013974464
0.5022891897816152 1.5697021416301722E-6 0.5817821430381691 | -5.43206818409192E-4 0.004991392185629569 0.002985976152601464
0.5074782700773148 5.144488456099037E-6 0.8367512569407809 | 0.001453359892905448 0.0026765233108199814 0.007224641245779121
0.5070378972914792 6.223873947178316E-7 0.9288220651051893 | -7.641423512673299E-4 0.002143919837504602 0.0079343945906899
0.5821638070487325 9.743101451858746E-6 0.07951825057407494 | 0.006162375121604057 0.0021845982887688346 -0.005104184074315937
0.587672798490378 1.754391729148517E-5 0.07374177008061576 | 0.0029509752825715645 0.002084198673672462 -0.00749393931778094
0.5767932452458153 1.7578779569255856E-5 0.34722282916096703 | -0.007828452411506004 0.001997824606488383 0.0021084047061759635
0.5450333847701865 1.5931275893261078E-6 0.4256194303445393 | 0.006762255196984777 0.0011083858565704434 0.005663333657241447
0.5811410072523374 2.8646170668965563E-5 0.5024076026765784 | 0.0034960337738872914 7.143694736191988E-4 -9.4314792508901E-4
0.5898656503515507 2.2737013604558417E-5 0.5899562278918156 | -0.005026341427699701 0.002305124197479362 -0.0059981271120038825
0.6341906940405104 0.005255893519409212 0.7527984610610579 | -0.00954421298371217 0.2342028730415906 0.007220842319646397
0.5760221869900171 6.029829802502752E-6 0.9144600206683774 | -0.002308815245537061 0.0013565858048340393 0.008347278111387198
0.6542960722089592 4.732565267566853E-7 0.14646427534059026 | 9.752761602745747E-4 0.0011165858300935274 -0.008999268121158427
0.7166400034424212 3.205788799802027E-7 0.20799986230923634 | 0.0037512399501292088 0.004119249909248742 -0.003617456785719988
0.7095646493889748 4.2752537600202555E-6 0.3536843580723861 | 0.007911918009039128 0.0014165512440868415 -0.002160370548761181
0.7328546195092547 3.917014758639748E-5 0.43265173048044037 | 0.00719706771818832 0.0026994597380393505 0.0013087633981872168
0.8368996723230997 1.3525897993789224E-5 0.507568756978613 | 0.00718856118858354 0.0027781011800984104 0.0011969622724557084
0.7531463770582848 0.0064868340514381536 0.6338275846248257 | 0.0078193801985066 0.23395907562017498 -0.009904712584035648
0.740763135057503 6.7846961914245285E-6 0.7408072475141695 | -3.745501553203583E-4 0.005533044336131302 -3.9280421166108066E-4
0.6868205299852469 6.3192304526911555E-6 0.7938661003745879 | -0.005097921539005059 7.916227408354747E-4 0.007715556681478536
0.7717508044161708 2.585389320303673E-7 0.16974346742940138 | 0.00610529040711981 7.730510875636642E-4 -0.006735674028682384
0.7934061318376642 1.7490127120886473E-5 0.25769305684693117 | 0.008110248346316986 0.0016827949400064707 0.0010322434193746318
0.9113934226877716 2.2785118947999958E-5 0.3621964593241436 | 0.008528684411556983 0.0013820590713201411 4.5511114135814235E-5
0.9279869666374027 4.250936375135607E-6 0.43435100167944996 | 0.007003495445134638 0.0029799606755970946 -9.671917394538683E-4
0.9288071846723568 1.5810225995730586E-6 0.5070365279908844 | 0.007955234465293042 0.0021227857578832664 -7.598280169835412E-4
0.9144627639211115 4.497365613203612E-6 0.576018166835132 | 0.008340585313019826 0.0013609136208076493 -0.0023200314853214464
0.7938646948091735 6.655385290485582E-6 0.6868219395876414 | 0.007686111218835045 8.320779820043355E-4 -0.005087477162942559
0.7819680391913703 1.1863498482709908E-6 0.7819681357709999 | 0.0066155397226940315 3.726805160758822E-4 0.006608269147898685
0.25213007088753747 0.40000718712305305 0.2521300802829471 | -0.005277194784833908 0.002631658979931091 -0.005279169893931972
0.2498498871448597 0.4000012233897605 0.33922821154863536 | -0.004605073459260507 9.461448057535445E-4 0.007686902014342124
0.22447106609113476 0.036279925627676235 0.40002392698141576 | -0.00256416589773366 -0.013164157835606054 0.007801233336863168
0.2077141767401545 0.10593579083915831 0.4000000520288864 | -0.005522617659904582 0.004072725403274344 6.198670897400127E-7
0.2329059923053287 7.609605290386299E-6 0.4794849750366263 | -0.005918553454327211 0.0034531296274345983 0.001155705360857255
0.19636832841082616 9.894749267071371E-5 0.5663767454517299 | -0.005618262225410197 0.0031856709395700436 -0.0037038356787727636
0.14933298995757707 1.4709061305156777E-6 0.653856133786227 | -0.008787795320755397 0.0012933601637610862 9.034434287236536E-4
0.1871550320669699 3.6796810991771356E-6 0.7575307876622696 | -0.008860400070917478 0.0010273793349852597 9.539612099396684E-4
0.33922818798137083 0.4000012065294853 0.24984966577103243 | 0.0076843388794814935 9.459975370119693E-4 -0.00460941847996332
0.3436430936977415 0.40000239507411595 0.3436374705888695 | 0.0051886655720552455 0.002749728766412371 0.005191041619184157
0.3155671594336643 3.101728600534738E-5 0.4473060335161748 | -0.0031825738942620756 0.0047911047129477885 0.0016688563622234383
0.32453173443567884 0.09394467513155105 0.40000004741487893 | 0.0029810205366165065 0.00502507310766686 7.747728497397227E-5
0.30098907084152743 8.084229075880809E-6 0.5113693756539126 | -0.006794172323502879 0.001811235680436603 0.004140677460458816
0.26649991960841823 2.216419867368409E-6 0.5913283247457276 | 0.003161673636401991 0.0016738158700560478 -0.007660114834401575
0.21552537608681296 5.985948633848913E-6 0.7170747420644855 | -0.007603364099134932 0.002208622529440808 -2.178266806035428E-4
0.2590417315869733 3.7986621992752047E-6 0.791025852507135 | 8.681348944490787E-5 0.0013394625836074664 0.00844689039469379
0.400003851577182 0.03643984819583155 0.22430512094691094 | 0.007235828590356541 -0.014159078884642793 -0.002328558463561246
0.45771200004243257 9.132165406207078E-5 0.3057923003159465 | 0.0016957369294093928 0.003203134416651578 -0.005585466394551668
0.49879091967319883 5.3208438555669356E-6 0.49888350035452644 | 0.004410971424837188 0.004452523160607979 0.0038579074049719083
0.31791003227685094 4.1378798213262765E-4 0.4000403170127112 | 0.004552164134730577 0.003347022276120583 0.00500204336997661
0.3735275519790896 1.179783800799194E-6 0.4843761980418473 | -0.008379048873161977 7.561583960877905E-4 -0.0025235823010613724
0.34440753475015823 2.513691107498894E-6 0.5751016607056184 | 0.008709436523582912 0.0011938060612975423 -0.0011746089264906977
0.36534115928733213 3.412001310488177E-6 0.649789840173531 | -0.0017515080905836508 7.309451748798848E-4 0.008870599618420084
0.3498514454841719 2.1111282667957754E-6 0.7433066440663195 | -0.00526566653696831 0.001885134127856457 0.005860449929267693
0.40000000387106793 0.10501561133965888 0.2066776273110269 | 1.3822710041384178E-6 0.004178192878899249 -0.0052117936699665
0.40000001121700013 0.09358937797834797 0.32480018881204803 | 3.995886117244272E-5 0.004481907565636047 0.005050806366891487
0.4000849567894462 1.9770106877162934E-4 0.31205791091387225 | 0.00589928142459324 0.0019248877080104043 0.006239056863932027
0.42459281711597535 5.818960094014603E-6 0.42565349273249337 | -0.003520400646315393 0.004243902894588776 -0.00478186904871055
0.428854075726197 4.662777838337452E-7 0.5399527091987091 | -0.002528117481268278 9.551485617981154E-4 0.008482681453052802
0.44439315552384 3.2886313045486963E-7 0.6413002163891107 | -0.006990237142697041 0.002983792543675814 7.968571407113366E-4
0.43193899257742924 3.8882715235770334E-5 0.7278687042876494 | 0.0012446448537669441 0.0018171720811693203 0.008059311518680593
0.427278090236816 1.6679669932938349E-6 0.8404157360018067 | -0.007923731697165155 0.0017312173526113132 0.0025755026707545933
0.4795266503174804 7.290074004037632E-6 0.23290298641226298 | 1.9359382449683977E-4 0.00314942700175256 -0.005438690713434131
0.5105562667012554 3.441802862990557E-6 0.3010470839605544 | 0.005754318664875057 0.0011408109012380483 -0.00769055443633002
0.4856216472726938 4.129069960731121E-6 0.3689622598225251 | -0.0013392845358696725 0.0054357015129397985 7.586831472554234E-4
0.5397224174452131 1.4285666554095904E-6 0.429042619615321 | 0.008662113198314317 6.773508940993554E-4 -0.002643193802408786
0.5344864026165003 7.872713841860204E-6 0.5346634581227684 | -0.005305451404064123 0.002304961941583552 -0.005708708301804302
0.5022888603077513 1.208369055780941E-6 0.581782509369161 | -5.394205509652125E-4 0.004992368694238571 0.0029831913567064587
0.5145467619750319 6.512959772887733E-6 0.7321090918252116 | 0.005177467888447169 0.0022361260339474266 0.0061362537954770605
0.5107996849702265 5.799392727484908E-6 0.8337735720027316 | -0.004769620961332538 0.0012034273876996087 0.007278682103673204
0.5664411600149534 1.3175351986811505E-5 0.19599196690243217 | -0.0029411223370176434 0.0030380029474437846 -0.006777342931367052
0.5914008279378598 9.289400206586728E-7 0.26649606689994776 | -0.007012514486508687 0.0018188008597019916 0.00393975181257188
0.5755531383207215 1.1406122436503419E-7 0.344493983003014 | -0.0010809305896717818 0.0011580245570215481 0.008718191714689185
0.6412222711575998 3.251309269113167E-6 0.4445835356736574 | 8.041347531640552E-4 0.003030687885087963 -0.007069626088361619
0.5811478291560281 3.9168880934939086E-5 0.5024051827010854 | 0.00277815145025469 -0.003126989111225569 -7.436805066145033E-4
0.5896335973593002 2.737871064349771E-9 0.5897192234520232 | -0.004060441784570273 0.0031529046465941196 -0.0055578965098738884
0.6035273862705279 2.1191547967131957E-6 0.6668336652560404 | -0.0015948364156605154 5.245058467257915E-4 0.009090463638200057
0.58473452064231 4.950980420608395E-6 0.7949387181928382 | 0.0034443212477415375 0.0012657449103442185 0.008079715702335781
0.6538699406777032 6.399890183007166E-7 0.1493343340802689 | 8.397502061864526E-4 0.0010393461391273906 -0.009074183433705143
0.7171318855559878 3.9222027172945776E-7 0.21556626398244877 | 5.767935948999316E-4 0.002451420993419374 -0.0074006804454116604
0.6502873561608515 1.3531591588228827E-6 0.36521560827499744 | 0.008810810346524672 8.063796003504306E-4 -0.0016794261750950686
0.7270338088680106 1.133963917163784E-5 0.43184169015427326 | 0.008166816548119717 0.001685537578127235 0.0014417304283657186
0.7321494270864868 2.3220597970458168E-6 0.5145494293055952 | 0.005955587389640941 0.002323933356049562 0.00522158658742011
0.6667484383450795 9.97745957873526E-7 0.6034581443682007 | 0.008999941027802856 5.299971660233986E-4 -0.0020262516254631155
0.6979070154695667 3.4090037499737413E-6 0.6978961267887843 | -0.006556812322495039 4.1142345820666386E-4 -0.006609271791205349
0.6845873050085686 8.76714800477607E-6 0.7900146173373267 | -0.003958545492391852 7.305545999526916E-4 0.008403844031643872
0.7575272874415229 3.5522181371723937E-6 0.1871561124456033 | 8.715048816062306E-4 0.0010357358766650382 -0.008862372955773511
0.7910485506546248 6.401319418613238E-7 0.25903068390415546 | 0.008393292618943789 0.0014266679202360104 2.7275538848428723E-5
0.7433598272626595 8.872058021329775E-6 0.3498568288061868 | 0.0065301505627976065 0.0018675485216806975 -0.004444593597607696
0.8404772738779821 1.0000170610394276E-5 0.4273359647787492 | 0.0027751568281373725 0.0017135287428664012 -0.007833622779132562
0.8337789171407595 7.996825525299716E-6 0.510692477356106 | 0.007420384286671923 0.0012819362788691487 -0.004508988179085522
0.7949393381819183 2.509567504380568E-6 0.5847268494825159 | 0.008051021397226934 0.001472376850952788 0.0034390884821657378
0.7900134649013624 9.087243775810013E-6 0.6845884312150187 | 0.008375272279322367 7.728583041812804E-4 -0.003943258973451447
0.7407628746288331 5.332241656225533E-6 0.7408069707742433 | -3.665469708063406E-4 0.0055336139331244785 -3.8428079860050384E-4
