512
0.28151147779358277 0.4000030197381564 0.28150180648858686 | -0.0019601736819879058 0.005182610171881105 -0.001959799739028969
0.2248782501352054 0.024995886077085007 0.40001574629261355 | -0.0015934244892237062 -0.014467765916810546 0.007199350059835028
0.2591136244002619 0.06501925368814286 0.4000001571703201 | -0.0030272891775797064 0.005084163883073218 0.0014114184669737797
0.053522035396482884 8.733092463795427E-4 0.4047664440097745 | -0.058783795511518716 -0.036985391331970076 -0.04806448451496969
0.21422478879121556 7.640005716893009E-5 0.46994119306583054 | -0.0036576144457294564 0.0049431132710956605 0.004210468978710081
0.29275532873996846 4.938892564570776E-6 0.6020573221287536 | -0.008262485410059753 0.0015400529381051791 4.2816804265191085E-4
0.3689880861456205 7.211709696990732E-7 0.6492311696086625 | -0.0039997518021846245 0.0028738987484504086 0.00568318909555614
0.2790853238797243 5.24599534159657E-6 0.7184093516613584 | -3.797914821501274E-4 0.005622420537820011 8.523317434329293E-4
0.40000658300692477 0.015629283690281073 0.22255963719558491 | 0.009521078108520938 -0.012126773067024286 -9.430677108638069E-4
0.3439022857921188 0.4000093623358199 0.3438965147977949 | 0.004728965299237504 0.003284784894764526 0.004732939681685695
0.4075652654917621 7.30401995745134E-5 0.40745534751335133 | 0.006576553788277645 0.004520356291251453 0.0026394707143613506
0.15264585573730471 0.014731262506455714 0.47537797861582753 | -0.10117484289360949 -0.4444609705589196 -0.022259811398597704
0.2727466898002306 0.008818598934450092 0.46698676156929575 | -0.04766204859210044 0.4482232329458126 -0.053292688023075865
0.2181953989927585 0.04747555124248728 0.5292883424319321 | -0.06451590293758845 -0.5609129417006813 -0.03568925874621414
0.28689515397121884 0.04380496496753985 0.6761822065274874 | 0.022240874181739173 -0.24649993271861426 0.040847389603144664
0.28036106354351215 0.03863299678161284 0.7250456581142207 | -1.7365193896258518E-4 -0.493378532893665 -0.023535715142057167
0.4000004492860806 0.0650601427776213 0.25912792652188527 | 0.0030582629534205478 0.0044910935824684205 0.006465450805735188
0.40001882993917987 0.0015156919527157353 0.3515503920857312 | 0.0033679807676994787 -0.002004437220305945 -0.008715523526491502
0.40958578340065965 0.019914761629479014 0.4091422852549421 | -0.02660520222860817 0.08469367041356919 -0.03216083057388047
0.3584423111898942 0.06886979955447618 0.5072199989781735 | -0.03963967837370202 -0.3000358493023936 -0.07475989976694222
0.3687092608956311 0.015993696371463244 0.4826978483811007 | -0.05282315523253472 -0.1914978722096282 -0.042425238626824444
0.34821997470761257 2.6238808863695216E-5 0.5760935844351847 | -0.0036641238369074396 0.0022967281028430275 -0.00686135767705215
0.3648851720580103 4.496253878494351E-6 0.6570449096679918 | -0.0014946293147492667 0.005242104240212107 3.7208200651048484E-4
0.3649091925710577 0.04072089760917268 0.6650780373533937 | -0.014645216898851857 -0.22924556152927034 -0.05031918828111871
0.4049471653726999 9.662111039981801E-4 0.052311372908991335 | -0.0479266345525178 -0.012267976247737115 -0.057187932859529736
0.4755974024176068 0.008958756887857602 0.15396170641867618 | -0.02149954521956847 -0.43368573810606487 -0.10265153703134762
0.4825117174388182 0.03157772759452739 0.3698374591876735 | -0.08592204715253002 -0.3394173708676764 -0.001129619507601848
0.42518688991891 1.5880178985309235E-4 0.4250740420676215 | -0.004902465489642307 0.0037731859909072916 -0.006277830796790661
0.463370587700681 1.359236050974826E-4 0.4634513544468135 | 3.074504594536143E-5 0.005782855496594676 4.224073131778746E-4
0.4402143028534441 7.452499847677375E-4 0.6410031212398166 | 0.01270478274421966 0.21260040774975383 0.03260162983534413
0.4380321473812633 6.708505062724771E-5 0.6387210625352706 | 0.002187044173184511 0.005431857205905897 0.0014185143459578514
0.4627571932706725 0.05533690313489452 0.6846495520231327 | 0.03662789061022511 -0.6006024650118952 -0.0045170871711227144
0.47056625145456243 1.359981554853883E-4 0.21420925811224611 | 0.004834277122892291 0.005237895079306399 -0.0027607813723962145
0.46488996580846564 0.005317226857729791 0.2719696664268564 | -0.04712985331094797 0.5500651833830787 -0.053935465626679856
0.48407814026618107 0.021148291843314626 0.3687950352470032 | -0.06310595766510792 -0.2879490425144563 -0.019344610939216047
0.4624796177176609 2.131040576521982E-4 0.4642456648801289 | 5.735721826891371E-4 0.005796211217934337 5.69467838614033E-5
0.5175361543600245 1.0770395844016477E-5 0.5162575896803133 | -0.006447574916851563 0.0024129917724670475 -0.00666992009009155
0.5015497176032352 0.004525095536368646 0.5819323721731032 | 0.006006418436347891 0.26066211262360334 0.012584526115369702
0.5178955785693785 1.3280465148739562E-5 0.6549730770294492 | 0.005261128319945436 0.0029142696749558617 0.00609621836730197
0.5264638617340356 0.019097507491884495 0.6622751677872811 | 0.05172775286376238 -0.6409014469250651 -0.021031729125100634
0.6012060509722025 1.806927995196667E-5 0.2920098947115258 | 1.8376022504075867E-4 0.0017130370293111851 -0.008154595866716845
0.527748863698592 0.04721651564379692 0.22006562802501917 | -0.043753968891547305 -0.5506789440562704 -0.05930052010967065
0.5755996606789313 7.9753984566772E-6 0.34821467082899804 | -0.0015161103536422635 0.0031618355813137987 -0.006607971899488744
0.6410675944327653 6.991845727469304E-4 0.439870396454272 | 0.03755342527606648 0.15499971519523068 0.01896057448848789
0.5848681093951275 0.0010952821211569724 0.5011797780828637 | -0.003280179249763778 0.47004958560907717 0.0012186215403210238
0.5896681125663602 1.1985219935639465E-5 0.589756911165231 | -0.004625047311584309 0.0032970154685039786 -0.004400556347973755
0.5966011884362534 2.472709576887224E-5 0.6790820032608162 | 0.012396305008133792 -0.01426984471656867 -0.012626345279705124
0.5988536058385544 0.005081604273064751 0.6768119664537258 | 0.02548451627578811 -0.05578885182392659 -0.04055205434668771
0.6504876319909616 1.6652519747006382E-6 0.36937040653847575 | 0.005181481437624523 0.003121778906917599 -0.004271765408677242
0.6781941580271778 0.043858270019589876 0.2865824080286012 | 0.041307519112536606 -0.2532057370770972 0.022302949770374364
0.6572367983744135 1.0621625480966267E-4 0.36489066814901916 | 3.4496099651036495E-4 0.005305228269820515 -0.0011924125306350664
0.6389561757687403 2.422531000497775E-5 0.4385168201809247 | 0.0017291089976185772 0.005332958095895066 0.001084589984085361
0.653891774365932 1.6490699824383637E-5 0.5173114526355811 | 0.0054182507289999935 0.0028625433327996714 0.004072710337248361
0.6805669406091879 6.768358542772464E-7 0.5946423767202322 | -0.006724502704547387 3.988094239038781E-4 0.006496964831720202
0.6832049508368434 5.252420115046429E-5 0.6828014919576875 | 0.004488104716229612 0.003395136328735266 0.003995964778464629
0.6836206524348631 1.1405347378791504E-5 0.6831939104978038 | 0.0034201907913600006 0.004268475811215683 0.0028646707867680237
0.7190962048890055 3.1204593240600532E-6 0.2796936305183246 | 8.365160878547556E-4 0.005631832880166174 -2.5166193811233535E-4
0.7252110723443963 0.03901054500118807 0.2810932963378611 | -0.023187676793432675 -0.4871885014188178 0.005771448166420362
0.662802519886451 0.04220901462826617 0.36370312404839006 | -0.05375223888745847 -0.19856386945069485 -0.015901602669351863
0.6847568252226427 0.05633917913910428 0.4625527952777743 | -0.006848847540431219 -0.5951920543922276 0.041464507306929264
0.6674693709061066 0.02625998578923475 0.5258932125209401 | -0.001211054286057592 -0.6174019784588325 0.040163351884740885
0.6768970830469073 0.004803095908767587 0.5981603282590234 | -0.0383352116865632 -0.032330322783544016 0.024475006234902272
0.6836239759467061 1.2978881247736852E-5 0.6831904834074292 | 0.003404846420748614 0.004269601259418495 0.0028792978707517947
0.7404724251286567 6.827044531427834E-5 0.7405125860739477 | 0.00854281256131713 0.04294297039282073 0.008823880798654168
0.2809784801992638 0.4000044860753599 0.28096827759643067 | 0.003547578067994601 0.004328497905704663 0.0035533394355625665
0.1889479872152335 0.11447498396266637 0.5050609332866157 | -0.04768375778748037 -0.4515285907851796 0.14760582771948724
0.26010356777929655 0.14243634031647623 0.40000000064559355 | -6.639351102079377E-4 0.0055261550442418745 4.8893173018776866E-8
0.2290298265176045 0.011614865659757482 0.4000447861371314 | -0.0034156122276992524 -0.012007470412452793 0.009307527020438145
0.2232125266033332 9.510259404423843E-5 0.46896155694461317 | -0.004324097859332394 0.004290078052585012 0.003672785411687163
0.2705429271115326 5.179111177680264E-6 0.5903247386335073 | -0.004225677963416374 0.0035146794933744777 -0.00442425209345355
0.30916970733967875 3.545723672794383E-5 0.6544749202856317 | -0.007285864223332925 0.002512456657226943 0.0019865991385988988
0.25475302225148544 5.910347989393475E-6 0.7043735668962 | 0.0037849687279751906 0.003710928136883669 0.005027771282926957
0.5021159954518851 0.11055145713794044 0.1866622037730056 | 0.13277909753242587 -0.44309007466810585 -0.056314310023947885
0.3437227636690865 0.4000050056401913 0.34371698798490674 | 0.005069373804668221 0.0028964288257577425 0.00507273330498398
0.4003180055970404 0.02171085723020746 0.428552087366061 | 0.11374969832146592 -1.523378206632164 0.021648609663163645
0.1939790159861449 1.089601587045267E-5 0.48219264699687475 | -0.0060642553884792914 0.004043118905033662 -0.0030352347962600006
0.27271896401631124 0.00596478135179439 0.4671377629779506 | -0.04823244849421926 0.49319484659870105 -0.05745505051865389
0.21260664473799437 0.004529030905196997 0.5364237892107327 | -0.050035661355406276 0.39049689260937226 0.02471275410655043
0.21437882398905644 0.0031109395879007616 0.6435071419329197 | 0.011832411316513974 -0.0545443001919278 0.002685504136155975
0.2851053664898302 0.0020016916987818725 0.9019257366561835 | -0.05153479897895777 0.011249291662426091 0.08292829079966303
0.4000000924987839 0.10549217860217888 0.25617803522288646 | 7.354996171725715E-5 0.006253345534708815 -0.0010980925774645089
0.41134155696914315 0.010717469068255873 0.4095366755636153 | 0.03106912242024738 -1.552355186971702 0.10418755416544802
0.46851488735435143 0.051463970861601815 0.46636231559680014 | 0.03922509660823132 -0.812061157140909 0.012952018557844572
0.3314901415905129 0.0032672480777460444 0.4000644038042483 | -0.006905901936378346 0.0018523843771535682 0.002681958204565499
0.371795045776813 5.726279144448366E-6 0.48261919270090925 | -0.00445153528458515 0.003055707889784108 0.004016570730378613
0.3482683947893957 2.3435187060636026E-5 0.5760584255634345 | -0.003968584263940298 0.0023035285405927476 -0.006681220800242908
0.36327048623995434 2.7699875416347438E-8 0.6577053997103783 | 0.0011391476679560144 0.00525269613460739 -8.096330801358605E-4
0.3850393650285201 3.052268824306772E-4 0.8329591734126932 | 0.04577958752918534 -0.0050436282682554 0.009878821365006389
0.40005920879969925 0.01148355638710696 0.22692164564399628 | 0.010234263266991873 -0.009927823928978879 -0.0038018032408032873
0.4780838079672167 6.448245249752451E-5 0.17965872763316323 | -0.001408194507475209 0.0021717623128397357 -0.008529627265604845
0.40008460711805544 0.010311524263908845 0.33645640077827055 | 0.0026400457766115482 4.217161698264762E-4 -0.0083164072081824
0.43894524496259185 2.2916595770584156E-4 0.43920693670678135 | 0.004892183938130278 0.004249080991246787 0.004177753591934424
0.46255407314304836 9.942440466850181E-5 0.46317519148335856 | 6.75673415182558E-4 0.00572013323427449 7.201381754134924E-4
0.42845442023722247 0.02226673116689264 0.6229771564529878 | 0.03104691431793847 -1.0632570179127245 0.07713431999138971
0.4372985878487971 3.267007052605781E-5 0.6385781703785653 | 0.003219227372861017 0.005159717156699137 0.001321798421176345
0.43772239790712963 1.4877850475932138E-5 0.6350248182522431 | 0.0014832000939921576 0.004614157207038819 0.0050935147013913004
0.46820903354786453 6.170400682128035E-5 0.2225076458355843 | 0.004739037403098957 0.004466055681900255 -0.004057548625981441
0.46497462196821854 0.004660391233264697 0.27191193809305303 | -0.0478308138260454 0.5667727388221468 -0.0546298910962009
0.48569192626657504 8.796030183021045E-6 0.36906390753435186 | 9.751615572597816E-4 0.005372843205073079 -8.01576894817367E-4
0.4627477280311141 1.259877171402039E-4 0.46405476411799684 | 4.012239450946472E-4 0.005797105457103198 1.339909208987059E-4
0.5895905379329279 4.752527592853277E-6 0.5896817062192415 | -0.00430344123563088 0.0036131180932244124 -0.0040657014603849165
0.5019350440132643 0.005739029732533657 0.5828798876138733 | -4.129862584319971E-4 0.1765984846214162 0.0016609384944134369
0.5154566228503241 1.0434062294976E-4 0.6494376906315522 | 0.00544076109038841 0.0020287420989803426 0.007275443638943237
0.5192210744881606 7.61760965109215E-5 0.6451656261608604 | 0.002116253345716187 0.001779906034328472 0.009021393343844192
0.5903091089121223 2.7730019097962233E-6 0.2706286360138392 | -0.004304420740817713 0.003630427134002829 -0.004210656531691142
0.5331001484751752 0.004448337086787298 0.21596701089707254 | 0.014612367285727778 0.4386663746310726 -0.04234168911317289
0.5755719985835615 1.9711135950455434E-5 0.3481670036955174 | -0.0013548090323776917 0.0032763959899151816 -0.006490599257503622
0.620359070662927 0.03027128110311615 0.42535919274658673 | 0.07813095215482459 -1.019565196553238 0.02981076039542423
0.5848099590396421 0.005656964658522845 0.5019938129316809 | 0.004931119666746774 0.19114769620278407 -0.005780334270391212
0.5896503691840942 1.8422729666667983E-5 0.5897430139603727 | -0.004527451129432637 0.0033779241251912207 -0.004338896771130968
0.599171710628795 0.00438241776826003 0.6765055747393139 | 0.023548862759337204 -0.13355788216513326 -0.026309565879455616
0.5946338175901087 2.3073181546827377E-8 0.8091600853147114 | -0.0014510635453508461 0.0033074253980034255 0.006905801113120383
0.6546485318085418 1.1167521806937825E-6 0.3086823763303669 | 0.001866137662428345 0.002572433348353328 -0.007214750710700376
0.6435197383587075 0.0027660812769665683 0.21425042704372135 | 0.0035983025729121277 -0.01673814240895509 0.011271668853421082
0.658450334408227 6.842777775873112E-7 0.363708256360198 | -0.0015352355289804057 0.005237311368977915 7.213481815361842E-4
0.6383877119865613 1.7126476975128405E-5 0.43676714325724086 | 0.0017397201177249463 0.004968459035711442 0.0031331082268014317
0.6481046083904763 1.9722642605484407E-5 0.5148879107701242 | 0.006120660372812837 0.0019591437954813323 0.004257975862692852
0.6766092457115959 0.005437069902861028 0.5984833023790231 | -0.0244360637362065 -0.08326438953281837 0.022637692724266748
0.6827925302398943 8.388973840505867E-6 0.6824307395168314 | 0.005092533462302096 0.002773543103300697 0.004586990895406907
0.6560382349365126 3.023827007807452E-7 0.8898931653052746 | 0.007796976469007149 0.0016464772484373017 0.002128283465794745
0.7043533171068791 4.2486142737958076E-7 0.25474518850527306 | 0.004964678022647793 0.003758723148071458 0.003636589662577282
0.9019295921192073 0.00199537924676566 0.2851354624116825 | 0.08291576624575751 0.011319623486572096 -0.05155315747054318
0.8321573086989911 8.2562231351593E-5 0.3845891724042072 | 0.009730879369442213 -0.022719827314369792 0.044942178611763944
0.634782804173303 5.917295015972192E-5 0.43766452083453744 | 0.004796563301372568 0.004448264061918764 0.0010650823861272911
0.6451187459843902 4.3553618982990265E-5 0.5191816832878187 | 0.007424105250029251 0.001857651798067386 0.001653580985927547
0.8093429529920939 7.344885901538005E-6 0.5947152903733287 | 0.006560386578313523 0.003067071388877075 -0.0013531440954564133
0.8899102870935888 4.583800574930591E-6 0.6560213750332196 | 0.002125704379527617 0.0016547910637185364 0.007791113773254679
0.6814957298132115 5.4486426438044564E-6 0.6812252593894841 | 0.0058686738941271695 0.0017683623236656137 0.00541002957476139
0.17348883906394627 0.40000173494126046 0.17348892167062982 | -0.006381573986195435 8.74430986034782E-4 -0.006381562654125141
0.223567179433235 0.4000045133371587 0.3464327864315845 | -0.0044665922527099815 0.0034376426984282626 0.004715171244059366
0.23500645960109595 0.0719979371287249 0.40000057009258355 | 0.006242392716936378 0.0036400921728016716 1.1972508255014933E-4
0.2029118941994121 0.10695096114374683 0.4000000007717403 | -0.005609630407581396 0.00401624853288566 5.557039948369906E-7
0.2643879005339651 1.0603285336112313E-4 0.4550085923037501 | -2.1227712386836172E-4 0.004005560969268722 0.0036394297508544446
0.2675709226017187 6.022643850270832E-6 0.5823589895952951 | -0.002868653629427843 0.004536585001054704 0.0031155144578750684
0.28414741122905596 1.4394448612253795E-6 0.6455556024904783 | 0.0032522170514995207 0.0031158085380754543 0.006117303325153648
0.14874765909144066 5.10443095525194E-6 0.7927996122337446 | -0.00640121744132527 0.0010329804792421858 0.006199354834422
0.3465404444866517 0.40000080530260607 0.22359285397942383 | 0.00457624370154713 0.0034704906961793174 -0.0045446042714588865
0.3435883744063473 0.4000159403219293 0.34358258596317864 | 0.005232376330977854 0.002693774944818928 0.00523542865160635
0.3246756894337607 0.017789514232146142 0.40006108151025316 | -0.006191427044376485 -0.006017981303245833 0.008371971898008273
0.22515354490212164 0.013310809244658725 0.4000388543207027 | -0.001469683597865206 -0.01275459069198694 0.009128399187124535
0.27256302063787347 0.010832233186315631 0.46667511428690356 | -0.047618331707842305 0.3913723789329316 -0.05066976455566991
0.2658328956537504 2.8891686201619115E-5 0.5831771439527877 | 9.667390790959669E-4 0.0039240208283295285 0.001665049819178284
0.21436566139750635 0.003191453485628321 0.643518127065008 | 0.011706217903062066 -0.05873882768793846 0.0026121006332082853
0.33111097284051527 1.6170425060758946E-5 0.8460604820377323 | -0.004430333783030575 0.003785863379820904 0.004223857547456308
0.4012127513280933 0.0691495880752435 0.23680263691167966 | 0.016984887775836996 -0.6704285960776057 0.0013943541176081185
0.40008244824449585 0.02167238682336368 0.3254852110311707 | 0.0067074345761650835 -0.009827070509334058 -0.007957252732471227
0.4709640099228279 0.05046199666187842 0.46424138579505775 | 0.05509594596811648 -0.8353047682428445 0.0042638338081134606
0.40852303183921257 5.17512907016328E-6 0.4092091878129058 | 0.00458330203617031 0.0032371372422582956 -0.004554899152151325
0.3726069217979274 1.437925498374498E-7 0.48547224315533205 | -0.005353324276152252 0.002852004781658459 -0.0029524355656464153
0.25754687367180745 0.06675703124959463 0.6011329650514352 | -0.2710259849747672 -0.22118855856141095 0.06293989376673147
0.282551989162245 6.331252380688218E-6 0.6560383740044008 | 0.004594371027134393 0.0040082374231330395 0.003365545425714293
0.3651406199027185 4.083558148597505E-7 0.644691225825735 | -0.0010029618767068817 0.0024759725934508387 0.007185798638922559
0.40000005706474967 0.10679918547354969 0.20322035879594036 | 3.231430994670428E-5 0.003772053745943603 -0.006412834938793705
0.40000306618936043 0.014754036025177508 0.22310274570199004 | 0.009746005139698095 -0.01177233228789577 -0.0012752748101199048
0.40890247304308475 2.2655501110106886E-6 0.408134055136703 | 0.0054906422049522995 0.015825517496665404 0.0017505511782423084
0.40921650274656907 4.449387904039101E-6 0.4076839899506175 | 5.958579882499332E-4 0.006272179433401002 0.004162287362283571
0.4255051115274571 7.0520431035064035E-6 0.550952715209486 | 0.0016861659401423326 0.0017032597276761229 -0.007842074694887733
0.411711139932644 0.054388310516304925 0.6110825345791584 | 0.033888108050977674 -0.8893445765667433 0.09908910959398201
0.4685147221410356 0.049175229680919204 0.6880448886219538 | 0.05744551503993642 -0.9067139136884133 -0.036566644563207754
0.4404051219072851 2.3334822190006145E-5 0.6327170787308392 | -0.0024853053746585335 0.0037286738542771617 0.006538069428404851
0.4553119771652968 2.475543940739551E-5 0.26419246026134124 | 0.004031934044284129 0.003668008489071597 -6.050899968719966E-4
0.4646521206458129 0.007217456683762984 0.27188982223352365 | -0.045402806936729656 0.4924431633975588 -0.052812053118499167
0.4856612793330339 7.097941433754751E-6 0.36922909036658974 | 0.001232131302195562 0.005221284032193143 -0.0017737617240918078
0.5506824426651966 1.0466947798088126E-6 0.4259018423162632 | -0.00740361668909595 0.0018104790144019946 0.001157688234231105
0.5896950882863002 1.6340217685586607E-6 0.5897865674173997 | -0.00473554669256272 0.0031612252637747327 -0.004550779406787491
0.5035372393945217 0.040134277487234075 0.5844232827786594 | 0.025611791790735163 -0.7919717876057044 0.046816297719726556
0.517648689240517 1.1532087902819621E-4 0.6564277097415021 | 0.005841915550981583 0.003183073724207026 0.005011145966056563
0.5154874786881641 3.190698816093893E-5 0.6339595915587165 | 0.0026862611861372516 0.0014962079007720779 0.007734633088158557
0.583386454084728 2.0803949741938134E-5 0.267979117458948 | 0.002073047135407592 0.004729865820937033 -0.0032480873386103613
0.5829368972917965 5.833932904430594E-5 0.2656639161975447 | 0.0018322361321963165 0.0038912768384895776 0.0010856434152532245
0.6037333913956817 0.06399884213425573 0.2630706423321564 | 0.0514126265208906 -0.18826691681736316 -0.22960237567757516
0.611630266670568 0.053578539365560666 0.4129509743381987 | 0.10180663915410908 -0.8840013482447082 0.03683932149444047
0.5883705831634819 0.03985078394364714 0.5049139038200914 | 0.059284474454193783 -0.8102031709484706 0.03034431325008732
0.589890994925424 2.762268399473426E-5 0.5899801540531255 | -0.005185857262538985 0.002622970019751586 -0.005043492790551293
0.5974274541588901 3.015808672689058E-7 0.6780753931560911 | 0.017344143147148914 -0.026681653933589466 -0.01632375817910859
0.6054683544344875 1.1338650636769402E-5 0.6624917069214111 | -0.001245479435528069 2.427637581860529E-4 0.009325643400877577
0.6455391220560698 1.292069090130702E-5 0.28416379180766427 | 0.00604356107851934 0.00318528856197906 0.00316396566064677
0.6435315603031003 0.0027964754487542847 0.21424090038791171 | 0.0035132308722534656 -0.02096225304744128 0.011139152109561772
0.6566870632937601 1.7938393791052348E-6 0.28244399939676545 | 0.003169763516770387 0.004050943171009405 0.004443524824684781
0.6875055422583631 0.04959347830455295 0.4677401234350232 | -0.034463881141376045 -0.8837361337100849 0.06187038454294507
0.6559646114039515 7.172845883157301E-5 0.5176157498444256 | 0.0046308110000601015 0.0033650937174625963 0.004213254774221926
0.6787636614680439 1.0223316177457514E-5 0.5960827747189938 | -0.011835540652083117 -0.013754097606565223 0.012666632454661896
0.7404508203852865 2.0431562479009962E-4 0.7404905389963532 | 0.012662143305126886 -0.01594031682883445 0.013189354731850645
0.6488772714442838 4.693366919849036E-6 0.8841945536730493 | 0.007988402775620932 0.0010146452356619845 0.0030597693027139493
0.7931048896765003 1.4755925614342345E-5 0.14844605205371153 | 0.0062071740038117905 0.0010170929101281693 -0.006409862148339126
0.8460636431162624 1.1921928154932465E-5 0.3311069194016112 | 0.004455926393255402 0.0038441227104259673 -0.004207391831712941
0.644785391822569 1.1472381962203648E-7 0.3651711456989015 | 0.007128459779889158 0.002593394010692885 -9.316963705994387E-4
0.6326977459239352 1.0667785238953361E-4 0.4403944215016082 | 0.0057679061303164796 0.003656593188343357 -0.002112177346414383
0.6339334494707444 7.27901461046801E-6 0.5155047918778548 | 0.007817923270917975 0.0016664233837362455 0.0026484947547702467
0.6624327218589025 3.8111906273650975E-6 0.6053899560950228 | 0.00921742954044839 2.6054734518292757E-4 -0.001499137124614439
0.8841960757245906 5.222419333738567E-6 0.6488704899666455 | 0.0030756300239782046 0.0010195227985798623 0.007979331174744435
0.8060655610134106 9.163733873239583E-7 0.806065577119326 | 0.006076311997031923 0.0013677415968229756 0.00607519893921269
0.1921562308686619 0.4000048307831806 0.19215625642786707 | -0.00642833210405791 7.691170983043637E-4 -0.006428331631674532
0.21850705937882262 0.40000314847830115 0.34560721607482175 | -0.005642300630740189 0.0027028641285376446 0.004783506503889525
0.23905830528164057 0.07483659110967981 0.4000009181038638 | 0.008790406190676303 0.001202860489188112 1.4774446166644393E-4
0.1345724099895683 0.029891544306410184 0.40005334408858834 | -0.005300766905146892 2.34501004118461E-5 0.007777596302948636
0.15503315892557556 3.2958362384735316E-5 0.47336067477801924 | -0.006030441883581487 0.004042486255957975 1.251599297078586E-4
0.19254099359110777 1.0802404099015652E-5 0.5690235847750164 | -0.006845920204828806 0.0023820869049624325 -0.0032022485223882607
0.1286690190081818 2.368473425844018E-5 0.6571443800117248 | -0.0023667741233623137 0.0027015461817152704 0.00697408512889662
0.1553112935438506 2.880030357329924E-7 0.7868345292779456 | -0.0061468135894184135 0.001285534344637528 0.006176822945288611
0.34561192578814676 0.40000292827972456 0.21850639704140914 | 0.004821768812370843 0.0026966278203616615 -0.005618720010479936
0.34351551705705113 0.4000026586348156 0.34350986298114244 | 0.005341227643047764 0.0025524179167403615 0.005343526345325006
0.3235526908422731 0.020485098844202868 0.4000358797884779 | -0.002360635782584943 -0.010842965554641407 0.008655213026893841
0.28107808777520993 0.11129247897752709 0.4000000074803749 | 0.004397213370171478 0.004623409521749674 2.820753888737069E-7
0.2985145925822886 4.902064049985979E-6 0.5133198137923365 | -0.0057929489295501495 0.002944127323382805 0.004947174094748252
0.09706673992720521 0.011535606718792567 0.5053437744363823 | -0.10636929070296622 0.24080395485476952 -0.012637103796063516
0.21434227248859208 1.455597665207049E-4 0.643510573732524 | 0.012314940426476387 0.12809752325605891 0.006830214790597372
0.2574482818901663 1.895708407700377E-5 0.7972279733604674 | 4.672616530188646E-4 0.0036759910898667013 0.006061304466101969
0.4000011754285762 0.06637211837430036 0.2272368567566114 | 4.4412666258802566E-4 0.003223967740123402 0.008168050908985466
0.40002527258684173 0.014142144444064631 0.31996712961062906 | 0.01111106734324147 -0.005451519749450972 0.003367503826391021
0.47091819015187686 0.04877813434639933 0.464602613941383 | 0.05629387849413648 -0.8722251351945196 0.009422131457262187
0.329541550889457 0.008901505935272292 0.40003217211521686 | -0.006833000333057822 0.001792513038989086 0.002962481872850105
0.3706705019550281 6.431130293469607E-6 0.4815673017743091 | -0.0019171301563020867 0.0028643202244397056 0.005981650400712823
0.3469590711500715 3.289588845450019E-6 0.5751083312846472 | 0.005999069989542689 0.0032156238977629073 -0.0031230132070610714
0.3660231191028453 4.8485061154568654E-5 0.6556215980168274 | -0.0030183287745459576 0.004683239175527406 0.00231770880945817
0.348449884537413 3.248119806732128E-5 0.7290776738821186 | -0.002946292102582681 0.002376778176108637 0.007069652004080018
0.400000399479179 0.029604916819303273 0.1342483388165472 | 0.00684509181922446 9.03671893122957E-4 -0.005635557131459784
0.4000002011400847 0.11092048548522046 0.2898265623847881 | 2.4829868777441733E-5 0.0029514570033481293 0.006547599896562876
0.400132532755552 0.0048865816153733045 0.33483525431278344 | 0.0028237813042768386 0.0013553817859357758 -0.007848209078060775
0.42167414932924135 5.792567215917356E-6 0.40483662722892366 | -0.00934081880570954 0.0018251528882170817 0.00425081422205278
0.42114782894048947 1.715846462240171E-6 0.5582204458987754 | 0.0034220566746988985 0.0011932881336388986 -0.0076625325018944415
0.4266672340144094 1.5529495111610537E-6 0.5459616439113272 | 0.0022551360637914513 0.005093279174615429 7.931712852618791E-4
0.43256297760419565 9.156237852747201E-6 0.732496594337782 | 2.5220872414227487E-4 0.003464553766567965 0.006352982437365173
0.4370829369554635 6.369401990617385E-6 0.7392608657216335 | -0.00750125517400885 0.0024463803132929976 5.785020500759957E-4
0.47315536684491283 4.0806704393521995E-6 0.15485980169110905 | 0.0018111465622832985 0.005016995789882856 -0.003800114239560951
0.5133503734311464 5.4128377601282064E-5 0.2989729590690403 | 0.005232241858401574 0.0021821585627484776 -0.007274084242936352
0.4857406086991319 2.0436684198490235E-5 0.36914100401128036 | 6.380341369589404E-4 0.005352146617917124 -0.0012529569311101366
0.558815919877368 5.2611634776932856E-6 0.42100585107094873 | -0.007324506526056262 0.001229151396119722 0.003403939016395535
0.5896744193815457 1.207972157813088E-5 0.589765208483844 | -0.004640984583474337 0.0032683459683228886 -0.0044413390544088185
0.5020178033412978 0.0037267859186173257 0.5833504480987407 | -0.001584063109476768 0.39501423771736455 5.324801276030948E-4
0.5077426717829858 3.628088992490321E-6 0.8377459415440343 | 0.004077480556498498 0.004052874840947561 0.0036917304746970528
0.513300231297191 3.431937138028245E-7 0.7312143078008299 | 0.005845954226146521 0.0014687626368584314 0.005347136675112412
0.5690109028574782 2.998174740931583E-5 0.1924938410856389 | -0.003217474913157038 0.00221984950061072 -0.007038055027075411
0.5077958549245738 0.01000750083219595 0.0964273013219616 | -0.01447390432047244 0.282452955755262 -0.10815765899586946
0.5755235387206762 8.142663837614291E-6 0.34700603235403354 | -0.0018141335692115712 0.003637489167191304 0.005893070846114165
0.545957770670766 3.481945452229206E-5 0.42699537528656817 | 7.833907987437712E-4 0.005073696472596765 -4.109298177944186E-4
0.5859873122706988 0.0010427201791785446 0.5023355950547478 | -0.010202619511251097 0.48701691527171753 -0.007539296412365877
0.5896126721756456 3.2191175748601494E-5 0.5897049069225958 | -0.004330978937850873 0.0035767364726326935 -0.004122263911810343
0.5992712018925279 0.0030510850602327114 0.6764397808508806 | 0.02558202072168423 -0.18552299752039983 -0.02386754886109079
0.5979637039165018 5.982006554368149E-5 0.7168393036465469 | -1.0517400647681047E-4 0.0019695808177617354 0.008803029252181828
0.6570513637936161 1.4248575821164916E-5 0.1286731030836223 | 0.007208984581410419 0.0025732524734140183 -0.002184821920780379
0.6435775307020282 4.300370922905315E-4 0.21420345653942763 | 0.003057011955364804 -0.23526651280792996 0.0038543673800604094
0.6559189559807599 6.702095356255503E-7 0.36604650176522724 | 0.0021184965321488004 0.004827947754511998 -0.002746120327580509
0.7326659214243246 1.46483003587387E-6 0.4325703990966069 | 0.006224637833912537 0.0035088144701387438 5.137587198212316E-4
0.83785429880945 5.164390061365091E-6 0.5078466589709691 | 0.0031253471411577076 0.004257429287796708 0.004013413651293714
0.6765074366345522 0.0028739243303663557 0.5985786461902322 | -0.022715295079834354 -0.1863044405542415 0.02481651289440652
0.6813514262345964 1.1103561358550774E-6 0.6810936239190504 | 0.005919252153780182 0.0017007098203613423 0.005458871484291828
0.6851259882930394 4.939227292930686E-5 0.7928380499065293 | -0.0038946556679021974 0.0014822725604786327 0.007281871418647104
0.7867338055553547 1.1029341372717236E-6 0.1553856783665232 | 0.0061716311877945875 0.0012984375149868374 -0.006138190101762342
0.7972528071463828 1.714153492153016E-5 0.2574341304249697 | 0.006055315575556065 0.003712099504270403 -2.2271436310962586E-4
0.729100066855529 3.8532249764030045E-5 0.3484528242933976 | 0.007302585768544426 0.002280224820051519 -0.0027785628523736123
0.739266486746706 6.8378814961844965E-6 0.4370840737782869 | 5.010478076021322E-4 0.0024499750707914552 -0.0074452299524265814
0.7312129280561637 2.5962741292783423E-6 0.5132987291794789 | 0.0061875784040541955 0.001995935248372991 0.006820925066386102
0.7168391927097757 5.850901496312657E-5 0.5979629773071475 | 0.008081454748479999 0.0018728345129418176 1.4192481943192564E-4
0.7928346077503938 5.2350817337555735E-5 0.6851248329640839 | 0.007277938222304075 0.0014850137765687681 -0.00389583544916505
0.7988240301739596 6.403574516737072E-6 0.7988240159895251 | 0.0060664768265097264 0.001069307050496124 0.006062462391577224
0.2140629248530909 0.4000048197214068 0.21406293638446477 | -0.0038643937301944984 0.004092412148722029 -0.003864169801501378
0.23210855685321455 0.4000073546479893 0.3431599007755431 | -0.004622028253340355 0.001642142948915136 0.007040768504118902
0.24143599954343017 0.07803004698342315 0.4000001403297553 | 0.01039608633418179 -0.009019303099734626 8.123211747203115E-5
0.14327130955619374 0.030316210203735 0.40007505993906545 | -0.00872600469068317 -0.0011555913495405162 0.004849032408789035
0.07010329317645064 2.5225322369263042E-5 0.49284100581386425 | -0.006456689275824038 0.002647711085874913 -0.0026641920714497295
0.20011270755101906 6.06851922824683E-5 0.5661508827840237 | -0.0076321031308213575 0.0020249379079498686 -0.0021293438502354533
0.14374458903254214 9.180905820624201E-7 0.6543798742831259 | -0.008831299983482246 8.501052916499341E-4 9.583055540684254E-4
0.16581142613410052 7.007381545818197E-6 0.7755695062928569 | -0.006279474615803969 8.819399796644023E-4 0.006468263312525392
0.34316243617854403 0.4000072344800633 0.2321086600234608 | 0.007051506878598106 0.0016398867814924098 -0.00460906677868665
0.3435082821909901 0.4000016534490282 0.3435028930839878 | 0.005351255986864242 0.002539874051948367 0.0053523591480864495
0.32246907074921244 0.02008502462953893 0.40002219461702043 | 0.001050501604293113 -0.010949537248833604 0.009126032176509558
0.2985380252647852 0.10814131454285998 0.40000000667708746 | 0.006839355175863618 0.0031651903961982483 6.651190042468266E-7
0.300161167782936 5.570277700757161E-5 0.5132524033632995 | -0.007189724088044252 0.0025482269353854104 0.004105434338381795
0.09683644394282266 0.01115580610467383 0.5046913413157286 | -0.10699989803109647 0.2521855460246829 -0.010200897652334891
0.2143326801306024 4.438956034541902E-4 0.6434893341092813 | 0.012590867726452327 0.10676940331614389 0.007775296538421316
0.25730544743426453 8.993329332961659E-7 0.7944005439610066 | 0.001400644248083953 0.0023097524341497444 0.007616825122843558
0.40002627526408324 0.09535202570471117 0.24173241658742783 | 6.891046547441056E-4 -0.4529225200479188 -0.002677481503670451
0.4000386190782134 0.01411264250230414 0.31856602345292945 | 0.00977932527284273 -0.004540753509699218 0.006241015200987707
0.5230747041261059 0.008290515925234013 0.5071258239015872 | 0.09932365310977231 -1.426758842701654 -0.003908950932001225
0.3234426616642817 0.01284669887632778 0.4000446373686398 | -0.0028353037248929672 0.0010172784904635402 0.008132002203240776
0.3713270480901011 7.810225547035684E-6 0.4821358266852434 | -0.003395270858375552 0.0030051794107352 0.005055231663621373
0.3427766351954669 5.239201265472033E-6 0.5788050848694907 | 0.0072578049615492825 6.253272845303958E-4 -0.005583338633657033
0.4327673607007148 3.575469732658472E-5 0.744111779661189 | 0.0020515768013356552 0.003637419846148532 -0.005529384820826456
0.35178725486084494 7.382543621244406E-7 0.7305608266788157 | -0.005618254659937172 0.0019704392137171022 0.005758415013937579
0.4000320790104578 0.030579945281581297 0.1430329623000609 | 0.0044146885546240714 -4.390488008374715E-4 -0.008604202629023571
0.4000000102210465 0.14905681460793532 0.2986355335092788 | 3.729957697045703E-7 0.005437810722115409 6.874141898773564E-4
0.40005340884219054 0.008304444262940146 0.3286253241751531 | 0.003962985433692126 0.001630040222608428 -0.007675629568829639
0.41835975789182317 8.152996040026818E-5 0.38783249528536373 | -0.004076801286476471 0.0029526865162034003 0.007468225039955457
0.4234853675202486 1.5462301539358013E-7 0.5543701795423857 | 0.0029174291871768717 0.0012885693400562026 -0.007799411715730892
0.42645826093059447 2.422290297568114E-7 0.5428100940600957 | 0.0023517454158510924 0.0017014899383966085 0.007769351323994514
0.4326654201642717 3.3023156082803704E-5 0.7332537831601882 | 1.5793883384506222E-4 0.003638426962171337 0.006095004920455559
0.43738029481492374 3.774636254387536E-7 0.7442996310012704 | -0.007573858647393459 0.0020595978232021946 -0.002049973108953877
0.4925644507846743 1.0489743187501544E-5 0.07033684935767652 | -0.0030748977366839925 0.0023836008126096007 -0.006461601392324272
0.5126242887467216 1.1724073842523511E-6 0.3002601830794034 | 0.0051354827848449375 0.0019174225563886242 -0.007640035441408425
0.4857232578193265 3.7866616196494417E-6 0.36911300142135645 | 7.57939838203773E-4 0.005363135869936821 -0.0010911191593550842
0.5541416134201673 1.3708207359082597E-5 0.4237214977079959 | -0.007394541901617582 0.0013435101715682447 0.0028651064773943394
0.5896713800571952 2.388617532882321E-5 0.5897633136333612 | -0.004597127515456652 0.0033076999716605926 -0.00441006642461999
0.5018554362618812 1.828665032633183E-5 0.5823791728608665 | 4.952715743658426E-4 0.005077565669095679 0.001990486298866814
0.5078459316673153 1.5130015089598253E-5 0.8378767857362613 | 0.003789439873239458 0.004357427302869589 0.003155024409896049
0.5125780703380964 9.549971471206328E-6 0.7415875324720516 | 0.008095028554715155 0.0010535836116404849 0.0018599504246692108
0.5661329204870649 9.931200033290813E-5 0.20008112762972827 | -0.002057353269948985 0.0019011795410322756 -0.007768339289486708
0.5073348704438608 0.009486322991126664 0.09625442173157882 | -0.012354612804680285 0.30076745057579035 -0.10820203032141691
0.5787182496894752 3.571906568303744E-6 0.3427942244320894 | -0.005261788399896776 6.527332707945204E-4 0.007461355534736475
0.5425722448241529 1.643547456116253E-5 0.4266422948757272 | 0.007328068712207597 0.0018691505955188896 0.0017142222093107858
0.5833063978745368 3.371409366286407E-5 0.5020472489207461 | 0.004336174316197256 0.005982937993652008 -4.3095747803902155E-4
0.5895488702257363 1.2783646010098582E-5 0.5896399454279557 | -0.004053837221378934 0.0038429803275623134 -0.003790971692777161
0.5256565644750939 0.002724487571029466 0.7447142135915763 | -0.04721783347808156 0.5358065822329001 0.026592596810630545
0.5938996897393439 6.0384320816307734E-5 0.7264657160144979 | 0.0018806857185958452 0.0020431672794779267 0.008676313002870006
0.6543965639518378 5.988675721035947E-7 0.14373744159269583 | 0.0010382050111740748 8.506339648737905E-4 -0.00887936243476655
0.6435577120900113 2.7971460407791657E-4 0.21416293100150147 | 0.007722307446166511 0.1123363477347613 0.012528406087516628
0.744180134627864 9.008486106795962E-6 0.43284407785485524 | -0.0055834633304813 0.0035791306815945046 0.0020749040540144715
0.7328588302725068 1.4516473375029179E-5 0.43261488053111247 | 0.006156774018588101 0.0035576725755708627 4.493740646780403E-4
0.8378843794012114 5.0201646455000935E-6 0.5078709776312659 | 0.002990506883525902 0.00432769475670805 0.003945458671314126
0.7439735455770862 3.410757236643573E-4 0.5272134368699076 | 0.05552498973422935 -1.1990736927727106 0.0704695638703764
0.739386969175356 7.564534223477577E-4 0.7394207625961108 | -0.011913520819704823 -0.9882439370139119 -0.011842308725835887
0.6863594395928329 1.923733287528099E-5 0.7936476698298007 | -0.004464280354598191 0.0014045689934022716 0.006976327045324985
0.7755541782602668 1.1479985447637645E-5 0.16581275463516873 | 0.006452841203751239 8.893741566070641E-4 -0.006287629520695954
0.7944259654653775 6.425700419292668E-7 0.25729476265022627 | 0.007650846592567822 0.0023565008894471874 0.001031246430296942
0.7305859373889841 2.7327223163783884E-7 0.35179253384957665 | 0.006126272427396055 0.0019000081415635887 -0.005403795473958102
0.744308615110117 6.835269755981887E-7 0.4373871115612239 | -0.0020689452910421153 0.002053870076433429 -0.007524008546039886
0.741587953357087 1.0559873447019947E-5 0.5125775180699086 | 0.0021705051490327272 0.0014802348860142782 0.009548390888788255
0.7264652706178534 6.012129526081049E-5 0.5938989729655092 | 0.007753902683070301 0.00185491164550567 0.002022048180542313
0.7936460746985547 1.98468524450765E-5 0.6863608314215558 | 0.006970077353052796 0.0014058902046208098 -0.00447097324819822
0.7896547180742174 3.3462028921727534E-7 0.7896547403606216 | 0.006054480245309123 6.469024671795447E-4 0.006049541264503645
0.2252411249884605 0.4000002772006596 0.22524113243400132 | -0.0035771873975985673 0.004312709830593996 -0.003572738616489657
0.23617535161799136 0.40000151306119375 0.3417757589287807 | -0.004935107638059936 0.0012467910811858277 0.007214184372735117
0.23117454125310344 0.059118069242051485 0.40001265957067 | 0.0054539220914267056 0.004069896129595409 0.001344953341305163
0.15698005395813494 0.023368391597449464 0.40002219130863664 | -0.009200952294424813 -8.677008982396755E-4 0.003462694680436835
0.07383820665782587 7.776516265711741E-6 0.4929270361711914 | -0.006903669767961678 0.0023789779210561103 -0.002357748024917052
0.1958512080144662 2.2950840422027722E-5 0.566170780261137 | -0.007414513007893337 0.002343311978937599 -0.0018177882406816503
0.14533161919146603 1.7071662525860345E-6 0.6541914435898009 | -0.008891194084669467 7.726223396206295E-4 7.910191372374555E-4
0.16796308735972254 2.2232537758213576E-5 0.7734557483124345 | -0.006520934395675098 8.136583452983059E-4 0.006293516861622854
0.3417752611880985 0.40000161049353294 0.23617502387087874 | 0.007220939107433191 0.0012457842437435683 -0.004926521205355423
0.3434911296506791 0.4000071549112912 0.3434856740530108 | 0.0053596802967827125 0.0025284464501713743 0.005361063059266249
0.32308051939316385 0.02137734877384887 0.40005112938374143 | -6.739672935198201E-4 -0.01180094789163356 0.00838848220545105
0.3157306885101661 0.10932405878547802 0.4000000208846354 | 0.008449818078543747 0.0016092495841884043 1.3729729656206235E-6
0.3007330558986833 5.060159915768262E-6 0.5123439285938687 | -0.006991139753036298 0.002310177773255076 0.004693782186443457
0.1080955574561381 2.2568115359268583E-7 0.570227013903266 | 0.005258558844688209 0.002486706790869358 0.0059534382800154485
0.2066127838328461 6.124853449002236E-6 0.7163318388800656 | 0.003720881296446843 0.0047172680502407935 0.001610443394133202
0.25736179776768553 3.275665371712407E-6 0.7941432903599162 | 0.0013325302217615 0.0022493132868724925 0.007689520755724734
0.4000272047273243 0.09511690631033055 0.2417241478591713 | 6.951139218787195E-4 -0.46898463489937975 -0.003300218767679171
0.40004435228217994 0.014007856636144046 0.3179109137569317 | 0.009136814316152654 -0.004008805776126528 0.007076254178087571
0.5097977291625425 4.5420133716179794E-5 0.5088872965019655 | -0.0019527132535466852 0.006209330733651702 -0.0021971251275075964
0.3244251744215106 0.011468726885118238 0.4000710345839161 | -0.004333094435825374 0.002087782479835082 0.006254302503778468
0.37068840890812177 6.443322434519015E-6 0.4819736992608878 | -0.002093673943175899 0.003116118783976061 0.005559906630011499
0.34713359041869674 8.100434782701592E-6 0.5763244378067971 | 0.002522061029731644 0.002042286640167572 -0.00762552262538103
0.33864904604003937 0.015589932529910675 0.7978885594416059 | -0.0011717531369611126 0.09245459302475989 0.10824368410850542
0.35700616337511504 7.4145301731308005E-6 0.7516223616943728 | -0.00836293686635938 0.0015312033234291143 0.0012601469689034475
0.40002692765447667 0.024108478037030787 0.15717257208441662 | 0.0034310734614630693 -3.0316207556122204E-4 -0.008908506655953675
0.4000000159266015 0.11144098135684428 0.31102773910493475 | 1.0539628093192958E-5 -1.5853931390749347E-4 0.008976592842904033
0.4000673796827386 0.010695120411129126 0.3244519920915291 | 0.0069434509227355575 6.732988103663215E-4 -0.006593943288408362
0.394190807283515 5.731408034459221E-6 0.4038523407472753 | 0.009158003383031861 0.0033333166056195634 0.001810084384583829
0.4274142026737747 4.284480390055848E-8 0.5451983665926461 | -0.0031460630344555458 0.003905210167652971 0.004341141171583954
0.42628687280220995 1.3295398523676774E-5 0.5429542968646885 | 0.002855867388182019 0.0017359793267953147 0.0075622211450764865
0.43268043535682704 1.5463177917001672E-5 0.7332991877876873 | 1.316854347677023E-4 0.003640159531629035 0.006093310953706637
0.43691130095095415 1.961597915096788E-6 0.752734087771628 | -0.007071085618389936 0.0018952582112682437 -0.003913989079052371
0.4926103253827054 6.030892281880471E-6 0.07381290204429695 | -0.0026604124532991808 0.0021514020641750587 -0.006917998715043851
0.5113228258185358 7.827215417737997E-6 0.30086285629701875 | 0.005704684927740683 0.0017418414630840742 -0.007270249993646915
0.4857542493042933 2.1234495805908747E-6 0.3691673289777548 | 5.442848207797402E-4 0.005337088591430598 -0.0014063582274407348
0.5450951233255098 5.760239565039222E-5 0.42743597988527166 | 0.004256954117531121 0.003821480588769313 -0.002468313468286316
0.5112834035417795 5.787722150364453E-6 0.5114551349446671 | -0.0029903359645360055 0.00457906092705453 -0.00611565161009115
0.501996505472215 2.41113278307504E-6 0.5824174793215363 | -3.062562650628412E-4 0.005127356731429212 0.001785631597498912
0.5077617595698879 3.5026369599760234E-7 0.8374627259743568 | 0.0032140481974152896 0.0037425390783601318 0.005077274505032175
0.5133874744167378 2.062639454348808E-6 0.7513586353471339 | 0.007884571169681305 7.710771773408915E-4 -0.003748956218712636
0.5661536815789993 5.721859649460861E-5 0.19582139919714917 | -0.0017670810542607138 0.002194608265325867 -0.007580117430790913
0.5720212549063604 1.1985982344575125E-5 0.1060782043560819 | 0.006720403073090497 0.0024310521391278862 0.00444941072988069
0.5766992653352854 7.336994628156176E-7 0.3471105239768642 | -0.007459017823985762 0.002188363052012796 0.002519354931821257
0.5433194415705626 2.006148475259977E-6 0.4267791717382035 | 0.007013316559246338 0.0022088403907509677 0.0013962536708446943
0.5829498531631058 4.5702552301504536E-5 0.5020560516072412 | 0.0053244600826508875 0.005612409334123955 -3.4577483523023407E-4
0.5896076951070887 5.602565259392675E-6 0.5896989642955113 | -0.004382849841638856 0.0035346777231799516 -0.00415594062804478
0.5979286277414622 9.025307636151769E-5 0.8513978318566489 | -0.016645592499146385 0.26192526995695703 0.05012790795007004
0.5888400869163034 2.8073029977311215E-6 0.7617824882613953 | 0.0036160817370470694 0.0023452972770499634 0.007052925305838564
0.6542095268762281 1.4340332465938258E-6 0.1453294160752556 | 8.554500643214672E-4 7.727110379124802E-4 -0.008945795316195332
0.71639716621879 2.1877661236008433E-5 0.20666344675830797 | 0.0016940733120301076 0.004536212056242361 0.004202640164838195
0.7975609987700183 0.015906222540966627 0.33709077633140183 | 0.11721249685345779 0.22117614270607958 0.001404554019175836
0.7332639367695889 5.245030762306441E-7 0.432745346867637 | 0.006037449433650172 0.0036454232087887476 2.15480603788236E-4
0.837583326311085 7.4615826321873505E-6 0.5078082570382125 | 0.004518469306916494 0.003898952942370774 0.003494332234499591
0.8513033441236743 1.7388924227457365E-4 0.597920330857231 | 0.0499958384389966 0.26204141465307007 -0.01644102623573206
0.7403863065528696 0.0070668623529018485 0.7404285846663948 | 0.004166525660290772 -0.13795203977170914 0.004388470809820075
0.6867514534686331 5.227694162528143E-5 0.7941107142207166 | -0.004642904832543647 0.0014024674110220815 0.006843220197759787
0.7735925814317509 3.8033062131482173E-6 0.16777383599136497 | 0.00630348278735262 8.215579545215635E-4 -0.006503499421659896
0.794167934090622 1.714688044946329E-6 0.2573509003211367 | 0.00772113075287288 0.0022932994014089637 9.779596340490587E-4
0.7516446898088837 5.233789507682303E-6 0.357011673919892 | 0.0017099531946178045 0.001537963967702196 -0.008359337794250023
0.7527365103987042 1.374213393020184E-6 0.4369070391621088 | -0.003778432598557159 0.0019092478210565665 -0.007060963986775274
0.7513658152661262 5.565480224297816E-6 0.513388072330912 | -0.004180077577422307 0.0011003350668137173 0.009103956856438328
0.7617808201707355 2.2503452688063912E-6 0.5888389749859689 | 0.006761877654362454 0.0021712417537193937 0.003455154686683632
0.7941092982623829 5.268303879117632E-5 0.6867529014428977 | 0.0068360456286274095 0.0014036850039620035 -0.004650939572875722
0.7860554770408335 2.2564323165831466E-7 0.7860555174245097 | 0.006031977167276548 5.88367588820306E-4 0.006026747218312631
0.2393892278999267 0.40000018324521935 0.23938924631536512 | -0.004824448901072668 0.0031802553520879416 -0.004816689631969595
0.2422307416645387 0.4000016262909018 0.34188467932271305 | -0.005362241870077781 0.0011337058367447107 0.007008286351768498
0.23951959242381704 0.009752685167656079 0.4000422830025912 | -0.00784193684725957 -0.009835214502086844 0.008032063779227511
0.19072605263100323 0.09412690832922926 0.4000000204165223 | -0.0047852808275139986 0.004449274569413575 1.8845619471419177E-6
0.17299256508253275 3.794011934275273E-5 0.4744076158696507 | -0.008029096294583878 0.002564247905953619 -5.709114687313737E-5
0.07923898284870387 5.11269271584872E-6 0.5823521985801908 | -0.004952937111120521 0.001630944858595493 0.007032588157154481
0.14641192996084107 1.1591101741758605E-6 0.6542830962401859 | -0.0089282510055184 7.290797240345267E-4 6.153274088720253E-4
0.16996988155755244 2.5479178007102068E-5 0.7715597396365139 | -0.006752808203239923 7.665053720057596E-4 0.006092047276111412
0.3418846628590171 0.40000157416690624 0.24223061678701943 | 0.007010800814052876 0.0011330986165360387 -0.005359616292472238
0.34356941898490995 0.4000016311002601 0.3435651625503755 | 0.005284652182028922 0.002631012871153566 0.005280468395174521
0.32246788369618573 0.020823299950372996 0.4000064781084047 | 0.0011212934209661692 -0.011568430698349343 0.008692802748252123
0.31061426444162016 0.1048042954340287 0.40000000030756133 | 0.006480799505441983 0.0034398149033877685 1.8237093209637508E-6
0.2967009151116409 7.779772486753117E-6 0.5095676320638081 | -0.0015426695112154708 0.002027329299619502 0.007280531149607298
0.07306147325471629 1.7249617163527003E-5 0.5878477430009603 | -0.006923143838838244 0.0017529936544981191 0.00479179122232666
0.20795635128386314 3.740740696899355E-6 0.7165564392918764 | 1.9233215193461758E-4 0.005511625426682001 2.8828658649721615E-4
0.25770471993668687 2.2068838870153134E-5 0.7933826362120642 | 9.077344875529206E-4 0.002121260214224382 0.007875262183388913
0.4000384105442985 0.009385734299908887 0.2391835719049642 | 0.008277359900528306 -0.006993750595131457 -0.008650793746635086
0.40002679717474043 0.01103769107100662 0.31541497942226937 | 0.006897947690763128 -3.939018086134018E-4 0.007869587017204275
0.5040771643774702 7.318854155960957E-6 0.5034016414957238 | 0.004474086162866906 0.004754266674375786 0.004685328293200202
0.3199997557873648 0.013617960502566986 0.4001148919356643 | 0.006217330325164162 -4.153152148111145E-4 0.007738983518500318
0.3720846777752196 8.532972242250936E-6 0.48520348877187536 | -0.004913927887079295 0.003201173469233894 -0.0027590663855071727
0.34702038044405337 9.218194430493158E-6 0.575965837295166 | 0.0035928976988980482 0.002301648172943012 -0.006907668319238998
0.35164509134397104 7.973560912991367E-7 0.7144179965273584 | -0.0029733921634527163 0.0017231429298412188 0.007812274701383919
0.3621894223044689 1.7970192963687146E-5 0.9114021624246703 | 6.541968271579529E-4 0.001703473458085094 0.008346735333128729
0.40000027136123717 0.09517571386674287 0.1916938533163187 | 2.5064051522528905E-5 0.00338651318256582 -0.0049975998638005234
0.4000000242103419 0.10458776940771057 0.3106064839018286 | 1.2682342179586108E-5 9.92454300093773E-4 0.00816032983797569
0.40010171260801136 0.01321574306437152 0.323842108105904 | 0.008681448362323744 -0.0026454807813725933 -0.006847445514603668
0.4075848051760186 3.5352943094453494E-5 0.4086527412394962 | 0.007274239851350122 0.004170810708900381 -0.0021531219315968353
0.42846577579635026 4.199161587637617E-6 0.5409964081881025 | -0.002323981710660361 0.0012254154504938858 0.00826534712624029
0.42591027749343197 9.685190953449402E-7 0.5445862621074156 | 0.004937250699337067 0.002486506739367423 0.005403100254676062
0.43264846781196964 2.955578441588168E-6 0.7334852877745202 | 2.527186475536113E-4 0.0036753116713634845 0.0060307832025556125
0.4343467491744055 9.860772874817897E-6 0.9279855378641969 | -9.705201485601958E-4 0.002986881423782196 0.006994803181729599
0.4744557310169351 2.105100531354367E-6 0.17294581087765795 | 5.313871201172067E-4 0.0021896841788140394 -0.008402947186427739
0.5096948002803741 4.38204881889739E-6 0.2961394893987545 | 0.0078569722139018 0.0017662115008537716 -0.002330823950117246
0.48561557230998387 1.0415809646372982E-5 0.369098971318783 | 0.0015334906808093492 0.005285267893894678 -0.0010289130940162809
0.5410180090033757 4.052367347336965E-5 0.428565782273376 | 0.0074516931169927945 0.0014676680121259804 -0.002430430569160297
0.5083939422468725 1.07777560202692E-4 0.5085807245903563 | 0.0012535872201860894 0.006274280897869094 -0.002190820477902425
0.5018267399112829 3.324539197595651E-5 0.5826678346250047 | 5.978510934634505E-4 0.005282963872176407 6.238047937925736E-4
0.5074782700773148 5.144488456099037E-6 0.8367512569407809 | 0.003157261267186396 0.00293249066827934 0.00638027386369692
0.5070378972914792 6.223873947178316E-7 0.9288220651051893 | -7.783436318145206E-4 0.0021430571253448025 0.007933973246138804
0.5821638070487325 9.743101451858746E-6 0.07951825057407494 | 0.00751507920665673 0.001657357012586031 -0.004300387541556031
0.587672798490378 1.754391729148517E-5 0.07374177008061576 | 0.0053972389794919515 0.0018318358227545157 -0.006454907408494242
0.5767932452458153 1.7578779569255856E-5 0.34722282916096703 | -0.007686407103966419 0.0021580316083046713 0.001829092485512383
0.5448596204640477 5.8282098537241025E-5 0.4254554626253115 | 0.00381785944945861 0.002444186220310193 0.005721742392981514
0.5821471096838394 9.644279015865618E-6 0.502371329662716 | 0.006797222836574354 0.004790181545690292 -0.001232074873270107
0.5898656503515507 2.2737013604558417E-5 0.5899562278918156 | -0.005140131608303923 0.0026757675115818167 -0.005002648103603594
0.6382735406697049 0.022676132027425463 0.751878458484826 | -0.03137231770455286 -0.5456878501960363 0.018569634575965527
0.5760221869900171 6.029829802502752E-6 0.9144600206683774 | -0.002342624356831371 0.001465065995625379 0.00787322434636282
0.6542960722089592 4.732565267566853E-7 0.14646427534059026 | 6.663147323707777E-4 7.269769798133476E-4 -0.008988424806366531
0.7166275866957869 2.6947031521757167E-5 0.20805306002602547 | 3.8242868147310216E-4 0.005508114127619017 6.031008546094644E-4
0.7095646493889748 4.2752537600202555E-6 0.3536843580723861 | 0.007728478918240908 0.0017828121854086 -0.0030434873713623416
0.7328546195092547 3.917014758639748E-5 0.43265173048044037 | 0.0061441538731350324 0.0035715348661166046 3.560802046606073E-4
0.8368996723230997 1.3525897993789224E-5 0.507568756978613 | 0.006089939675749751 0.003069151971274849 0.003215228214589155
0.7520463259556143 0.022819268978908618 0.6378601860725607 | 0.018518253675559565 -0.5459470780957886 -0.032350835291268976
0.7404885411519216 6.18390672114577E-4 0.7405289978779702 | 0.002203785505299279 -0.05017524776498017 0.002303798504299919
0.6868205299852469 6.3192304526911555E-6 0.7938661003745879 | -0.004658767240084448 0.0013691314626461586 0.006867619692687556
0.7717508044161708 2.585389320303673E-7 0.16974346742940138 | 0.006103831131435105 7.734731518951195E-4 -0.006735610830522442
0.7934061318376642 1.7490127120886473E-5 0.25769305684693117 | 0.00789271550876105 0.0021576577734070037 5.875828085235793E-4
0.9113934226877716 2.2785118947999958E-5 0.3621964593241436 | 0.008326125040875957 0.0017203845633668425 7.523210213132301E-4
0.9279869666374027 4.250936375135607E-6 0.43435100167944996 | 0.007003596073732569 0.0029798967726369164 -9.685284760020443E-4
0.9288071846723568 1.5810225995730586E-6 0.5070365279908844 | 0.007954884334279336 0.0021219238942178477 -7.735292524202045E-4
0.9144627639211115 4.497365613203612E-6 0.576018166835132 | 0.007867335573853817 0.0014748319322710362 -0.002337954252094154
0.7938646948091735 6.655385290485582E-6 0.6868219395876414 | 0.006860621480935681 0.0013700711221251343 -0.004666733144164568
0.7819680391913703 1.1863498482709908E-6 0.7819681357709999 | 0.0060447396126435795 5.676637772401665E-4 0.006039114188700552
0.25213007088753747 0.40000718712305305 0.2521300802829471 | -0.005277194784833908 0.002631658979931091 -0.005279169893931972
0.2498498871448597 0.4000012233897605 0.33922821154863536 | -0.004605073459260507 9.461448057535445E-4 0.007686902014342124
0.22447106609113476 0.036279925627676235 0.40002392698141576 | -0.0013264958686994405 -0.01500991212986548 0.006107023300243455
0.2077141767401545 0.10593579083915831 0.4000000520288864 | -0.005517256142466391 0.0040714021679818845 5.619763931063039E-7
0.2329059923053287 7.609605290386299E-6 0.4794849750366263 | -0.00537636694393794 0.002896068087333958 -5.6971629412287854E-5
0.19636832841082616 9.894749267071371E-5 0.5663767454517299 | -0.0074357995249747745 0.0022822636217358673 -0.001960745723150496
0.14933298995757707 1.4709061305156777E-6 0.653856133786227 | -0.008973788796985543 6.473884445506631E-4 4.7906714172701897E-4
0.1871550320669699 3.6796810991771356E-6 0.7575307876622696 | -0.00886003965854183 0.0010251670917288287 9.712796465601393E-4
0.33922818798137083 0.4000012065294853 0.24984966577103243 | 0.0076843388794814935 9.459975370119693E-4 -0.00460941847996332
0.3436430936977415 0.40000239507411595 0.3436374705888695 | 0.0051886655720552455 0.002749728766412371 0.005191041619184157
0.3155671594336643 3.101728600534738E-5 0.4473060335161748 | -0.00277703088884253 0.004525961361463606 0.0017196245788125863
0.32453173443567884 0.09394467513155105 0.40000004741487893 | 0.0035159371536809298 0.004974721791399052 4.057946938741241E-6
0.3014191546380288 6.250959860160899E-5 0.5111086735585343 | -0.006699240975888134 0.0020594521858192656 0.005291644127475051
0.26633290753696925 4.993122087162778E-5 0.5915906635167367 | 0.0020523250280481257 0.003290133645096608 -0.006062910367932754
0.21552537608681296 5.985948633848913E-6 0.7170747420644855 | -0.0068935696482924575 0.0029374539081420616 -0.0012571600102391151
0.2590417315869733 3.7986621992752047E-6 0.791025852507135 | -2.418561369216431E-4 0.0018277870352137984 0.008193095725316594
0.400003851577182 0.03643984819583155 0.22430512094691094 | 0.005701996378674438 -0.01562943439230506 -0.0020444097271958258
0.45771200004243257 9.132165406207078E-5 0.3057923003159465 | 0.0015533433832439388 0.002845876879872503 -0.005043320051684712
0.49879091967319883 5.3208438555669356E-6 0.49888350035452644 | 0.005349141564796726 0.004088054247736229 0.005152554204212006
0.31791003227685094 4.1378798213262765E-4 0.4000403170127112 | 0.004430764763254864 0.00333473691497725 0.005568396885571576
0.3735275519790896 1.179783800799194E-6 0.4843761980418473 | -0.00656269788320095 0.002550355310442015 -1.0141299314890296E-4
0.34440753475015823 2.513691107498894E-6 0.5751016607056184 | 0.008805728805231842 0.0010705334724714903 -0.001107138532586599
0.36534115928733213 3.412001310488177E-6 0.649789840173531 | -0.0015370036133869386 0.003197166377526662 0.0062617080074511755
0.3498514454841719 2.1111282667957754E-6 0.7433066440663195 | -0.00630221008535861 0.0033603002000528966 0.0013798110983475902
0.4000002749833236 0.10410683658557185 0.20780713545047383 | 3.467119951580441E-5 0.004304749932003114 -0.00663099983340796
0.40000001121700013 0.09358937797834797 0.32480018881204803 | 7.111007536564438E-6 0.003751815104816312 0.005689433726607482
0.4000849567894462 1.9770106877162934E-4 0.31205791091387225 | 0.0065612482612305515 0.002027900798841931 0.0059825607012533415
0.4248608146128011 1.7254233748687143E-4 0.4260172178847697 | -0.004098652755805479 0.003828871941976451 -0.0066731238460136085
0.428854075726197 4.662777838337452E-7 0.5399527091987091 | -0.002506952141296082 0.0010389888683502576 0.008451164634173846
0.4448830548905805 6.690779548984023E-5 0.6413607430157499 | -0.005683493397299165 0.004234345228196522 5.236711589606891E-4
0.43193899257742924 3.8882715235770334E-5 0.7278687042876494 | 4.6695310942882466E-4 0.002877598740039367 0.007131209098763394
0.427278090236816 1.6679669932938349E-6 0.8404157360018067 | -0.008083297430594025 0.0016578057745656929 0.0022803806724802944
0.4795266503174804 7.290074004037632E-6 0.23290298641226298 | 4.148767496126607E-4 0.002567382695144091 -0.00535801882213713
0.5105562667012554 3.441802862990557E-6 0.3010470839605544 | 0.006018480555575765 0.0016665151918107532 -0.006982932642477114
0.4856982101373971 1.2442768346673968E-5 0.3693293154253426 | 9.854678665107497E-4 0.005138665318491682 -0.002311037289333459
0.5397224174452131 1.4285666554095904E-6 0.429042619615321 | 0.007581272463365046 0.001241254874039716 -0.0026075342268141004
0.5344864026165003 7.872713841860204E-6 0.5346634581227684 | -0.005991592270137948 0.00306565874793561 -0.006109743949963282
0.5017912042922756 2.5880294973939557E-5 0.5831995698581609 | 6.253006775220999E-4 0.005119591318656629 -0.001967701281478727
0.5145467619750319 6.512959772887733E-6 0.7321090918252116 | 0.0053659485714652785 0.0015075996422767282 0.005760758720056708
0.5107996849702265 5.799392727484908E-6 0.8337735720027316 | -0.004778320383857325 0.0013277516156070238 0.007268200570511339
0.5664411600149534 1.3175351986811505E-5 0.19599196690243217 | -0.001931574659168091 0.002150078332433435 -0.007579175183075847
0.5916555166368405 8.220532653992982E-5 0.2662986542467843 | -0.006008854646514422 0.0033764429671171267 0.001993371901530539
0.5755531383207215 1.1406122436503419E-7 0.344493983003014 | -8.396786402284812E-4 0.0010980138482990197 0.0087959028791371
0.6412687284919193 1.1428423886563352E-4 0.445095820002972 | 0.0010099662379106646 0.00404645570063374 -0.005072770736505118
0.5850099735065256 6.217472022465712E-6 0.5014950528905 | -0.0024674878100600134 0.006312515253208323 0.001821661592059257
0.5896687490155892 2.667120422026167E-5 0.5897620778972946 | -0.004575746964263313 0.003322360426824844 -0.0044031887716700704
0.6035273862705279 2.1191547967131957E-6 0.6668336652560404 | -0.001604889177379296 1.1534232895585046E-4 0.009413737013329055
0.58473452064231 4.950980420608395E-6 0.7949387181928382 | 0.00421410310699068 0.002193591422175434 0.0074270910427154035
0.6538699406777032 6.399890183007166E-7 0.1493343340802689 | 5.222490309018477E-4 6.467458585409874E-4 -0.009040047757922205
0.7171318855559878 3.9222027172945776E-7 0.21556626398244877 | -0.0012114796763467934 0.002928902970409602 -0.006909866139134781
0.6498986999473528 4.195329780766721E-5 0.3653191497000329 | 0.0062006568469060025 0.003311376846778195 -0.0013596526197127876
0.7270338088680106 1.133963917163784E-5 0.43184169015427326 | 0.007178693976818283 0.0028063242740867115 6.685463924316937E-4
0.7321494270864868 2.3220597970458168E-6 0.5145494293055952 | 0.006665133647382121 0.0020587255734636164 0.006239631696234439
0.6667484383450795 9.97745957873526E-7 0.6034581443682007 | 0.00922930594337439 1.345207837419268E-4 -0.0020555953726996306
0.6979070154695667 3.4090037499737413E-6 0.6978961267887843 | -0.005763292947709938 7.179811146148436E-4 -0.005799632250930221
0.6845873050085686 8.76714800477607E-6 0.7900146173373267 | -0.003696254439837545 0.0013565249055843345 0.007575041001276755
0.7575272874415229 3.5522181371723937E-6 0.1871561124456033 | 8.91540380070608E-4 0.001035442669092968 -0.008860209251239221
0.7910485506546248 6.401319418613238E-7 0.25903068390415546 | 0.008179628692864354 0.0018551086250628884 -4.903021744014773E-4
0.7433598272626595 8.872058021329775E-6 0.3498568288061868 | 0.0026680657598510842 0.003260150858883259 -0.006099244722011767
0.8404772738779821 1.0000170610394276E-5 0.4273359647787492 | 0.0024424408237834847 0.001628555656325319 -0.0080611367109584
0.8337789171407595 7.996825525299716E-6 0.510692477356106 | 0.007223939863448037 0.0013189321274622054 -0.004591458979489172
0.7949393381819183 2.509567504380568E-6 0.5847268494825159 | 0.006993135811671542 0.0020272177093233474 0.0038909088359097887
0.7900134649013624 9.087243775810013E-6 0.6845884312150187 | 0.007571967713327209 0.001357486049519872 -0.003696449286460605
0.7400169161964112 1.4338503421185156E-4 0.7400495398995547 | 0.021382350901796326 -0.011147721155168157 0.021836722100445266
