512
0.28280202757123596 0.8279165324287643 0.282802027571236
0.2795695906899071 0.8311489693100931 0.3466203014528157
0.278178484505502 0.8325400754944985 0.3995807916909712
0.27799285046525773 0.8327257095347427 0.44996481607165667
0.2779928504652578 0.8327257095347427 0.5000351839283437
0.278178484505502 0.8325400754944985 0.5504192083090289
0.2795695906899071 0.8311489693100931 0.6033796985471845
0.28280202757123607 0.8279165324287643 0.667197972428764
0.3466203014528157 0.8311489693100931 0.2795695906899071
0.34555611680126136 0.8342028728481796 0.34555611680126136
0.3447072295506059 0.8357650644621886 0.39948862938132407
0.34449584080852735 0.83605624272291 0.4499502407378045
0.34449584080852735 0.83605624272291 0.5000497592621955
0.344707229550606 0.8357650644621886 0.5505113706186759
0.34555611680126147 0.8342028728481796 0.6044438831987384
0.3466203014528155 0.8311489693100931 0.6704304093100928
0.3995807916909712 0.8325400754944985 0.278178484505502
0.39948862938132407 0.8357650644621886 0.3447072295506059
0.3993392524083751 0.8374290874501366 0.3993392524083751
0.3991953181549283 0.8377838623562253 0.44994810575489147
0.3991953181549283 0.8377838623562252 0.500051894245109
0.39933925240837514 0.8374290874501366 0.550660747591625
0.39948862938132407 0.8357650644621886 0.6052927704493941
0.3995807916909712 0.8325400754944985 0.6718215154944982
0.44996481607165667 0.8327257095347427 0.27799285046525773
0.4499502407378045 0.83605624272291 0.34449584080852735
0.44994810575489147 0.8377838623562253 0.3991953181549283
0.44992938735427057 0.8381837062912865 0.44992938735427057
0.4499293873542707 0.8381837062912865 0.5000706126457296
0.4499481057548914 0.8377838623562253 0.5508046818450721
0.44995024073780443 0.8360562427229099 0.6055041591914729
0.4499648160716567 0.8327257095347429 0.6720071495347426
0.5000351839283437 0.8327257095347427 0.2779928504652578
0.5000497592621955 0.83605624272291 0.34449584080852735
0.500051894245109 0.8377838623562252 0.3991953181549283
0.5000706126457296 0.8381837062912865 0.4499293873542707
0.5000706126457296 0.8381837062912865 0.5000706126457296
0.500051894245109 0.8377838623562248 0.5508046818450721
0.5000497592621955 0.83605624272291 0.6055041591914729
0.5000351839283437 0.8327257095347427 0.6720071495347425
0.5504192083090289 0.8325400754944985 0.278178484505502
0.5505113706186759 0.8357650644621886 0.344707229550606
0.550660747591625 0.8374290874501366 0.39933925240837514
0.5508046818450721 0.8377838623562253 0.4499481057548914
0.5508046818450721 0.8377838623562248 0.500051894245109
0.5506607475916251 0.8374290874501366 0.5506607475916251
0.5505113706186759 0.8357650644621886 0.605292770449394
0.5504192083090289 0.8325400754944985 0.6718215154944982
0.6033796985471845 0.8311489693100931 0.2795695906899071
0.6044438831987384 0.8342028728481796 0.34555611680126147
0.6052927704493941 0.8357650644621886 0.39948862938132407
0.6055041591914728 0.8360562427229099 0.44995024073780443
0.6055041591914729 0.83605624272291 0.5000497592621955
0.605292770449394 0.8357650644621886 0.5505113706186759
0.6044438831987384 0.8342028728481796 0.6044438831987384
0.6033796985471847 0.8311489693100931 0.6704304093100928
0.667197972428764 0.8279165324287643 0.28280202757123607
0.6704304093100928 0.8311489693100931 0.3466203014528155
0.6718215154944982 0.8325400754944985 0.3995807916909712
0.6720071495347426 0.8327257095347429 0.4499648160716567
0.6720071495347424 0.8327257095347427 0.5000351839283437
0.6718215154944982 0.8325400754944985 0.5504192083090289
0.6704304093100928 0.8311489693100931 0.6033796985471847
0.667197972428764 0.8279165324287643 0.667197972428764
0.2795695906899071 0.7640982585471847 0.2795695906899071
0.2765156871518199 0.7651624431987387 0.3455561168012615
0.27495349553781223 0.7660113304493943 0.39948862938132407
0.27466231727709 0.7662227191914731 0.44995024073780443
0.27466231727709 0.7662227191914731 0.5000497592621955
0.2749534955378123 0.7660113304493943 0.5505113706186759
0.2765156871518199 0.7651624431987387 0.6044438831987384
0.2795695906899071 0.7640982585471848 0.6704304093100928
0.3455561168012615 0.7651624431987387 0.2765156871518199
0.34391265677822036 0.7668059032217797 0.34391265677822036
0.34285227894150677 0.7678662810584932 0.39925509721223773
0.34248161665148413 0.7682369433485163 0.44993415048527496
0.3424816166514841 0.7682369433485163 0.5000658495147249
0.34285227894150677 0.7678662810584932 0.5507449027877621
0.3439126567782204 0.7668059032217797 0.6060873432217795
0.34555611680126147 0.7651624431987387 0.6734843128481793
0.39948862938132407 0.7660113304493943 0.27495349553781223
0.39925509721223773 0.7678662810584932 0.34285227894150677
0.39899744969683754 0.7691530798043991 0.39899744969683754
0.39876188631185144 0.7696252140069908 0.44993591395952726
0.39876188631185144 0.7696252140069909 0.500064086040473
0.39899744969683765 0.7691530798043991 0.5510025503031626
0.3992550972122377 0.7678662810584933 0.607147721058493
0.39948862938132407 0.7660113304493943 0.6750465044621883
0.44995024073780443 0.7662227191914731 0.27466231727709
0.44993415048527496 0.7682369433485163 0.34248161665148413
0.44993591395952726 0.7696252140069908 0.39876188631185144
0.44990412875651015 0.7701686402822774 0.44990412875651015
0.4499041287565102 0.7701686402822774 0.5000958712434898
0.4499359139595272 0.7696252140069908 0.5512381136881488
0.4499341504852749 0.7682369433485162 0.6075183833485159
0.44995024073780443 0.7662227191914731 0.6753376827229098
0.5000497592621955 0.7662227191914731 0.27466231727709
0.5000658495147249 0.7682369433485163 0.3424816166514841
0.5000640860404729 0.7696252140069909 0.39876188631185144
0.5000958712434898 0.7701686402822774 0.44990412875651015
0.5000958712434898 0.7701686402822774 0.5000958712434898
0.5000640860404728 0.7696252140069908 0.5512381136881487
0.5000658495147249 0.7682369433485161 0.6075183833485159
0.5000497592621955 0.7662227191914731 0.6753376827229097
0.5505113706186759 0.7660113304493943 0.2749534955378123
0.5507449027877621 0.7678662810584932 0.34285227894150677
0.5510025503031626 0.7691530798043991 0.39899744969683765
0.5512381136881487 0.7696252140069908 0.4499359139595272
0.5512381136881487 0.7696252140069908 0.5000640860404728
0.5510025503031626 0.7691530798043991 0.5510025503031626
0.5507449027877621 0.7678662810584932 0.6071477210584929
0.5505113706186759 0.7660113304493943 0.6750465044621883
0.6044438831987384 0.7651624431987387 0.2765156871518199
0.6060873432217795 0.7668059032217797 0.3439126567782204
0.607147721058493 0.7678662810584933 0.3992550972122377
0.6075183833485159 0.7682369433485162 0.4499341504852749
0.6075183833485159 0.7682369433485161 0.5000658495147249
0.6071477210584929 0.7678662810584932 0.5507449027877621
0.6060873432217795 0.7668059032217797 0.6060873432217795
0.6044438831987384 0.7651624431987386 0.6734843128481794
0.6704304093100928 0.7640982585471848 0.2795695906899071
0.6734843128481793 0.7651624431987387 0.34555611680126147
0.6750465044621883 0.7660113304493943 0.39948862938132407
0.6753376827229098 0.7662227191914731 0.44995024073780443
0.6753376827229097 0.7662227191914731 0.5000497592621955
0.6750465044621883 0.7660113304493943 0.5505113706186759
0.6734843128481794 0.7651624431987386 0.6044438831987384
0.6704304093100928 0.764098258547185 0.6704304093100928
0.278178484505502 0.7111377683090292 0.278178484505502
0.2749534955378123 0.7112299306186762 0.344707229550606
0.2732894725498627 0.7113793075916253 0.39933925240837514
0.2729346976437754 0.7115232418450723 0.44994810575489147
0.2729346976437754 0.7115232418450724 0.500051894245109
0.2732894725498627 0.7113793075916254 0.5506607475916251
0.2749534955378123 0.7112299306186762 0.605292770449394
0.27817848450550203 0.7111377683090292 0.6718215154944982
0.344707229550606 0.7112299306186762 0.2749534955378123
0.3428522789415067 0.7114634627877625 0.3428522789415067
0.34156548019560107 0.7117211103031629 0.3989974496968377
0.3410933459930095 0.7119566736881492 0.44993591395952715
0.3410933459930096 0.7119566736881492 0.5000640860404731
0.34156548019560107 0.7117211103031629 0.5510025503031626
0.34285227894150666 0.7114634627877623 0.6071477210584928
0.3447072295506061 0.7112299306186762 0.6750465044621883
0.39933925240837514 0.7113793075916253 0.2732894725498627
0.3989974496968377 0.7117211103031629 0.34156548019560107
0.39870312114713785 0.7120154388528624 0.39870312114713785
0.398406657941068 0.7123119020589322 0.44995413534409984
0.3984066579410679 0.7123119020589322 0.5000458646558996
0.39870312114713796 0.7120154388528623 0.551296878852862
0.3989974496968377 0.7117211103031628 0.6084345198043989
0.39933925240837514 0.7113793075916253 0.6767105274501363
0.44994810575489147 0.7115232418450723 0.2729346976437754
0.44993591395952715 0.7119566736881492 0.3410933459930095
0.44995413534409984 0.7123119020589321 0.398406657941068
0.44991675309220097 0.7126543390918343 0.44991675309220097
0.44991675309220097 0.7126543390918343 0.5000832469077993
0.44995413534409984 0.7123119020589321 0.5515933420589318
0.44993591395952726 0.7119566736881491 0.6089066540069905
0.4499481057548914 0.7115232418450723 0.6770653023562246
0.500051894245109 0.7115232418450724 0.2729346976437754
0.5000640860404731 0.7119566736881492 0.3410933459930096
0.5000458646558996 0.7123119020589322 0.39840665794106783
0.5000832469077993 0.7126543390918343 0.44991675309220097
0.5000832469077993 0.7126543390918343 0.5000832469077993
0.5000458646558998 0.7123119020589321 0.551593342058932
0.5000640860404728 0.711956673688149 0.6089066540069905
0.500051894245109 0.7115232418450723 0.6770653023562248
0.5506607475916251 0.7113793075916254 0.2732894725498627
0.5510025503031626 0.7117211103031629 0.34156548019560107
0.551296878852862 0.7120154388528623 0.39870312114713796
0.5515933420589318 0.7123119020589321 0.44995413534409984
0.551593342058932 0.7123119020589321 0.5000458646558997
0.551296878852862 0.7120154388528623 0.551296878852862
0.5510025503031625 0.7117211103031628 0.6084345198043989
0.5506607475916251 0.7113793075916254 0.6767105274501363
0.605292770449394 0.7112299306186762 0.2749534955378123
0.6071477210584928 0.7114634627877623 0.34285227894150666
0.6084345198043989 0.7117211103031628 0.3989974496968377
0.6089066540069905 0.7119566736881491 0.44993591395952726
0.6089066540069905 0.711956673688149 0.5000640860404728
0.6084345198043989 0.7117211103031628 0.5510025503031625
0.6071477210584929 0.7114634627877624 0.6071477210584929
0.605292770449394 0.7112299306186762 0.6750465044621883
0.6718215154944982 0.7111377683090292 0.278178484505502
0.6750465044621883 0.7112299306186762 0.34470722955060606
0.6767105274501363 0.7113793075916253 0.39933925240837514
0.6770653023562246 0.7115232418450723 0.4499481057548914
0.6770653023562248 0.7115232418450723 0.500051894245109
0.6767105274501363 0.7113793075916254 0.5506607475916251
0.6750465044621883 0.7112299306186762 0.605292770449394
0.6718215154944982 0.7111377683090292 0.6718215154944982
0.27799285046525773 0.6607537439283445 0.27799285046525773
0.2746623172770901 0.6607683192621954 0.3444958408085273
0.27293469764377537 0.660770454245109 0.3991953181549283
0.27253485370871405 0.6607891726457298 0.4499293873542707
0.2725348537087142 0.6607891726457298 0.5000706126457296
0.2729346976437754 0.660770454245109 0.5508046818450721
0.27466231727709 0.6607683192621955 0.6055041591914729
0.27799285046525773 0.6607537439283444 0.6720071495347425
0.3444958408085273 0.6607683192621954 0.2746623172770901
0.3424816166514841 0.6607844095147253 0.3424816166514841
0.3410933459930095 0.6607826460404735 0.3987618863118513
0.34054991971772297 0.6608144312434899 0.44990412875651015
0.34054991971772297 0.6608144312434899 0.5000958712434898
0.34109334599300956 0.6607826460404735 0.5512381136881489
0.34248161665148413 0.6607844095147253 0.6075183833485159
0.3444958408085273 0.6607683192621956 0.6753376827229096
0.3991953181549283 0.660770454245109 0.27293469764377537
0.3987618863118513 0.6607826460404735 0.3410933459930095
0.39840665794106783 0.6607644246559002 0.3984066579410679
0.39806422090816596 0.6608018069077995 0.44991675309220086
0.3980642209081659 0.6608018069077995 0.5000832469077993
0.39840665794106794 0.6607644246559002 0.5515933420589318
0.39876188631185133 0.6607826460404734 0.6089066540069905
0.39919531815492837 0.6607704542451089 0.677065302356225
0.4499293873542707 0.6607891726457298 0.2725348537087141
0.44990412875651015 0.6608144312434899 0.34054991971772297
0.44991675309220086 0.6608018069077995 0.39806422090816596
0.4498702097198105 0.6608483502801896 0.4498702097198105
0.4498702097198105 0.6608483502801896 0.5001297902801893
0.44991675309220086 0.6608018069077994 0.5519357790918341
0.44990412875651015 0.6608144312434899 0.6094500802822771
0.4499293873542707 0.6607891726457298 0.6774651462912862
0.5000706126457296 0.6607891726457298 0.2725348537087142
0.5000958712434898 0.6608144312434899 0.34054991971772297
0.5000832469077993 0.6608018069077995 0.3980642209081659
0.5001297902801893 0.6608483502801896 0.4498702097198105
0.5001297902801893 0.6608483502801896 0.5001297902801893
0.5000832469077993 0.6608018069077995 0.5519357790918341
0.5000958712434898 0.6608144312434899 0.6094500802822771
0.5000706126457296 0.6607891726457298 0.6774651462912862
0.5508046818450721 0.660770454245109 0.2729346976437754
0.5512381136881489 0.6607826460404735 0.3410933459930096
0.5515933420589318 0.6607644246559002 0.3984066579410679
0.5519357790918341 0.6608018069077994 0.44991675309220086
0.5519357790918341 0.6608018069077994 0.5000832469077993
0.5515933420589318 0.6607644246559002 0.5515933420589318
0.5512381136881488 0.6607826460404733 0.6089066540069905
0.550804681845072 0.660770454245109 0.6770653023562248
0.6055041591914729 0.6607683192621955 0.27466231727709006
0.607518383348516 0.6607844095147253 0.34248161665148413
0.6089066540069906 0.6607826460404734 0.39876188631185133
0.6094500802822771 0.6608144312434899 0.44990412875651015
0.6094500802822771 0.6608144312434899 0.5000958712434898
0.6089066540069905 0.6607826460404734 0.5512381136881488
0.6075183833485158 0.6607844095147253 0.6075183833485158
0.6055041591914729 0.6607683192621956 0.6753376827229096
0.6720071495347425 0.6607537439283444 0.2779928504652578
0.6753376827229098 0.6607683192621956 0.3444958408085273
0.677065302356225 0.660770454245109 0.39919531815492837
0.6774651462912862 0.6607891726457298 0.4499293873542707
0.6774651462912862 0.6607891726457298 0.5000706126457296
0.6770653023562248 0.660770454245109 0.5508046818450721
0.6753376827229097 0.6607683192621956 0.6055041591914729
0.6720071495347426 0.6607537439283443 0.6720071495347426
0.27799285046525773 0.610683376071656 0.27799285046525773
0.2746623172770901 0.6106688007378052 0.3444958408085273
0.27293469764377537 0.6106666657548916 0.3991953181549283
0.27253485370871405 0.6106479473542707 0.44992938735427057
0.27253485370871416 0.6106479473542707 0.5000706126457296
0.2729346976437754 0.6106666657548915 0.5508046818450721
0.27466231727709 0.610668800737805 0.6055041591914729
0.2779928504652577 0.6106833760716561 0.6720071495347425
0.3444958408085273 0.6106688007378052 0.2746623172770901
0.34248161665148413 0.6106527104852753 0.34248161665148413
0.3410933459930095 0.610654473959527 0.3987618863118513
0.34054991971772297 0.6106226887565106 0.44990412875651015
0.34054991971772297 0.6106226887565106 0.5000958712434898
0.3410933459930096 0.610654473959527 0.5512381136881489
0.34248161665148413 0.6106527104852753 0.6075183833485158
0.3444958408085273 0.6106688007378049 0.6753376827229096
0.3991953181549283 0.6106666657548916 0.27293469764377537
0.3987618863118513 0.610654473959527 0.3410933459930095
0.3984066579410679 0.6106726953441003 0.3984066579410679
0.39806422090816596 0.6106353130922011 0.44991675309220086
0.39806422090816596 0.610635313092201 0.5000832469077993
0.39840665794106794 0.6106726953441003 0.5515933420589318
0.3987618863118514 0.6106544739595272 0.6089066540069905
0.39919531815492837 0.6106666657548916 0.6770653023562248
0.44992938735427057 0.6106479473542707 0.2725348537087141
0.44990412875651015 0.6106226887565106 0.340549919717723
0.44991675309220086 0.6106353130922011 0.39806422090816596
0.4498702097198105 0.6105887697198109 0.4498702097198105
0.44987020971981057 0.6105887697198109 0.5001297902801893
0.44991675309220086 0.6106353130922011 0.5519357790918341
0.44990412875651015 0.6106226887565106 0.6094500802822771
0.4499293873542707 0.6106479473542707 0.6774651462912862
0.5000706126457296 0.6106479473542707 0.2725348537087141
0.5000958712434898 0.6106226887565106 0.34054991971772297
0.5000832469077993 0.610635313092201 0.39806422090816596
0.5001297902801893 0.6105887697198109 0.4498702097198105
0.5001297902801892 0.6105887697198109 0.5001297902801892
0.5000832469077993 0.6106353130922011 0.5519357790918341
0.5000958712434898 0.6106226887565106 0.6094500802822771
0.5000706126457296 0.6106479473542707 0.6774651462912862
0.5508046818450721 0.6106666657548915 0.2729346976437754
0.5512381136881489 0.6106544739595271 0.3410933459930096
0.5515933420589318 0.6106726953441003 0.39840665794106794
0.5519357790918341 0.6106353130922011 0.44991675309220086
0.5519357790918341 0.6106353130922011 0.5000832469077993
0.5515933420589318 0.6106726953441003 0.5515933420589318
0.5512381136881488 0.6106544739595272 0.6089066540069904
0.550804681845072 0.6106666657548915 0.6770653023562248
0.6055041591914729 0.610668800737805 0.27466231727708995
0.6075183833485159 0.6106527104852753 0.34248161665148413
0.6089066540069906 0.6106544739595272 0.39876188631185133
0.6094500802822771 0.6106226887565106 0.44990412875651015
0.6094500802822771 0.6106226887565106 0.5000958712434898
0.6089066540069905 0.6106544739595272 0.5512381136881488
0.6075183833485158 0.6106527104852753 0.6075183833485158
0.6055041591914729 0.6106688007378049 0.6753376827229096
0.6720071495347425 0.6106833760716561 0.2779928504652577
0.6753376827229098 0.6106688007378049 0.3444958408085273
0.6770653023562248 0.6106666657548915 0.39919531815492837
0.6774651462912862 0.6106479473542707 0.4499293873542707
0.6774651462912862 0.6106479473542707 0.5000706126457296
0.6770653023562248 0.6106666657548915 0.5508046818450721
0.6753376827229097 0.6106688007378049 0.6055041591914729
0.6720071495347426 0.6106833760716562 0.6720071495347426
0.278178484505502 0.5602993516909713 0.278178484505502
0.2749534955378123 0.5602071893813244 0.34470722955060606
0.2732894725498627 0.5600578124083753 0.39933925240837514
0.2729346976437754 0.5599138781549283 0.4499481057548915
0.2729346976437754 0.5599138781549282 0.500051894245109
0.2732894725498627 0.5600578124083752 0.5506607475916251
0.2749534955378123 0.5602071893813244 0.605292770449394
0.27817848450550203 0.5602993516909714 0.6718215154944982
0.34470722955060606 0.5602071893813244 0.2749534955378123
0.3428522789415067 0.5599736572122382 0.3428522789415067
0.34156548019560107 0.5597160096968375 0.3989974496968377
0.3410933459930095 0.5594804463118515 0.44993591395952715
0.34109334599300956 0.5594804463118515 0.5000640860404731
0.34156548019560107 0.5597160096968377 0.5510025503031626
0.3428522789415067 0.5599736572122382 0.6071477210584928
0.3447072295506061 0.5602071893813244 0.6750465044621883
0.3993392524083752 0.5600578124083753 0.2732894725498627
0.3989974496968377 0.5597160096968375 0.34156548019560107
0.3987031211471379 0.5594216811471382 0.3987031211471379
0.39840665794106794 0.5591252179410684 0.4499541353440998
0.3984066579410679 0.5591252179410684 0.5000458646558996
0.39870312114713796 0.5594216811471382 0.551296878852862
0.39899744969683765 0.5597160096968377 0.6084345198043989
0.3993392524083752 0.5600578124083754 0.6767105274501363
0.44994810575489147 0.5599138781549283 0.2729346976437754
0.44993591395952715 0.5594804463118515 0.3410933459930095
0.44995413534409984 0.5591252179410684 0.39840665794106794
0.4499167530922009 0.5587827809081662 0.4499167530922009
0.4499167530922009 0.5587827809081662 0.5000832469077993
0.44995413534409984 0.5591252179410685 0.551593342058932
0.44993591395952726 0.5594804463118516 0.6089066540069905
0.4499481057548914 0.5599138781549282 0.6770653023562246
0.500051894245109 0.5599138781549282 0.2729346976437754
0.5000640860404731 0.5594804463118515 0.3410933459930095
0.5000458646558996 0.5591252179410683 0.3984066579410679
0.5000832469077993 0.5587827809081662 0.4499167530922009
0.5000832469077993 0.5587827809081662 0.5000832469077993
0.5000458646558997 0.5591252179410684 0.551593342058932
0.5000640860404729 0.5594804463118516 0.6089066540069905
0.500051894245109 0.5599138781549282 0.6770653023562246
0.5506607475916251 0.5600578124083753 0.2732894725498627
0.5510025503031626 0.5597160096968377 0.3415654801956011
0.551296878852862 0.5594216811471382 0.39870312114713796
0.551593342058932 0.5591252179410685 0.44995413534409984
0.551593342058932 0.5591252179410685 0.5000458646558997
0.551296878852862 0.5594216811471382 0.551296878852862
0.5510025503031625 0.5597160096968378 0.6084345198043989
0.5506607475916251 0.5600578124083753 0.6767105274501363
0.605292770449394 0.5602071893813244 0.2749534955378123
0.6071477210584928 0.5599736572122384 0.34285227894150666
0.6084345198043989 0.5597160096968377 0.39899744969683765
0.6089066540069905 0.5594804463118516 0.44993591395952726
0.6089066540069905 0.5594804463118517 0.5000640860404728
0.6084345198043989 0.5597160096968378 0.5510025503031625
0.6071477210584929 0.5599736572122381 0.6071477210584929
0.605292770449394 0.5602071893813244 0.6750465044621883
0.6718215154944982 0.5602993516909714 0.27817848450550203
0.6750465044621883 0.5602071893813244 0.3447072295506061
0.6767105274501363 0.5600578124083754 0.3993392524083752
0.6770653023562249 0.5599138781549283 0.4499481057548914
0.6770653023562246 0.5599138781549282 0.500051894245109
0.6767105274501363 0.5600578124083753 0.5506607475916251
0.6750465044621883 0.5602071893813244 0.605292770449394
0.6718215154944982 0.5602993516909714 0.6718215154944982
0.2795695906899071 0.5073388614528159 0.2795695906899071
0.2765156871518199 0.5062746768012619 0.3455561168012615
0.27495349553781223 0.5054257895506062 0.39948862938132407
0.27466231727709 0.5052144008085276 0.44995024073780443
0.27466231727709 0.5052144008085274 0.5000497592621955
0.2749534955378123 0.5054257895506064 0.5505113706186759
0.2765156871518199 0.5062746768012619 0.6044438831987384
0.2795695906899071 0.5073388614528158 0.6704304093100928
0.3455561168012615 0.5062746768012619 0.2765156871518199
0.34391265677822036 0.5046312167782209 0.34391265677822036
0.34285227894150677 0.5035708389415074 0.39925509721223773
0.3424816166514841 0.5032001766514843 0.44993415048527496
0.3424816166514841 0.5032001766514843 0.5000658495147249
0.34285227894150677 0.5035708389415074 0.5507449027877622
0.34391265677822036 0.5046312167782209 0.6060873432217795
0.3455561168012615 0.5062746768012619 0.6734843128481793
0.39948862938132407 0.5054257895506062 0.27495349553781223
0.39925509721223773 0.5035708389415074 0.34285227894150677
0.39899744969683754 0.5022840401956015 0.39899744969683754
0.39876188631185144 0.5018119059930097 0.44993591395952726
0.3987618863118514 0.5018119059930098 0.500064086040473
0.39899744969683765 0.5022840401956015 0.5510025503031626
0.39925509721223773 0.5035708389415073 0.607147721058493
0.39948862938132407 0.5054257895506062 0.6750465044621883
0.44995024073780443 0.5052144008085275 0.27466231727709
0.44993415048527496 0.5032001766514843 0.3424816166514841
0.44993591395952726 0.5018119059930097 0.3987618863118514
0.44990412875651015 0.5012684797177233 0.44990412875651015
0.44990412875651015 0.5012684797177233 0.5000958712434898
0.44993591395952726 0.5018119059930098 0.5512381136881487
0.4499341504852749 0.5032001766514844 0.6075183833485158
0.44995024073780443 0.5052144008085275 0.6753376827229098
0.5000497592621955 0.5052144008085275 0.27466231727709
0.5000658495147249 0.5032001766514843 0.3424816166514841
0.500064086040473 0.5018119059930098 0.3987618863118514
0.5000958712434898 0.5012684797177233 0.44990412875651015
0.5000958712434898 0.5012684797177233 0.5000958712434898
0.500064086040473 0.5018119059930098 0.5512381136881487
0.5000658495147249 0.5032001766514844 0.6075183833485158
0.5000497592621955 0.5052144008085274 0.6753376827229097
0.5505113706186759 0.5054257895506064 0.2749534955378123
0.5507449027877622 0.5035708389415074 0.34285227894150677
0.5510025503031626 0.5022840401956015 0.3989974496968377
0.5512381136881488 0.5018119059930098 0.44993591395952726
0.5512381136881487 0.5018119059930098 0.500064086040473
0.5510025503031625 0.5022840401956015 0.5510025503031625
0.5507449027877622 0.5035708389415073 0.607147721058493
0.5505113706186759 0.5054257895506064 0.6750465044621883
0.6044438831987384 0.5062746768012619 0.2765156871518199
0.6060873432217795 0.5046312167782209 0.34391265677822036
0.607147721058493 0.5035708389415073 0.39925509721223773
0.6075183833485159 0.5032001766514845 0.4499341504852749
0.6075183833485158 0.5032001766514845 0.5000658495147249
0.607147721058493 0.5035708389415073 0.5507449027877622
0.6060873432217795 0.5046312167782209 0.6060873432217795
0.6044438831987384 0.5062746768012619 0.6734843128481794
0.6704304093100928 0.5073388614528158 0.2795695906899071
0.6734843128481793 0.5062746768012619 0.3455561168012615
0.6750465044621883 0.5054257895506062 0.39948862938132407
0.6753376827229098 0.5052144008085274 0.44995024073780443
0.6753376827229097 0.5052144008085274 0.5000497592621955
0.6750465044621883 0.5054257895506064 0.5505113706186759
0.6734843128481794 0.5062746768012619 0.6044438831987384
0.6704304093100928 0.5073388614528157 0.6704304093100928
0.282802027571236 0.4435205875712363 0.282802027571236
0.2795695906899071 0.4402881506899077 0.3466203014528157
0.278178484505502 0.4388970445055018 0.3995807916909712
0.2779928504652577 0.4387114104652581 0.44996481607165667
0.2779928504652577 0.4387114104652582 0.5000351839283437
0.278178484505502 0.4388970445055018 0.5504192083090289
0.2795695906899071 0.4402881506899077 0.6033796985471845
0.282802027571236 0.4435205875712363 0.667197972428764
0.3466203014528157 0.4402881506899077 0.2795695906899071
0.3455561168012614 0.4372342471518205 0.3455561168012614
0.3447072295506059 0.43567205553781235 0.39948862938132407
0.34449584080852735 0.43538087727709057 0.4499502407378045
0.34449584080852735 0.43538087727709074 0.5000497592621955
0.34470722955060595 0.43567205553781235 0.5505113706186759
0.3455561168012615 0.4372342471518205 0.6044438831987384
0.34662030145281547 0.4402881506899077 0.6704304093100928
0.3995807916909712 0.4388970445055018 0.278178484505502
0.39948862938132407 0.43567205553781235 0.3447072295506059
0.3993392524083751 0.4340080325498637 0.3993392524083751
0.3991953181549283 0.43365325764377527 0.44994810575489147
0.3991953181549283 0.43365325764377527 0.500051894245109
0.3993392524083752 0.4340080325498637 0.550660747591625
0.39948862938132407 0.43567205553781235 0.6052927704493941
0.3995807916909712 0.4388970445055019 0.6718215154944982
0.44996481607165667 0.4387114104652581 0.2779928504652577
0.4499502407378045 0.43538087727709057 0.34449584080852735
0.44994810575489147 0.43365325764377527 0.3991953181549283
0.4499293873542706 0.43325341370871423 0.4499293873542706
0.4499293873542707 0.43325341370871423 0.5000706126457296
0.4499481057548914 0.4336532576437754 0.5508046818450721
0.44995024073780443 0.4353808772770906 0.6055041591914729
0.4499648160716567 0.43871141046525797 0.6720071495347426
0.5000351839283437 0.4387114104652582 0.2779928504652577
0.5000497592621955 0.43538087727709074 0.34449584080852735
0.500051894245109 0.43365325764377527 0.3991953181549283
0.5000706126457296 0.43325341370871423 0.4499293873542707
0.5000706126457296 0.43325341370871423 0.5000706126457296
0.500051894245109 0.4336532576437754 0.5508046818450721
0.5000497592621955 0.43538087727709074 0.6055041591914729
0.5000351839283437 0.4387114104652581 0.6720071495347425
0.5504192083090289 0.4388970445055018 0.278178484505502
0.5505113706186759 0.43567205553781235 0.34470722955060595
0.550660747591625 0.4340080325498637 0.3993392524083752
0.5508046818450721 0.4336532576437754 0.44994810575489147
0.5508046818450721 0.4336532576437754 0.500051894245109
0.5506607475916251 0.4340080325498637 0.5506607475916251
0.5505113706186759 0.43567205553781235 0.605292770449394
0.5504192083090289 0.4388970445055018 0.6718215154944982
0.6033796985471845 0.4402881506899077 0.2795695906899071
0.6044438831987384 0.4372342471518205 0.3455561168012615
0.6052927704493941 0.43567205553781235 0.39948862938132407
0.6055041591914729 0.4353808772770906 0.44995024073780443
0.6055041591914729 0.43538087727709074 0.5000497592621955
0.605292770449394 0.43567205553781235 0.5505113706186759
0.6044438831987384 0.4372342471518203 0.6044438831987384
0.6033796985471847 0.4402881506899077 0.6704304093100928
0.667197972428764 0.4435205875712363 0.28280202757123607
0.6704304093100928 0.4402881506899077 0.3466203014528155
0.6718215154944982 0.4388970445055018 0.3995807916909712
0.6720071495347426 0.43871141046525797 0.4499648160716567
0.6720071495347425 0.4387114104652581 0.5000351839283437
0.6718215154944982 0.4388970445055018 0.5504192083090289
0.6704304093100928 0.4402881506899077 0.6033796985471847
0.667197972428764 0.4435205875712363 0.667197972428764
