512
0.28151147779358277 0.4000030197381564 0.28150180648858686 | -0.0019601736819879058 0.005182610171881105 -0.001959799739028969
0.2248782501352054 0.024995886077085007 0.40001574629261355 | -0.0018154223269964468 -0.012126873487317285 0.006992646076157671
0.2591136244002619 0.06501925368814286 0.4000001571703201 | -0.0026043270146000053 0.004898625184351802 0.0019985135181390433
0.05203319878597038 3.5093474967694375E-6 0.4035770244896234 | -0.0045196278529901 0.003494247806813752 -0.004484665869927457
0.21422478879121556 7.640005716893009E-5 0.46994119306583054 | -0.0027878111561953577 0.004314704909216486 0.0032722358486379933
0.29275532873996846 4.938892564570776E-6 0.6020573221287536 | -0.009091852843996117 5.696703513666344E-4 6.752442332338248E-5
0.3689880861456205 7.211709696990732E-7 0.6492311696086625 | -0.005065232236903809 9.294483816837732E-4 0.006786619761459374
0.2790853238797243 5.24599534159657E-6 0.7184093516613584 | -9.729329796756842E-4 0.004635700819433784 0.003942630478549916
0.40000658300692477 0.015629283690281073 0.22255963719558491 | 0.008123259513175154 -0.011447304627539005 -0.001499422643840657
0.3439022857921188 0.4000093623358199 0.3438965147977949 | 0.004728965299237504 0.003284784894764526 0.004732939681685695
0.4076804313954942 2.6845397971607767E-6 0.407555191662672 | 4.4008938497749054E-4 0.005643850590162405 1.2511729024380355E-4
0.1435993535408292 3.332245569040056E-6 0.4734588371500837 | -0.0031816810692912906 -0.010754470398741459 -0.003492376757861661
0.26772474934956947 0.014403459929540962 0.4665765173797334 | -0.036936089265443575 -0.8302471052291872 -0.03640855220679665
0.21751384450844138 0.02614653041799332 0.5324618429589084 | -0.008729942358900324 0.008487336022614433 0.01991414455811737
0.28608054612058487 0.016926177583367657 0.6820068700092834 | -0.008803808355565558 0.2781054278783308 0.02199767964427114
0.2810922036450504 0.023272916651433318 0.7250467184702453 | -0.005098075940777827 -0.10386513158626373 2.700095491159555E-4
0.4000004492860806 0.0650601427776213 0.25912792652188527 | 0.002615240792308561 0.004927170918994051 4.23282077293466E-4
0.40001882993917987 0.0015156919527157353 0.3515503920857312 | 0.003952054002763204 -0.002314751268464629 -0.009691347900053424
0.40783562916511606 9.51402399441382E-5 0.4073426232136937 | 2.3175895765333165E-4 0.005638331085575145 4.180440349461808E-4
0.3525137344523511 0.020840614997270558 0.5080856966825676 | -0.042000639810992044 -1.4611695675092666 -0.08707523932110652
0.37038996828800774 4.013251205703161E-8 0.4830552035107278 | 0.0039720652450285976 0.005391874393834342 -0.002944155635040852
0.34821997470761257 2.6238808863695216E-5 0.5760935844351847 | -0.004387974837720983 0.003843479523462397 -0.002162501737812885
0.3648851720580103 4.496253878494351E-6 0.6570449096679918 | -0.0053356999739859684 0.0031774708198064115 0.003352752225559439
0.364184705407784 0.003910761969949012 0.6632838516063164 | -0.012853130198246965 0.5745125414648662 -0.08870498399713732
0.40352740394550407 9.505578902473794E-6 0.05064901684198431 | -0.004349101784049929 0.0036342962520142627 -0.004379388931392724
0.47510347830352034 1.0975581832711407E-5 0.14845445135782803 | -0.0033653936717509838 0.004351223047154262 -0.0042815459367249505
0.48588674937676707 0.0026978767648166806 0.36876712264463424 | 0.00906122443355846 -0.23182530339787732 -0.007141232750059736
0.42482573485209985 4.519285629128668E-7 0.42471999811892686 | -0.004281029842835007 0.0038352483254679576 -0.004502443904603776
0.4641389345674318 7.902157791724057E-6 0.4634559793861599 | -6.122644714167142E-4 0.01020822132448339 3.018408384606983E-4
0.4397498463796637 5.451590566502692E-5 0.6408517649040815 | -0.0013633553351918898 0.005431296090256685 -0.00196738497613745
0.43802728697115306 3.839296965182698E-6 0.6386981880561136 | 0.0028632948600533026 0.005180013063339737 0.001455090451542541
0.48306330658184604 0.029396528240590587 0.6893354259198015 | 0.0779847401152072 0.2920280967857514 0.007065439249725573
0.47056625145456243 1.359981554853883E-4 0.21420925811224611 | 0.0019570573443742655 0.005247970989851605 -8.058759751151558E-4
0.4680010177316321 0.027619532894746574 0.26698377386722366 | -0.028784897612867035 -0.7512430201414987 -0.041875675591043326
0.4856717034453938 1.6060235468103002E-5 0.368906151467722 | -0.001942476747686337 0.07372755701102057 0.0024226650426991203
0.46402541728864116 2.0900165089945393E-5 0.4635136129671572 | 1.7502515169744875E-4 0.005293730096267909 -3.2702808466193E-5
0.5175361543600245 1.0770395844016477E-5 0.5162575896803133 | -0.005009991865660573 0.003284935721379399 -0.004171814270973663
0.502330194935012 1.1043270594490024E-4 0.5819194143951157 | 4.861010370067685E-4 0.047370178849431954 -0.008893458650614099
0.5178955785693785 1.3280465148739562E-5 0.6549730770294492 | 0.006131011970965466 0.0026890510052401295 0.004027871933677177
0.5240254975274707 0.0016630827688158202 0.658349306418476 | -0.010707538280673487 0.04771271463192918 -0.006246215232085466
0.6012060509722025 1.806927995196667E-5 0.2920098947115258 | -2.0430430784058965E-4 6.095178831650916E-4 -0.00879158557364995
0.5311141904520219 0.02607521828141947 0.2194498784429249 | 0.009316631575090092 0.03087472101525019 -7.147819359990288E-4
0.5755996606789313 7.9753984566772E-6 0.34821467082899804 | -0.0017050004927868865 0.0027425150206311978 -0.00683128703661822
0.6413848011087459 2.9074842447297144E-5 0.43990871001934756 | -0.002817297154781841 0.005031153814483403 -0.0018648729911325138
0.5815116189120404 0.0017544596189595638 0.5024996283120374 | -0.01749389415162284 -0.1796745512248808 0.003128607582777723
0.5896681125663602 1.1985219935639465E-5 0.589756911165231 | -0.004221572345437292 0.003241214001332413 -0.005012165429228034
0.5969873354016062 2.581482148635105E-6 0.6786805598448394 | 0.005278808933077746 0.001541098667746532 -0.006478266653337322
0.5998700262620891 8.596919082038688E-6 0.6752774205386799 | -9.537914391149288E-4 0.004986928611699201 0.003119927634400615
0.6504876319909616 1.6652519747006382E-6 0.36937040653847575 | 0.007183576133167282 0.001102068235091148 -0.00689641368814984
0.6850738661010295 0.01444079177470824 0.28548675367883397 | 0.026514276153846016 0.2709421173556111 -0.008834491940600047
0.6572480156267994 3.4247204631887653E-6 0.3648192582877002 | 0.0018660701355794373 0.0034963765964738983 -0.007480334907926401
0.6389561757687403 2.422531000497775E-5 0.4385168201809247 | 9.218886453704543E-4 0.005416305950404663 0.001018672988737028
0.653891774365932 1.6490699824383637E-5 0.5173114526355811 | 0.004290492052482962 0.0026591288633521395 0.0063793581607986495
0.6805669406091879 6.768358542772464E-7 0.5946423767202322 | -0.006271412691325118 0.0012924763261984026 0.0057911007708784995
0.6832767886237571 1.0070329118705613E-6 0.6828652648246618 | 0.005893389392482109 0.0022222962605546663 0.0053211344942648954
0.6836206524348631 1.1405347378791504E-5 0.6831939104978038 | 0.00555534494053136 0.0027421620799684622 0.004886372383505677
0.7190962048890055 3.1204593240600532E-6 0.2796936305183246 | 0.002958191816814171 0.004951882473760385 -6.54345811882883E-4
0.7258144424630754 0.025307120217817863 0.2822676214973222 | 0.0020912288443711217 -0.10894705770317542 -0.002793845788841509
0.6607064453936038 0.0013155752757206384 0.3613009413668153 | -0.028076947774778586 -1.3154147904540465 -0.03980478416295594
0.689566332482628 0.03020442284697002 0.484356238612613 | 0.0093420203192119 0.30222822010458533 0.0868686859641488
0.6578901994512462 0.0032082750060328956 0.5244200586704213 | -0.04045606001181785 -0.42846407809463005 0.003908176817876963
0.6754936618014202 4.7293085316054E-6 0.5992140738342845 | 0.0033354668004038023 0.00476776750508898 -0.0018703107386889668
0.6836239759467061 1.2978881247736852E-5 0.6831904834074292 | 0.005541359825908228 0.002743595969558409 0.004899818639632644
0.7407677321330087 9.34637894796523E-6 0.7408121343780075 | -3.8232827195440493E-4 0.012530811266876364 -4.0738165138162925E-4
0.2809784801992638 0.4000044860753599 0.28096827759643067 | 0.003547578067994601 0.004328497905704663 0.0035533394355625665
0.1630045766104456 9.777430925998112E-4 0.5264210658117662 | -0.1263655099445166 -1.582110686324183 0.17490330639473844
0.26010356777929655 0.14243634031647623 0.40000000064559355 | -6.640368715481326E-4 0.005526980072441355 6.719427430731985E-8
0.2290298265176045 0.011614865659757482 0.4000447861371314 | -0.0029734037604835137 -0.00971114196225426 0.008186803607243047
0.2232125266033332 9.510259404423843E-5 0.46896155694461317 | -0.0035190881745396224 0.004089898256143367 0.003379116836474781
0.2705429271115326 5.179111177680264E-6 0.5903247386335073 | -0.0035163132933570458 0.0017400345387579574 -0.006614916542111034
0.30916970733967875 3.545723672794383E-5 0.6544749202856317 | -0.008389823523711572 0.0012611180419144674 0.001527901135459208
0.25475302225148544 5.910347989393475E-6 0.7043735668962 | 0.004047707847378005 0.0026332929695690585 0.006220056725884861
0.5253827114447519 0.005339084528982405 0.1569828056616329 | 0.1385942230454699 0.806832312973999 -0.244677789956022
0.3437227636690865 0.4000050056401913 0.34371698798490674 | 0.005069373804668221 0.0028964288257577425 0.00507273330498398
0.4096752220880702 0.04661888459352226 0.404630768511301 | 0.035794874702002 -0.4954025975668575 -0.06085620465481003
0.1939790159861449 1.089601587045267E-5 0.48219264699687475 | -0.00450570079155457 0.003420697775597399 -0.005919821267639962
0.2675485992603439 0.014694882593204254 0.4663473110213738 | -0.036632290138711415 -0.802353045099473 -0.03871256176310381
0.19862176626704706 8.00238378507003E-6 0.5522159255951239 | -0.03785205456023547 0.03985311797274414 0.05462329174173471
0.2151809165747723 2.2274116066375854E-6 0.6443825018782499 | 0.003355967410573226 0.015846506813846636 0.005405979530562726
0.28008286901002866 1.2045421358348722E-6 0.9060740262129329 | -0.007353593160767946 0.0018595353100885992 0.0037071931397439583
0.400000035667793 0.10533074205393601 0.2559689159391311 | 1.0073232959488812E-6 0.0055194567514335775 -2.475481487551242E-4
0.40405015932339705 0.06471019764966587 0.41290847354562815 | -0.022221268108607098 -0.5217726607031271 0.02168251046273962
0.46337993941296574 0.0251361686534544 0.4634126492639553 | -0.0402051963712294 0.025820842126260065 -0.0012453983606154286
0.3314901415905129 0.0032672480777460444 0.4000644038042483 | -0.0073453680691504975 0.002301292840141345 0.0025253923005560987
0.371795045776813 5.726279144448366E-6 0.48261919270090925 | -0.004319543968159334 0.005222057956971039 2.234872140429729E-4
0.3482683947893957 2.3435187060636026E-5 0.5760584255634345 | -0.0046637790586570825 0.0037855675930853604 -0.0018406678832688515
0.36327048623995434 2.7699875416347438E-8 0.6577053997103783 | 0.004585659244705639 0.00415819375728189 -1.292094145658963E-5
0.38564411729252795 1.933678031517068E-5 0.8330237915949034 | 0.008132350964052392 0.001937404287428946 -0.0019082343328574605
0.40005920879969925 0.01148355638710696 0.22692164564399628 | 0.008340547520799315 -0.010066254417210662 -0.003468398079208556
0.4780838079672167 6.448245249752451E-5 0.17965872763316323 | -0.003852337541663552 0.0020275165702622468 -0.007417196313706243
0.40008460711805544 0.010311524263908845 0.33645640077827055 | 0.002543159359682964 4.014518047540357E-4 -0.008985292862923485
0.43929532911202634 6.711139274505185E-6 0.4395833282562039 | 0.004432365089593639 0.0038342539559547448 0.004260512893843891
0.46407315054360737 3.9101639397534726E-5 0.4635385237835577 | -7.965460498653417E-5 0.00530122473877844 -1.7711618267736364E-4
0.43912775773424095 7.134725234217912E-4 0.6401335929004343 | 0.007055017311764747 -0.021597666257351957 0.008275645681316736
0.4372985878487971 3.267007052605781E-5 0.6385781703785653 | 0.004489362654666271 0.0046442425166039955 0.0012432427958401246
0.43772239790712963 1.4877850475932138E-5 0.6350248182522431 | 0.0015178567154787706 0.003573145203545788 0.006430740582463694
0.46820903354786453 6.170400682128035E-5 0.2225076458355843 | 0.0028168825918614988 0.005456610289004478 -0.0022845969474131456
0.4680895148663026 0.028548578074791085 0.26702194651814043 | -0.029282643195345896 -0.7415805279243897 -0.04211975414956119
0.4856465831610705 1.2602922973234298E-5 0.36893874669219384 | -0.0017793893208574065 0.02802133710664057 0.002892665691228977
0.46410253013145575 6.819221139898802E-6 0.46345039134013677 | -1.6004921391195483E-4 0.005181218602062265 2.1153017726227783E-4
0.5895905379329279 4.752527592853277E-6 0.5896817062192415 | -0.0037046512748431506 0.003648226387608727 -0.004696390031434663
0.5023300491741861 1.7919154531836516E-4 0.5818990718916912 | 8.67045843175776E-4 -0.038373116940574804 -0.010214665433924014
0.5160263120496684 2.1853069805334922E-6 0.6499564063211296 | 0.0058833306369197825 0.0017910218910581893 0.005851792301178619
0.5192210744881606 7.61760965109215E-5 0.6451656261608604 | 0.0031835728895777586 0.0014883734158397314 0.008099227452088301
0.5903091089121223 2.7730019097962233E-6 0.2706286360138392 | -0.006261319183713089 0.0024499541856779715 -0.00225943303885858
0.5372405895758984 0.005504597306645707 0.21363902616965494 | 0.020248574798206926 0.1696632603293509 -0.0021966460155481444
0.5755719985835615 1.9711135950455434E-5 0.3481670036955174 | -0.0015158883380083266 0.0028645663639013507 -0.0067297394616817096
0.6405234677977456 7.161382835040644E-4 0.4391411644178724 | 0.023168787178176345 0.220740267877167 0.020787546247535198
0.5815036286507284 2.403587913697607E-4 0.5024825029621869 | -0.017802901249259297 -0.1469904793314396 0.0025859892595194306
0.5896503691840942 1.8422729666667983E-5 0.5897430139603727 | -0.0040827976084803624 0.003341329177048276 -0.004954230607722879
0.5998337041923568 1.1820337890125239E-5 0.6753385040800985 | -6.58485140208287E-4 0.005189933396783086 0.002441502038962732
0.5946338175901087 2.3073181546827377E-8 0.8091600853147114 | -0.0010978174792590607 0.0029323303089429697 0.006826957327133753
0.6546485318085418 1.1167521806937825E-6 0.3086823763303669 | 0.0012270419154049935 0.001083907015946592 -0.007767640859541689
0.6443089913147206 5.897791085455871E-5 0.21506447568509948 | 0.003092270064063291 0.006181791783553233 2.847440087681513E-4
0.658450334408227 6.842777775873112E-7 0.363708256360198 | -0.006849020225596181 0.004053020414309711 -1.0724747799569993E-4
0.6383877119865613 1.7126476975128405E-5 0.43676714325724086 | 0.0010863459076457952 0.004251404370212672 0.004935985908471791
0.6481046083904763 1.9722642605484407E-5 0.5148879107701242 | 0.006116914070906178 0.0017709881493045917 0.006198436377732191
0.6755613297592679 1.8201289863040946E-6 0.5991696923194395 | 0.0027903331301038525 0.004971781345535442 -0.0016482936515704867
0.6827925302398943 8.388973840505867E-6 0.6824307395168314 | 0.006185348051130302 0.001769331202212749 0.0056205381976153
0.6560382349365126 3.023827007807452E-7 0.8898931653052746 | 0.008272818170823003 0.0017026319683633375 0.0012833694862124387
0.7043533171068791 4.2486142737958076E-7 0.25474518850527306 | 0.0062774906988650285 0.0027681769462189146 0.004155063222109586
0.906067440245275 4.954468743657459E-6 0.28012610743600863 | 0.0037093390162657703 0.0018556910819887119 -0.00735656383859725
0.8321478724245059 1.5884128992045993E-7 0.3849277342438577 | -0.001825718791899713 0.0022049901536881863 0.007687833072507883
0.634965145699208 1.901495355160327E-7 0.43759441307705527 | 0.00625494779714802 0.0035539745866102483 0.0014065578076938744
0.6451187459843902 4.3553618982990265E-5 0.5191816832878187 | 0.008126120865098617 0.001636869127929008 0.0031673558545355423
0.8093429529920939 7.344885901538005E-6 0.5947152903733287 | 0.0068386915740538635 0.002961538085373967 -0.0010191978634695534
0.8899102870935888 4.583800574930591E-6 0.6560213750332196 | 0.0013137555875411759 0.0017013085087069773 0.008269202013248584
0.6814957298132115 5.4486426438044564E-6 0.6812252593894841 | 0.006519162936894747 0.0011285985156410411 0.006021924316672413
0.17348883906394627 0.40000173494126046 0.17348892167062982 | -0.006381573986195435 8.74430986034782E-4 -0.006381562654125141
0.223567179433235 0.4000045133371587 0.3464327864315845 | -0.0044665922527099815 0.0034376426984282626 0.004715171244059366
0.23500645960109595 0.0719979371287249 0.40000057009258355 | 0.005626907643105547 0.003950405148859469 6.161241124007193E-4
0.2029118941994121 0.10695096114374683 0.4000000007717403 | -0.005612785103069816 0.0040173681601971154 6.026457010633048E-7
0.2643879005339651 1.0603285336112313E-4 0.4550085923037501 | -0.0011430031093836903 0.005632076799093029 0.0045641661419617485
0.2675709226017187 6.022643850270832E-6 0.5823589895952951 | -8.13017786680516E-4 0.003278933020257389 0.005688593580421942
0.28414741122905596 1.4394448612253795E-6 0.6455556024904783 | 0.004096771778466394 0.00181662674000201 0.006522669488433746
0.14874765909144066 5.10443095525194E-6 0.7927996122337446 | -0.006398639767886316 0.001032725502761661 0.006197608017948545
0.3465404444866517 0.40000080530260607 0.22359285397942383 | 0.00457624370154713 0.0034704906961793174 -0.0045446042714588865
0.3435883744063473 0.4000159403219293 0.34358258596317864 | 0.005232376330977854 0.002693774944818928 0.00523542865160635
0.3246756894337607 0.017789514232146142 0.40006108151025316 | -0.006166855683110584 -0.007655031449696035 0.00838312107254843
0.22515354490212164 0.013310809244658725 0.4000388543207027 | -0.0015564164857758778 -0.01052166964190397 0.008280769236195395
0.26728394676707773 0.009814762553508936 0.465977372354477 | -0.03703113674370342 -0.8608103539124403 -0.035107981735456144
0.2658328956537504 2.8891686201619115E-5 0.5831771439527877 | 0.005872207709089483 0.002967583570947492 0.0020074003994419035
0.21515978578173758 1.93422307166035E-5 0.6443879879443374 | 0.002467873897910225 0.0060703035205330715 0.0032466795560344612
0.33111097284051527 1.6170425060758946E-5 0.8460604820377323 | -0.007406891418796584 0.002630027776138582 -0.0018141582278798367
0.40005804246801957 0.04668137487871472 0.2384137612815196 | 0.009749594300497757 -0.003260353936412773 -0.0019550216373158806
0.40008244824449585 0.02167238682336368 0.3254852110311707 | 0.005448338533865361 -0.010458999708899162 -0.00787541240816576
0.46311186962504286 0.026777918726661912 0.4637332537839492 | -0.05402770385315362 0.0070607918632853844 0.014751499767238866
0.40852303183921257 5.17512907016328E-6 0.4092091878129058 | -3.9541914456951114E-4 0.005522542208809033 -0.0018928188131915739
0.3726069217979274 1.437925498374498E-7 0.48547224315533205 | -0.0038834737584220263 0.0026667195219651986 -0.008077553391246968
0.20173204726364402 0.008169066556605611 0.6202903905163925 | -0.4268227559200385 -1.5593965119232762 0.08999952605152078
0.282551989162245 6.331252380688218E-6 0.6560383740044008 | 0.006218964606515997 0.0022667427343395913 0.0038370070399919736
0.3651406199027185 4.083558148597505E-7 0.644691225825735 | -0.001270867952221115 8.055952891385801E-4 0.008336610362949673
0.40000005706474967 0.10679918547354969 0.20322035879594036 | 1.240566331180805E-6 0.004122669106329472 -0.005435859803741072
0.40000306618936043 0.014754036025177508 0.22310274570199004 | 0.008224692591879327 -0.011238850509175193 -0.0017276485939668406
0.40890247304308475 2.2655501110106886E-6 0.408134055136703 | -0.0010027932002430438 0.00563910238404056 -4.908501601851966E-4
0.40921650274656907 4.449387904039101E-6 0.4076839899506175 | -0.0014370957314854128 0.005597482196769806 1.3343405290638425E-4
0.4255051115274571 7.0520431035064035E-6 0.550952715209486 | 0.0018391844135331847 0.001384678977548858 -0.0082126752642628
0.42794052518055126 0.03507982136220685 0.6245232730553057 | 0.08964930770217301 0.2014916229520164 0.08169466933009753
0.48546007482003944 0.053119219719277695 0.6893984424962438 | 0.07582006470053197 0.028926986571960613 -0.005889926054710455
0.4404051219072851 2.3334822190006145E-5 0.6327170787308392 | -0.003314471429741673 0.0025106152238066363 0.0071167191400151614
0.4553119771652968 2.475543940739551E-5 0.26419246026134124 | 0.001518074143012027 0.006192194475513459 -0.0014283978220099528
0.4675014524854138 0.02330299776984371 0.2666043814455467 | -0.02754759692501628 -0.7837485948055578 -0.04121892130672279
0.48564497353108 5.5266159958780754E-5 0.36893666968292915 | -0.0019480219806790784 0.0028290413784546505 0.003607593624868059
0.5506824426651966 1.0466947798088126E-6 0.4259018423162632 | -0.008389863547008972 0.0013784718218009524 0.0010987963095179638
0.5896950882863002 1.6340217685586607E-6 0.5897865674173997 | -0.00437653508858163 0.0030730767636686623 -0.00516274270284222
0.5022199234931088 0.013564796111407007 0.5821189875959063 | -0.0028203512558611765 -0.2405540789065929 -0.013982499910902339
0.518042108042922 4.6008546725523826E-6 0.6566166770224932 | 0.006319038529859525 0.003016404509799684 0.0028304260495392846
0.5154874786881641 3.190698816093893E-5 0.6339595915587165 | 0.0037927812157714787 0.0010653604064595026 0.008369175023480979
0.583386454084728 2.0803949741938134E-5 0.267979117458948 | 0.004084895742710348 0.004081921108978115 6.697335906380844E-4
0.5829368972917965 5.833932904430594E-5 0.2656639161975447 | 0.0022325894074903953 0.0030534485529039117 0.005567923592151865
0.6193468147559291 0.01624903992633481 0.21260923157978642 | 0.08299685517998187 -1.4674494803024873 -0.3863000299548795
0.6267785587422486 0.03551051053318465 0.4304494730603744 | 0.08775371236757322 0.1330359999307199 0.09462058340274979
0.5812945007156166 0.012457220000840393 0.5022194957956411 | -0.031065959900413824 -0.2225381121285167 -0.009498202027128427
0.589890994925424 2.762268399473426E-5 0.5899801540531255 | -0.005018262301603916 0.002445737581255019 -0.005556559206521359
0.5976378353060221 1.3303196592178874E-6 0.6778714805448866 | 0.005189911297254817 0.001842973780087497 -0.006220105759786889
0.6054683544344875 1.1338650636769402E-5 0.6624917069214111 | -0.0013412746734047516 3.9300972210183833E-4 0.009245546432159262
0.6455391220560698 1.292069090130702E-5 0.28416379180766427 | 0.0066573342584046735 0.0019131950695727403 0.004437560160807556
0.6443090143163048 4.165099669433413E-5 0.21506338402991626 | 0.0030901159844111937 0.00618168176153326 2.91491196684732E-4
0.6566870632937601 1.7938393791052348E-6 0.28244399939676545 | 0.0038552455691687995 0.002480128065598349 0.006508008858405968
0.6895939554525519 0.050581971037953574 0.48604842316610475 | -0.0026719157531354494 0.04563921728358915 0.07961801580780221
0.6559646114039515 7.172845883157301E-5 0.5176157498444256 | 0.002871276331428719 0.0030682070104519413 0.006567457284593784
0.6786481405996748 5.661459348411947E-6 0.5962047411532554 | -0.005810105417544707 0.001739399001088278 0.005727632179833918
0.7407668846145289 1.5688266341938308E-5 0.7408112164346926 | -3.732929299875474E-4 -0.00529099271892111 -3.978828648996677E-4
0.6488772714442838 4.693366919849036E-6 0.8841945536730493 | 0.008545396316368387 0.0010771484449727342 0.002409578299043339
0.7931048896765003 1.4755925614342345E-5 0.14844605205371153 | 0.006205785184797166 0.0010166655325382302 -0.006407235630422937
0.8460636431162624 1.1921928154932465E-5 0.3311069194016112 | -0.001116086096085324 0.0028221918561321803 -0.00708348963180518
0.644785391822569 1.1472381962203648E-7 0.3651711456989015 | 0.010046857840112553 9.435556770302953E-4 -0.0016559749607386552
0.6330369049535128 6.815387740672941E-6 0.44012205146302547 | 0.00696451242894431 0.002659682920231392 -0.0032067265785413533
0.6339334494707444 7.27901461046801E-6 0.5155047918778548 | 0.008518901030671284 0.0012331956389072358 0.0038177984915276075
0.6624327218589025 3.8111906273650975E-6 0.6053899560950228 | 0.009068639127394586 4.068912392245046E-4 -0.0014666527221181918
0.8841960757245906 5.222419333738567E-6 0.6488704899666455 | 0.0024494227755698862 0.0010749883505823058 0.008535744960789765
0.8060655610134106 9.163733873239583E-7 0.806065577119326 | 0.006162317643454799 0.0012825694470084712 0.006160779665144572
0.1921562308686619 0.4000048307831806 0.19215625642786707 | -0.00642833210405791 7.691170983043637E-4 -0.006428331631674532
0.21850705937882262 0.40000314847830115 0.34560721607482175 | -0.005642300630740189 0.0027028641285376446 0.004783506503889525
0.23905830528164057 0.07483659110967981 0.4000009181038638 | 0.007809195535340011 0.0021074240156478087 9.309016452718067E-4
0.1345724099895683 0.029891544306410184 0.40005334408858834 | -0.005317152640808645 6.545191438938753E-4 0.007476746391358192
0.15503315892557556 3.2958362384735316E-5 0.47336067477801924 | -0.006592942890166716 0.0019817082450325684 -0.0011039130139529364
0.19254099359110777 1.0802404099015652E-5 0.5690235847750164 | -0.005859438644706247 0.003201048738374893 -0.005712750739650624
0.12865323282544747 2.541394207010698E-7 0.6572081664501723 | -0.0039011121744008366 0.002233775008160252 0.00637151724232107
0.1553112935438506 2.880030357329924E-7 0.7868345292779456 | -0.006147012546359906 0.0012860569471686764 0.006178181333406621
0.34561192578814676 0.40000292827972456 0.21850639704140914 | 0.004821768812370843 0.0026966278203616615 -0.005618720010479936
0.34351551705705113 0.4000026586348156 0.34350986298114244 | 0.005341227643047764 0.0025524179167403615 0.005343526345325006
0.3235526908422731 0.020485098844202868 0.4000358797884779 | -0.0013903259738774715 -0.012222515754655897 0.007935303580014569
0.28107808777520993 0.11129247897752709 0.4000000074803749 | 0.0043994112806825586 0.004624501955750912 2.981668168770688E-7
0.2985145925822886 4.902064049985979E-6 0.5133198137923365 | -0.006872268251849556 0.003930422162382406 0.0036111238623627376
0.07197638041117185 0.0017248334558213523 0.4963940614883078 | -0.09193544967418911 -0.18584458461546632 -0.038805069899105114
0.21507617422956388 3.5635808000540784E-5 0.6441355098657444 | 0.002581613244775279 0.0056858019309921634 0.0043928414795152155
0.2574482818901663 1.895708407700377E-5 0.7972279733604674 | 8.883151656300189E-4 0.0031678005624351446 0.006738604497292937
0.4000011754285762 0.06637211837430036 0.2272368567566114 | 0.0016105534683935221 0.005075385120526874 0.002226735890072451
0.40002527258684173 0.014142144444064631 0.31996712961062906 | 0.009938569493783082 -0.007723291439630865 0.0029163358821988547
0.46309324322530515 0.02654047168721297 0.46369375095391957 | -0.05082701393114518 -0.02425764610050729 0.010536931831956555
0.329541550889457 0.008901505935272292 0.40003217211521686 | -0.007336051262369703 0.002144169719308876 0.0028071669465158057
0.3706705019550281 6.431130293469607E-6 0.4815673017743091 | 0.0015573886310756067 0.004535122811988782 0.005373392872038973
0.3469590711500715 3.289588845450019E-6 0.5751083312846472 | 0.0039782356157255575 0.003519141453668099 0.004140586521907351
0.3658725209331732 2.7835348323127964E-6 0.6557330446269838 | -0.0057611827756050855 0.0019710628345411363 0.005026345064306778
0.348449884537413 3.248119806732128E-5 0.7290776738821186 | -0.0016837355257921921 0.0013098458967429813 0.008855974886152638
0.400000399479179 0.029604916819303273 0.1342483388165472 | 0.006627671127922541 0.0010226384474404447 -0.005960696615501154
0.4000000013429463 0.11001439833133941 0.2984511297130535 | 8.133094156989471E-7 0.0020197136933957993 0.00820288326563442
0.400132532755552 0.0048865816153733045 0.33483525431278344 | 0.002629112386317763 0.0014262183695464676 -0.00829471545219622
0.42167414932924135 5.792567215917356E-6 0.40483662722892366 | -0.007072910656915334 0.002829685152158322 0.0023357414142039746
0.42114782894048947 1.715846462240171E-6 0.5582204458987754 | 0.003700786679906973 8.508185231885921E-4 -0.007984222193895581
0.4266672340144094 1.5529495111610537E-6 0.5459616439113272 | 0.0017362081231765084 0.0038057707761261416 0.00529444538479051
0.43256297760419565 9.156237852747201E-6 0.732496594337782 | -9.726020658462728E-4 0.002829591953988126 0.007251068279482471
0.4370829369554635 6.369401990617385E-6 0.7392608657216335 | -0.008315215757808563 0.0018428630354539568 3.618514509028851E-4
0.47315536684491283 4.0806704393521995E-6 0.15485980169110905 | -0.0010883048417811225 0.0033670854454867756 -0.007063496601474547
0.5133503734311464 5.4128377601282064E-5 0.2989729590690403 | 0.002813471609313254 0.003071611566043173 -0.005787314313330695
0.48564355681943716 1.8162950641438358E-5 0.3689413146218017 | -0.0018939144858749917 -0.023887028227588147 0.0038055702170346093
0.558815919877368 5.2611634776932856E-6 0.42100585107094873 | -0.008037049037286022 7.717563895337811E-4 0.003677082505569327
0.5896744193815457 1.207972157813088E-5 0.589765208483844 | -0.004246668725737252 0.0032049380195258883 -0.005053016786321559
0.5023447889409203 7.31727560099678E-4 0.5819343084935255 | 8.442331580898164E-4 0.0633580776836373 -0.008745183350637441
0.5077426717829858 3.628088992490321E-6 0.8377459415440343 | 7.829715123436969E-4 0.003606670155189749 0.006257228395239919
0.513300231297191 3.431937138028245E-7 0.7312143078008299 | 0.0055054329175153165 0.001971174266976925 0.005651114003922806
0.5690109028574782 2.998174740931583E-5 0.1924938410856389 | -0.002449731660843299 0.002667387400872232 -0.005855937126517454
0.49714216606833733 0.0023925122558368698 0.07276607120347942 | -0.04560135994580261 -0.15680784821832905 -0.08661899349929211
0.5755235387206762 8.142663837614291E-6 0.34700603235403354 | -0.001997293680803251 0.002974041017677335 0.006492444403701568
0.545957770670766 3.481945452229206E-5 0.42699537528656817 | 0.006438579664433485 0.0033987135649579405 -0.0011857685164867685
0.5815154646248456 0.0022828154664274697 0.5024904029738833 | -0.017429356665858382 -0.14167495966417903 0.0032182370424710667
0.589582430030838 1.420359529214529E-7 0.5896649901440478 | -0.003695168947017397 0.00371683277983258 -0.004570037866984091
0.5998212723095195 1.8036363607223813E-5 0.6753436696060742 | -4.699966003902492E-4 0.005208847593656004 0.0024064188720202815
0.5979212725334306 9.198690422958038E-7 0.7173385918407629 | -7.855106780808965E-4 0.0011153667363148648 0.008578919529153298
0.6570513637936161 1.4248575821164916E-5 0.1286731030836223 | 0.007397826051970232 0.002531128754814506 -0.0014760858724548853
0.6441467958697853 2.3057664858967668E-5 0.21497696325724425 | 0.0036537864389596135 0.006004220686690921 6.259541313800708E-4
0.6559189559807599 6.702095356255503E-7 0.36604650176522724 | 0.004734093044081758 0.0021024005710415933 -0.0077242563752630946
0.7326659214243246 1.46483003587387E-6 0.4325703990966069 | 0.007042436650130475 0.0028869037404888965 -9.693733945353084E-4
0.83785429880945 5.164390061365091E-6 0.5078466589709691 | 0.006536912603157327 0.0032447723886132856 1.8840332455972002E-4
0.6755765063000178 1.0203905502751462E-5 0.5991818376994519 | 0.0025392192826471944 0.004996896953775893 -0.0018761963082543362
0.6813514262345964 1.1103561358550774E-6 0.6810936239190504 | 0.006542773947305248 0.001083717509504776 0.006045442534095623
0.684956923169411 5.262806334481964E-7 0.7931789971856066 | -0.003999931411077284 0.0012141411556349868 0.007551697232176265
0.7867338055553547 1.1029341372717236E-6 0.1553856783665232 | 0.00617462742717952 0.001297833618928713 -0.006137540200631357
0.7972528071463828 1.714153492153016E-5 0.2574341304249697 | 0.006638663373618028 0.0033016993263543224 5.843713566032704E-4
0.729100066855529 3.8532249764030045E-5 0.3484528242933976 | 0.00803467347780702 0.0011448234621806467 -0.0012960698872107558
0.739266486746706 6.8378814961844965E-6 0.4370840737782869 | 3.016122844596198E-4 0.0018080158718416586 -0.008081182299341197
0.7312129280561637 2.5962741292783423E-6 0.5132987291794789 | 0.005928493166228763 0.0023364386872856127 0.005991947949215267
0.7173308193425985 1.9016520309611255E-6 0.5979378546140219 | 0.008457594905139386 0.001136200174346809 -6.937253317644308E-4
0.7931738623530405 8.58130485884641E-7 0.6849555499722424 | 0.007538248178670058 0.0012351646729746974 -0.003998644006584912
0.7988240301739596 6.403574516737072E-6 0.7988240159895251 | 0.006332963563878408 9.4690730700123E-4 0.0063279942990513705
0.2140629248530909 0.4000048197214068 0.21406293638446477 | -0.0038643937301944984 0.004092412148722029 -0.003864169801501378
0.23210855685321455 0.4000073546479893 0.3431599007755431 | -0.004622028253340355 0.001642142948915136 0.007040768504118902
0.24143599954343017 0.07803004698342315 0.4000001403297553 | 0.010480128461367384 -0.008109647895914375 9.302689255882939E-4
0.14327130955619374 0.030316210203735 0.40007505993906545 | -0.008904407623041915 -8.966569257318257E-4 0.0046311608875479
0.07001543317551222 1.687773568637792E-6 0.49283036876878394 | -0.008921272178014885 0.00126172889688351 0.0016935557585102683
0.20011270755101906 6.06851922824683E-5 0.5661508827840237 | -0.008014050769613033 0.002663842044574016 -0.0043966894417939995
0.14374458903254214 9.180905820624201E-7 0.6543798742831259 | -0.008318092329530569 7.5522520907099E-4 0.0015902249664433606
0.16581142613410052 7.007381545818197E-6 0.7755695062928569 | -0.0062799200453299555 8.828612925175088E-4 0.006468067351955657
0.34316243617854403 0.4000072344800633 0.2321086600234608 | 0.007051506878598106 0.0016398867814924098 -0.00460906677868665
0.3435082821909901 0.4000016534490282 0.3435028930839878 | 0.005351255986864242 0.002539874051948367 0.0053523591480864495
0.32246907074921244 0.02008502462953893 0.40002219461702043 | 0.0021937229344060572 -0.011706457596888584 0.008096622422005968
0.2985380252647852 0.10814131454285998 0.40000000667708746 | 0.006840404710298083 0.0031654825284681007 6.99568684510562E-7
0.300161167782936 5.570277700757161E-5 0.5132524033632995 | -0.00783823360300847 0.0033515401274516444 0.0029853080639435426
0.07180696761111767 0.0017755523607068443 0.4962952498363886 | -0.09077415171196822 -0.18942638055328168 -0.03685221274375764
0.21507625153786672 3.381383704973293E-5 0.6441452657998809 | 0.0025972183583593917 0.005698544097059669 0.00434734591635354
0.25730544743426453 8.993329332961659E-7 0.7944005439610066 | 0.001652775394381523 0.001971907220097054 0.00792355024305058
0.40000061316260893 0.08207773491389825 0.24259766749457565 | 6.869072093147812E-4 0.004994010973145212 0.003210144574008113
0.4000386190782134 0.01411264250230414 0.31856602345292945 | 0.008544421647545666 -0.006383785074307582 0.006183538939099676
0.5062598072296144 0.057844429788086585 0.5172423752371546 | -0.07113088838517222 -0.535225399465032 0.06701939716479044
0.3234426616642817 0.01284669887632778 0.4000446373686398 | -0.00228240550079125 0.0012113695548385357 0.008076135818582585
0.3713270480901011 7.810225547035684E-6 0.4821358266852434 | -0.0017789017433274769 0.005381578343280128 0.003217996472519086
0.3427766351954669 5.239201265472033E-6 0.5788050848694907 | 0.006933322571492539 8.941966602603992E-4 -0.0044695254072283875
0.4327673607007148 3.575469732658472E-5 0.744111779661189 | 3.2322442028885547E-4 0.0032182413767968153 -0.006832587833628306
0.35178725486084494 7.382543621244406E-7 0.7305608266788157 | -0.004522331147087688 0.0011331345512202275 0.007953799899014367
0.4000320790104578 0.030579945281581297 0.1430329623000609 | 0.0042372981356076376 -4.108822386835271E-4 -0.008832770504605831
0.4000000377753287 0.15519201470279695 0.29779398879857777 | 1.2822240662511872E-6 -0.46459205264675885 0.0014042924452212578
0.40005340884219054 0.008304444262940146 0.3286253241751531 | 0.0031934202557967195 0.0015055910371736727 -0.007924249050426409
0.41835975789182317 8.152996040026818E-5 0.38783249528536373 | -0.0036688657165846873 0.002939812663222892 0.006410596482803239
0.4234853675202486 1.5462301539358013E-7 0.5543701795423857 | 0.0031842906272984486 9.684999602979843E-4 -0.008126656401662147
0.42645826093059447 2.422290297568114E-7 0.5428100940600957 | 0.0019512087602357006 0.0013690810197705058 0.008111836504690568
0.4326654201642717 3.3023156082803704E-5 0.7332537831601882 | -0.001217694359126894 0.003033076094693109 0.006983642254085552
0.43738029481492374 3.774636254387536E-7 0.7442996310012704 | -0.008295182035635463 0.0016171392512716162 -0.0020431982131735777
0.4927980932010242 6.920358650129352E-6 0.06973365301331161 | 0.003399494764479005 -0.011400651933498741 -0.014881484177241062
0.5126242887467216 1.1724073842523511E-6 0.3002601830794034 | 0.0029757451902434344 0.002673660652233818 -0.006224267840478079
0.48564798199833686 4.028871111888232E-5 0.3689346161714589 | -0.001870093591550161 0.020037110768148986 0.003071488709297067
0.5541416134201673 1.3708207359082597E-5 0.4237214977079959 | -0.00818906022981607 9.088047506203009E-4 0.0031676409771314476
0.5896713800571952 2.388617532882321E-5 0.5897633136333612 | -0.004194572730264438 0.0032528786412700434 -0.005015271567949559
0.5023278868019037 3.521301558562093E-5 0.5818880501736756 | 0.001220582641719692 -0.016021683951455062 -0.01056189159363351
0.5078459316673153 1.5130015089598253E-5 0.8378767857362613 | 2.1301671142573482E-4 0.003810321558193191 0.005998057179027241
0.5125780703380964 9.549971471206328E-6 0.7415875324720516 | 0.00747756364330212 0.0016980218605477447 0.003452308173056658
0.5661329204870649 9.931200033290813E-5 0.20008112762972827 | -0.0021335519878357707 0.002147004710829246 -0.006534075673941957
0.49711966729674584 0.0025271985477914195 0.07268442666792949 | -0.044359153414966615 -0.13955618398810551 -0.08540088807871793
0.5787182496894752 3.571906568303744E-6 0.3427942244320894 | -0.005421045011079375 5.472515588833724E-4 0.007090220651778474
0.5425722448241529 1.643547456116253E-5 0.4266422948757272 | 0.008660677007667716 0.0011769621692447876 0.0015261082485364492
0.58148552807755 3.5076513406187305E-4 0.5024698580852066 | -0.02026205491919543 -0.021114409049007958 0.0017266050420326013
0.5895488702257363 1.2783646010098582E-5 0.5896399454279557 | -0.0032930797072955897 0.0039563306876301 -0.004394334346529305
0.5197247337350489 0.003577973414507783 0.7512673527160287 | -0.013325059441919493 0.20025262565607044 -7.486819977265049E-4
0.5939603452486665 1.4342672824456237E-6 0.7269400797466132 | 0.001106981507702343 0.0012749860739483913 0.008566616443150734
0.6543965639518378 5.988675721035947E-7 0.14373744159269583 | 0.0013074133770009369 8.216077803397134E-4 -0.008644928570743986
0.6441446259829778 8.992093694509004E-8 0.21497370512762715 | 0.003656427335747725 0.006001757059728399 6.412527446288456E-4
0.744180134627864 9.008486106795962E-6 0.43284407785485524 | -0.006723584913078157 0.0031755431022382208 -4.57591017591716E-5
0.7328588302725068 1.4516473375029179E-5 0.43261488053111247 | 0.00696145977866933 0.0029390279795636102 -0.0010769094131372308
0.8378843794012114 5.0201646455000935E-6 0.5078709776312659 | 0.006495031358379407 0.003278114182742268 7.046446514085748E-5
0.7535330810187578 0.00164047311931338 0.5194101508061442 | 0.046983270931281615 -0.6747685778046626 -0.04593373322021458
0.7408582197428393 0.002389142953511916 0.7409050507620129 | 0.0017056736727359683 -0.07584127950203044 0.0017579955553003374
0.6863594395928329 1.923733287528099E-5 0.7936476698298007 | -0.0046885771808029796 0.0011247656971718745 0.007225034415872696
0.7755541782602668 1.1479985447637645E-5 0.16581275463516873 | 0.006454832145899541 8.889721750954256E-4 -0.006287174549684546
0.7944259654653775 6.425700419292668E-7 0.25729476265022627 | 0.00789037449745863 0.002067280365175556 0.0014858106085397622
0.7305859373889841 2.7327223163783884E-7 0.35179253384957665 | 0.007355421209550972 0.0010003453323282376 -0.003747142992920544
0.744308615110117 6.835269755981887E-7 0.4373871115612239 | -0.001954843464616011 0.001586834214154772 -0.00808985189437892
0.741587953357087 1.0559873447019947E-5 0.5125775180699086 | 0.00366188616254216 0.002014927643666727 0.007985854641480756
0.7269413416285002 7.635776412637393E-7 0.5939845504531128 | 0.008549601798171972 0.0013038494845603206 0.0013174134759436316
0.7936460746985547 1.98468524450765E-5 0.6863608314215558 | 0.007209745499087247 0.0011429798523312216 -0.004693451818829676
0.7896547180742174 3.3462028921727534E-7 0.7896547403606216 | 0.00651744262837825 5.377958206100315E-4 0.0065111111534442885
0.2252411249884605 0.4000002772006596 0.22524113243400132 | -0.0035771873975985673 0.004312709830593996 -0.003572738616489657
0.23617535161799136 0.40000151306119375 0.3417757589287807 | -0.004935107638059936 0.0012467910811858277 0.007214184372735117
0.23117454125310344 0.059118069242051485 0.40001265957067 | 0.0042886158047701515 0.004331667074983052 0.0021632737464578468
0.15698005395813494 0.023368391597449464 0.40002219130863664 | -0.009345532247835575 -6.98755906786666E-4 0.0033276255051515797
0.07355829605192594 1.3084401387473767E-7 0.4929796902598548 | -0.009405204212145678 7.592850590302384E-4 5.657753829023801E-4
0.1958512080144662 2.2950840422027722E-5 0.566170780261137 | -0.007188820014637503 0.0032208440637521278 -0.004298754883577861
0.14533161919146603 1.7071662525860345E-6 0.6541914435898009 | -0.008385282064473027 6.96526701133845E-4 0.00143016595489234
0.16796308735972254 2.2232537758213576E-5 0.7734557483124345 | -0.006521753841148917 8.145736038812522E-4 0.006293175647290651
0.3417752611880985 0.40000161049353294 0.23617502387087874 | 0.007220939107433191 0.0012457842437435683 -0.004926521205355423
0.3434911296506791 0.4000071549112912 0.3434856740530108 | 0.0053596802967827125 0.0025284464501713743 0.005361063059266249
0.32308051939316385 0.02137734877384887 0.40005112938374143 | 3.4327303777723897E-4 -0.012796220717299097 0.00749199867062011
0.3157306885101661 0.10932405878547802 0.4000000208846354 | 0.008450173029303372 0.0016101145276214964 1.3647887829246699E-6
0.3007330558986833 5.060159915768262E-6 0.5123439285938687 | -0.00782706394100683 0.0031537275889312014 0.003682239436956567
0.1080955574561381 2.2568115359268583E-7 0.570227013903266 | 0.003906033021329936 0.0021881532038588343 0.005708670240189447
0.2066127838328461 6.124853449002236E-6 0.7163318388800656 | -0.0021625872208831344 0.004665353837220956 0.003728930976581519
0.25736179776768553 3.275665371712407E-6 0.7941432903599162 | 0.0015876534078953476 0.0019186863846320254 0.007986591026932603
0.4000066474736246 0.08179321006531237 0.24246088560554174 | 7.009465766260771E-4 0.00498226650752485 0.0032382756442417165
0.40004435228217994 0.014007856636144046 0.3179109137569317 | 0.00788115851246253 -0.005642253237251514 0.007059377210991506
0.5097977291625425 4.5420133716179794E-5 0.5088872965019655 | -0.0019890766631071757 0.005232322447666973 -8.751540336840167E-4
0.3244251744215106 0.011468726885118238 0.4000710345839161 | -0.004142936019004719 0.002450325821238979 0.006004972345910083
0.37068840890812177 6.443322434519015E-6 0.4819736992608878 | 0.0018426995740389032 0.005205140166366444 0.003954081285824062
0.34713359041869674 8.100434782701592E-6 0.5763244378067971 | 0.0034280407774809098 0.0035772680146964712 -0.0039888780223973335
0.3388510271716423 0.0057274080197443926 0.8233676720263644 | 0.0014499836405766672 -0.20997010026700824 0.08885542748736602
0.35700616337511504 7.4145301731308005E-6 0.7516223616943728 | -0.008713239624749717 9.349381678155104E-4 0.0028397273856696006
0.40002692765447667 0.024108478037030787 0.15717257208441662 | 0.003233977853500426 -2.933512848343107E-4 -0.009155465730943014
0.4000000027335371 0.11090618861206876 0.31313348576215383 | 4.208561103039417E-7 -0.0014232648249320645 0.010508167100604263
0.4000673796827386 0.010695120411129126 0.3244519920915291 | 0.0055605741530571915 2.5772968590655497E-4 -0.00739864735317581
0.394190807283515 5.731408034459221E-6 0.4038523407472753 | 0.006105733221951017 0.0037427119348871305 0.0015080849626770562
0.4274142026737747 4.284480390055848E-8 0.5451983665926461 | -0.0028359846532138833 0.0027069527274009458 0.006495663142709455
0.42628687280220995 1.3295398523676774E-5 0.5429542968646885 | 0.0024039637482813738 0.0013889191498642215 0.007971109274216322
0.43268043535682704 1.5463177917001672E-5 0.7332991877876873 | -0.0012617802194088315 0.003031346435597257 0.00697813319224288
0.43691130095095415 1.961597915096788E-6 0.752734087771628 | -0.007800698689489852 0.0016182727161337873 -0.0034817020748583987
0.49272821776075787 1.7892108403787924E-7 0.0731264109924674 | 6.285620297709403E-4 6.461399059387884E-4 -0.009564821173056137
0.5113228258185358 7.827215417737997E-6 0.30086285629701875 | 0.003664339403634021 0.002513120020359666 -0.006191786977187532
0.4856484687564872 5.020960020881932E-5 0.36893524542654405 | -0.0018501204674085613 0.01957054795225701 0.0030831703722600198
0.545234976276219 5.180020518955907E-8 0.42738690509633864 | 0.007291657024363242 0.0023959055522489487 -0.002642144992508032
0.5112834035417795 5.787722150364453E-6 0.5114551349446671 | -0.00266076955753908 0.004654507023447678 -0.0031279807852082953
0.5023282211315153 2.7765591273265933E-6 0.5819034093842126 | 7.971657850547323E-4 0.022718178178819305 -0.009736324044144078
0.5077617595698879 3.5026369599760234E-7 0.8374627259743568 | 4.476579804539574E-4 0.003257865051907936 0.006767500600202297
0.5133874744167378 2.062639454348808E-6 0.7513586353471339 | 0.008359111072894266 0.0014755215900179443 -0.0015013823603887524
0.5661536815789993 5.721859649460861E-5 0.19582139919714917 | -0.0015248415248580473 0.0024918835297976336 -0.006132101409831749
0.5720212549063604 1.1985982344575125E-5 0.1060782043560819 | 0.007240988118186147 0.002747369674314422 0.0031982318521265847
0.5766992653352854 7.336994628156176E-7 0.3471105239768642 | -0.007599297830057241 0.0016633673543754942 0.0028206699759539115
0.5433194415705626 2.006148475259977E-6 0.4267791717382035 | 0.008587540275532862 0.0013649806744215843 0.0011609878075651081
0.5814769784614692 2.802105402925385E-4 0.502470815522414 | -0.020742085000475564 -0.04939135243832847 0.0019091841266260568
0.5896076951070887 5.602565259392675E-6 0.5896989642955113 | -0.0038361955243363787 0.0035448618644968975 -0.004786685706512289
0.5933634521689726 7.5016117323654025E-6 0.8592902880936913 | -0.0044450148915299035 0.002239711697543884 0.006503814107105372
0.5888400869163034 2.8073029977311215E-6 0.7617824882613953 | 0.0034362943931116603 0.0021595526203780674 0.007239732806589537
0.6542095268762281 1.4340332465938258E-6 0.1453294160752556 | 0.0011457598689173481 7.55037940660522E-4 -0.008686500428930766
0.71639716621879 2.1877661236008433E-5 0.20666344675830797 | 0.003898184805192791 0.004677699135478824 -0.0019862415389797134
0.8231927784995509 0.009017542689889883 0.3381493078511214 | 0.09376622176289728 0.046215941744927685 0.001592711696507539
0.7332639367695889 5.245030762306441E-7 0.432745346867637 | 0.006791727087327534 0.003018388102611352 -0.0014318193326799515
0.837583326311085 7.4615826321873505E-6 0.5078082570382125 | 0.006889221167953274 0.0029638818772523222 2.4401533086428786E-4
0.8590536270319488 9.082936548416489E-6 0.5935275810115923 | 0.0064868248591091375 0.0022482595325787652 -0.004454982905092446
0.7407771201711517 4.476581952826058E-5 0.7408219165057505 | -5.783415184941595E-4 0.0027840283429712565 -6.047738391884025E-4
0.686543578934081 4.064340398655342E-7 0.7944338506660011 | -0.004832140116876698 0.0011546389050434557 0.007103680423070782
0.7735925814317509 3.8033062131482173E-6 0.16777383599136497 | 0.006305456673355237 8.211550189413997E-4 -0.00650333351103498
0.794167934090622 1.714688044946329E-6 0.2573509003211367 | 0.007954628673531545 0.002010678801134261 0.0014270120366888916
0.7516446898088837 5.233789507682303E-6 0.357011673919892 | 0.0030134317805856126 9.612799213877566E-4 -0.00826025584224298
0.7527365103987042 1.374213393020184E-6 0.4369070391621088 | -0.003167926426326542 0.001578231075498723 -0.007664111795091733
0.7513658152661262 5.565480224297816E-6 0.513388072330912 | -0.001249824094664497 0.0017640712396657433 0.008826728495252905
0.7617808201707355 2.2503452688063912E-6 0.5888389749859689 | 0.007326155409003563 0.0021443443684149546 0.003444486667555807
0.7944304957633939 7.741988989509861E-7 0.6865459673290265 | 0.00708698754919425 0.0011730452689802545 -0.004838115889405621
0.7860554770408335 2.2564323165831466E-7 0.7860555174245097 | 0.006542361837797395 4.721544763737129E-4 0.006535581837253624
0.2393892278999267 0.40000018324521935 0.23938924631536512 | -0.004824448901072668 0.0031802553520879416 -0.004816689631969595
0.2422307416645387 0.4000016262909018 0.34188467932271305 | -0.005362241870077781 0.0011337058367447107 0.007008286351768498
0.23951959242381704 0.009752685167656079 0.4000422830025912 | -0.006125313811171964 -0.007830596155646746 0.006764616468152242
0.19072605263100323 0.09412690832922926 0.4000000204165223 | -0.004786711985548921 0.004450477690791 1.8806035670764847E-6
0.17299256508253275 3.794011934275273E-5 0.4744076158696507 | -0.0067203289428432195 0.0016634998899869512 -0.001917436922226728
0.07923898284870387 5.11269271584872E-6 0.5823521985801908 | -0.004990541919580019 0.0014287414646484006 0.006903841241055094
0.14641192996084107 1.1591101741758605E-6 0.6542830962401859 | -0.008433483932503823 6.632157427201817E-4 0.001275481101657193
0.16996988155755244 2.5479178007102068E-5 0.7715597396365139 | -0.0067541216052637385 7.674388147099199E-4 0.00609161348055497
0.3418846628590171 0.40000157416690624 0.24223061678701943 | 0.007010800814052876 0.0011330986165360387 -0.005359616292472238
0.34356941898490995 0.4000016311002601 0.3435651625503755 | 0.005284652182028922 0.002631012871153566 0.005280468395174521
0.32246788369618573 0.020823299950372996 0.4000064781084047 | 0.0021858290829467717 -0.01224708614885868 0.0076512037183650615
0.31061426444162016 0.1048042954340287 0.40000000030756133 | 0.006479550076394859 0.0034412200094642393 1.8036817271937267E-6
0.2967009151116409 7.779772486753117E-6 0.5095676320638081 | -0.003378199528541449 0.0037156450537452874 0.007718157273693177
0.07306147325471629 1.7249617163527003E-5 0.5878477430009603 | -0.0073382830675362285 0.001677788711736405 0.0040010363569177206
0.20795635128386314 3.740740696899355E-6 0.7165564392918764 | -0.005111385089280128 0.004127644010013328 0.0019168454313885476
0.25770471993668687 2.2068838870153134E-5 0.7933826362120642 | 0.00119200557770395 0.00180357615724093 0.008158767398727217
0.4000384105442985 0.009385734299908887 0.2391835719049642 | 0.00666367112973615 -0.007663793220200898 -0.006989237494006215
0.40002679717474043 0.01103769107100662 0.31541497942226937 | 0.0058013079235290565 -0.0013944646880547328 0.007912076856919394
0.5040771643774702 7.318854155960957E-6 0.5034016414957238 | 0.002564832962536461 0.004634029060288896 0.003252076913522267
0.3199997557873648 0.013617960502566986 0.4001148919356643 | 0.006589021924122109 -4.469167209358047E-4 0.006590449712585262
0.3720846777752196 8.532972242250936E-6 0.48520348877187536 | -0.0028186339548308347 0.002938280627959405 -0.008257344572349692
0.34702038044405337 9.218194430493158E-6 0.575965837295166 | 0.004516522363712344 0.003895122315738124 -0.0017241382332936137
0.35164509134397104 7.973560912991367E-7 0.7144179965273584 | -0.0020636466649102767 8.853886367618552E-4 0.00838069731812962
0.3621894223044689 1.7970192963687146E-5 0.9114021624246703 | -5.366229372457118E-4 0.001587397574859974 0.008434007537338648
0.4000000372735025 0.09564799436836811 0.19115023942740678 | 1.807486378121158E-6 0.004324758660277108 -0.00504220318124293
0.4000000242103419 0.10458776940771057 0.3106064839018286 | 1.2049542190179772E-6 0.0016147408868338706 0.008623254883422608
0.40010171260801136 0.01321574306437152 0.323842108105904 | 0.007131540843838103 -0.0033951111988354673 -0.007836144405044116
0.4076960416877267 3.2049964375060966E-6 0.4086763239628119 | 5.415666793833179E-4 0.005586782520599055 -0.0013112916390103009
0.42846577579635026 4.199161587637617E-6 0.5409964081881025 | -0.0021701534916268774 0.0011143428315652981 0.008279658205238715
0.42591027749343197 9.685190953449402E-7 0.5445862621074156 | 0.004249880772949994 0.0018542340485483847 0.00670370922869955
0.43264846781196964 2.955578441588168E-6 0.7334852877745202 | -0.0011553006456434742 0.00308008474734916 0.006940253349643363
0.4343467491744055 9.860772874817897E-6 0.9279855378641969 | -9.664072985496009E-4 0.002986982077232217 0.006995116276109137
0.4744557310169351 2.105100531354367E-6 0.17294581087765795 | -0.0020655124628467703 0.002162423498181008 -0.008255449305846813
0.5096948002803741 4.38204881889739E-6 0.2961394893987545 | 0.006402002338845006 0.0035764000728614586 -0.0025490716796261895
0.48564475247195144 6.412504299837652E-5 0.36893638236622295 | -0.0019249145892992227 0.002837422689688989 0.003469921440273312
0.5410180090033757 4.052367347336965E-5 0.428565782273376 | 0.008595350248532347 0.0010317860833628824 -0.002399201924917656
0.508460658651305 5.867936303849807E-7 0.5086333454084446 | -4.8298142503209584E-4 0.0054057890253495 -9.8546404576158E-4
0.502325933282684 2.1287924515126592E-5 0.5819065907565476 | 9.250133839908625E-4 0.022705217601729655 -0.009742543801218589
0.5074782700773148 5.144488456099037E-6 0.8367512569407809 | 0.0011874044249295267 0.0026291257708397128 0.007431282743387542
0.5070378972914792 6.223873947178316E-7 0.9288220651051893 | -7.641468085702197E-4 0.00214397961839752 0.007934323748348788
0.5821638070487325 9.743101451858746E-6 0.07951825057407494 | 0.007293496998380579 0.0015462037714928528 -0.004235659604757685
0.587672798490378 1.754391729148517E-5 0.07374177008061576 | 0.004017669248153498 0.0018522527604549908 -0.007157409300926458
0.5767932452458153 1.7578779569255856E-5 0.34722282916096703 | -0.007830338216308312 0.0016317257059698877 0.0021806170122006165
0.5450333847701865 1.5931275893261078E-6 0.4256194303445393 | 0.006387139642874121 0.001648592831692486 0.005507303544835011
0.5814624079501147 9.74016381027133E-5 0.5024768429557616 | -0.023025811574444693 -0.0870173780519686 0.0028350767797510573
0.5898656503515507 2.2737013604558417E-5 0.5899562278918156 | -0.004956080730974658 0.00250440051475137 -0.005528689452371948
0.634797459446714 0.016132480474251795 0.7523695284242038 | -0.02153352608070942 -0.45208410323974646 0.01071119009495966
0.5760221869900171 6.029829802502752E-6 0.9144600206683774 | -0.0023088154514007224 0.0013565854691078773 0.008347276817949972
0.6542960722089592 4.732565267566853E-7 0.14646427534059026 | 9.792402718121456E-4 7.159539903897973E-4 -0.008716404034730325
0.7166400034424212 3.205788799802027E-7 0.20799986230923634 | 0.0019665283418942394 0.004161853149522222 -0.005085809720020143
0.7095646493889748 4.2752537600202555E-6 0.3536843580723861 | 0.008946139811752065 9.565551007281967E-4 -0.002209065213948811
0.7328546195092547 3.917014758639748E-5 0.43265173048044037 | 0.006929678633006379 0.0029506773827191364 -0.0011806145352645972
0.8368996723230997 1.3525897993789224E-5 0.507568756978613 | 0.007437026904328709 0.002436332695640147 8.250276672169576E-4
0.7527075662913288 0.01678015841264526 0.6344253145436808 | 0.011551330153978355 -0.45153386273087026 -0.021852807553998738
0.7407688571327014 2.295579239450882E-5 0.7408132832222493 | -5.465940839030081E-4 0.011098414068995236 -5.802053890425034E-4
0.6868205299852469 6.3192304526911555E-6 0.7938661003745879 | -0.00489762744141604 0.0010954861126469303 0.007112487146022067
0.7717508044161708 2.585389320303673E-7 0.16974346742940138 | 0.006105834612350768 7.730750597294334E-4 -0.006735910702774805
0.7934061318376642 1.7490127120886473E-5 0.25769305684693117 | 0.008125841632578535 0.0018885592309682221 0.0010451448770066939
0.9113934226877716 2.2785118947999958E-5 0.3621964593241436 | 0.00841584206837324 0.0016412847799262176 -4.777410652177524E-4
0.9279869666374027 4.250936375135607E-6 0.43435100167944996 | 0.007004013704593207 0.002979938991737095 -9.642635518922878E-4
0.9288071846723568 1.5810225995730586E-6 0.5070365279908844 | 0.007955103750152823 0.0021228960509356147 -7.598630930666067E-4
0.9144627639211115 4.497365613203612E-6 0.576018166835132 | 0.008340584112015235 0.0013609132975780243 -0.002320031618004866
0.7938646948091735 6.655385290485582E-6 0.6868219395876414 | 0.007096770681283046 0.0011127815200343385 -0.004903837471287309
0.7819680391913703 1.1863498482709908E-6 0.7819681357709999 | 0.006556812113046178 4.352890060314906E-4 0.00654948918936068
0.25213007088753747 0.40000718712305305 0.2521300802829471 | -0.005277194784833908 0.002631658979931091 -0.005279169893931972
0.2498498871448597 0.4000012233897605 0.33922821154863536 | -0.004605073459260507 9.461448057535445E-4 0.007686902014342124
0.22447106609113476 0.036279925627676235 0.40002392698141576 | -0.0018819947613069282 -0.012851252671668515 0.006578918461720992
0.2077141767401545 0.10593579083915831 0.4000000520288864 | -0.005520290622122938 0.004072320483573033 5.918824735232234E-7
0.2329059923053287 7.609605290386299E-6 0.4794849750366263 | -0.005537309089354487 0.0036987687326215622 9.473790923001365E-5
0.19636832841082616 9.894749267071371E-5 0.5663767454517299 | -0.0072859146047925495 0.003108993856807506 -0.004422333091788352
0.14933298995757707 1.4709061305156777E-6 0.653856133786227 | -0.008519427351361525 6.02209320945962E-4 0.0011407881380075678
0.1871550320669699 3.6796810991771356E-6 0.7575307876622696 | -0.00886107777505357 0.0010273903024189859 9.518166970217316E-4
0.33922818798137083 0.4000012065294853 0.24984966577103243 | 0.0076843388794814935 9.459975370119693E-4 -0.00460941847996332
0.3436430936977415 0.40000239507411595 0.3436374705888695 | 0.0051886655720552455 0.002749728766412371 0.005191041619184157
0.3155671594336643 3.101728600534738E-5 0.4473060335161748 | -0.002822650425995507 0.004859995458013801 0.0013032262161535898
0.32453173443567884 0.09394467513155105 0.40000004741487893 | 0.0031781179874953137 0.005041766244180208 4.949915826386886E-5
0.3014191546380288 6.250959860160899E-5 0.5111086735585343 | -0.007724333007788242 0.002920248349286345 0.0044715488294005
0.26633290753696925 4.993122087162778E-5 0.5915906635167367 | 0.004231323864803855 0.0012615709945705635 -0.006571710232374136
0.21552537608681296 5.985948633848913E-6 0.7170747420644855 | -0.007962063691917631 0.0022453579445161323 -1.300877763633052E-4
0.2590417315869733 3.7986621992752047E-6 0.791025852507135 | 1.0853712739540874E-4 0.001531130632081984 0.008475251702213197
0.400003851577182 0.03643984819583155 0.22430512094691094 | 0.006620914781850196 -0.012631385759656059 -0.002203548856564333
0.45771200004243257 9.132165406207078E-5 0.3057923003159465 | 0.0011774944266993448 0.004701880279127701 -0.0050855959900885555
0.49879091967319883 5.3208438555669356E-6 0.49888350035452644 | 0.0041801660044059625 0.003745941226757216 0.004043697948984427
0.31791003227685094 4.1378798213262765E-4 0.4000403170127112 | 0.004038835826647866 0.0032177267652580338 0.004624003648892153
0.3735275519790896 1.179783800799194E-6 0.4843761980418473 | -0.006792567487477119 0.00283250591659614 -0.004959779245175709
0.34440753475015823 2.513691107498894E-6 0.5751016607056184 | 0.007738435887188298 0.0015511992537594298 0.0013090116763955389
0.36534115928733213 3.412001310488177E-6 0.649789840173531 | -0.002117789311411452 0.0010381984143082192 0.008059671895817582
0.3498514454841719 2.1111282667957754E-6 0.7433066440663195 | -0.005481046089807909 0.002113687258261408 0.006183703048590834
0.4000001104559166 0.10456046882662591 0.20723188836327092 | 1.3622574788905196E-6 0.004261619196752203 -0.005182530158521561
0.40000001121700013 0.09358937797834797 0.32480018881204803 | 2.1119954767974912E-5 0.00456165131945833 0.004535675562789883
0.4000849567894462 1.9770106877162934E-4 0.31205791091387225 | 0.005429418479412338 0.0016814082410411162 0.005845827128657176
0.42459281711597535 5.818960094014603E-6 0.42565349273249337 | -0.0038693440050671167 0.003892516460016339 -0.0047298898092183765
0.428854075726197 4.662777838337452E-7 0.5399527091987091 | -0.0023358920217120007 0.0010036473158213505 0.008316580505321702
0.44439315552384 3.2886313045486963E-7 0.6413002163891107 | -0.0070661463165895295 0.0030965919498304097 -2.4025953907087536E-4
0.43193899257742924 3.8882715235770334E-5 0.7278687042876494 | -2.0966423575903727E-4 0.0021434633671951918 0.007957167773059137
0.427278090236816 1.6679669932938349E-6 0.8404157360018067 | -0.007818617625617265 0.0017844357378920504 0.0027075108694973623
0.4795266503174804 7.290074004037632E-6 0.23290298641226298 | -4.067667153772964E-4 0.005699189889232662 -0.005513604251320215
0.5105562667012554 3.441802862990557E-6 0.3010470839605544 | 0.00405793107133456 0.0024642893995797137 -0.006100271370328125
0.48564699394066513 3.0667396484540155E-5 0.3689331702084378 | -0.0018293717669254617 0.02003209997562769 0.0033022041146433885
0.5397224174452131 1.4285666554095904E-6 0.429042619615321 | 0.008629115302393667 9.040067497497618E-4 -0.0025725395129295625
0.5344864026165003 7.872713841860204E-6 0.5346634581227684 | -0.004993999734638303 0.0026685954597088254 -0.0051014994296004505
0.502325744388726 2.115986778596182E-5 0.5819111287184041 | 8.4802583255607E-4 0.022670700696305644 -0.009857263583577369
0.5145467619750319 6.512959772887733E-6 0.7321090918252116 | 0.005055489089847835 0.0020354926080439857 0.005984949333674028
0.5107996849702265 5.799392727484908E-6 0.8337735720027316 | -0.00469238764948633 0.001254239536250378 0.007437809015069132
0.5664411600149534 1.3175351986811505E-5 0.19599196690243217 | -0.0016848626534867583 0.0024610575704082814 -0.0061713430223612024
0.5914008279378598 9.289400206586728E-7 0.26649606689994776 | -0.006204002718433853 0.0018154827552822688 0.004669571886893823
0.5755531383207215 1.1406122436503419E-7 0.344493983003014 | -0.0010106564711183633 9.746281509169484E-4 0.008664764205674802
0.6412222711575998 3.251309269113167E-6 0.4445835356736574 | -2.574428470185815E-4 0.003006776619888014 -0.00715560292386544
0.5815026872573522 1.0759006049205295E-4 0.5024706536545579 | -0.016441535166684507 0.0485188534029125 3.9359081608487224E-4
0.5896687490155892 2.667120422026167E-5 0.5897620778972946 | -0.004166272742857527 0.0032706084720848633 -0.005008480180867278
0.6035273862705279 2.1191547967131957E-6 0.6668336652560404 | -0.0015210337310870748 5.541465223435711E-4 0.009050209302686008
0.58473452064231 4.950980420608395E-6 0.7949387181928382 | 0.0036340286441909338 0.001763260569466304 0.007229805929762097
0.6538699406777032 6.399890183007166E-7 0.1493343340802689 | 8.642320030874248E-4 6.516480788444952E-4 -0.008732596280281281
0.7171318855559878 3.9222027172945776E-7 0.21556626398244877 | -7.753784503800443E-5 0.002233564525697988 -0.007990209062824516
0.6498986999473528 4.195329780766721E-5 0.3653191497000329 | 0.009509726158157015 0.001189065929529724 -0.0027300175585134945
0.7270338088680106 1.133963917163784E-5 0.43184169015427326 | 0.00799742782631907 0.002091196043455641 -2.0838054808065116E-4
0.7321494270864868 2.3220597970458168E-6 0.5145494293055952 | 0.006286776125977004 0.0024219045099993348 0.005495287512765607
0.6667484383450795 9.97745957873526E-7 0.6034581443682007 | 0.008886102872538094 5.720883390227253E-4 -0.0018223060810340713
0.6979070154695667 3.4090037499737413E-6 0.6978961267887843 | -0.006508083768855672 5.677827407741884E-4 -0.006561553099496042
0.6845873050085686 8.76714800477607E-6 0.7900146173373267 | -0.003822540501478786 0.0010621218768589087 0.007774970764180125
0.7575272874415229 3.5522181371723937E-6 0.1871561124456033 | 8.724691274409768E-4 0.0010356487362504117 -0.008863102540845007
0.7910485506546248 6.401319418613238E-7 0.25903068390415546 | 0.00843690808421059 0.0016073759237655574 -1.1911923750255636E-5
0.7433598272626595 8.872058021329775E-6 0.3498568288061868 | 0.006400284637818114 0.0019386439980705918 -0.004472908669175012
0.8404772738779821 1.0000170610394276E-5 0.4273359647787492 | 0.0028194349653520114 0.0017796686244448557 -0.007817136443708433
0.8337789171407595 7.996825525299716E-6 0.510692477356106 | 0.007444359874974014 0.0011596388525155457 -0.004262643124667954
0.7949393381819183 2.509567504380568E-6 0.5847268494825159 | 0.007354188088326113 0.0018461923970779731 0.0038045103954533915
0.7900134649013624 9.087243775810013E-6 0.6845884312150187 | 0.007764038652588714 0.001080287123582305 -0.0038222882637205624
0.7407684559562117 2.1431062309957092E-5 0.7408128377533766 | -5.532373376128044E-4 0.011122993167126692 -5.834117347690676E-4
