512
0.27344124559912547 2.581145976629013E-6 0.27344124559912464
0.201790864754615 0.04732357003474639 0.29573432383670745
0.27003637627073623 2.084779233951571E-4 0.35104624123484085
0.23944822631306978 2.1390388984560257E-5 0.43673361515344095
0.23851024674147106 8.21714440613022E-5 0.5189114382020792
0.2724986703525638 7.033951049452956E-5 0.6030519775801392
0.27523742261623385 2.554091982875348E-6 0.6855164964374121
0.29513496647736454 1.5753676534323425E-5 0.7165806052120208
0.29573432383670933 0.047323570034753924 0.20179086475461153
0.2576656557255208 0.035748282115540486 0.2576656557255196
0.3388857733563668 2.8267794822325963E-5 0.3374667874998477
0.3059530129711806 0.06118888971064623 0.423219679307095
0.28776537451027545 0.0702085689240816 0.5424322856174855
0.331553080176111 1.5916151426915244E-4 0.6087866405500498
0.2636631518420412 0.05441229527471514 0.694605983458037
0.29888692077039564 0.06922597481849678 0.7460638832722515
0.35104624123484174 2.0847792341667707E-4 0.2700363762707335
0.3374667874998476 2.82677948216636E-5 0.338885773356367
0.3392000771524839 0.0348144670338514 0.3392000771524858
0.3284034674419347 0.00477964252567352 0.426981571585887
0.32963199266552856 0.007072322236834153 0.5196608358427441
0.33045118040139854 0.06216336650670938 0.6120817815479819
0.3329051111954541 8.468273133675792E-5 0.6102796183022164
0.36945655436706776 0.05622398563840052 0.7805306884765509
0.4367336151534404 2.1390388996551967E-5 0.23944822631306265
0.4232196793070983 0.06118888971062604 0.30595301297119104
0.4269815715858864 0.004779642525662877 0.3284034674419339
0.42856269160630994 3.739890981521908E-5 0.42856269160631083
0.4276696272751272 6.613528506037089E-5 0.5193803803403345
0.4229657790958254 4.105138907201683E-4 0.618302164672292
0.4262253506234201 1.0029468607572017E-4 0.6168898034831511
0.44231452889031037 0.06033564779968573 0.7951250583630618
0.5189114382020803 8.217144405731883E-5 0.23851024674147553
0.5424322856174976 0.07020856892409351 0.28776537451029977
0.5196608358427455 0.00707232223682474 0.3296319926655183
0.5193803803403315 6.613528506274418E-5 0.427669627275128
0.518240446334404 9.32489367111794E-5 0.5182404463344018
0.5177139026187579 7.361858748846932E-4 0.6136643187850391
0.5152634246572074 6.599807057653779E-5 0.6129138279295123
0.5032089643899751 0.06071908026395705 0.7825669048760735
0.603051977580139 7.033951048108109E-5 0.2724986703525677
0.6087866405500536 1.5916151428426744E-4 0.33155308017611046
0.6120817815480233 0.062163366506674665 0.3304511804013624
0.6183021646722835 4.105138906823286E-4 0.4229657790958267
0.6136643187850701 7.361858749445251E-4 0.5177139026187567
0.617324311492267 0.06995627650142755 0.617324311492281
0.593087988221993 1.9137618107017626E-4 0.6588233419125389
0.5844040382434373 0.03353650513342751 0.7864094937393296
0.6855164964374165 2.5540919810377187E-6 0.2752374226162351
0.6946059834580363 0.05441229527473544 0.2636631518420432
0.610279618302213 8.468273136772375E-5 0.33290511119545213
0.6168898034831547 1.0029468608048489E-4 0.4262253506234268
0.6129138279295265 6.599807059380864E-5 0.5152634246572136
0.6588233419125418 1.9137618113049569E-4 0.5930879882219852
0.6486555333059444 2.0632285280866762E-4 0.6486555333059542
0.660394502270023 0.016657270466935065 0.7424453617013008
0.7165806052120088 1.575367651555636E-5 0.29513496647736076
0.7460638832722558 0.06922597481849276 0.2988869207703988
0.7805306884765549 0.05622398563840054 0.3694565543670727
0.7951250583630443 0.06033564779968153 0.4423145288903169
0.78256690487612 0.060719080263962846 0.5032089643900036
0.7864094937393455 0.03353650513348889 0.5844040382434489
0.7424453617012996 0.016657270466947097 0.6603945022700217
0.7414872608402288 0.002276061724858468 0.7414872608402283
0.20410195853432925 3.349533490564372E-5 0.2041019585343311
0.14973993718483314 5.344178514644469E-5 0.275813853375865
0.13211771099019648 0.011037209689782753 0.38536040597256
0.3193060526882806 4.0255581639616E-5 0.4254399044502794
0.3306169858703569 6.573059111917564E-5 0.5209362254587283
0.1389968375578577 0.002832175484030304 0.5650123143284561
0.20574716131368773 0.007918970597830581 0.6634502245625474
0.2141048785601397 1.735589593575214E-4 0.7275531602460678
0.2758138533758635 5.344178514360136E-5 0.14973993718483494
0.25757871760322326 0.02960263543890502 0.25757871760322315
0.3344242576391989 4.731173073854621E-6 0.33634451848164576
0.3285803848992243 3.210452679722512E-5 0.4290090055994236
0.3365771327019061 3.6542824396579055E-5 0.5189476235891445
0.3259958232524173 1.8447392406645705E-5 0.6049648449809258
0.2642496966119926 0.040750169853912416 0.695495127171015
0.2604221127075347 0.03382231643478701 0.8344382592912588
0.38536040597257215 0.01103720968978195 0.1321177109902
0.33634451848164654 4.7311730728739706E-6 0.33442425763919764
0.33945781771609573 0.006509322598891886 0.3394578177160966
0.3280795176085901 1.1073642151353365E-4 0.42868564047589336
0.3350271645405817 3.459718585835378E-5 0.5181106820398453
0.3318471592973867 0.024212326472550404 0.6088877494038754
0.3382344820975744 2.010457639631033E-4 0.62462336106957
0.34088070510930185 0.007021326349074265 0.8768544019894031
0.4254399044502784 4.025558163792345E-5 0.31930605268828105
0.42900900559942423 3.2104526794628105E-5 0.32858038489922425
0.4286856404758936 1.107364215108279E-4 0.3280795176085887
0.43016401349791417 6.163726837243462E-5 0.43016401349791494
0.4290143976043014 5.401349623354167E-5 0.5181840902179231
0.42492349270292795 1.0733650299001409E-8 0.6180303226756856
0.42732569648799124 1.7908315339072466E-6 0.6418675405386289
0.4349835988088561 4.305487419629264E-6 0.7060839543505539
0.5209362254587284 6.573059112082721E-5 0.33061698587035854
0.5189476235891473 3.654282439914436E-5 0.33657713270190204
0.5181106820398474 3.4597185859110574E-5 0.3350271645405775
0.5181840902179198 5.40134962361031E-5 0.4290143976043014
0.5183461548930811 2.7293272196081285E-5 0.5183461548930789
0.5204177431351202 1.0825076797490863E-4 0.614814744385538
0.5361328089972136 3.0445335513062927E-6 0.6418507764741203
0.5091862924993317 5.861030546275057E-6 0.7349084619500237
0.5650123143284668 0.00283217548402526 0.13899683755786507
0.604964844980929 1.844739241395745E-5 0.32599582325241716
0.6088877494039032 0.024212326472476505 0.3318471592973645
0.618030322675684 1.0733642715938949E-8 0.42492349270292695
0.6148147443855525 1.082507679953871E-4 0.5204177431351232
0.5767334151618838 0.05387579307396986 0.576733415161889
0.6005763961611542 9.468064597023838E-5 0.6510595132271775
0.6098285042996231 0.008424382400305767 0.8789211360918951
0.6634502245625494 0.007918970597824928 0.20574716131369028
0.6954951271710179 0.04075016985394738 0.26424969661199255
0.6246233610695682 2.0104576398873427E-4 0.3382344820975767
0.64186754053863 1.790831526894173E-6 0.42732569648799656
0.6418507764741058 3.0445335675162095E-6 0.5361328089972194
0.6510595132271636 9.468064583902189E-5 0.600576396161166
0.6902879828575902 0.06694394369916712 0.6902879828575924
0.69017745045458 0.04062080497402033 0.831081671215792
0.72755316024607 1.7355895938452078E-4 0.2141048785601383
0.8344382592912567 0.03382231643478896 0.26042211270753574
0.8768544019894128 0.007021326349072466 0.3408807051093003
0.7060839543505572 4.305487410622212E-6 0.4349835988088524
0.734908461949918 5.8610305435380495E-6 0.5091862924993655
0.8789211360918866 0.008424382400309013 0.6098285042996165
0.8310816712157993 0.040620804974023074 0.6901774504545745
0.7221315712298477 6.190139541237734E-5 0.7221315712298476
0.12313777282317423 0.006184631129388179 0.12313777282317272
0.1502032341250361 3.8985425065761405E-5 0.27621934549514776
0.12907654159160176 3.98069448283696E-6 0.35629085034788344
0.25926392126293063 5.319431540298126E-7 0.4359628490832859
0.26483211043871735 7.005517140081877E-5 0.516889020773057
0.12746596432456214 6.2039172131256934E-6 0.5892113950147186
0.16432377216037847 0.012107247321677086 0.6617119225106067
0.1407085109605635 0.009156309714047744 0.824002623247112
0.27621934549514615 3.898542506346074E-5 0.15020323412503725
0.26625751938255404 1.0598085728511337E-4 0.2662575193825523
0.2639184457402762 0.04961613598667444 0.34750798389733856
0.21348546123227216 0.052903228181570186 0.4303751134856979
0.21408340829536832 0.05092580076731282 0.5263706850742773
0.24639689328577355 0.04601602811121428 0.6170998756431173
0.27781550430512064 3.7058725880977413E-6 0.6835853503980226
0.269635179002895 1.0504166746921846E-4 0.8067368091625777
0.35629085034788016 3.980694480698537E-6 0.12907654159159573
0.3475079838973363 0.04961613598667102 0.2639184457402774
0.3806078290603893 0.05574132828035454 0.3806078290603893
0.33520055985410546 4.267652218300881E-5 0.42776444406953734
0.3355263211984897 1.223363600217069E-5 0.5197664631874295
0.3721158689790487 0.04515614371699577 0.5780658857513874
0.3513423132478806 0.056838625078314685 0.6859889281371949
0.3659820579789029 9.694839511375306E-6 0.7664560894812503
0.4359628490832861 5.319431549041098E-7 0.2592639212629292
0.43037511348569196 0.05290322818156648 0.21348546123227927
0.4277644440695368 4.267652218173577E-5 0.3352005598541043
0.42981237040107007 1.9924843564153196E-5 0.42981237040107056
0.4298162250902088 2.4021589894309804E-6 0.5186281897315417
0.40427631935980196 1.3859702452566068E-4 0.6145904847303305
0.43508627969332075 0.0046006130479686325 0.7090528649083494
0.43533964295810723 7.002375548849622E-6 0.69390606135477
0.5168890207730563 7.00551713985539E-5 0.2648321104387166
0.5263706850742732 0.050925800767316565 0.21408340829537467
0.5197664631874301 1.2233636003996867E-5 0.335526321198488
0.5186281897315399 2.402158990915382E-6 0.42981622509020784
0.5164886472078081 2.539394228626161E-7 0.5164886472078065
0.5517466580121119 5.446556231651533E-7 0.6185067548363152
0.5194427566051263 0.04337579412544805 0.7075314881287087
0.5169722658931711 3.578289073868327E-5 0.6850273453332626
0.5892113950147169 6.203917215074418E-6 0.12746596432457552
0.6170998756431121 0.046016028111197683 0.24639689328577075
0.5780658857510395 0.045156143717035024 0.37211586897938914
0.614590484730332 1.3859702451850568E-4 0.40427631935979
0.6185067548363229 5.446556218890304E-7 0.5517466580121096
0.5659256685850942 0.05700093606918443 0.5659256685850961
0.5943894762780488 1.998837011133242E-4 0.6615482258205448
0.5817849017684839 3.052969009277125E-5 0.7712631681491977
0.6617119225106062 0.012107247321676116 0.16432377216038827
0.6835853503980254 3.7058725914690578E-6 0.277815504305121
0.6859889281372041 0.05683862507830809 0.35134231324788795
0.7090528649083194 0.004600613047815889 0.4350862796933192
0.7075314881287419 0.04337579412546213 0.5194427566051111
0.661548225820516 1.9988370127862765E-4 0.5943894762780322
0.6734672236652068 5.98706270189676E-5 0.6734672236652101
0.6760843631288187 1.0438542026550203E-4 0.8061049331921106
0.8240026232471245 0.009156309714071914 0.14070851096055742
0.8067368091625813 1.0504166747565485E-4 0.2696351790028953
0.7664560894812547 9.694839515438296E-6 0.3659820579789037
0.6939060613547741 7.002375553165431E-6 0.43533964295810806
0.6850273453332533 3.5782890743668756E-5 0.5169722658931726
0.7712631681491987 3.052969010481924E-5 0.5817849017684855
0.8061049331921132 1.04385420263136E-4 0.6760843631288187
0.8038886555670053 0.009897440029403407 0.8038886555670055
0.14284446351268448 9.862363833445298E-6 0.14284446351268534
0.1506473800727403 1.1450295579904005E-6 0.2766575006125748
0.17070786290325718 1.0097621235172152E-6 0.36944612462609033
0.11203761147164235 6.59340128481788E-5 0.4315157205964249
0.11910407479728931 7.735894134046788E-5 0.5114384737235844
0.15602306928406887 2.913403864627781E-5 0.5799768421532133
0.09246885883539081 0.011709430211737178 0.6620606618524251
0.14358721559132118 6.856852732929587E-4 0.8025416489278958
0.276657500612573 1.1450295572741782E-6 0.15064738007274092
0.27109697999117266 8.798456685097026E-7 0.27109697999117227
0.2630161046759798 0.04200789929535449 0.34685947096842257
0.21086635637628845 0.0395084845411567 0.43527173806668706
0.2396754474567394 0.0021056127646128225 0.5192395432347682
0.24755331587928553 0.04111603475784024 0.6167619793462186
0.2796287700754742 1.6753352925067077E-5 0.68141361433111
0.2731906376400177 5.2604064803908624E-5 0.8017592507875564
0.36944612462608845 1.009762122652991E-6 0.17070786290325815
0.34685947096842124 0.04200789929535488 0.26301610467598063
0.3873207460334345 0.06529545187963749 0.38732074603343253
0.3791608054104104 0.05453263755525294 0.476683760095355
0.38021881793447526 0.05512293182384202 0.4726201575889311
0.3903869100058329 0.07506674343337871 0.5588264418169812
0.35000558564680484 0.05868089070091896 0.6850841729929422
0.3664952547101256 1.2888770382737315E-5 0.7643853846674747
0.43151572059644044 6.593401284253683E-5 0.11203761147168478
0.43527173806668007 0.03950848454115236 0.21086635637631332
0.47668376009536 0.05453263755525203 0.3791608054104097
0.4300799445219498 2.87903362513776E-5 0.4300799445219501
0.42987333332734823 3.1637244457274E-5 0.5181314472504139
0.4780499038229716 0.05503329408348843 0.5752045836025204
0.4348841720312933 0.004327912921589115 0.7073100389033837
0.4299300697653095 2.5069770858073544E-5 0.8393292389252314
0.5114384737236015 7.73589413549863E-5 0.11910407479724341
0.5192395432347702 0.002105612764661884 0.23967544745673586
0.4726201575889353 0.05512293182384079 0.38021881793447465
0.5181314472504134 3.1637244457442484E-5 0.4298733333273468
0.5172717508524133 2.0502670021101245E-6 0.5172717508524116
0.4723960666585718 0.05529378362093825 0.5745343874216755
0.519088794159018 0.03817119920016017 0.7075112060038237
0.5140858889162956 2.0974696437189784E-5 0.8242335552732986
0.5799768421532105 2.9134038648737737E-5 0.15602306928407353
0.6167619793462168 0.04111603475783339 0.24755331587928192
0.5588264418170097 0.07506674343333146 0.39038691000579967
0.5752045836025141 0.05503329408348918 0.47804990382296614
0.5745343874216667 0.055293783620938855 0.47239606665856543
0.5626237576853093 0.06009801789367089 0.5626237576853099
0.6049492492730805 0.05807881078030458 0.7040383192081843
0.5811187081012196 7.709649615800839E-7 0.7680036687189861
0.6620606618524286 0.011709430211725175 0.09246885883539241
0.6814136143311118 1.675335293129088E-5 0.27962877007547376
0.6850841729929498 0.05868089070091878 0.35000558564681233
0.7073100389033713 0.004327912921484352 0.4348841720312925
0.707511206003863 0.03817119920017886 0.519088794158999
0.7040383192081725 0.05807881078032019 0.6049492492730897
0.6735655877193123 2.5402853046664327E-4 0.6735655877193164
0.6753922546990664 2.1672623015437246E-5 0.8054539562956706
0.8025416489278911 6.856852732791554E-4 0.14358721559132231
0.8017592507875551 5.26040648055331E-5 0.2731906376400178
0.7643853846674782 1.288877038043592E-5 0.3664952547101274
0.839329238925242 2.5069770848787166E-5 0.4299300697653066
0.8242335552732506 2.0974696385376095E-5 0.5140858889162793
0.7680036687189844 7.709649677683542E-7 0.5811187081012205
0.8054539562956714 2.167262301378026E-5 0.6753922546990665
0.8053775614091733 0.003933245364821534 0.805377561409173
0.15574365465702833 1.701896599933064E-5 0.15574365465702808
0.15673555853291532 6.000354159659814E-7 0.28046370056265185
0.19879374505400174 1.159407435994709E-4 0.3677863576616244
0.11721154937791992 5.0162317796436646E-5 0.430452263437174
0.1216449580195554 4.126049961051004E-5 0.517276699844686
0.19897918556588398 4.715443586659953E-5 0.5822073502890163
0.1448567536408145 3.808350492322165E-6 0.6710993524719671
0.15340388574306885 6.175149478175972E-5 0.7945957922741789
0.2804637005626497 6.000354178911077E-7 0.15673555853291463
0.2069707070833734 0.05717377795754032 0.20697070708337503
0.2627913677600684 0.030323135749720443 0.3461393043843818
0.23569976099075854 1.861179728350108E-5 0.43535690159854507
0.23953960985273168 6.409574203410322E-5 0.5189768671570731
0.24955875201500682 0.021521465612761265 0.615342049740815
0.20231268613042713 0.04898664439613223 0.7415223385342168
0.2781906159901536 3.2464911250963704E-6 0.7822717237456206
0.3677863576616231 1.1594074359969682E-4 0.1987937450540008
0.3461393043843826 0.030323135749716314 0.26279136776006873
0.38746302986109354 0.05280373088990063 0.3874630298610936
0.3732784946819392 0.0108777367689662 0.4659795725006201
0.3782204623801539 0.033945327233151024 0.4724897671034135
0.3875700220697784 0.0577301155703043 0.5586833987766929
0.35260452411067034 0.03180163152485558 0.6846558998333123
0.3691691467149138 2.890500684525186E-6 0.7622411226382756
0.4304522634371759 5.016231779165927E-5 0.11721154937792379
0.4353569015985424 1.8611797226337617E-5 0.23569976099079162
0.4659795725006579 0.01087773676914913 0.3732784946819667
0.42945566035305366 8.643206712358102E-6 0.42945566035305377
0.4298629376048903 2.8926027206307384E-5 0.5180747383086387
0.47496479906103445 0.01198418194416653 0.5783996312266854
0.43483875042638004 8.067405161003816E-5 0.7061404412837151
0.4312557408557676 2.4374185506751447E-5 0.8268386862004222
0.5172766998446895 4.126049961979914E-5 0.12164495801954738
0.5189768671570748 6.409574203942081E-5 0.23953960985273723
0.47248976710341417 0.0339453272331362 0.3782204623801499
0.5180747383086383 2.8926027206099624E-5 0.4298629376048896
0.5173664042759747 8.227838454357465E-7 0.5173664042759728
0.4729180488863746 0.01908438079661024 0.577118330401257
0.5195213825616737 0.029141419384628546 0.7078697911762816
0.5156415033303665 4.546535532049399E-5 0.8173558473359751
0.5822073502890157 4.715443586692266E-5 0.19897918556588426
0.6153420497408169 0.021521465612767358 0.24955875201499766
0.558683398776738 0.05773011557026942 0.38757002206973684
0.5783996312266898 0.011984181944013185 0.4749647990610376
0.5771183304012537 0.01908438079662353 0.4729180488863707
0.5625272839863072 0.05481199504582341 0.5625272839863095
0.6102034507464835 0.036530051041412076 0.7042439486174912
0.5800402281512886 5.6612308453751845E-5 0.7588581715690548
0.6710993524719635 3.808350492024575E-6 0.1448567536408154
0.7415223385342213 0.04898664439613091 0.2023126861304269
0.6846558998333233 0.03180163152487754 0.3526045241106713
0.7061404412837151 8.067405157902811E-5 0.43483875042637743
0.7078697911763271 0.029141419384654615 0.5195213825616564
0.7042439486174817 0.03653005104140403 0.6102034507464821
0.6902182453842473 0.0563594693303576 0.690218245384246
0.6734283641110516 3.740642802255893E-5 0.8015559198378776
0.7945957922741775 6.175149477850628E-5 0.15340388574306943
0.7822717237456183 3.2464911230869304E-6 0.27819061599015293
0.7622411226382791 2.8905006935976643E-6 0.3691691467149148
0.8268386862004302 2.437418550841132E-5 0.43125574085576657
0.8173558473359497 4.546535529917818E-5 0.5156415033303599
0.7588581715690522 5.6612308455373744E-5 0.580040228151291
0.8015559198378782 3.740642802042268E-5 0.6734283641110516
0.8002479125514251 1.6971121235527677E-5 0.800247912551425
0.16061901894679584 6.648158169232724E-6 0.16061901894679564
0.1592652918182084 1.4592351098798206E-5 0.2813866144831264
0.19694793597284904 1.3057211710678865E-5 0.36752795906863095
0.1005668812388998 4.744670880943167E-5 0.42581195057056637
0.07636384232943376 5.146522748161999E-8 0.5284172411290127
0.19705968776769411 8.308239542301236E-5 0.5829589671810725
0.14694546588535026 4.857631574899932E-5 0.6702756284562692
0.15752808490555664 8.912246617029786E-5 0.791235624780016
0.2813866144831241 1.459235110032229E-5 0.15926529181820775
0.2094085502216193 0.05138224726404134 0.20940855022162122
0.26513639035648323 0.02308862307424167 0.34696373919534196
0.23831143673859012 5.406356754273506E-5 0.4361283583766882
0.23891222345613308 6.640504092915287E-5 0.5188235281143702
0.25185629439821144 0.01123118083344476 0.61362218156755
0.20772208690489058 0.040982886003141386 0.7486280182764856
0.2783763079037866 2.2583546499095656E-6 0.7837573525337838
0.3675279590686299 1.305721171105986E-5 0.19694793597284788
0.34696373919534357 0.023088623074236998 0.2651363903564835
0.38661451041555966 0.033670546022906915 0.38661451041556016
0.33116446235449637 4.974586107195643E-5 0.4302302907426019
0.33283051689409243 2.1632603632068916E-7 0.5175544951352296
0.3853797113328645 0.029633797384023778 0.5622258010287198
0.35535657771735 0.005624975226887346 0.6827211571523213
0.3694903129500806 9.226970374132565E-6 0.7617769981717564
0.42581195057056354 4.7446708810584255E-5 0.10056688123889349
0.43612835837668823 5.4063567545154306E-5 0.23831143673858624
0.43023029074260194 4.974586107424968E-5 0.3311644623544951
0.42788371015769866 9.89950575385096E-6 0.4278837101576986
0.42883575121580025 6.116569365520558E-5 0.5191671416019424
0.4284237538000837 1.3992535576491164E-4 0.6116800344633961
0.4349074974059203 1.8606492878552782E-6 0.7059866896959939
0.4292137297679639 2.383208530664966E-5 0.8454650812230056
0.5284172411289912 5.14652028496681E-8 0.0763638423294771
0.5188235281143716 6.640504093028517E-5 0.23891222345613677
0.5175544951352316 2.163260327345414E-7 0.3328305168940903
0.519167141601942 6.11656936542575E-5 0.4288357512157995
0.5190616650746732 2.1181093999076195E-6 0.5190616650746731
0.5146562245528455 2.974320081131727E-5 0.6071288689197889
0.5208166775116048 1.3901724241504557E-4 0.6996858871379683
0.5248724717490478 5.409648747442758E-7 0.8888770303271117
0.582958967181072 8.308239542351267E-5 0.19705968776769475
0.6136221815675543 0.011231180833457149 0.2518562943981987
0.5622258010287648 0.02963379738403235 0.385379711332825
0.6116800344633909 1.3992535576867182E-4 0.42842375380008985
0.6071288689197976 2.9743200810688868E-5 0.5146562245528514
0.5706861696733587 0.03043749011907585 0.5706861696733618
0.6125827651075101 0.0011439589824766361 0.7004438856120572
0.5800611395232596 1.773294390960042E-5 0.7588787501136858
0.6702756284562679 4.857631574813466E-5 0.14694546588535048
0.7486280182764893 0.04098288600314484 0.20772208690489047
0.682721157152327 0.005624975226873396 0.35535657771734885
0.7059866896959944 1.860649285978043E-6 0.43490749740591794
0.6996858871379974 1.390172423969145E-4 0.5208166775116022
0.7004438856120437 0.0011439589824151757 0.6125827651075065
0.7420696546453581 0.003589456129825779 0.7420696546453575
0.6728983826822612 1.4838527793283666E-5 0.8000661346618226
0.7912356247800149 8.912246616830536E-5 0.157528084905557
0.783757352533782 2.2583546487374956E-6 0.2783763079037865
0.7617769981717601 9.226970385428498E-6 0.369490312950082
0.8454650812229939 2.3832085289052806E-5 0.4292137297679684
0.888877030327182 5.409649658143682E-7 0.524872471749061
0.7588787501136831 1.7732943910937404E-5 0.5800611395232622
0.8000661346618225 1.4838527790738173E-5 0.6728983826822608
0.7955787084910275 3.783834817786237E-6 0.7955787084910273
0.16948859659731777 1.4955021397895386E-5 0.16948859659731794
0.15257618485987498 4.74478603783607E-6 0.27842175438441896
0.17717685886362314 5.40862157112166E-5 0.37120118645990446
0.11539398789120518 4.9673414460456213E-5 0.43000711816731024
0.11390638880267351 2.47436163063377E-5 0.5189867190566246
0.1625377654325017 1.6711567628268692E-6 0.578117116523338
0.1368715436192215 3.0740217673198104E-6 0.6746770061177799
0.16246767845241758 3.218812589068436E-5 0.7865304917895218
0.27842175438441674 4.744786038086803E-6 0.1525761848598747
0.20949001291282185 0.047085655764875424 0.2094900129128238
0.26489850573080415 0.013644458823630677 0.34773415829707205
0.2378214465248478 5.049015169313704E-5 0.4366754532381602
0.23844893082075455 5.463555465374446E-6 0.5188057266574493
0.25513420250873203 0.016048357671127535 0.6129223631274836
0.2088760699740708 0.03671021887445293 0.7488225484301628
0.2737319563114218 5.645317712647147E-5 0.801194366116888
0.3712011864599031 5.4086215710418905E-5 0.1771768588636236
0.34773415829707405 0.01364445882362416 0.2648985057308045
0.3500029893382879 6.452579958913408E-6 0.3500029893382875
0.3396763654011436 1.0434739304697447E-4 0.42813213222199986
0.34031483378905003 1.5446240915359895E-4 0.5229226738373676
0.34456915522401765 1.3377397081293587E-5 0.5971853901259098
0.3553744390824678 0.004507949875223494 0.6827918040825552
0.3676502970267559 2.4847851702895156E-6 0.7631202797853693
0.4300071181673106 4.967341445711019E-5 0.11539398789120663
0.43667545323816004 5.0490151698067125E-5 0.23782144652484455
0.4281321322219998 1.0434739304644977E-4 0.33967636540114304
0.4303162381828203 6.618624239528739E-5 0.430316238182821
0.42991132143621075 2.0301059052499985E-5 0.5178619327659385
0.4266579698936224 9.00629841658881E-5 0.6060799551989111
0.4355658489884414 7.0934523599291625E-6 0.7065539301430055
0.43011868411207277 1.8105353142067716E-7 0.8309422362418876
0.5189867190566262 2.474361631275503E-5 0.1139063888026698
0.5188057266574508 5.463555467542986E-6 0.23844893082075752
0.5229226738373679 1.5446240915488585E-4 0.34031483378904903
0.5178619327659362 2.0301059055387128E-5 0.42991132143621
0.5182798300790351 2.216721709103417E-5 0.5182798300790333
0.518718045228632 2.0033242970599814E-4 0.6033817048002119
0.5188282527485798 1.3317349107069799E-5 0.6994309259907591
0.5186637770384384 4.15726050786564E-5 0.8327895194964089
0.5781171165233369 1.6711567591001309E-6 0.16253776543250606
0.6129223631274868 0.016048357671137048 0.2551342025087196
0.597185390125918 1.33773970697505E-5 0.3445691552240109
0.6060799551989063 9.006298416849983E-5 0.4266579698936239
0.603381704800217 2.003324297036551E-4 0.5187180452286327
0.5812820519079263 2.8820785260640997E-4 0.5812820519079294
0.6129244041947647 0.003336473844568279 0.7005804603856415
0.5811171587675278 3.4142290277036375E-5 0.7678600284937
0.6746770061177785 3.0740217683580932E-6 0.13687154361921947
0.748822548430165 0.03671021887445655 0.2088760699740698
0.6827918040825613 0.004507949875205426 0.35537443908246585
0.7065539301430076 7.0934523586689605E-6 0.43556584898843914
0.6994309259907857 1.3317349112507344E-5 0.5188282527485752
0.7005804603856252 0.003336473844489799 0.6129244041947584
0.741164693111686 0.005337133402237967 0.7411646931116854
0.674318361824572 5.532701485234345E-5 0.8031668916330319
0.7865304917895205 3.218812588911296E-5 0.1624676784524174
0.8011943661168867 5.645317713143396E-5 0.273731956311422
0.7631202797853714 2.484785163124945E-6 0.3676502970267578
0.8309422362418925 1.8105353104009848E-7 0.4301186841120731
0.8327895194964108 4.1572605078716374E-5 0.5186637770384432
0.767860028493698 3.414229028340618E-5 0.5811171587675287
0.8031668916330328 5.5327014851828264E-5 0.674318361824572
0.7895703192361962 2.9051747603856944E-5 0.789570319236196
0.19999956416238412 9.069779374298469E-5 0.19999956416238526
0.15916146042822032 2.0776716327411845E-5 0.2812574739226342
0.2026937374820315 2.0596072673467346E-7 0.3681939548730052
0.16756249994570377 0.024926818791263277 0.47934921176529555
0.16810088814360008 0.024113688555801226 0.4771042691403019
0.20417149378333943 1.8261103824921638E-4 0.5815710716088122
0.15932104040748196 1.4261613346614232E-6 0.666012056676718
0.20218454599381055 1.2087039092558669E-4 0.7456270267102094
0.28125747392263223 2.077671632824583E-5 0.1591614604282197
0.2680248235287465 3.9919333829291266E-6 0.2680248235287452
0.2731494979550517 2.2518055365975276E-5 0.35320485063288604
0.2572300635790091 9.019031243980566E-5 0.4333203830186726
0.2569003771376116 3.0721211370559625E-5 0.5184637400079132
0.2755793689985713 2.407279001609325E-4 0.5991530397473573
0.27826339552460916 1.9344112965027886E-5 0.6842895244223656
0.2773442277637847 1.8655065136700656E-5 0.7890117496434104
0.3681939548730043 2.0596072711291094E-7 0.20269373748203132
0.3532048506328861 2.2518055376549717E-5 0.27314949795505006
0.3488097882621319 7.528873578645283E-5 0.3488097882621315
0.33501580150050914 1.0377583634185616E-6 0.4300693417692325
0.33517104111550294 4.506132849403679E-5 0.5184063981728302
0.34206197191305376 2.088025283620825E-5 0.5994562242349135
0.3511573124130065 1.0573153476501403E-4 0.6783737708276046
0.3696376115078343 1.1808771194611649E-5 0.7612752514561301
0.4793492117653028 0.024926818791269706 0.16756249994570666
0.4333203830186724 9.019031243918997E-5 0.2572300635790068
0.43006934176923295 1.037758365482537E-6 0.33501580150050825
0.4303772076569423 7.695661431490517E-5 0.43037720765694276
0.42960858295296733 5.311267408291044E-6 0.5182940499659545
0.42777735000047284 3.863368876305749E-5 0.6081965051314844
0.4313684757881327 1.082253486046198E-5 0.6918916443290175
0.46610376276894283 0.0037645396868631084 0.7766477139323577
0.4771042691403096 0.024113688555799546 0.16810088814360385
0.518463740007913 3.0721211371416836E-5 0.256900377137612
0.5184063981728316 4.5061328491386674E-5 0.33517104111550117
0.5182940499659536 5.311267409013204E-6 0.4296085829529663
0.5173476495049236 2.7928342530312803E-6 0.517347649504922
0.515956325630785 7.973814271843989E-5 0.6036931666971794
0.5192736078279051 1.9012261324081915E-5 0.6840127621613415
0.48383986572999776 0.011279278089056101 0.7736155323690099
0.5815710716088114 1.8261103824931106E-4 0.20417149378333843
0.5991530397473559 2.4072790015248905E-4 0.2755793689985748
0.5994562242349164 2.0880252837375636E-5 0.34206197191305204
0.6081965051314795 3.863368876210225E-5 0.4277773500004756
0.6036931666971856 7.97381427177669E-5 0.5159563256307889
0.6091827753020931 2.2586293761157024E-4 0.6091827753020945
0.6017757474789184 1.8988296628429682E-4 0.6782520861362736
0.5800370001264274 5.438361527965185E-5 0.7597396946356155
0.6660120566767176 1.4261613340249186E-6 0.15932104040748243
0.6842895244223662 1.9344112961717386E-5 0.2782633955246085
0.6783737708276062 1.0573153476129478E-4 0.3511573124130054
0.6918916443290154 1.082253485295123E-5 0.43136847578813114
0.6840127621613483 1.901226133167181E-5 0.519273607827904
0.6782520861362729 1.8988296628368544E-4 0.6017757474789172
0.6753370145529259 4.8275946061228565E-6 0.6753370145529286
0.672594590655245 2.261639937791369E-5 0.7988489126284408
0.7456270267102085 1.2087039092523259E-4 0.2021845459938106
0.7890117496434075 1.8655065135887654E-5 0.2773442277637846
0.7612752514561334 1.1808771202231219E-5 0.36963761150783575
0.7766477139323446 0.0037645396869883238 0.4661037627689716
0.7736155323690227 0.011279278088997114 0.4838398657299431
0.7597396946356136 5.438361528208087E-5 0.5800370001264287
0.7988489126284413 2.2616399375890162E-5 0.6725945906552451
0.741870490392995 8.856014519285494E-6 0.7418704903929951
