512
0.2653423728075306 0.2026336642565185 0.26534237280753065
0.2605263619744753 0.20745004248864501 0.3369854031502538
0.2572673780940518 0.210709076461768 0.3957372340521778
0.25583479061291836 0.21214223014814765 0.4491078383146001
0.255834790882838 0.2121422279181405 0.5008921620622006
0.25726737934456917 0.2107090636068729 0.5542627749471208
0.26052636379141175 0.20744996927966897 0.613014600902129
0.2653423472127584 0.20263369912966553 0.684657607691601
0.33698540315025377 0.20745004248864501 0.2605263619744753
0.3334823554755238 0.21159909170449098 0.3334823554755238
0.3310213527337185 0.21477946468314857 0.39468327300273903
0.3295389834091455 0.2164263842054706 0.4488750361311176
0.32953898558906863 0.21642636982447347 0.5011249737174345
0.3310213693608472 0.21477942000633382 0.5553167267421526
0.33348240288473613 0.2115989848507364 0.6165176434155817
0.3369853991623893 0.2074501738346602 0.6894736250016044
0.3957372340521778 0.210709076461768 0.2572673780940518
0.39468327300273903 0.21477946468314857 0.3310213527337185
0.39375905674896167 0.218001163777005 0.39375905674896167
0.39277269682121196 0.2196612478178785 0.44882456242185087
0.39277270030839956 0.2196612239852404 0.5011754540612048
0.3937590650598984 0.21800109832890258 0.5562409429618239
0.39468332374146753 0.21477925197266262 0.6189786421906507
0.3957372451414545 0.2107091134704737 0.6927326140989873
0.4491078383146001 0.21214223014814765 0.2558347906129184
0.4488750361311176 0.2164263842054706 0.32953898340914556
0.44882456242185087 0.2196612478178785 0.39277269682121196
0.44859452819767315 0.22129480770077853 0.44859452819767315
0.448594530071364 0.2212947908751328 0.5014054808183165
0.4488245618222266 0.2196611876109771 0.5572273013395559
0.4488750532043906 0.21642613212611855 0.620461020453217
0.4491078422169205 0.2121422499392952 0.6941652021204744
0.5008921620622006 0.2121422279181405 0.255834790882838
0.5011249737174345 0.2164263698244734 0.32953898558906863
0.5011754540612049 0.2196612239852404 0.39277270030839956
0.5014054808183164 0.2212947908751328 0.448594530071364
0.5014054806694682 0.22129477002742495 0.5014054806694683
0.5011754590476123 0.21966116027223992 0.557227298073156
0.5011249701666576 0.2164261009225856 0.6204610164031068
0.5008921588341195 0.21214224474162693 0.6941652013237863
0.5542627749471208 0.2107090636068729 0.25726737934456917
0.5553167267421527 0.21477942000633382 0.33102136936084714
0.5562409429618239 0.21800109832890258 0.3937590650598984
0.5572273013395559 0.2196611876109771 0.4488245618222266
0.5572272980731559 0.21966116027223992 0.5011754590476123
0.5562409338515497 0.2180010202190743 0.5562409338515496
0.5553166729410893 0.21477917046054992 0.6189786244530119
0.5542627706805221 0.21070908924933102 0.6927326115799389
0.6130146009021291 0.20744996927966897 0.26052636379141175
0.6165176434155817 0.2115989848507364 0.3334824028847362
0.6189786421906508 0.21477925197266262 0.39468332374146753
0.6204610204532169 0.21642613212611855 0.4488750532043906
0.6204610164031068 0.2164261009225856 0.5011249701666576
0.6189786244530119 0.21477917046054992 0.5553166729410893
0.6165175871890594 0.2115988488379786 0.6165175871890594
0.613014607461311 0.20745004999462732 0.6894736270326807
0.684657607691601 0.20263369912966553 0.2653423472127584
0.6894736250016044 0.2074501738346602 0.3369853991623893
0.6927326140989873 0.2107091134704737 0.3957372451414545
0.6941652021204744 0.2121422499392952 0.4491078422169205
0.6941652013237862 0.21214224474162693 0.5008921588341194
0.6927326115799389 0.21070908924933102 0.554262770680522
0.6894736270326806 0.20745004999462743 0.613014607461311
0.6846576257467449 0.20263370365268193 0.6846576257467449
0.2605218064891856 0.1313307109270424 0.2605218064891856
0.256383697665261 0.13486982506203132 0.3334747792320381
0.2531952591074593 0.13722906820817196 0.39465264582699044
0.251554670059358 0.1388079671427574 0.4488494876722281
0.2515548144090378 0.13880908248826215 0.5011504708261998
0.2531956807289331 0.13722744758736177 0.5553494679070776
0.2563833567947697 0.1348565936481208 0.6165258744894677
0.26051977386558195 0.13133723281971088 0.6894763738553089
0.3334747792320381 0.13486982506203132 0.256383697665261
0.32963022534940384 0.13861312286341518 0.32963022534940384
0.3273189076677122 0.14099349569690067 0.39269475785336533
0.32583192107090775 0.14241782103431636 0.44848338835257645
0.3258320168800386 0.1424160346035734 0.5015177243264023
0.3273204822928873 0.14098671278685154 0.5573052374339543
0.32963474628300904 0.13860073489584918 0.6203696553644958
0.33347592888062466 0.13489812513448676 0.6936135302076413
0.3946526458269904 0.13722906820817196 0.2531952591074593
0.39269475785336533 0.14099349569690067 0.3273189076677122
0.3913147867207174 0.14359859057910007 0.3913147867207174
0.3904053625753333 0.1450002130845481 0.4481348009969319
0.3904056022236201 0.1449970483336699 0.5018676531341729
0.3913154137501811 0.14358790874528027 0.5586853456476869
0.3927001326084895 0.14095731747873508 0.6226806374401159
0.39465522517490575 0.13723800795059357 0.6968021021379223
0.44884948767222804 0.1388079671427574 0.251554670059358
0.4484833883525764 0.14241782103431636 0.3258319210709077
0.4481348009969319 0.1450002130845481 0.39040536257533337
0.44780803952491 0.14638092087766996 0.44780803952491005
0.44780817948345075 0.14637703606252106 0.5021934968637821
0.44813460089027213 0.14499348145570426 0.5595929760134617
0.4484853197216315 0.1423721015067945 0.6241690065154794
0.44885018450510383 0.13881129648000928 0.6984438899673918
0.5011504708261998 0.13880908248826215 0.2515548144090378
0.5015177243264024 0.1424160346035734 0.3258320168800386
0.5018676531341727 0.1449970483336699 0.39040560222362003
0.5021934968637822 0.14637703606252106 0.4478081794834507
0.5021935444709358 0.14637298109904354 0.5021935444709358
0.5018691076546614 0.1449881773762384 0.5595926821573156
0.501517246928592 0.14236579405012523 0.6241690565456762
0.5011494509563833 0.13881292596439243 0.6984437659334546
0.5553494679070776 0.13722744758736177 0.2531956807289332
0.5573052374339543 0.14098671278685154 0.3273204822928874
0.558685345647687 0.1435879087452803 0.3913154137501812
0.5595929760134616 0.1449934814557043 0.44813460089027213
0.5595926821573157 0.14498817737623834 0.5018691076546614
0.558683017084645 0.14357511704664616 0.558683017084645
0.5572989407030692 0.14094344863421704 0.622678972970168
0.5553485631971586 0.137234240383421 0.6968015132589386
0.6165258744894677 0.1348565936481208 0.2563833567947697
0.6203696553644957 0.13860073489584918 0.329634746283009
0.622680637440116 0.14095731747873508 0.39270013260848946
0.6241690065154794 0.1423721015067945 0.4484853197216315
0.6241690565456762 0.14236579405012523 0.5015172469285919
0.622678972970168 0.14094344863421704 0.5572989407030693
0.6203641526811795 0.13858683348168685 0.6203641526811795
0.6165242995039238 0.13487555493098202 0.6936135355013222
0.6894763738553089 0.13133723281971096 0.260519773865582
0.6936135302076413 0.13489812513448676 0.3334759288806247
0.6968021021379223 0.13723800795059357 0.39465522517490575
0.6984438899673919 0.13881129648000928 0.44885018450510383
0.6984437659334547 0.13881292596439243 0.5011494509563833
0.6968015132589386 0.137234240383421 0.5553485631971586
0.6936135355013222 0.13487555493098213 0.6165242995039238
0.6894776206700345 0.13134052592926126 0.6894776206700344
0.25672813012627077 0.07525207624025387 0.2567281301262707
0.2527306111016268 0.07659993109377913 0.3306219711024306
0.2494199914835958 0.07801059805850413 0.39352012616594717
0.24787053044486027 0.07923461177194747 0.4485832239877857
0.24787100426783884 0.07924279757111495 0.501415444168545
0.24942447146446656 0.07800930915996951 0.5564983227664747
0.25273369270117635 0.07660543458744275 0.6193760786352535
0.2566996701354575 0.0752467461873564 0.6932617005055143
0.3306219711024306 0.07659993109377912 0.2527306111016268
0.3267340330973445 0.07900070230112861 0.3267340330973445
0.32411590636878945 0.08059344147288539 0.39090418266187227
0.3228277743905434 0.08179575350676492 0.4481288220487241
0.3228319984195573 0.08179832768670252 0.5018827406036195
0.3241171636301276 0.08061468943364705 0.5591154764112486
0.32675098508692013 0.07902297683232262 0.6232411611317484
0.33058900485832077 0.07656923794314457 0.6972749673451998
0.39352012616594717 0.07801059805850413 0.2494199914835958
0.39090418266187227 0.08059344147288539 0.32411590636878945
0.38955835814018813 0.0822269374694656 0.38955835814018813
0.3884325437867801 0.08329761651008524 0.4476589122716079
0.3884379938028987 0.08329904654850377 0.5023625221711024
0.3895661508624394 0.08222368932170576 0.5604851455302624
0.39094517058628153 0.08063492984695281 0.6258559528096551
0.3935285298560688 0.07798566021101799 0.7005775723427801
0.4485832239877857 0.07923461177194747 0.24787053044486027
0.4481288220487242 0.08179575350676495 0.3228277743905434
0.44765891227160787 0.08329761651008524 0.38843254378678016
0.4472296377778899 0.08465043261346392 0.4472296377778898
0.44723578534405584 0.08464285170186688 0.5028006919289724
0.4476672901226332 0.08327423618829646 0.5616646179493872
0.44815264232376417 0.08180351865664758 0.6271262140576781
0.448570658766134 0.07919038889151683 0.7021365472501226
0.501415444168545 0.07924279757111498 0.24787100426783878
0.5018827406036195 0.08179832768670249 0.3228319984195573
0.5023625221711027 0.08329904654850376 0.3884379938028986
0.5028006919289723 0.08464285170186686 0.44723578534405584
0.5028034080580803 0.08463313112317522 0.5028034080580803
0.502372230500195 0.08327089280566387 0.5616669654214246
0.5018800549446246 0.08180854514670916 0.6271174366247126
0.501427210544564 0.07920762666220174 0.702132293295761
0.5564983227664747 0.07800930915996954 0.24942447146446667
0.5591154764112487 0.08061468943364701 0.3241171636301276
0.5604851455302624 0.08222368932170597 0.38956615086243945
0.561664617949387 0.08327423618829638 0.4476672901226333
0.5616669654214246 0.08327089280566385 0.5023722305001949
0.5604920824406526 0.08219448420343327 0.5604920824406527
0.5590596526406766 0.08065603390205893 0.6258490155570748
0.556502718396879 0.0779811887114756 0.7005760332425955
0.6193760786352536 0.0766054345874428 0.2527336927011763
0.6232411611317484 0.07902297683232253 0.3267509850869202
0.6258559528096551 0.08063492984695281 0.3909451705862816
0.627126214057678 0.0818035186566476 0.44815264232376417
0.6271174366247126 0.08180854514670924 0.5018800549446246
0.6258490155570748 0.08065603390205893 0.5590596526406766
0.6232270468457007 0.07904949627139637 0.6232270468457007
0.6194079438636818 0.07658104022864744 0.6972727874915977
0.6932617005055144 0.07524674618735637 0.2566996701354574
0.6972749673451997 0.07656923794314469 0.3305890048583207
0.7005775723427797 0.07798566021101806 0.3935285298560688
0.7021365472501226 0.0791903888915168 0.44857065876613406
0.7021322932957609 0.07920762666220167 0.501427210544564
0.7005760332425954 0.07798118871147572 0.556502718396879
0.6972727874915977 0.07658104022864744 0.6194079438636818
0.6932866536461659 0.07524326589849634 0.693286653646166
0.25383821180782545 0.023091206842049034 0.25383821180782545
0.2494136213539646 0.023852403387854916 0.32851948131650655
0.24613424251732446 0.024878996479405446 0.392254435837442
0.24454175256700533 0.025635322144471784 0.44829373058597094
0.24454140402657953 0.02563853961366836 0.5017057094703399
0.24613389240939557 0.024874640189689847 0.5577486527101897
0.24940569465649587 0.023865069599407256 0.6214820192580862
0.25381332321212186 0.023059390443084304 0.6961687014580503
0.32851948131650655 0.023852403387854906 0.24941362135396455
0.32432396298552374 0.023259502513531788 0.32432396298552374
0.3217695655347919 0.024424332994441224 0.3895555043816643
0.3204160211827626 0.0254536483723902 0.4476420938600981
0.3204168946296271 0.025461330108228597 0.502360628655282
0.32174737253119207 0.024481743033831056 0.560468552828426
0.3242762050643498 0.023365835295254274 0.6257177814404514
0.3284319752382844 0.023677404532594332 0.7007077927117968
0.392254435837442 0.024878996479405453 0.2461342425173244
0.3895555043816643 0.024424332994441224 0.3217695655347919
0.38810781680652956 0.02576747611335125 0.3881078168065296
0.38696226001057454 0.02688877902190536 0.447183529988265
0.3869740005603262 0.026913223701293818 0.5028251561039745
0.38811391062851286 0.025778595073529344 0.5619217466507064
0.38950521213389344 0.024701234632165635 0.6282929915178302
0.39220137447322706 0.024772673114895893 0.7039801649316079
0.44829373058597094 0.025635322144471773 0.2445417525670054
0.4476420938600981 0.02545364837239023 0.32041602118276263
0.447183529988265 0.026888779021905482 0.38696226001057454
0.4466224665478678 0.028169579117225813 0.4466224665478678
0.44662568443106365 0.0281516788971765 0.5034129550936741
0.447204314087613 0.02685473487711752 0.5631132901802243
0.447623292664479 0.025722372799456435 0.6296858258851953
0.44824002478630126 0.02550808521079221 0.705625021745649
0.5017057094703399 0.025638539613668326 0.24454140402657953
0.502360628655282 0.02546133010822859 0.320416894629627
0.5028251561039745 0.02691322370129394 0.3869740005603262
0.5034129550936742 0.028151678897176485 0.44662568443106365
0.503409718784477 0.028147663220672716 0.503409718784477
0.5028266635795383 0.02686479699246114 0.5631142603390232
0.5023912466350464 0.02573156151803649 0.6296748079526052
0.5017613166584711 0.025512665674991997 0.7056281612362247
0.5577486527101898 0.024874640189689937 0.24613389240939557
0.560468552828426 0.024481743033831035 0.3217473725311921
0.5619217466507064 0.025778595073529385 0.38811391062851286
0.5631132901802244 0.026854734877117453 0.44720431408761296
0.5631142603390231 0.026864796992460954 0.5028266635795383
0.5619284797178117 0.02577525519707718 0.5619284797178117
0.5605330673313338 0.024780655209456513 0.6283514077809138
0.5578053499359145 0.024767401255584118 0.7039973478019327
0.6214820192580861 0.023865069599407235 0.24940569465649604
0.6257177814404516 0.02336583529525433 0.3242762050643498
0.6282929915178302 0.024701234632165565 0.38950521213389344
0.6296858258851953 0.025722372799456487 0.44762329266447903
0.6296748079526053 0.02573156151803651 0.5023912466350464
0.6283514077809137 0.024780655209456756 0.5605330673313338
0.6257936723029401 0.023503934420575138 0.62579367230294
0.6215735044931153 0.02367821361893733 0.7007223060764044
0.6961687014580502 0.02305939044308434 0.253813323212122
0.7007077927117973 0.023677404532594266 0.32843197523828443
0.7039801649316078 0.02477267311489592 0.39220137447322706
0.705625021745649 0.025508085210792196 0.4482400247863011
0.705628161236225 0.02551266567499192 0.5017613166584712
0.7039973478019327 0.024767401255584083 0.5578053499359146
0.7007223060764045 0.023678213618937436 0.6215735044931153
0.696200547403893 0.023023662032596058 0.696200547403893
0.25311814714303693 0.010737675890155 0.25311814714303693
0.24877138861133485 0.010265203481851427 0.3282311663340192
0.2454036633400639 0.010447047904231751 0.39215400571210907
0.24370107830595852 0.010088128549352622 0.44844475947712914
0.24370025538812515 0.010086769859435725 0.501557314047295
0.24540291072240558 0.010434931836629049 0.5578344243545185
0.2487598141778538 0.010267177291408199 0.6217736747736514
0.25311549501078096 0.01072470096167567 0.6968742280129678
0.3282311663340191 0.010265203481851429 0.24877138861133496
0.3241348380337369 0.01775964081875807 0.32413483803373694
0.32147872597655935 0.017198310952160994 0.389375971140456
0.31984374946464794 0.017139340200580035 0.4474131804883051
0.31984095665874857 0.01714269838908525 0.5025811337886475
0.32146930913826866 0.017225905653116456 0.5606273655688987
0.32409760987065606 0.01778318280337351 0.6259089790968132
0.328187938077817 0.010199200980990402 0.7013019591126596
0.392154005712109 0.010447047904231692 0.24540366334006386
0.389375971140456 0.017198310952161143 0.3214787259765593
0.3875732713437773 0.017661620610163777 0.3875732713437773
0.38659259324219875 0.008092706322295648 0.44693967223384723
0.3865935733418382 0.00809660441728667 0.503060528605023
0.3875797351433869 0.017650715354380963 0.5624194546825556
0.3893071032633697 0.017240565932364466 0.6285659050988165
0.39209638107205935 0.010392449171061602 0.704663323435235
0.4484447594771292 0.01008812854935263 0.24370107830595897
0.4474131804883051 0.017139340200579976 0.319843749464648
0.44693967223384723 0.008092706322295652 0.38659259324219875
0.4466575853454332 0.007919567293050983 0.4466575853454332
0.44665754875361413 0.00792330582668242 0.5033598562757226
0.44694738295372355 0.008089490231477654 0.5634475781882422
0.44738159277756584 0.017180367087801778 0.6302185152273271
0.44839067795050425 0.010024366575794096 0.7064232013912205
0.501557314047295 0.010086769859435876 0.24370025538812484
0.5025811337886475 0.017142698389085085 0.31984095665874857
0.503060528605023 0.008096604417286692 0.38659357334183814
0.5033598562757226 0.007923305826682438 0.44665754875361396
0.5033646894378484 0.007916280339982143 0.5033646894378484
0.503063905488596 0.00809257605696958 0.5634467511768656
0.5026032367297236 0.017188227456364787 0.6302151014550803
0.5016125086400975 0.010021501885666667 0.7064272237639181
0.5578344243545185 0.010434931836629028 0.24540291072240555
0.5606273655688987 0.017225905653116755 0.32146930913826854
0.5624194546825555 0.017650715354380852 0.3875797351433869
0.5634475781882423 0.00808949023147764 0.4469473829537235
0.5634467511768657 0.008092576056969707 0.503063905488596
0.5624238467230754 0.017642782784264503 0.5624238467230754
0.5607027591955079 0.01727561531521445 0.6285850367780134
0.5578882950017584 0.010375459651726931 0.7046759032262817
0.6217736747736514 0.010267177291408202 0.24875981417785376
0.6259089790968132 0.017783182803373494 0.324097609870656
0.6285659050988165 0.017240565932364633 0.38930710326336965
0.6302185152273272 0.01718036708780176 0.44738159277756584
0.6302151014550803 0.01718822745636465 0.5026032367297236
0.6285850367780135 0.017275615315214442 0.5607027591955079
0.6259597731832129 0.0177961732418459 0.6259597731832129
0.6218204731683704 0.010188765377249219 0.7013189854897811
0.6968742280129678 0.010724700961675663 0.2531154950107809
0.7013019591126598 0.010199200980990551 0.32818793807781704
0.7046633234352349 0.01039244917106129 0.39209638107205935
0.7064232013912204 0.010024366575794173 0.44839067795050425
0.706427223763918 0.010021501885666745 0.5016125086400975
0.7046759032262815 0.010375459651726964 0.5578882950017585
0.7013189854897812 0.010188765377249128 0.6218204731683705
0.6968861090862543 0.010709719498859089 0.6968861090862543
0.25288128495249546 0.03077316456025817 0.2528812849524955
0.2485919502458226 0.027964170786360917 0.3284942446431118
0.2455015516590238 0.026135389506804062 0.39259764356446647
0.24292213187188294 0.03371745322668233 0.44875901504059545
0.24291789863524826 0.03378958630368324 0.5012460769462318
0.24550053297968066 0.026089397303712243 0.5573736598430595
0.24856987622818466 0.027950110466813314 0.6215157012478377
0.2528806540263999 0.0307739662223594 0.6971362434452312
0.3284942446431117 0.027964170786360917 0.2485919502458226
0.32415990083537694 0.03569549203143731 0.32415990083537694
0.3217613523349966 0.03236090268485308 0.3895670517701853
0.31993268290916493 0.030786754605035112 0.4473814176002733
0.319934954431493 0.030790307138621017 0.5026053106006267
0.3217413159763754 0.032353610209632795 0.5604295133874974
0.324106974006714 0.03564595965935744 0.6259100574256469
0.32840173317606003 0.028082846240862006 0.7015558871209758
0.3925976435644665 0.02613538950680407 0.2455015516590238
0.38956705177018525 0.032360902684853095 0.3217613523349966
0.3878393672409236 0.030582798444320936 0.38783936724092355
0.38691601723548624 0.028718476748174904 0.44696957606616355
0.38691973296069926 0.02868492765965363 0.5030149665067186
0.38783025369958957 0.03054998442917835 0.5621377402490673
0.3894471770940733 0.03230076379645572 0.6283450450565304
0.39250087544623835 0.026247667551311995 0.7046273215706691
0.4487590150405954 0.03371745322668233 0.24292213187188294
0.4473814176002733 0.030786754605035077 0.319932682909165
0.44696957606616355 0.028718476748174914 0.38691601723548624
0.44673264012455904 0.025502016486514408 0.44673264012455904
0.44675331252209616 0.02556098167620194 0.5032508605749259
0.44698002875016 0.028607825398875308 0.5630960496082461
0.4473111140708007 0.030689691747095987 0.6302339196724505
0.44871224482965305 0.03383006737574905 0.707321472660285
0.5012460769462318 0.03378958630368323 0.24291789863524826
0.5026053106006269 0.030790307138621104 0.31993495443149295
0.5030149665067186 0.028684927659653477 0.38691973296069926
0.5032508605749259 0.02556098167620175 0.4467533125220961
0.5032309311895448 0.025643305180343533 0.5032309311895448
0.5030124224298299 0.02857120115135458 0.5630932164749806
0.5026559119465022 0.030694050649485986 0.6302454182680692
0.5013028818146794 0.03385496352230235 0.7073307080172455
0.5573736598430595 0.02608939730371238 0.24550053297968066
0.5604295133874975 0.032353610209632754 0.32174131597637545
0.5621377402490674 0.03054998442917842 0.3878302536995895
0.5630960496082461 0.0286078253988753 0.4469800287501601
0.5630932164749806 0.02857120115135474 0.5030124224298299
0.5621599613237473 0.030532035067599196 0.5621599613237473
0.5605839894895954 0.032284957020250686 0.6284158062098165
0.5574502625386548 0.026180949070028745 0.7046427071733814
0.6215157012478377 0.02795011046681329 0.24856987622818466
0.6259100574256469 0.035645959659357594 0.324106974006714
0.6283450450565304 0.03230076379645571 0.38944717709407334
0.6302339196724507 0.030689691747095994 0.4473111140708007
0.6302454182680693 0.030694050649486118 0.502655911946502
0.6284158062098164 0.032284957020250624 0.5605839894895954
0.6259838946735452 0.03557652829538925 0.6259838946735451
0.6216153328159959 0.028066420960723718 0.701584561275583
0.6971362434452312 0.030773966222359547 0.2528806540263999
0.7015558871209756 0.028082846240861988 0.32840173317606003
0.7046273215706687 0.02624766755131197 0.3925008754462383
0.7073214726602858 0.03383006737574908 0.4487122448296531
0.7073307080172455 0.03385496352230238 0.5013028818146794
0.7046427071733813 0.02618094907002876 0.5574502625386548
0.701584561275583 0.028066420960723586 0.6216153328159958
0.6971579566719448 0.030761858603885067 0.6971579566719448
0.2541850186629212 0.0492198260963681 0.2541850186629212
0.2490674983882572 0.05474579266335148 0.32930591803573134
0.24631689676878377 0.049357890883542206 0.3928308350665546
0.24450434258915946 0.044236567225063375 0.44869559501637196
0.24449410318200726 0.04433888355786309 0.5013026797779836
0.24630341525046107 0.04934010649331553 0.557152631508934
0.24903895212430616 0.05463721340614226 0.6207126669683829
0.2541444764123015 0.04926106950660985 0.6958804725815146
0.3293059180357314 0.054745792663351486 0.2490674983882572
0.32477350320354353 0.05035424572401282 0.32477350320354353
0.32238253438525805 0.05789968593723161 0.3899678272719577
0.32067062797512325 0.05413644366986304 0.4475554352342208
0.32067528871600504 0.05414800801846346 0.5024305942819908
0.3223448532376002 0.05776071556502512 0.5600391238290504
0.3246913322713687 0.05020912253551384 0.6253161764267499
0.329112410596637 0.055340346945352024 0.7012029782831061
0.3928308350665546 0.049357890883542185 0.2463168967687838
0.3899678272719577 0.05789968593723163 0.32238253438525805
0.38841388393628656 0.04934963665342257 0.38841388393628656
0.38746097851827305 0.04578011524048609 0.4469934399883023
0.3874733888716524 0.045765648445964265 0.5029870582769045
0.38836271163731156 0.049242972496868674 0.5616051014067156
0.38975428488245156 0.0574777085766767 0.6278559529238839
0.39261277068962064 0.04964582101190564 0.7040431456427905
0.448695595016372 0.04423656722506332 0.2445043425891594
0.44755543523422087 0.054136443669863116 0.3206706279751233
0.4469934399883023 0.04578011524048606 0.38746097851827305
0.44649615281804755 0.05701463327035175 0.44649615281804755
0.4465253742419574 0.05697938433914101 0.5034935983524228
0.4469522764614728 0.04569212387293338 0.5626553140511178
0.44741632065518516 0.05366657592199027 0.6298153959586925
0.44861441549506187 0.044400121092567295 0.7058476697099749
0.5013026797779836 0.04433888355786319 0.24449410318200723
0.5024305942819908 0.05414800801846344 0.32067528871600504
0.5029870582769045 0.0457656484459643 0.3874733888716524
0.5034935983524228 0.056979384339141015 0.4465253742419574
0.503489603606337 0.057041910637057554 0.503489603606337
0.503031941721236 0.04569089283153101 0.5626518122454636
0.5025565933440727 0.053645292509750524 0.6298512040208485
0.5013749042550952 0.044563369505599956 0.7058652859007473
0.557152631508934 0.04934010649331552 0.24630341525046107
0.5600391238290504 0.05776071556502508 0.3223448532376002
0.5616051014067156 0.04924297249686843 0.3883627116373117
0.5626553140511179 0.04569212387293356 0.44695227646147273
0.5626518122454636 0.045690892831530994 0.503031941721236
0.5617491931145007 0.04919128742953415 0.5617491931145007
0.5603585355654588 0.05725834706991013 0.628069044435773
0.5573823284404139 0.04958909225197759 0.7040913336227959
0.6207126669683829 0.05463721340614224 0.24903895212430616
0.6253161764267499 0.05020912253551386 0.32469133227136865
0.6278559529238839 0.057477708576676674 0.38975428488245145
0.6298153959586926 0.05366657592199032 0.44741632065518516
0.6298512040208485 0.05364529250975083 0.5025565933440727
0.628069044435773 0.05725834706991014 0.5603585355654588
0.6254423380384332 0.05003502396481137 0.6254423380384332
0.6209403166586916 0.05518789513225972 0.7012780698797629
0.6958804725815146 0.04926106950660981 0.2541444764123014
0.7012029782831061 0.05534034694535203 0.329112410596637
0.7040431456427919 0.04964582101190545 0.3926127706896207
0.7058476697099749 0.044400121092567316 0.4486144154950618
0.7058652859007473 0.04456336950560008 0.5013749042550952
0.7040913336227957 0.049589092251977586 0.5573823284404139
0.701278069879763 0.05518789513225972 0.6209403166586916
0.6959735363011865 0.04928135223326193 0.6959735363011865
0.25756253035739246 0.07289883140918618 0.2575625303573934
0.25270164648595556 0.07775975692468122 0.3308661700837121
0.24927188467772085 0.07105888385439336 0.393122986351523
0.2484819827710915 0.079733335791686 0.4482860357249787
0.2484855335876829 0.07980836833267291 0.5017126885656019
0.24926640111685702 0.071034893323261 0.5568788471779043
0.2526069303486141 0.07684848152932401 0.6191971430829336
0.2574595776024168 0.07312170605493476 0.6925283249864536
0.330866170083712 0.07775975692468122 0.25270164648595556
0.32614289995133866 0.07616419085789464 0.32614289995133866
0.32367407331508113 0.08135539058670568 0.39054947610262486
0.3221914888403185 0.07795383222818622 0.44789772704359304
0.32219068115415933 0.07787682073713605 0.5021008506657223
0.3236222899943538 0.08099385394864603 0.5594941379228432
0.3259670650788412 0.0756279514321289 0.6240172488623966
0.3306221779268465 0.07923135078828422 0.6975635977820006
0.39312298635152293 0.07105888385439332 0.24927188467772085
0.39054947610262486 0.0813553905867057 0.3236740733150812
0.3894096304792939 0.08669952765663153 0.3894096304792939
0.388063692346837 0.0831907911015127 0.4475601337789039
0.3880774784924875 0.08311880359607812 0.5024509535072821
0.38932831811984414 0.08605901928334478 0.5607271233443301
0.3902382843161722 0.07941459241462147 0.6268069276045629
0.392901070486717 0.07164772162287127 0.7011035142800541
0.4482860357249787 0.07973333579168601 0.2484819827710914
0.44789772704359304 0.07795383222818617 0.3221914888403185
0.4475601337789039 0.08319079110151287 0.3880636923468371
0.4466765627923888 0.07633984834734896 0.44667656279238876
0.44667812568969184 0.07609039992234691 0.5033565926281038
0.44745371402581396 0.08292791699622692 0.5623773334534025
0.44765250795432915 0.07516126081924533 0.6289630932161987
0.44824942589069017 0.07984850234385148 0.7017476660659139
0.5017126885656019 0.07980836833267292 0.2484855335876829
0.5021008506657223 0.07787682073713607 0.32219068115415933
0.5024509535072821 0.08311880359607814 0.38807747849248747
0.5033565926281038 0.07609039992234695 0.4466781256896918
0.503374143065008 0.07585944114081365 0.503374143065008
0.5025786906930766 0.08274080050562314 0.5623937231673911
0.5023512068910302 0.07469785946046485 0.6290069374976992
0.5017479197752027 0.08000112596252135 0.7017418999493403
0.5568788471779043 0.0710348933232611 0.24926640111685702
0.5594941379228432 0.08099385394864612 0.3236222899943538
0.5607271233443301 0.08605901928334472 0.38932831811984414
0.5623773334534026 0.08292791699622681 0.447453714025814
0.562393723167391 0.08274080050562306 0.5025786906930766
0.5611767865928714 0.08535830280946928 0.5611767865928714
0.5600469834968389 0.07855748486936098 0.6272813155203057
0.5571028370580748 0.0715613379060647 0.7011515930084419
0.6191971430829336 0.07684848152932403 0.2526069303486141
0.6240172488623967 0.07562795143212889 0.32596706507884127
0.6268069276045629 0.07941459241462145 0.3902382843161722
0.6289630932161986 0.07516126081924537 0.4476525079543292
0.6290069374976992 0.07469785946046487 0.5023512068910302
0.6272813155203059 0.07855748486936104 0.5600469834968388
0.6243603594459305 0.07507124039362643 0.6243603594459304
0.6196123054568553 0.07780445564600105 0.6978669122231841
0.6925283249864534 0.07312170605493476 0.2574595776024169
0.6975635977820006 0.07923135078828429 0.3306221779268465
0.7011035142800539 0.0716477216228712 0.39290107048671696
0.7017476660659135 0.07984850234385149 0.44824942589069017
0.701741899949342 0.08000112596252089 0.5017479197752027
0.7011515930084419 0.07156133790606471 0.5571028370580748
0.6978669122231842 0.07780445564600103 0.6196123054568553
0.6927170858461077 0.0732709328309054 0.6927170858461077
