512
0.27344124559912547 2.581145976629013E-6 0.27344124559912464
0.20525287472694068 0.005788891987610153 0.2978025389996547
0.26468137512178685 3.96650758692105E-4 0.3521649455303443
0.23944822631306978 2.1390388984560257E-5 0.43673361515344095
0.23851024674147106 8.21714440613022E-5 0.5189114382020792
0.2724986703525638 7.033951049452956E-5 0.6030519775801392
0.27523742261623385 2.554091982875348E-6 0.6855164964374121
0.29513496647736454 1.5753676534323425E-5 0.7165806052120208
0.2978025389996574 0.005788891987619841 0.20525287472693843
0.25769786254292215 4.3719262576607555E-4 0.25769786254291926
0.3388857733563668 2.8267794822325963E-5 0.3374667874998477
0.29651284862997745 0.046048311925805524 0.41817358408151095
0.2829883187699564 0.04460875495203359 0.5519128574279547
0.331553080176111 1.5916151426915244E-4 0.6087866405500498
0.25078460751080395 0.03979827128785904 0.7046179207390797
0.30413581230537945 0.04520516468491199 0.7484880604043059
0.35216494553034305 3.9665075872381573E-4 0.2646813751217825
0.3374667874998476 2.82677948216636E-5 0.338885773356367
0.3328618535583067 0.057425781967863486 0.3328618535583092
0.3279814495895849 7.30245625261556E-5 0.42688986709189725
0.33013016126678796 6.405421055089274E-5 0.519746666637455
0.32210192893920536 0.0645305764994353 0.6226199050896752
0.3329051111954541 8.468273133675792E-5 0.6102796183022164
0.372504032543494 0.04848846678471145 0.8044441410995333
0.4367336151534404 2.1390388996551967E-5 0.23944822631306265
0.41817358408151334 0.04604831192580637 0.29651284862998195
0.4268898670918981 7.302456251490134E-5 0.3279814495895871
0.42856269160630994 3.739890981521908E-5 0.42856269160631083
0.4276696272751272 6.613528506037089E-5 0.5193803803403345
0.4231273233193509 1.5024977323242331E-5 0.6174537015081484
0.4262253506234201 1.0029468607572017E-4 0.6168898034831511
0.4429975598851907 0.014003672477135723 0.7992094839854218
0.5189114382020803 8.217144405731883E-5 0.23851024674147553
0.5519128574279712 0.04460875495203315 0.2829883187699788
0.5197466666374527 6.405421053834608E-5 0.3301301612667794
0.5193803803403315 6.613528506274418E-5 0.427669627275128
0.518240446334404 9.32489367111794E-5 0.5182404463344018
0.5176258037184075 1.294018436760838E-4 0.6134106238310191
0.5152634246572074 6.599807057653779E-5 0.6129138279295123
0.5029945976436659 0.027210586636946307 0.786618660197628
0.603051977580139 7.033951048108109E-5 0.2724986703525677
0.6087866405500536 1.5916151428426744E-4 0.33155308017611046
0.6226199050897047 0.06453057649941885 0.32210192893919376
0.6174537015081473 1.5024977293153414E-5 0.42312732331935093
0.613410623831049 1.2940184373555898E-4 0.5176258037184087
0.6247620719821982 0.06365674243414422 0.6247620719822119
0.5930608016342362 8.443810202274196E-5 0.6587213627134378
0.5903894770059613 0.0046027409582721284 0.8245368573263261
0.6855164964374165 2.5540919810377187E-6 0.2752374226162351
0.7046179207390812 0.03979827128786109 0.2507846075108112
0.610279618302213 8.468273136772375E-5 0.33290511119545213
0.6168898034831547 1.0029468608048489E-4 0.4262253506234268
0.6129138279295265 6.599807059380864E-5 0.5152634246572136
0.6587213627134405 8.443810208440933E-5 0.5930608016342286
0.6486555333059444 2.0632285280866762E-4 0.6486555333059542
0.6606636443091448 0.008895311224788309 0.7428047836276098
0.7165806052120088 1.575367651555636E-5 0.29513496647736076
0.748488060404313 0.0452051646849078 0.30413581230538456
0.8044441410995448 0.04848846678471053 0.3725040325435007
0.7992094839853978 0.014003672477120383 0.4429975598852036
0.7866186601977242 0.027210586636966565 0.5029945976437222
0.82453685732637 0.0046027409583720025 0.5903894770059731
0.7428047836276263 0.008895311224897636 0.6606636443091507
0.7432119362618532 0.0015114525918119726 0.7432119362618529
0.2060501481180395 1.4170431312570905E-4 0.206050148118041
0.1496826350540897 1.8933189654115447E-6 0.2758646831739729
0.10608406453623433 0.02890036633299139 0.35838063539215886
0.3193060526882806 4.0255581639616E-5 0.4254399044502794
0.3306169858703569 6.573059111917564E-5 0.5209362254587283
0.11967434901881105 0.030216812347936172 0.5876978277010745
0.2031808516557173 1.1922295822379978E-7 0.6658214666886968
0.2141048785601397 1.735589593575214E-4 0.7275531602460678
0.2758646831739714 1.8933189626148418E-6 0.1496826350540915
0.2623481139347109 0.00626138393906237 0.2623481139347095
0.3344242576391989 4.731173073854621E-6 0.33634451848164576
0.3285803848992243 3.210452679722512E-5 0.4290090055994236
0.3365771327019061 3.6542824396579055E-5 0.5189476235891445
0.3259958232524173 1.8447392406645705E-5 0.6049648449809258
0.25870112167850234 0.009989166191767995 0.7037007156868044
0.24163108664076427 0.018163293546862243 0.8763585645124868
0.35838063539218357 0.028900366333001734 0.10608406453623659
0.33634451848164654 4.7311730728739706E-6 0.33442425763919764
0.3405087861137137 1.8256564715304915E-4 0.340508786113714
0.3280795176085901 1.1073642151353365E-4 0.42868564047589336
0.3350271645405817 3.459718585835378E-5 0.5181106820398453
0.3333868301331032 1.7979887230904008E-4 0.6079951889263935
0.3382344820975744 2.010457639631033E-4 0.62462336106957
0.3376084196007754 0.0023246639929065437 0.886002708602546
0.4254399044502784 4.025558163792345E-5 0.31930605268828105
0.42900900559942423 3.2104526794628105E-5 0.32858038489922425
0.4286856404758936 1.107364215108279E-4 0.3280795176085887
0.43016401349791417 6.163726837243462E-5 0.43016401349791494
0.4290143976043014 5.401349623354167E-5 0.5181840902179231
0.42492349270292795 1.0733650299001409E-8 0.6180303226756856
0.42732569648799124 1.7908315339072466E-6 0.6418675405386289
0.4349835988088561 4.305487419629264E-6 0.7060839543505539
0.5209362254587284 6.573059112082721E-5 0.33061698587035854
0.5189476235891473 3.654282439914436E-5 0.33657713270190204
0.5181106820398474 3.4597185859110574E-5 0.3350271645405775
0.5181840902179198 5.40134962361031E-5 0.4290143976043014
0.5183461548930811 2.7293272196081285E-5 0.5183461548930789
0.5204177431351202 1.0825076797490863E-4 0.614814744385538
0.5361328089972136 3.0445335513062927E-6 0.6418507764741203
0.5091862924993317 5.861030546275057E-6 0.7349084619500237
0.5876978277010957 0.03021681234791024 0.11967434901882064
0.604964844980929 1.844739241395745E-5 0.32599582325241716
0.6079951889263941 1.7979887224175517E-4 0.3333868301331069
0.618030322675684 1.0733642715938949E-8 0.42492349270292695
0.6148147443855525 1.082507679953871E-4 0.5204177431351232
0.5738429855253255 0.019653599840727214 0.573842985525331
0.6005763961611542 9.468064597023838E-5 0.6510595132271775
0.6161604914218616 0.0014389372986630957 0.8891728113519133
0.6658214666887042 1.1922294404621652E-7 0.2031808516557208
0.703700715686822 0.00998916619188384 0.25870112167847253
0.6246233610695682 2.0104576398873427E-4 0.3382344820975767
0.64186754053863 1.790831526894173E-6 0.42732569648799656
0.6418507764741058 3.0445335675162095E-6 0.5361328089972194
0.6510595132271636 9.468064583902189E-5 0.600576396161166
0.6977218605712746 0.027617631454652587 0.6977218605712675
0.716329335826741 0.01126611943572145 0.873293723776122
0.72755316024607 1.7355895938452078E-4 0.2141048785601383
0.8763585645124861 0.018163293546863784 0.24163108664076582
0.8860027086025566 0.0023246639929058303 0.33760841960077326
0.7060839543505572 4.305487410622212E-6 0.4349835988088524
0.734908461949918 5.8610305435380495E-6 0.5091862924993655
0.8891728113519071 0.0014389372986617452 0.6161604914218596
0.8732937237761353 0.011266119435723329 0.7163293358267239
0.7221315712298477 6.190139541237734E-5 0.7221315712298476
0.10048766110254975 0.002028479660540533 0.1004876611025467
0.1501299512502846 1.7813007096399267E-6 0.2762542604392439
0.12907654159160176 3.98069448283696E-6 0.35629085034788344
0.25926392126293063 5.319431540298126E-7 0.4359628490832859
0.26483211043871735 7.005517140081877E-5 0.516889020773057
0.12746596432456214 6.2039172131256934E-6 0.5892113950147186
0.15714286229878735 2.172878069977007E-5 0.6688912097430981
0.12294997609774186 0.008305500785168857 0.8566155793383923
0.2762542604392423 1.7813007073744016E-6 0.15012995125028575
0.26618179358223387 1.7266332032584357E-6 0.26618179358223215
0.26295476533852064 0.0026058390723756536 0.34794765674335076
0.1825689559713082 0.010067400384127333 0.43338720443766326
0.1844447514643034 0.007848700812054691 0.5284572099998686
0.24415309317536227 0.009657278694394854 0.6203522371201918
0.27781550430512064 3.7058725880977413E-6 0.6835853503980226
0.2697716324452402 3.2194003096370596E-6 0.806646953492021
0.35629085034788016 3.980694480698537E-6 0.12907654159159573
0.34794765674335176 0.0026058390723706147 0.26295476533852175
0.38516629667114993 0.016709794976826817 0.3851662966711566
0.33520055985410546 4.267652218300881E-5 0.42776444406953734
0.3355263211984897 1.223363600217069E-5 0.5197664631874295
0.37968161733174133 0.0016595571344334846 0.5697085263811651
0.3499628096314455 0.006107793808954742 0.6864527123926114
0.3659820579789029 9.694839511375306E-6 0.7664560894812503
0.4359628490832861 5.319431549041098E-7 0.2592639212629292
0.4333872044376539 0.010067400384128702 0.18256895597131761
0.4277644440695368 4.267652218173577E-5 0.3352005598541043
0.42981237040107007 1.9924843564153196E-5 0.42981237040107056
0.4298162250902088 2.4021589894309804E-6 0.5186281897315417
0.40427631935980196 1.3859702452566068E-4 0.6145904847303305
0.43464690748541646 3.345130127024496E-5 0.7046212416735468
0.43533964295810723 7.002375548849622E-6 0.69390606135477
0.5168890207730563 7.00551713985539E-5 0.2648321104387166
0.5284572099998601 0.007848700812068671 0.18444475146430558
0.5197664631874301 1.2233636003996867E-5 0.335526321198488
0.5186281897315399 2.402158990915382E-6 0.42981622509020784
0.5164886472078081 2.539394228626161E-7 0.5164886472078065
0.5517466580121119 5.446556231651533E-7 0.6185067548363152
0.5206090044949315 0.018379182671529968 0.7064477064724257
0.5170488820986863 3.6729144284895413E-6 0.6854983916654255
0.5892113950147169 6.203917215074418E-6 0.12746596432457552
0.6203522371201933 0.009657278694339282 0.24415309317536027
0.5697085263809479 0.0016595571342310836 0.37968161733192657
0.614590484730332 1.3859702451850568E-4 0.40427631935979
0.6185067548363229 5.446556218890304E-7 0.5517466580121096
0.570125184318692 0.015364219988428275 0.5701251843186946
0.5943894762780488 1.998837011133242E-4 0.6615482258205448
0.5817849017684839 3.052969009277125E-5 0.7712631681491977
0.668891209743095 2.1728780704840232E-5 0.1571428622988018
0.6835853503980254 3.7058725914690578E-6 0.277815504305121
0.6864527123926172 0.006107793808941019 0.34996280963144977
0.7046212416735437 3.3451301183358535E-5 0.4346469074854126
0.706447706472513 0.01837918267157016 0.5206090044949114
0.661548225820516 1.9988370127862765E-4 0.5943894762780322
0.6734672236652068 5.98706270189676E-5 0.6734672236652101
0.6759597457755039 5.595660916171004E-7 0.8060425315527909
0.8566155793384179 0.00830550078520673 0.1229499760977326
0.8066469534920245 3.219400316056668E-6 0.26977163244524044
0.7664560894812547 9.694839515438296E-6 0.3659820579789037
0.6939060613547741 7.002375553165431E-6 0.43533964295810806
0.6854983916654153 3.6729144329013395E-6 0.5170488820986869
0.7712631681491987 3.052969010481924E-5 0.5817849017684855
0.8060425315527934 5.595660892106561E-7 0.675959745775504
0.8096275629617813 0.011451754051473126 0.8096275629617815
0.14284446351268448 9.862363833445298E-6 0.14284446351268534
0.1506473800727403 1.1450295579904005E-6 0.2766575006125748
0.17070786290325718 1.0097621235172152E-6 0.36944612462609033
0.11203761147164235 6.59340128481788E-5 0.4315157205964249
0.1188278638686494 2.9461999994259275E-6 0.5115221555900754
0.15602306928406887 2.913403864627781E-5 0.5799768421532133
0.06152967757986532 0.002643488248979975 0.6618356232229036
0.14244748651981712 3.459044432557084E-5 0.8032702161251929
0.276657500612573 1.1450295572741782E-6 0.15064738007274092
0.27109697999117266 8.798456685097026E-7 0.27109697999117227
0.2629937584522327 0.015323749940674052 0.35051496637084345
0.18078823636799565 0.02017076325329119 0.44485761974492644
0.24126870543030268 4.1684894138271456E-5 0.5189900223421356
0.24631161798604662 0.017597796778081536 0.6177261227155044
0.2796287700754742 1.6753352925067077E-5 0.68141361433111
0.2731906376400177 5.2604064803908624E-5 0.8017592507875564
0.36944612462608845 1.009762122652991E-6 0.17070786290325815
0.35051496637084517 0.015323749940671016 0.2629937584522339
0.38607008174636326 0.02740475133126733 0.38607008174637425
0.3759306827659776 0.0015738791451671988 0.474183534047817
0.3763461170341331 8.802743764546781E-4 0.4713839482631021
0.3859016215641658 0.04005130269569476 0.5602470554195398
0.3499054899048143 0.0012978684718156878 0.6861913968938644
0.3664952547101256 1.2888770382737315E-5 0.7643853846674747
0.43151572059644044 6.593401284253683E-5 0.11203761147168478
0.44485761974491117 0.020170763253316296 0.18078823636802444
0.4741835340478147 0.001573879145146743 0.3759306827659785
0.4300799445219498 2.87903362513776E-5 0.4300799445219501
0.42987333332734823 3.1637244457274E-5 0.5181314472504139
0.47678204939832186 0.004391136388496007 0.5773721596408171
0.4343648516543517 1.8600787182813384E-5 0.7047329782773175
0.4299300697653095 2.5069770858073544E-5 0.8393292389252314
0.5115221555900923 2.946200014241452E-6 0.11882786386860356
0.5189900223421375 4.1684894181416116E-5 0.2412687054303017
0.4713839482631053 8.802743764345661E-4 0.37634611703413334
0.5181314472504134 3.1637244457442484E-5 0.4298733333273468
0.5172717508524133 2.0502670021101245E-6 0.5172717508524116
0.47331045787322773 0.0023772311956145624 0.5766930356028975
0.5206380383440539 0.021193307088122917 0.7057382113883763
0.5140858889162956 2.0974696437189784E-5 0.8242335552732986
0.5799768421532105 2.9134038648737737E-5 0.15602306928407353
0.6177261227155132 0.017597796778061475 0.24631161798603768
0.5602470554196086 0.04005130269565731 0.38590162156412666
0.5773721596408106 0.004391136388543 0.4767820493983175
0.5766930356028918 0.002377231195667001 0.47331045787323045
0.5688593737037558 0.01485205237740445 0.5688593737037578
0.6141696879125106 0.002207488715227287 0.7088419503050434
0.5811187081012196 7.709649615800839E-7 0.7680036687189861
0.661835623222907 0.0026434882489656253 0.06152967757986716
0.6814136143311118 1.675335293129088E-5 0.27962877007547376
0.6861913968938701 0.0012978684718047955 0.34990548990481807
0.7047329782773147 1.8600787109341353E-5 0.4343648516543475
0.7057382113884673 0.02119330708818018 0.5206380383440349
0.7088419503050337 0.0022074887152862275 0.6141696879125101
0.6735655877193123 2.5402853046664327E-4 0.6735655877193164
0.6753922546990664 2.1672623015437246E-5 0.8054539562956706
0.8032702161251847 3.459044431119357E-5 0.14244748651981937
0.8017592507875551 5.26040648055331E-5 0.2731906376400178
0.7643853846674782 1.288877038043592E-5 0.3664952547101274
0.839329238925242 2.5069770848787166E-5 0.4299300697653066
0.8242335552732506 2.0974696385376095E-5 0.5140858889162793
0.7680036687189844 7.709649677683542E-7 0.5811187081012205
0.8054539562956714 2.167262301378026E-5 0.6753922546990665
0.8074953435184832 3.777631238118527E-4 0.807495343518483
0.15574365465702833 1.701896599933064E-5 0.15574365465702808
0.15673555853291532 6.000354159659814E-7 0.28046370056265185
0.19879374505400174 1.159407435994709E-4 0.3677863576616244
0.11721154937791992 5.0162317796436646E-5 0.430452263437174
0.1216449580195554 4.126049961051004E-5 0.517276699844686
0.19897918556588398 4.715443586659953E-5 0.5822073502890163
0.1448567536408145 3.808350492322165E-6 0.6710993524719671
0.15340388574306885 6.175149478175972E-5 0.7945957922741789
0.2804637005626497 6.000354178911077E-7 0.15673555853291463
0.2056034085872993 0.010936294015121901 0.20560340858730103
0.2629129431319707 0.018864204317178335 0.3510503708606023
0.23569976099075854 1.861179728350108E-5 0.43535690159854507
0.23953960985273168 6.409574203410322E-5 0.5189768671570731
0.24954543254513795 0.023490358007936855 0.6139248903926129
0.2030819068926479 0.015393030975446772 0.7441944219132012
0.2781906159901536 3.2464911250963704E-6 0.7822717237456206
0.3677863576616231 1.1594074359969682E-4 0.1987937450540008
0.3510503708606041 0.018864204317166677 0.26291294313197233
0.38601279795215093 8.834191496522301E-4 0.3860127979521508
0.37816378602828227 0.010571385273878723 0.4723050724967229
0.3773597914179891 0.04052460554281483 0.4715132017741473
0.38383443289181685 0.009791480939985706 0.5627083891915676
0.35467909561775257 0.0197936789151928 0.6833998895532281
0.3691691467149138 2.890500684525186E-6 0.7622411226382756
0.4304522634371759 5.016231779165927E-5 0.11721154937792379
0.4353569015985424 1.8611797226337617E-5 0.23569976099079162
0.4723050724967679 0.010571385275322333 0.3781637860283023
0.42945566035305366 8.643206712358102E-6 0.42945566035305377
0.4298629376048903 2.8926027206307384E-5 0.5180747383086387
0.47446601918239073 0.0369695440284821 0.5760425590947649
0.4344596102465387 3.888806850191952E-6 0.7052923705677224
0.4312557408557676 2.4374185506751447E-5 0.8268386862004222
0.5172766998446895 4.126049961979914E-5 0.12164495801954738
0.5189768671570748 6.409574203942081E-5 0.23953960985273723
0.47151320177416006 0.040524605542788916 0.3773597914179933
0.5180747383086383 2.8926027206099624E-5 0.4298629376048896
0.5173664042759747 8.227838454357465E-7 0.5173664042759728
0.47407392890991745 0.04797574883386691 0.5764444988085006
0.5206764868665111 0.02217077023803707 0.7050847424801506
0.5156415033303665 4.546535532049399E-5 0.8173558473359751
0.5822073502890157 4.715443586692266E-5 0.19897918556588426
0.6139248903926284 0.023490358007976116 0.2495454325451192
0.5627083891915999 0.009791480939866551 0.3838344328918049
0.5760425590948032 0.03696954402808922 0.4744660191824002
0.5764444988085011 0.047975748833857065 0.474073928909917
0.5709586311953532 0.0012411939585620078 0.5709586311953561
0.616546685922553 0.028089903077576337 0.7082623813027817
0.5800402281512886 5.6612308453751845E-5 0.7588581715690548
0.6710993524719635 3.808350492024575E-6 0.1448567536408154
0.7441944219131988 0.015393030975439268 0.2030819068926513
0.6833998895532354 0.01979367891526919 0.35467909561775557
0.7052923705677211 3.888806812509355E-6 0.4344596102465359
0.7050847424802421 0.02217077023811372 0.5206764868664926
0.7082623813027528 0.02808990307752103 0.6165466859225343
0.6928600622361557 0.009420905731787232 0.6928600622361529
0.6734283641110516 3.740642802255893E-5 0.8015559198378776
0.7945957922741775 6.175149477850628E-5 0.15340388574306943
0.7822717237456183 3.2464911230869304E-6 0.27819061599015293
0.7622411226382791 2.8905006935976643E-6 0.3691691467149148
0.8268386862004302 2.437418550841132E-5 0.43125574085576657
0.8173558473359497 4.546535529917818E-5 0.5156415033303599
0.7588581715690522 5.6612308455373744E-5 0.580040228151291
0.8015559198378782 3.740642802042268E-5 0.6734283641110516
0.8006722985548136 6.549294541189637E-6 0.8006722985548135
0.16061901894679584 6.648158169232724E-6 0.16061901894679564
0.1592652918182084 1.4592351098798206E-5 0.2813866144831264
0.19694793597284904 1.3057211710678865E-5 0.36752795906863095
0.10045252281232109 2.3005076167800393E-6 0.425997388987981
0.07636384232943376 5.146522748161999E-8 0.5284172411290127
0.19705968776769411 8.308239542301236E-5 0.5829589671810725
0.14687197195401444 5.674554861021909E-7 0.6703599224084107
0.15719645721877143 1.8025490970104827E-6 0.7914747486205237
0.2813866144831241 1.459235110032229E-5 0.15926529181820775
0.20631700211200593 0.017420100948292792 0.2063170021120075
0.26271024542180116 0.019663480868362972 0.3511778724822317
0.23831143673859012 5.406356754273506E-5 0.4361283583766882
0.23891222345613308 6.640504092915287E-5 0.5188235281143702
0.25073489404387544 0.02102307361640268 0.6129538788939016
0.2041662677626288 0.02055527859216063 0.7451142607486303
0.2783763079037866 2.2583546499095656E-6 0.7837573525337838
0.3675279590686299 1.305721171105986E-5 0.19694793597284788
0.3511778724822334 0.019663480868350104 0.26271024542180316
0.38482020086268304 0.030498431227472582 0.38482020086267815
0.33116446235449637 4.974586107195643E-5 0.4302302907426019
0.33283051689409243 2.1632603632068916E-7 0.5175544951352296
0.38371619272433105 0.04293002420551644 0.5654179113843937
0.35474704174457944 1.1264243885761864E-4 0.6832043077846278
0.3694903129500806 9.226970374132565E-6 0.7617769981717564
0.42599738898797823 2.3005076179320584E-6 0.10045252281231476
0.43612835837668823 5.4063567545154306E-5 0.23831143673858624
0.43023029074260194 4.974586107424968E-5 0.3311644623544951
0.42788371015769866 9.89950575385096E-6 0.4278837101576986
0.42883575121580025 6.116569365520558E-5 0.5191671416019424
0.4284237538000837 1.3992535576491164E-4 0.6116800344633961
0.4349074974059203 1.8606492878552782E-6 0.7059866896959939
0.4292137297679639 2.383208530664966E-5 0.8454650812230056
0.5284172411289912 5.14652028496681E-8 0.0763638423294771
0.5188235281143716 6.640504093028517E-5 0.23891222345613677
0.5175544951352316 2.163260327345414E-7 0.3328305168940903
0.519167141601942 6.11656936542575E-5 0.4288357512157995
0.5190616650746732 2.1181093999076195E-6 0.5190616650746731
0.5146562245528455 2.974320081131727E-5 0.6071288689197889
0.5205698979384124 3.935999220429989E-4 0.7011783733604156
0.5248724717490478 5.409648747442758E-7 0.8888770303271117
0.582958967181072 8.308239542351267E-5 0.19705968776769475
0.6129538788939187 0.021023073616450914 0.2507348940438545
0.5654179113844096 0.0429300242057373 0.3837161927243116
0.6116800344633909 1.3992535576867182E-4 0.42842375380008985
0.6071288689197976 2.9743200810688868E-5 0.5146562245528514
0.5833844886964822 0.012211522712700392 0.5833844886964884
0.6144705077876651 0.032214629463735205 0.7063147762468374
0.5800611395232596 1.773294390960042E-5 0.7588787501136858
0.6703599224084094 5.674554852385324E-7 0.14687197195401464
0.7451142607486281 0.020555278592159876 0.20416626776263075
0.6832043077846318 1.1264243883489092E-4 0.3547470417445788
0.7059866896959944 1.860649285978043E-6 0.43490749740591794
0.7011783733604537 3.9359992201046067E-4 0.5205698979384022
0.7063147762468044 0.032214629463501336 0.6144705077876513
0.7441302911807595 0.009272109557495717 0.7441302911807596
0.6728983826822612 1.4838527793283666E-5 0.8000661346618226
0.7914747486205226 1.802549094906612E-6 0.1571964572187717
0.783757352533782 2.2583546487374956E-6 0.2783763079037865
0.7617769981717601 9.226970385428498E-6 0.369490312950082
0.8454650812229939 2.3832085289052806E-5 0.4292137297679684
0.888877030327182 5.409649658143682E-7 0.524872471749061
0.7588787501136831 1.7732943910937404E-5 0.5800611395232622
0.8000661346618225 1.4838527790738173E-5 0.6728983826822608
0.7955787084910275 3.783834817786237E-6 0.7955787084910273
0.16948859659731777 1.4955021397895386E-5 0.16948859659731794
0.15257618485987498 4.74478603783607E-6 0.27842175438441896
0.17717685886362314 5.40862157112166E-5 0.37120118645990446
0.11539398789120518 4.9673414460456213E-5 0.43000711816731024
0.11390638880267351 2.47436163063377E-5 0.5189867190566246
0.1625377654325017 1.6711567628268692E-6 0.578117116523338
0.1368715436192215 3.0740217673198104E-6 0.6746770061177799
0.16246767845241758 3.218812589068436E-5 0.7865304917895218
0.27842175438441674 4.744786038086803E-6 0.1525761848598747
0.20636322415691147 0.018599491906251157 0.20636322415691305
0.26274581727391266 0.016705228080578637 0.35119784351155675
0.2378214465248478 5.049015169313704E-5 0.4366754532381602
0.23844893082075455 5.463555465374446E-6 0.5188057266574493
0.25124664152349296 0.024136951541124923 0.6122975935430284
0.2042988580101731 0.020878431826055747 0.744726605664831
0.2738616261779009 1.8175307268637354E-6 0.8011297397606962
0.3712011864599031 5.4086215710418905E-5 0.1771768588636236
0.3511978435115584 0.01670522808056587 0.26274581727391405
0.3500029893382879 6.452579958913408E-6 0.3500029893382875
0.3396763654011436 1.0434739304697447E-4 0.42813213222199986
0.34031483378905003 1.5446240915359895E-4 0.5229226738373676
0.34456915522401765 1.3377397081293587E-5 0.5971853901259098
0.3547151122587453 7.121831217173858E-5 0.6832427764902107
0.3676502970267559 2.4847851702895156E-6 0.7631202797853693
0.4300071181673106 4.967341445711019E-5 0.11539398789120663
0.43667545323816004 5.0490151698067125E-5 0.23782144652484455
0.4281321322219998 1.0434739304644977E-4 0.33967636540114304
0.4303162381828203 6.618624239528739E-5 0.430316238182821
0.42991132143621075 2.0301059052499985E-5 0.5178619327659385
0.4266579698936224 9.00629841658881E-5 0.6060799551989111
0.4355658489884414 7.0934523599291625E-6 0.7065539301430055
0.43011868411207277 1.8105353142067716E-7 0.8309422362418876
0.5189867190566262 2.474361631275503E-5 0.1139063888026698
0.5188057266574508 5.463555467542986E-6 0.23844893082075752
0.5229226738373679 1.5446240915488585E-4 0.34031483378904903
0.5178619327659362 2.0301059055387128E-5 0.42991132143621
0.5182798300790351 2.216721709103417E-5 0.5182798300790333
0.518718045228632 2.0033242970599814E-4 0.6033817048002119
0.5207958573807996 3.236648071084196E-4 0.7009544889007102
0.5186637770384384 4.15726050786564E-5 0.8327895194964089
0.5781171165233369 1.6711567591001309E-6 0.16253776543250606
0.6122975935430434 0.02413695154117208 0.2512466415234724
0.597185390125918 1.33773970697505E-5 0.3445691552240109
0.6060799551989063 9.006298416849983E-5 0.4266579698936239
0.603381704800217 2.003324297036551E-4 0.5187180452286327
0.5814465441255562 1.4467312392438444E-5 0.5814465441255594
0.614708851133571 0.028621361180196515 0.7064605625158947
0.5811171587675278 3.4142290277036375E-5 0.7678600284937
0.6746770061177785 3.0740217683580932E-6 0.13687154361921947
0.744726605664829 0.020878431826055446 0.20429885801017497
0.6832427764902149 7.121831214387594E-5 0.35471511225874464
0.7065539301430076 7.0934523586689605E-6 0.43556584898843914
0.70095448890075 3.236648071019729E-4 0.5207958573807875
0.7064605625158566 0.02862136117992865 0.6147088511335548
0.7438843287614639 0.004399617525583578 0.743884328761464
0.6742539264556332 2.276961152267815E-6 0.8032146508030124
0.7865304917895205 3.218812588911296E-5 0.1624676784524174
0.8011297397606949 1.8175307317739515E-6 0.2738616261779011
0.7631202797853714 2.484785163124945E-6 0.3676502970267578
0.8309422362418925 1.8105353104009848E-7 0.4301186841120731
0.8327895194964108 4.1572605078716374E-5 0.5186637770384432
0.767860028493698 3.414229028340618E-5 0.5811171587675287
0.8032146508030131 2.2769611516061975E-6 0.6742539264556331
0.7895703192361962 2.9051747603856944E-5 0.789570319236196
0.20420860450042216 6.791186675551584E-5 0.2042086045004235
0.15916146042822032 2.0776716327411845E-5 0.2812574739226342
0.2026937374820315 2.0596072673467346E-7 0.3681939548730052
0.1662356709397285 0.004392479820259332 0.4834844122998589
0.1663177114302069 3.1478612343372033E-4 0.4809405016642593
0.20417149378333943 1.8261103824921638E-4 0.5815710716088122
0.15741694072722343 5.256625763970902E-6 0.666684820321243
0.20297872947775214 1.2722083730513176E-6 0.7444470103712407
0.28125747392263223 2.077671632824583E-5 0.1591614604282197
0.2680248235287465 3.9919333829291266E-6 0.2680248235287452
0.2671959659410717 1.8319011268546302E-4 0.35312130454393803
0.2572300635790091 9.019031243980566E-5 0.4333203830186726
0.2569003771376116 3.0721211370559625E-5 0.5184637400079132
0.2755793689985713 2.407279001609325E-4 0.5991530397473573
0.27826339552460916 1.9344112965027886E-5 0.6842895244223656
0.2773442277637847 1.8655065136700656E-5 0.7890117496434104
0.3681939548730043 2.0596072711291094E-7 0.20269373748203132
0.35312130454393675 1.831901127027329E-4 0.26719596594106854
0.3488097882621319 7.528873578645283E-5 0.3488097882621315
0.33501580150050914 1.0377583634185616E-6 0.4300693417692325
0.33517104111550294 4.506132849403679E-5 0.5184063981728302
0.34206197191305376 2.088025283620825E-5 0.5994562242349135
0.35276483370594114 3.662990480128971E-5 0.6806474073330311
0.3696376115078343 1.1808771194611649E-5 0.7612752514561301
0.48348441229986994 0.00439247982026389 0.16623567093973085
0.4333203830186724 9.019031243918997E-5 0.2572300635790068
0.43006934176923295 1.037758365482537E-6 0.33501580150050825
0.4303772076569423 7.695661431490517E-5 0.43037720765694276
0.42960858295296733 5.311267408291044E-6 0.5182940499659545
0.42777735000047284 3.863368876305749E-5 0.6081965051314844
0.4313684757881327 1.082253486046198E-5 0.6918916443290175
0.4672250211466092 3.148631617115114E-6 0.7756742678226298
0.4809405016642721 3.147861234271258E-4 0.16631771143020957
0.518463740007913 3.0721211371416836E-5 0.256900377137612
0.5184063981728316 4.5061328491386674E-5 0.33517104111550117
0.5182940499659536 5.311267409013204E-6 0.4296085829529663
0.5173476495049236 2.7928342530312803E-6 0.517347649504922
0.515956325630785 7.973814271843989E-5 0.6036931666971794
0.5192736078279051 1.9012261324081915E-5 0.6840127621613415
0.4784521599809902 1.6331170642923986E-4 0.774747063004208
0.5815710716088114 1.8261103824931106E-4 0.20417149378333843
0.5991530397473559 2.4072790015248905E-4 0.2755793689985748
0.5994562242349164 2.0880252837375636E-5 0.34206197191305204
0.6081965051314795 3.863368876210225E-5 0.4277773500004756
0.6036931666971856 7.97381427177669E-5 0.5159563256307889
0.6091827753020931 2.2586293761157024E-4 0.6091827753020945
0.6017757474789184 1.8988296628429682E-4 0.6782520861362736
0.5800370001264274 5.438361527965185E-5 0.7597396946356155
0.6666848203212428 5.25662576341741E-6 0.15741694072722437
0.6842895244223662 1.9344112961717386E-5 0.2782633955246085
0.6806474073330334 3.662990479426603E-5 0.35276483370593986
0.6918916443290154 1.082253485295123E-5 0.43136847578813114
0.6840127621613483 1.901226133167181E-5 0.519273607827904
0.6782520861362729 1.8988296628368544E-4 0.6017757474789172
0.6753370145529259 4.8275946061228565E-6 0.6753370145529286
0.672594590655245 2.261639937791369E-5 0.7988489126284408
0.7444470103712395 1.2722083727336599E-6 0.20297872947775283
0.7890117496434075 1.8655065135887654E-5 0.2773442277637846
0.7612752514561334 1.1808771202231219E-5 0.36963761150783575
0.7756742678226246 3.148631781402121E-6 0.4672250211466345
0.774747063004221 1.6331170635267388E-4 0.4784521599809251
0.7597396946356136 5.438361528208087E-5 0.5800370001264287
0.7988489126284413 2.2616399375890162E-5 0.6725945906552451
0.741789641632392 1.0400387118477636E-6 0.7417896416323913
