512
0.2626654789571748 0.07860753449141396 0.26266547895717485
0.2571361802137599 0.08374131295062628 0.3345078410047077
0.25407598655120583 0.08704625819750782 0.394391428650202
0.25293778169809 0.08915664880760499 0.4484879680580256
0.25294332870586117 0.0891853473998831 0.5015047530121276
0.2540753560962681 0.087076331436807 0.5556804540261242
0.25716741432787704 0.0838133462492682 0.6154630831694571
0.2626000556109559 0.07859640576116755 0.6872788365384858
0.33450784100470765 0.08374131295062628 0.2571361802137599
0.3301756813781721 0.08838044090794177 0.3301756813781721
0.3279461586448478 0.0917183860863938 0.39267748474300435
0.3268433870782778 0.09350964237416357 0.44847383239030425
0.32685081752273887 0.09351344644097778 0.5015569260438151
0.3279733123865738 0.09180269094484117 0.5573611963236368
0.3302830009728897 0.08846223573134686 0.6197483986679831
0.3345023966782745 0.08370632726496303 0.692768678324142
0.394391428650202 0.08704625819750779 0.25407598655120583
0.39267748474300435 0.0917183860863938 0.3279461586448478
0.3920663786440982 0.09484271476003135 0.3920663786440982
0.3908946397299903 0.09634645744538939 0.44844939720128446
0.39090515685470734 0.09635434131549664 0.5016082461937988
0.3920855715057772 0.09484908888406843 0.5580311215128562
0.3927657177174856 0.09166736687784308 0.6220179431779522
0.39443887752985496 0.08700821122342059 0.6958150041123643
0.4484879680580256 0.08915664880760497 0.25293778169809006
0.44847383239030425 0.09350964237416358 0.32684338707827787
0.44844939720128446 0.0963464574453894 0.39089463972999033
0.44801041956301696 0.09771903666634554 0.4480104195630169
0.44802039347310924 0.09767897190512145 0.5020687479071013
0.44846407264840604 0.09652438013448912 0.5592874580041276
0.4485296715899514 0.09341938284890007 0.6230988031390368
0.4484935502218144 0.08913621685798695 0.6969629898740239
0.5015047530121276 0.08918534739988311 0.25294332870586117
0.5015569260438151 0.09351344644097773 0.32685081752273887
0.501608246193799 0.09635434131549662 0.39090515685470734
0.5020687479071012 0.09767897190512148 0.44802039347310924
0.5020761289031155 0.09764741710240643 0.5020761289031156
0.5016244476873891 0.09649130721188653 0.5592849709138764
0.5015485433782225 0.09344311922264004 0.6230719488559241
0.5015047987069682 0.08916225933825857 0.6969568273845006
0.5556804540261242 0.087076331436807 0.2540753560962681
0.5573611963236368 0.09180269094484118 0.32797331238657373
0.5580311215128562 0.09484908888406843 0.39208557150577716
0.5592874580041276 0.09652438013448911 0.4484640726484061
0.5592849709138763 0.09649130721188655 0.5016244476873891
0.5580549884711151 0.09479113514170438 0.558054988471115
0.5572398137244383 0.09175451420777296 0.6219771015304993
0.555645209874653 0.08703212539074441 0.6958082382817038
0.6154630831694571 0.08381334624926821 0.25716741432787704
0.6197483986679831 0.08846223573134689 0.33028300097288976
0.6220179431779523 0.09166736687784308 0.39276571771748564
0.6230988031390365 0.09341938284890008 0.44852967158995133
0.6230719488559242 0.09344311922264002 0.5015485433782225
0.6219771015304993 0.09175451420777299 0.5572398137244383
0.619650012130669 0.08854612490798787 0.6196500121306691
0.6154681227439525 0.08378535012003217 0.6927544017725265
0.6872788365384858 0.07859640576116755 0.2626000556109559
0.692768678324142 0.08370632726496299 0.3345023966782746
0.6958150041123643 0.0870082112234206 0.39443887752985496
0.6969629898740238 0.08913621685798691 0.4484935502218144
0.6969568273845005 0.08916225933825857 0.5015047987069681
0.6958082382817038 0.0870321253907444 0.5556452098746529
0.6927544017725263 0.0837853501200323 0.6154681227439525
0.6873445840292808 0.07862810524273212 0.6873445840292808
0.2546749119440906 0.0061491580274651465 0.25467491194409053
0.2501922884956138 0.009846869681111564 0.32792387537807993
0.24730701378561254 0.013978091347740938 0.391753630545871
0.24608497415427041 0.016651930966350995 0.4480252443818761
0.2460940114239644 0.016638746089547254 0.5019767701429194
0.2472968682325856 0.01412325062000546 0.558260417232157
0.25012044484680684 0.010527490612997414 0.6220995430754949
0.2545967603116691 0.006092103980545846 0.6953496200413579
0.32792387537807993 0.00984686968111155 0.2501922884956138
0.32332408020587666 0.013057785561220106 0.32332408020587666
0.32085886185366314 0.016922346167880496 0.38854233776419006
0.3194333795354467 0.020021742595072504 0.4471462760812954
0.31952360546237174 0.01989232420570814 0.5028365170456991
0.3208535926718678 0.01707000091453341 0.5615055823822749
0.3232780729234057 0.013504722399192991 0.6267010518783368
0.32778420800354535 0.00905822312187847 0.6998698179151293
0.3917536305458709 0.013978091347740938 0.24730701378561254
0.38854233776419006 0.016922346167880485 0.3208588618536631
0.38716111617249765 0.020326665539511075 0.38716111617249765
0.3863181312075595 0.022682381030768035 0.4469450326796385
0.3863330834575236 0.02267392268641674 0.503086611995253
0.3871403268297474 0.02057542817865297 0.5629641781492394
0.38853305333253263 0.017618614392868125 0.629120468894252
0.39161513868577735 0.012807453395988808 0.7028611300779436
0.448025244381876 0.016651930966350974 0.2460849741542704
0.44714627608129537 0.02002174259507253 0.31943337953544665
0.4469450326796385 0.022682381030768042 0.3863181312075595
0.44650440406334785 0.025442276491155005 0.4465044040633479
0.44652595834705744 0.025194596687604716 0.5035614330361728
0.44694669569257145 0.022861333718370527 0.5640485947330482
0.44720957481916424 0.020807585102324045 0.630319747191655
0.4479163208298615 0.0165204326287927 0.7041072176110847
0.5019767701429194 0.01663874608954725 0.2460940114239643
0.5028365170456992 0.019892324205708148 0.31952360546237174
0.5030866119952527 0.022673922686416752 0.38633308345752354
0.503561433036173 0.02519459668760473 0.44652595834705744
0.5035706422713417 0.02507288899969739 0.5035706422713417
0.5031357910947435 0.022884628799432646 0.5640227495297592
0.5028317405268588 0.020604901491882596 0.6303136531021633
0.5020746605195511 0.01633175536906545 0.7040829250279611
0.558260417232157 0.014123250620005447 0.2472968682325857
0.5615055823822749 0.017070000914533392 0.32085359267186786
0.5629641781492394 0.02057542817865307 0.38714032682974747
0.5640485947330482 0.022861333718370586 0.44694669569257145
0.5640227495297593 0.022884628799432517 0.5031357910947435
0.563094843073304 0.02064944665497991 0.5630948430733039
0.5615044689261117 0.017667207722977387 0.6291269544004103
0.5584444251589815 0.012851055028691948 0.7029786408122668
0.6220995430754949 0.010527490612997431 0.2501204448468068
0.6267010518783367 0.013504722399193037 0.32327807292340566
0.6291204688942521 0.017618614392868187 0.3885330533325326
0.6303197471916551 0.02080758510232407 0.44720957481916424
0.6303136531021634 0.0206049014918827 0.5028317405268588
0.6291269544004102 0.017667207722977356 0.5615044689261117
0.6268602187277793 0.013969284160078236 0.6268602187277793
0.6223248801526619 0.009670347063896242 0.7000651890519425
0.6953496200413579 0.006092103980545943 0.2545967603116691
0.6998698179151293 0.009058223121878529 0.3277842080035454
0.7028611300779436 0.012807453395988717 0.3916151386857774
0.7041072176110847 0.01652043262879267 0.4479163208298615
0.7040829250279612 0.01633175536906545 0.5020746605195511
0.7029786408122668 0.012851055028691927 0.5584444251589815
0.7000651890519425 0.009670347063896363 0.6223248801526619
0.6954953619389743 0.006041666112462938 0.6954953619389743
0.24985526784437587 0.025010562740504692 0.24985526784437587
0.24668565234159948 0.016978341451026495 0.32544902334854153
0.24329710880278937 0.01776021660843894 0.3907163470406725
0.24180737643085082 0.018794272634767198 0.44795621411667086
0.2418095339551205 0.018790336596993466 0.5020488019271235
0.24328697819183495 0.01777076813674223 0.5592843335187706
0.246648074233357 0.016986160471902753 0.6245510167435272
0.2497956186260634 0.025046631503835272 0.700153856385996
0.3254490233485415 0.016978341451026453 0.24668565234159956
0.3216521285410938 0.01722364986834398 0.3216521285410938
0.31862015249869274 0.019239929888464437 0.38712426868370053
0.3166252318682779 0.020616832525206352 0.44671970771109065
0.3166347199516852 0.02061150442070505 0.503287875540682
0.3185644031709767 0.0193296789355437 0.5629511740896481
0.32155468184221353 0.017382843358127762 0.6284208059587085
0.32532795506634876 0.016704351530371447 0.7034857290876215
0.3907163470406725 0.017760216608438954 0.24329710880278937
0.38712426868370053 0.019239929888464426 0.31862015249869274
0.38507552508891113 0.020937771276469903 0.38507552508891113
0.38402323093110696 0.012587986423706087 0.445794811110142
0.38404624680594457 0.012601828108398595 0.5042252940782582
0.3850452648041543 0.020949424484524352 0.5650116817908121
0.3870128278948737 0.019716534129216066 0.6315210492102267
0.39066576204251174 0.017598638788028326 0.706853766397944
0.4479562141166708 0.0187942726347672 0.2418073764308509
0.4467197077110907 0.02061683252520642 0.3166252318682779
0.44579481111014196 0.012587986423706059 0.384023230931107
0.44547140124940104 0.015459968872572357 0.44547140124940104
0.44551293635691397 0.01536858719847459 0.5045571183449852
0.44580700517381244 0.01253751145913739 0.566153925562232
0.44666959820831603 0.02099540239010002 0.6335216398370755
0.44786109629578424 0.018697647999694596 0.7084160964252356
0.5020488019271235 0.018790336596993494 0.24180953395512042
0.503287875540682 0.020611504420705033 0.3166347199516851
0.5042252940782584 0.012601828108398563 0.3840462468059444
0.5045571183449851 0.015368587198474589 0.44551293635691397
0.5045483118322319 0.015290245486322147 0.5045483118322319
0.5042470442026443 0.01255462108411833 0.5661445523112837
0.5033590280474617 0.02094521306746166 0.6335027560743937
0.5021359252874705 0.018703557682389106 0.7084073737251861
0.5592843335187706 0.017770768136742242 0.24328697819183512
0.5629511740896482 0.019329678935543635 0.31856440317097673
0.5650116817908122 0.020949424484524613 0.38504526480415435
0.5661539255622319 0.012537511459137292 0.4458070051738124
0.5661445523112837 0.012554621084118305 0.5042470442026442
0.5650918459607973 0.020900364326368114 0.5650918459607973
0.5630154068731102 0.0197984235221975 0.6315300320736595
0.5593515419149514 0.01761883381961842 0.7068950502016158
0.6245510167435272 0.016986160471902836 0.24664807423335694
0.6284208059587085 0.017382843358127655 0.3215546818422136
0.6315210492102266 0.019716534129216055 0.38701282789487373
0.6335216398370755 0.020995402390100115 0.4466695982083161
0.6335027560743938 0.020945213067461853 0.5033590280474617
0.6315300320736595 0.01979842352219747 0.5630154068731102
0.628570022847383 0.0175616943017332 0.628570022847383
0.6246619951626786 0.016743299029945376 0.7035375206902681
0.7001538563859961 0.025046631503835237 0.24979561862606334
0.7034857290876214 0.01670435153037157 0.32532795506634876
0.7068537663979436 0.017598638788028396 0.39066576204251174
0.7084160964252356 0.018697647999694523 0.4478610962957843
0.708407373725186 0.018703557682388888 0.5021359252874705
0.7068950502016156 0.017618833819618505 0.5593515419149514
0.7035375206902681 0.016743299029945383 0.6246619951626786
0.7002328879516858 0.025079528479272507 0.7002328879516859
0.24643019103892735 0.03838285105662724 0.24643019103892735
0.24251514947363925 0.03845370633236314 0.3233406126201478
0.239033708168579 0.037124632153504776 0.3894364154646176
0.23733573999297797 0.03593757737633516 0.44796564473340483
0.2373442381617453 0.035916222418018645 0.5020443903227834
0.23902532297772724 0.03709198346257172 0.5605226200422601
0.24247201401200616 0.038349914028762935 0.6266631448438547
0.24642264605194766 0.03840617937294841 0.7035492852776539
0.3233406126201478 0.03845370633236313 0.2425151494736392
0.3199620998143217 0.03730954248037872 0.3199620998143217
0.31669050460725995 0.037447763210288726 0.38602479220756514
0.31470056971920973 0.03761067343180062 0.44606936911624984
0.3146957852638289 0.03760282191049847 0.5039175086106705
0.3166578751049535 0.03742596904028223 0.5640106808680956
0.31982846110091834 0.03729661614385304 0.6301692905308117
0.3232726877474208 0.038652639164651274 0.707669106033342
0.3894364154646176 0.03712463215350477 0.23903370816857894
0.38602479220756514 0.03744776321028871 0.31669050460725995
0.3834669386431387 0.039082338831299406 0.38346693864313874
0.3827169292909158 0.03979008539172751 0.44536502518878934
0.38273143693561895 0.0398126538988491 0.5046319207660906
0.3834512055799754 0.03897313488241057 0.5665596127397344
0.3858357751526525 0.037258946298030254 0.6334654179775021
0.3892876814486899 0.03723934254392655 0.7110991159876658
0.4479656447334049 0.035937577376335156 0.23733573999297816
0.44606936911624984 0.03761067343180064 0.3147005697192098
0.44536502518878934 0.03979008539172773 0.3827169292909158
0.4452855561502044 0.028623451353886508 0.4452855561502044
0.44529171997235567 0.028796258676879936 0.5047452753716459
0.4453889760386544 0.039761678858911194 0.567316635360332
0.44594155895414356 0.037313858785403775 0.6355325979676468
0.4478333217240598 0.0358984552141752 0.7129354634457454
0.5020443903227834 0.03591622241801862 0.2373442381617452
0.5039175086106705 0.037602821910498456 0.31469578526382885
0.5046319207660906 0.03981265389884933 0.3827314369356188
0.5047452753716459 0.02879625867687995 0.44529171997235567
0.5047442084557164 0.028884511621005 0.5047442084557164
0.5046397643661561 0.0397749363689958 0.5673087720160759
0.5040301937328745 0.037280689416201336 0.6355302509538076
0.5021745816379518 0.03588494243297685 0.7129286038078998
0.56052262004226 0.03709198346257181 0.23902532297772727
0.5640106808680956 0.03742596904028219 0.3166578751049536
0.5665596127397344 0.03897313488241063 0.3834512055799754
0.5673166353603321 0.039761678858911034 0.44538897603865435
0.5673087720160759 0.03977493636899555 0.5046397643661561
0.5665802541405062 0.03886695291896557 0.5665802541405062
0.5642199247614148 0.0372253415788766 0.6335173827814237
0.5606727221569112 0.03720515221704126 0.7111317735521446
0.6266631448438545 0.03834991402876287 0.2424720140120063
0.6301692905308119 0.037296616143853094 0.31982846110091834
0.6334654179775021 0.03725894629803017 0.3858357751526525
0.6355325979676469 0.037313858785403865 0.4459415589541436
0.6355302509538076 0.037280689416201336 0.5040301937328745
0.6335173827814236 0.03722534157887695 0.5642199247614148
0.6303506083757267 0.03726463023860954 0.6303506083757267
0.6267359320122909 0.038482549887460915 0.707711701178934
0.7035492852776538 0.03840617937294839 0.2464226460519478
0.7076691060333424 0.038652639164651226 0.3232726877474208
0.7110991159876655 0.037239342543926586 0.38928768144868997
0.7129354634457454 0.0358984552141752 0.44783332172405976
0.7129286038079 0.0358849424329767 0.5021745816379519
0.7111317735521446 0.03720515221704121 0.5606727221569113
0.7077117011789341 0.03848254988746105 0.6267359320122909
0.7035538508393266 0.03841318995769527 0.7035538508393266
0.2444448332291061 0.049951879620334025 0.24444483322910604
0.24043046172657837 0.04729258896773888 0.3228028031335425
0.23704947901077206 0.04499963556553448 0.3891894920442157
0.23502799802660634 0.0428984203836308 0.44815510343563003
0.23503304943154138 0.042876400242298066 0.501856900419193
0.23703932528754426 0.04491872851242244 0.5607365349223996
0.24037736646926142 0.047229061356767854 0.6272132519853626
0.24446562163729516 0.04996093748765282 0.7055345945180349
0.3228028031335423 0.04729258896773896 0.2404304617265784
0.3184753469281658 0.061853676194787086 0.31847534692816587
0.3157786156371446 0.05696642983941604 0.38565860813578445
0.31379412142165114 0.056096221030473466 0.4457181763723918
0.3137857227666596 0.05607433993645225 0.5042410946404028
0.31575072655748115 0.056891594401244305 0.5643275653307092
0.31830344376516967 0.061709968189330854 0.6317593557114546
0.32272268220962724 0.04765209384880131 0.7097517160076128
0.3891894920442157 0.04499963556553442 0.23704947901077195
0.38565860813578445 0.056966429839416244 0.3157786156371446
0.38344196165521216 0.05961180710853457 0.38344196165521216
0.3826567332626148 0.044874144888324356 0.44536337752917843
0.3826604702133457 0.04487653127498342 0.5046230753062895
0.3834302590006169 0.05943916979704866 0.5664846925013146
0.3853458905272873 0.056433831321651466 0.634402229141626
0.3889538588655498 0.04531953446735477 0.7130889467690715
0.4481551034356301 0.042898420383630856 0.2350279980266072
0.4457181763723918 0.05609622103047336 0.3137941214216512
0.44536337752917843 0.04487414488832438 0.3826567332626148
0.44549525721934896 0.040611078948479526 0.4454952572193489
0.44558712908545506 0.04077607258797657 0.5044379487433003
0.44537093464119226 0.04480714216108803 0.5673449044597161
0.4455446004344642 0.055663097799544405 0.6364695338436845
0.4480253250797127 0.04304717339050151 0.715162199907879
0.501856900419193 0.04287640024229825 0.23503304943154094
0.5042410946404029 0.05607433993645201 0.3137857227666596
0.5046230753062895 0.04487653127498352 0.3826604702133456
0.5044379487433003 0.04077607258797658 0.4455871290854549
0.5043800210813464 0.040663811927529714 0.5043800210813464
0.5046382257502449 0.0448037221349272 0.5673253664220084
0.5043572744953015 0.05564490533323847 0.6364900765612641
0.5019854382346393 0.04302583831417014 0.7151637459392888
0.5607365349223996 0.044918728512422415 0.23703932528754423
0.5643275653307092 0.056891594401244736 0.3157507265574811
0.5664846925013146 0.059439169797048524 0.3834302590006169
0.5673449044597161 0.044807142161087964 0.44537093464119226
0.5673253664220085 0.04480372213492737 0.5046382257502449
0.5665188165852716 0.059314739375409944 0.5665188165852716
0.5646939069596125 0.05641661522924627 0.6344620711881377
0.5609455545265597 0.045210597369706486 0.7131153213050787
0.6272132519853626 0.04722906135676784 0.24037736646926136
0.6317593557114546 0.06170996818933076 0.3183034437651693
0.6344022291416259 0.05643383132165177 0.38534589052728724
0.6364695338436847 0.05566309779954435 0.44554460043446426
0.6364900765612641 0.055644905333238265 0.5043572744953015
0.6344620711881376 0.05641661522924623 0.5646939069596125
0.6319732677220521 0.06148794101085453 0.6319732677220521
0.6273021152396376 0.047562917730611304 0.7098061812776578
0.7055345945180349 0.04996093748765278 0.24446562163729513
0.709751716007613 0.047652093848801425 0.3227226822096273
0.7130889467690711 0.045319534467354455 0.3889538588655498
0.7151621999078789 0.04304717339050167 0.44802532507971266
0.7151637459392887 0.043025838314170214 0.5019854382346394
0.7131153213050785 0.04521059736970655 0.5609455545265598
0.7098061812776579 0.04756291773061118 0.6273021152396376
0.7055203622550474 0.04993965966977724 0.7055203622550474
0.2435966365564935 0.0664156086163839 0.24359663655649347
0.23894202521716415 0.0598545477813936 0.32282446398351766
0.23626677772984156 0.055894635712136154 0.38945970728003443
0.23213370194514601 0.06546337742686298 0.4483437085116449
0.23211876211202587 0.06572152219612087 0.5016689055068172
0.2362528276558284 0.05570001176943887 0.5604506466267833
0.23885577841081906 0.05985956030404274 0.6271966956177297
0.24359957006043287 0.06644161433634724 0.7064899515638641
0.3228244639835176 0.05985454778139365 0.23894202521716415
0.31818171154595876 0.07729673654916938 0.31818171154595876
0.3158277404819211 0.06921497752850236 0.3858416689147231
0.3138928930245744 0.06620349428530037 0.44582482251423494
0.31389122791808294 0.06618310590838956 0.5041297717694843
0.31576349622531585 0.06905109060300421 0.5641534053374492
0.3179643433976044 0.0771070251989342 0.6320784410724279
0.3225972742889393 0.06047613195825758 0.7115371443493261
0.3894597072800345 0.0558946357121362 0.23626677772984156
0.38584166891472305 0.06921497752850236 0.3158277404819211
0.38390889337986067 0.06768685909823725 0.3839088933798606
0.38331637898882787 0.06339205231934499 0.4457338367712361
0.38332374725537466 0.06316334295261893 0.5042289495418874
0.38388080590928997 0.06748254958832037 0.5660107377286792
0.38544811658511985 0.06878584624736042 0.6344626148986107
0.38913399053147035 0.05652186712796006 0.7141726135419209
0.44834370851164485 0.06546337742686296 0.23213370194514613
0.44582482251423494 0.0662034942853003 0.31389289302457446
0.4457338367712361 0.06339205231934497 0.3833163789888278
0.4455735449065011 0.05439053193138684 0.4455735449065011
0.4456565220196519 0.05459502748083883 0.504368448952252
0.44576500757092713 0.06261923968891078 0.5666727978647379
0.445582090632876 0.06582050164483895 0.6365751867877175
0.448224803844073 0.0659799910175906 0.7186221680389329
0.5016689055068172 0.06572152219612082 0.23211876211202587
0.5041297717694844 0.06618310590838973 0.3138912279180829
0.5042289495418874 0.06316334295261869 0.3833237472553746
0.504368448952252 0.054595027480838464 0.44565652201965184
0.5043148880292411 0.05495611308229498 0.5043148880292411
0.5042315210924185 0.06234977658075626 0.5666686451536143
0.5043108810095801 0.06582734159196427 0.6366242132363487
0.5018042862583599 0.0660949461262326 0.7186694788869926
0.5604506466267833 0.05570001176943906 0.2362528276558284
0.5641534053374493 0.06905109060300416 0.3157634962253159
0.5660107377286792 0.06748254958832045 0.38388080590928997
0.5666727978647379 0.06261923968891078 0.4457650075709272
0.5666686451536143 0.06234977658075652 0.5042315210924185
0.5660778549775806 0.06737225458394717 0.5660778549775806
0.5646664518697023 0.06863345925356137 0.6346761521730298
0.560726537245297 0.05623817746627298 0.7142348171261131
0.6271966956177297 0.05985956030404268 0.238855778410819
0.632078441072428 0.07710702519893438 0.3179643433976043
0.6344626148986107 0.06878584624736049 0.3854481165851199
0.6365751867877175 0.065820501644839 0.445582090632876
0.6366242132363488 0.06582734159196453 0.50431088100958
0.6346761521730295 0.06863345925356125 0.5646664518697023
0.6323758878465348 0.07687179633557406 0.6323758878465346
0.6274455864141693 0.0605318083654512 0.711634703828357
0.7064899515638641 0.06644161433634745 0.24359957006043287
0.7115371443493259 0.06047613195825762 0.3225972742889393
0.7141726135419203 0.0565218671279602 0.3891339905314704
0.7186221680389339 0.06597999101759038 0.448224803844073
0.7186694788869925 0.06609494612623278 0.5018042862583599
0.7142348171261129 0.05623817746627298 0.5607265372452969
0.7116347038283571 0.06053180836545104 0.6274455864141693
0.706580468130536 0.06638268548431879 0.706580468130536
0.2454526543330709 0.08069973001081981 0.24545265433307092
0.23979573882193547 0.08906734774011357 0.3241954940478772
0.23722292474166345 0.08100964481472524 0.3899776362311013
0.2342695067857549 0.07106970393532287 0.4481738852732242
0.2342528847046577 0.07142260916784418 0.501827357216059
0.23717688803844292 0.08094968502466814 0.5599817815083288
0.23970336925977734 0.08875636001694222 0.6258433886767761
0.2453478431649 0.08085163717731013 0.704728780132142
0.3241954940478771 0.08906734774011357 0.23979573882193547
0.31875785461664985 0.08725211329950211 0.31875785461664985
0.3170471470721144 0.09857206031511224 0.3868826183529912
0.31545082103641237 0.09242310446233677 0.4464310387785112
0.31545602706276904 0.0924479125493155 0.5035441575185808
0.3169476803653235 0.09815213259494536 0.5631670788974119
0.31852087294831566 0.08696121208518844 0.6314716325952002
0.32378215151591294 0.09046465941790523 0.7109075756013995
0.3899776362311013 0.08100964481472517 0.23722292474166348
0.3868826183529912 0.0985720603151123 0.31704714707211434
0.3848454481073496 0.0830112331463908 0.3848454481073496
0.3841335716605461 0.07784769800244348 0.445921614834336
0.3841594723569712 0.07776019910721964 0.5040448027886111
0.3847502856681466 0.08271490155594914 0.5651677401696266
0.3864051561413393 0.09763741507677666 0.6334462230840446
0.38947089878278174 0.08161541209167089 0.7138010350212086
0.44817388527322427 0.07106970393532282 0.23426950678575484
0.44643103877851126 0.09242310446233698 0.3154508210364124
0.445921614834336 0.07784769800244336 0.3841335716605461
0.4455419914475942 0.09369215856513124 0.4455419914475942
0.44560003873466014 0.09360623397938583 0.5045071329864436
0.44585533259938714 0.07746776630159789 0.5660846647564458
0.44611367846483524 0.09140080518628217 0.6355189750415439
0.44799439611352115 0.0714187063720454 0.7167241614520818
0.501827357216059 0.07142260916784433 0.23425288470465766
0.5035441575185807 0.09244791254931542 0.315456027062769
0.5040448027886112 0.07776019910721972 0.3841594723569712
0.5045071329864436 0.09360623397938597 0.44560003873466014
0.5045010674144698 0.0937516427368041 0.5045010674144698
0.504138205069124 0.07741650244709808 0.5660789123480122
0.503828945874017 0.09130847276038741 0.6355921306193593
0.5019939178091805 0.07193858851520869 0.7167817709244262
0.5599817815083288 0.08094968502466812 0.23717688803844295
0.5631670788974119 0.09815213259494521 0.31694768036532356
0.5651677401696266 0.08271490155594878 0.38475028566814673
0.5660846647564457 0.07746776630159821 0.44585533259938714
0.5660789123480123 0.077416502447098 0.504138205069124
0.5654344181366439 0.08261246285059996 0.5654344181366439
0.5638652880792641 0.09696231827418195 0.6339354585741468
0.5605053969465332 0.08143736897983958 0.7139684236136454
0.6258433886767761 0.0887563600169422 0.23970336925977734
0.6314716325952002 0.08696121208518848 0.3185208729483156
0.6334462230840446 0.09763741507677651 0.3864051561413392
0.6355189750415439 0.09140080518628221 0.44611367846483524
0.6355921306193594 0.09130847276038798 0.5038289458740169
0.6339354585741469 0.09696231827418195 0.563865288079264
0.6318363492274098 0.08664788393112581 0.6318363492274098
0.6263358488705031 0.09009767432267607 0.7111162520501989
0.704728780132142 0.08085163717731009 0.2453478431649
0.7109075756013994 0.09046465941790528 0.32378215151591294
0.7138010350212115 0.08161541209166996 0.3894708987827817
0.716724161452082 0.07141870637204545 0.44799439611352104
0.7167817709244261 0.07193858851520926 0.5019939178091805
0.713968423613645 0.08143736897983961 0.5605053969465332
0.711116252050199 0.0900976743226761 0.6263358488705031
0.7050443926467203 0.08097048033439205 0.7050443926467203
0.25051831943010955 0.0958326254565702 0.2505183194301107
0.24510689345084472 0.10273078443492198 0.3264891819925806
0.2415635334386804 0.0948493735762626 0.39071871121805885
0.2420406714274723 0.10403354785639028 0.44740577225526
0.24205054015750008 0.1041603511543578 0.5025827381080966
0.241543949044703 0.09479848908752914 0.5592973321676667
0.24481145250401987 0.10097759593779489 0.6236924543744325
0.25034850268413955 0.09619298901318214 0.6996035073595106
0.3264891819925805 0.10273078443492194 0.2451068934508447
0.32054442436167546 0.10745115228350782 0.3205444243616755
0.31883402710350245 0.11267340953433864 0.38774875593589403
0.31779318260637973 0.10864449364396192 0.44709572070585213
0.3177986441238445 0.10852645412773611 0.5029155720077341
0.3187117067014214 0.11198663085834858 0.5623708875821025
0.3201624955664721 0.10635164661231626 0.6297486740515276
0.32606324561703093 0.10551704814709194 0.705385444688368
0.3907187112180588 0.09484937357626257 0.2415635334386804
0.38774875593589403 0.11267340953433867 0.3188340271035025
0.3873246681638146 0.1173144112441026 0.3873246681638146
0.3857483820969094 0.1122344003769816 0.44706288133959293
0.38577567992438816 0.11212424449877405 0.5030017467073763
0.3871928576604799 0.11608686820911462 0.5630118828079458
0.38713504881557614 0.10918787430963858 0.6320975352703928
0.39025685182980685 0.0958471255570253 0.709397664597238
0.44740577225526 0.1040335478563903 0.2420406714274722
0.4470957207058522 0.10864449364396182 0.3177931826063797
0.44706288133959293 0.11223440037698178 0.3857483820969094
0.4456972445612653 0.10062347211876808 0.4456972445612653
0.44570421949051353 0.1002456039271837 0.5044324060406449
0.44691090626062624 0.11168277543797259 0.5651745693790654
0.44659859456222945 0.10325401184592638 0.6342608454426351
0.44732021513156744 0.10406019694807282 0.708557146605756
0.5025827381080966 0.10416035115435787 0.24205054015750008
0.5029155720077341 0.10852645412773616 0.3177986441238445
0.5030017467073763 0.11212424449877409 0.3857756799243881
0.5044324060406449 0.10024560392718374 0.4457042194905135
0.5044696756652665 0.09997333479213588 0.5044696756652665
0.5032183223409142 0.1113650452520153 0.5652338259686526
0.5034384453355367 0.10233165756697013 0.6344120939626402
0.5026684057715112 0.10435433307394709 0.7085371015117886
0.5592973321676667 0.09479848908752923 0.24154394904470303
0.5623708875821025 0.11198663085834867 0.31871170670142146
0.5630118828079458 0.11608686820911454 0.38719285766047995
0.5651745693790655 0.11168277543797243 0.4469109062606263
0.5652338259686525 0.11136504525201524 0.5032183223409142
0.5637893358345726 0.11482888419481141 0.5637893358345726
0.5633855330857092 0.10769835988830272 0.6329745637513057
0.5597761024227214 0.09563077799581951 0.7095610840152095
0.6236924543744325 0.10097759593779489 0.2448114525040198
0.6297486740515277 0.10635164661231625 0.32016249556647214
0.6320975352703928 0.10918787430963851 0.38713504881557614
0.6342608454426352 0.10325401184592614 0.4465985945622295
0.6344120939626404 0.10233165756697025 0.5034384453355367
0.6329745637513058 0.10769835988830281 0.563385533085709
0.6304746370842137 0.10535098349576852 0.6304746370842135
0.6244781118964754 0.10271718368947796 0.7062106436981498
0.6996035073595105 0.09619298901318216 0.2503485026841397
0.705385444688368 0.10551704814709208 0.326063245617031
0.7093976645972377 0.09584712555702538 0.39025685182980685
0.7085571466057555 0.10406019694807293 0.4473202151315674
0.7085371015117922 0.104354333073946 0.5026684057715112
0.7095610840152095 0.09563077799581952 0.5597761024227214
0.7062106436981499 0.10271718368947792 0.6244781118964754
0.7000246361724196 0.09635942102950641 0.7000246361724196
