512
0.27344124559912547 2.581145976629013E-6 0.27344124559912464
0.22030159811276048 0.03207707938831842 0.29076725959178834
0.27003637627073623 2.084779233951571E-4 0.35104624123484085
0.23944822631306978 2.1390388984560257E-5 0.43673361515344095
0.23868517148198318 0.004644648250049747 0.5192684510741248
0.2724986703525638 7.033951049452956E-5 0.6030519775801392
0.2778851797191335 0.0017275048957819416 0.6867677858606276
0.2950880133675702 2.590664469029768E-4 0.7158978473446463
0.29076725959179023 0.032077079388330675 0.22030159811275585
0.2715019978080335 0.00938730343528586 0.27150199780803513
0.3322132824993447 0.008287853669973104 0.33458330207990294
0.31551210282037867 0.013277203326619353 0.42364762618155016
0.29058330384032993 0.011905145831197981 0.5333123777656554
0.3227901101455377 0.009584735028275811 0.6050642300830731
0.2761928638569955 0.010393624810259851 0.672807385839243
0.2952984628241822 0.009254852557741626 0.7357042073762239
0.35104624123484174 2.0847792341667707E-4 0.2700363762707335
0.33458330207990294 0.00828785366997153 0.33221328249934545
0.3429950196640918 0.028372705659075514 0.3429950196640927
0.34846596404341806 0.010659229820546496 0.4417925302422879
0.34860996289240465 0.011701811083647585 0.514888769055632
0.33807284569077484 0.01918580468931726 0.6032666560800057
0.3343601411454885 0.010604445525021263 0.6212217171349292
0.3619043777182823 9.252248657406776E-5 0.7609195240407522
0.4367336151534404 2.1390388996551967E-5 0.23944822631306265
0.42364762618155266 0.013277203326615136 0.31551210282038233
0.4417925302422888 0.010659229820542628 0.3484659640434215
0.4301191452890125 0.009466195891421397 0.4301191452890142
0.42892139851597066 0.010841297810524567 0.51801392981034
0.43164201752455306 0.014491873844769873 0.6210655196606552
0.4262253506234201 1.0029468607572017E-4 0.6168898034831511
0.44446760738840835 0.030355444818861987 0.7789828152297787
0.5192684510741251 0.004644648250049256 0.23868517148198512
0.5333123777656626 0.01190514583121716 0.2905833038403432
0.5148887690556322 0.011701811083654107 0.34860996289240775
0.5180139298103357 0.010841297810532327 0.42892139851597066
0.5170899578278484 0.017410137886629377 0.5170899578278474
0.5101747645326615 0.011269345428427197 0.6129690420402414
0.5169874303980684 0.004065930083382138 0.616286375767773
0.5063381657461128 0.021214864529079547 0.7682699860871124
0.603051977580139 7.033951048108109E-5 0.2724986703525677
0.6050642300830789 0.009584735028283636 0.32279011014553455
0.6032666560800132 0.019185804689318162 0.3380728456907749
0.6210655196606529 0.014491873844755877 0.4316420175245572
0.6129690420402534 0.011269345428446596 0.5101747645326645
0.6051662091792339 0.012944939136191665 0.6051662091792354
0.5964531177768957 0.013914788215124199 0.65661037122729
0.5931765271068877 0.009525833092236145 0.7603031312855731
0.6867677858606319 0.0017275048957800943 0.27788517971913446
0.6728073858392437 0.010393624810262658 0.27619286385699426
0.6212217171349238 0.010604445525045079 0.33436014114548357
0.6168898034831547 1.0029468608048489E-4 0.4262253506234268
0.6162863757677837 0.004065930083399313 0.5169874303980739
0.6566103712272977 0.013914788215128076 0.5964531177768898
0.6486555333059444 2.0632285280866762E-4 0.6486555333059542
0.6520331127852618 0.02689357079104054 0.7336346013426696
0.7158978473446347 2.590664468851256E-4 0.2950880133675662
0.7357042073762253 0.009254852557738391 0.2952984628241842
0.760919524040749 9.252248657651025E-5 0.3619043777182824
0.7789828152297753 0.03035544481888343 0.44446760738841656
0.7682699860871376 0.021214864529069333 0.5063381657461214
0.7603031312855699 0.009525833092243953 0.5931765271068932
0.7336346013426701 0.026893570791038903 0.6520331127852661
0.7361853148394271 0.024151647360192437 0.736185314839427
0.20410195853432925 3.349533490564372E-5 0.2041019585343311
0.15315663770446156 0.019406810977593923 0.27670335528871853
0.15287989726061493 0.057823324570194214 0.3897285049115041
0.3193060526882806 4.0255581639616E-5 0.4254399044502794
0.3306169858703569 6.573059111917564E-5 0.5209362254587283
0.15587277223356164 0.04984951880391609 0.5610395110911993
0.20680018190727023 0.0336784138709629 0.6586917934008806
0.2141048785601397 1.735589593575214E-4 0.7275531602460678
0.2767033552887164 0.019406810977587303 0.15315663770446064
0.2702210388448506 0.015438514591292507 0.27022103884485216
0.3344242576391989 4.731173073854621E-6 0.33634451848164576
0.32820885289618246 1.564519922747106E-5 0.4289591078158237
0.33276618936559643 0.011718310117443799 0.5173953529984403
0.3259958232524173 1.8447392406645705E-5 0.6049648449809258
0.2748129978085246 0.01568412960858995 0.6773966224463855
0.2745628222249885 0.029941911271711603 0.8013473592379501
0.3897285049115079 0.05782332457019084 0.15287989726061638
0.33634451848164654 4.7311730728739706E-6 0.33442425763919764
0.3474049303181335 0.009466398551437513 0.34740493031813335
0.32592072647941644 0.004069508725436581 0.42923293691202175
0.33183263500979604 0.005471959416366216 0.5172106096803717
0.34473336811345834 0.0116304956473305 0.6021459853444824
0.3382344820975744 2.010457639631033E-4 0.62462336106957
0.3519056895371582 0.03158693842134596 0.853601349665004
0.4254399044502784 4.025558163792345E-5 0.31930605268828105
0.4289591078158244 1.5645199224737297E-5 0.3282088528961825
0.42923293691202175 0.004069508725431745 0.3259207264794153
0.43016401349791417 6.163726837243462E-5 0.43016401349791494
0.4290143976043014 5.401349623354167E-5 0.5181840902179231
0.4248504281992132 1.2491822639349088E-4 0.6182353517991716
0.42728898769077966 9.485717594201113E-5 0.6424230050586196
0.4349923424348354 1.7884418427384667E-7 0.7061046233623551
0.5209362254587284 6.573059112082721E-5 0.33061698587035854
0.5173953529984416 0.011718310117455603 0.3327661893655935
0.5172106096803731 0.005471959416370205 0.33183263500979165
0.5181840902179198 5.40134962361031E-5 0.4290143976043014
0.5167971920820446 0.01457228121913544 0.5167971920820436
0.5204177431351202 1.0825076797490863E-4 0.614814744385538
0.5362208242919465 2.7883908118263263E-4 0.64187779649279
0.5091968319100774 4.938433334237917E-4 0.7346357926248346
0.5610395110912014 0.0498495188039129 0.15587277223356322
0.604964844980929 1.844739241395745E-5 0.32599582325241716
0.6021459853444839 0.011630495647341685 0.34473336811346345
0.6182353517991699 1.2491822638590353E-4 0.42485042819921215
0.6148147443855525 1.082507679953871E-4 0.5204177431351232
0.5816795655646632 0.014165310526312754 0.5816795655646654
0.6011989501613156 0.0010768975483189714 0.6496638667008625
0.5979092143601659 0.030875668808020246 0.8570563847308545
0.6586917934008771 0.03367841387096277 0.2068001819072692
0.6773966224463872 0.015684129608597094 0.2748129978085234
0.6246233610695682 2.0104576398873427E-4 0.3382344820975767
0.6424230050586209 9.485717593479403E-5 0.4272889876907851
0.6418777964927759 2.788390811981275E-4 0.5362208242919525
0.6496638667008482 0.0010768975481980525 0.601198950161326
0.6794737600675581 0.030733349824074455 0.679473760067563
0.6741621949033288 0.02515393098060803 0.8040505782379538
0.72755316024607 1.7355895938452078E-4 0.2141048785601383
0.8013473592379483 0.02994191127171374 0.2745628222249887
0.853601349665011 0.03158693842134761 0.3519056895371569
0.7061046233623628 1.7884418257378378E-7 0.43499234243483437
0.7346357926247313 4.938433334216725E-4 0.5091968319101098
0.8570563847308494 0.030875668808021787 0.5979092143601551
0.8040505782379563 0.025153930980606965 0.6741621949033278
0.7221315712298477 6.190139541237734E-5 0.7221315712298476
0.14871456967456775 0.029646498289203245 0.14871456967456737
0.15348875792650743 0.012916375208647156 0.277340263314626
0.15508863958008123 0.008050443028932024 0.36852281751703897
0.25926392126293063 5.319431540298126E-7 0.4359628490832859
0.26483211043871735 7.005517140081877E-5 0.516889020773057
0.15135085096216058 0.010193498157374631 0.5738474171425585
0.16430658456292763 0.04046455838219068 0.6517283378224733
0.15779636492628168 0.038242013132461124 0.7977408632584656
0.27734026331462414 0.012916375208640916 0.15348875792650665
0.2675404742663476 0.0036515928586397187 0.26754047426634725
0.2599725030499566 0.02832160985630476 0.3588647921145951
0.23379867502251353 0.041089456815518545 0.43480930060020234
0.23720375204640126 0.0350762409089664 0.5208368824054982
0.2466521101434424 0.04168748847489369 0.6058538561116108
0.27781550430512064 3.7058725880977413E-6 0.6835853503980226
0.2725285541023092 0.01372112106918071 0.8020488130218162
0.368522817517038 0.008050443028930432 0.1550886395800806
0.35886479211459155 0.028321609856301687 0.25997250304995817
0.36588349897632966 0.01969668787373063 0.3658834989763288
0.33520055985410546 4.267652218300881E-5 0.42776444406953734
0.3355263211984897 1.223363600217069E-5 0.5197664631874295
0.36440884253364575 0.01758581987147341 0.5862732818167575
0.3609880991452449 0.029572690282057234 0.6808689675769252
0.3659820579789029 9.694839511375306E-6 0.7664560894812503
0.4359628490832861 5.319431549041098E-7 0.2592639212629292
0.4348093006002003 0.04108945681551059 0.23379867502251794
0.4277644440695368 4.267652218173577E-5 0.3352005598541043
0.42981237040107007 1.9924843564153196E-5 0.42981237040107056
0.4298162250902088 2.4021589894309804E-6 0.5186281897315417
0.40427631935980196 1.3859702452566068E-4 0.6145904847303305
0.43679780222477976 0.0300929760912692 0.7058115170670499
0.43533964295810723 7.002375548849622E-6 0.69390606135477
0.5168890207730563 7.00551713985539E-5 0.2648321104387166
0.5208368824054976 0.03507624090897303 0.23720375204639982
0.5197664631874301 1.2233636003996867E-5 0.335526321198488
0.5186281897315399 2.402158990915382E-6 0.42981622509020784
0.5164886472078081 2.539394228626161E-7 0.5164886472078065
0.5517559511045624 2.743693663157219E-4 0.6185322339880455
0.517579796096494 0.0521945227957034 0.6965918475377132
0.5169722658931711 3.578289073868327E-5 0.6850273453332626
0.5738474171425582 0.010193498157375204 0.15135085096216444
0.6058538561116094 0.04168748847487057 0.24665211014344068
0.5862732818167177 0.017585819871521552 0.36440884253370415
0.614590484730332 1.3859702451850568E-4 0.40427631935979
0.6185322339880531 2.7436936631467537E-4 0.5517559511045605
0.5729472477589299 0.02995371708773216 0.5729472477589316
0.5966065123814944 0.02013599542409754 0.6553341280390673
0.5817849017684839 3.052969009277125E-5 0.7712631681491977
0.6517283378224737 0.040464558382189125 0.16430658456293196
0.6835853503980254 3.7058725914690578E-6 0.277815504305121
0.6808689675769258 0.029572690282046756 0.3609880991452445
0.7058115170670431 0.03009297609122583 0.4367978022247751
0.6965918475377268 0.05219452279572715 0.5175797960964857
0.655334128039075 0.020135995424187893 0.5966065123814812
0.6734672236652068 5.98706270189676E-5 0.6734672236652101
0.67610216730236 0.0016552741811661914 0.804342493498249
0.7977408632584668 0.03824201313246609 0.15779636492627971
0.8020488130218176 0.013721121069186281 0.27252855410231064
0.7664560894812547 9.694839515438296E-6 0.3659820579789037
0.6939060613547741 7.002375553165431E-6 0.43533964295810806
0.6850273453332533 3.5782890743668756E-5 0.5169722658931726
0.7712631681491987 3.052969010481924E-5 0.5817849017684855
0.8043424934982512 0.001655274181164202 0.6761021673023602
0.7864939237063768 0.045543508391871115 0.7864939237063767
0.15278581013137335 0.0011180774044379572 0.1527858101313743
0.15334782629520569 8.242068678951964E-4 0.2772361575964075
0.17048227716261494 1.0202610679101867E-4 0.3695151126798679
0.1190128248921962 0.0032210580495461694 0.4351044945201
0.11910407479728931 7.735894134046788E-5 0.5114384737235844
0.15602306928406887 2.913403864627781E-5 0.5799768421532133
0.13473021554323283 0.03291833087503414 0.65922878719958
0.15147577435493087 0.018771048811075493 0.7963122196689865
0.27723615759640474 8.242068678946943E-4 0.15334782629520496
0.27109697999117266 8.798456685097026E-7 0.27109697999117227
0.25846018004483884 0.044973175972823805 0.354843517268122
0.23065336257507782 0.03843829276810204 0.4358722429031893
0.2377065761894311 0.027301938135208485 0.5200046041192139
0.24800517402552724 0.05354190585932681 0.6076110077398593
0.2796287700754742 1.6753352925067077E-5 0.68141361433111
0.2743005247461668 0.00312927692594684 0.79923683221308
0.3695151126798661 1.0202610679013826E-4 0.1704822771626158
0.35484351726811936 0.044973175972827274 0.25846018004483934
0.38642026246684763 0.041855440443798166 0.38642026246684597
0.38402560940693037 0.07181408987118189 0.4754303628764523
0.3845428836194466 0.07296898730636149 0.47463674160149416
0.39276403601419185 0.04123601705988841 0.5623321843634782
0.35962484983069826 0.04947487110313887 0.6813996213483845
0.3664952547101256 1.2888770382737315E-5 0.7643853846674747
0.43510449452011896 0.00322105804954379 0.11901282489224078
0.4358722429031867 0.038438292768089376 0.23065336257509164
0.4754303628764502 0.07181408987117945 0.38402560940692637
0.4300799445219498 2.87903362513776E-5 0.4300799445219501
0.42987333332734823 3.1637244457274E-5 0.5181314472504139
0.47655780661946023 0.07082832630627763 0.5755488378224718
0.4358651223656311 0.026789141724345645 0.7090384901672148
0.4301164682356904 7.281791598278287E-5 0.839042283738745
0.5114384737236015 7.73589413549863E-5 0.11910407479724341
0.5200046041192139 0.027301938135226994 0.23770657618943053
0.474636741601492 0.07296898730635717 0.3845428836194423
0.5181314472504134 3.1637244457442484E-5 0.4298733333273468
0.5172717508524133 2.0502670021101245E-6 0.5172717508524116
0.4739172706814803 0.07062620410465462 0.5759458217027535
0.5176311584705192 0.05093404036605698 0.697263544065086
0.5140858889162956 2.0974696437189784E-5 0.8242335552732986
0.5799768421532105 2.9134038648737737E-5 0.15602306928407353
0.6076110077398597 0.05354190585932404 0.24800517402552752
0.5623321843634854 0.04123601705982768 0.39276403601418336
0.5755488378224711 0.07082832630627618 0.47655780661945846
0.5759458217027494 0.07062620410465267 0.4739172706814769
0.569296683422493 0.051884117134757726 0.5692966834224948
0.5914197415475043 0.04790806378026903 0.696007479803146
0.5811187081012196 7.709649615800839E-7 0.7680036687189861
0.6592287871995816 0.03291833087502922 0.13473021554323197
0.6814136143311118 1.675335293129088E-5 0.27962877007547376
0.6813996213483866 0.0494748711031421 0.35962484983070114
0.7090384901672064 0.026789141724285804 0.43586512236562786
0.6972635440651044 0.05093404036607709 0.517631158470511
0.6960074798031319 0.04790806378030136 0.5914197415475253
0.6735655877193123 2.5402853046664327E-4 0.6735655877193164
0.6748849954656403 0.002821536907438864 0.8034699565910315
0.7963122196689865 0.01877104881106874 0.15147577435493087
0.7992368322130791 0.003129276925948284 0.2743005247461673
0.7643853846674782 1.288877038043592E-5 0.3664952547101274
0.8390422837387559 7.281791597344095E-5 0.43011646823568744
0.8242335552732506 2.0974696385376095E-5 0.5140858889162793
0.7680036687189844 7.709649677683542E-7 0.5811187081012205
0.8034699565910325 0.0028215369074374858 0.6748849954656404
0.7958170962918788 0.028186442215282572 0.7958170962918785
0.15574365465702833 1.701896599933064E-5 0.15574365465702808
0.15688493737188516 7.564712145832021E-6 0.2805524862403841
0.19879374505400174 1.159407435994709E-4 0.3677863576616244
0.11721154937791992 5.0162317796436646E-5 0.430452263437174
0.1216449580195554 4.126049961051004E-5 0.517276699844686
0.19897918556588398 4.715443586659953E-5 0.5822073502890163
0.14502362862192963 1.1590822682270736E-4 0.6709829030058944
0.15405927708087055 3.298557167987501E-4 0.7940505234591144
0.2805524862403819 7.5647121477750875E-6 0.15688493737188447
0.21767490419852542 0.06690568622070686 0.21767490419852653
0.2559748842135204 0.0584895335806021 0.3470601227261013
0.23019369995503186 0.023725059533905697 0.43673966115046786
0.23843889076073438 0.013591439801014136 0.5193102823299092
0.24875359894547847 0.049178789600788995 0.6097441918908
0.21206394490151556 0.06517527735850422 0.7214952647954669
0.2781906159901536 3.2464911250963704E-6 0.7822717237456206
0.3677863576616231 1.1594074359969682E-4 0.1987937450540008
0.3470601227261018 0.05848953358059896 0.2559748842135208
0.38534351600824474 0.05684804852356054 0.3853435160082434
0.35947982098589504 0.03474713596100043 0.45699464027824854
0.37844244674875094 0.06777460741512335 0.4803805747414604
0.38591366530289856 0.06499922055047361 0.5651628381874693
0.3524659703473922 0.05993189083349709 0.6846409728054225
0.3691691467149138 2.890500684525186E-6 0.7622411226382756
0.4304522634371759 5.016231779165927E-5 0.11721154937792379
0.4367396611504654 0.023725059533883184 0.2301936999550512
0.45699464027826825 0.034747135961024314 0.3594798209859199
0.42945566035305366 8.643206712358102E-6 0.42945566035305377
0.4298629376048903 2.8926027206307384E-5 0.5180747383086387
0.47345209042301106 0.04012077171168117 0.5782194225555607
0.4356771434016037 0.012344970616764527 0.7088731338961047
0.4312557408557676 2.4374185506751447E-5 0.8268386862004222
0.5172766998446895 4.126049961979914E-5 0.12164495801954738
0.5193102823299093 0.013591439801021746 0.2384388907607347
0.48038057474146 0.06777460741512238 0.37844244674874944
0.5180747383086383 2.8926027206099624E-5 0.4298629376048896
0.5173664042759747 8.227838454357465E-7 0.5173664042759728
0.4766064976158941 0.05880783439265377 0.5788545250066987
0.5178328563754808 0.04805990690350161 0.6981830440623626
0.5156415033303665 4.546535532049399E-5 0.8173558473359751
0.5822073502890157 4.715443586692266E-5 0.19897918556588426
0.6097441918908004 0.04917878960079317 0.24875359894547952
0.5651628381874705 0.0649992205504688 0.38591366530289894
0.5782194225555622 0.040120771711660785 0.4734520904230083
0.5788545250066951 0.058807834392652004 0.4766064976158915
0.5672149228530412 0.06264082726426863 0.5672149228530438
0.6031924800177972 0.05991144811932261 0.7010174705722637
0.5800402281512886 5.6612308453751845E-5 0.7588581715690548
0.6709829030058908 1.1590822682239069E-4 0.14502362862193058
0.7214952647954693 0.06517527735849445 0.21206394490151453
0.6846409728054272 0.05993189083350482 0.35246597034739047
0.7088731338960993 0.01234497061672879 0.4356771434016011
0.698183044062385 0.04805990690351054 0.5178328563754758
0.7010174705722485 0.059911448119290875 0.6031924800177965
0.6839104404807339 0.0559730649325492 0.6839104404807355
0.6734283641110516 3.740642802255893E-5 0.8015559198378776
0.7940505234591131 3.298557167956747E-4 0.15405927708087114
0.7822717237456183 3.2464911230869304E-6 0.27819061599015293
0.7622411226382791 2.8905006935976643E-6 0.3691691467149148
0.8268386862004302 2.437418550841132E-5 0.43125574085576657
0.8173558473359497 4.546535529917818E-5 0.5156415033303599
0.7588581715690522 5.6612308455373744E-5 0.580040228151291
0.8015559198378782 3.740642802042268E-5 0.6734283641110516
0.7994878165137217 7.905291513493516E-4 0.7994878165137216
0.16061901894679584 6.648158169232724E-6 0.16061901894679564
0.1592652918182084 1.4592351098798206E-5 0.2813866144831264
0.19694793597284904 1.3057211710678865E-5 0.36752795906863095
0.1005668812388998 4.744670880943167E-5 0.42581195057056637
0.07740525923053583 4.474140368314923E-5 0.5281722019122607
0.19705968776769411 8.308239542301236E-5 0.5829589671810725
0.14694546588535026 4.857631574899932E-5 0.6702756284562692
0.15752808490555664 8.912246617029786E-5 0.791235624780016
0.2813866144831241 1.459235110032229E-5 0.15926529181820775
0.22038205572553793 0.0761096997218361 0.22038205572553907
0.26566912686528216 0.06014192569889376 0.34715592229804393
0.23769444645578133 8.26894328430503E-4 0.43699183939257785
0.23879686126651478 0.0018837943558227084 0.5190036225745068
0.25301095891254255 0.04883560766152258 0.6088245320288114
0.21468252039549515 0.0662062160933108 0.7299110141824039
0.2783763079037866 2.2583546499095656E-6 0.7837573525337838
0.3675279590686299 1.305721171105986E-5 0.19694793597284788
0.34715592229804476 0.06014192569889166 0.26566912686528243
0.38246984813440815 0.04898550859334989 0.3824698481344065
0.33116446235449637 4.974586107195643E-5 0.4302302907426019
0.33283051689409243 2.1632603632068916E-7 0.5175544951352296
0.3824387629292408 0.0541972991909918 0.568110621095534
0.35521722336325495 0.040837149296633325 0.6824618465809242
0.3694903129500806 9.226970374132565E-6 0.7617769981717564
0.42581195057056354 4.7446708810584255E-5 0.10056688123889349
0.4369918393925775 8.268943284284836E-4 0.23769444645577978
0.43023029074260194 4.974586107424968E-5 0.3311644623544951
0.42788371015769866 9.89950575385096E-6 0.4278837101576986
0.42883575121580025 6.116569365520558E-5 0.5191671416019424
0.4284237538000837 1.3992535576491164E-4 0.6116800344633961
0.4355996754552432 0.001671709428533575 0.7071573926589436
0.4292137297679639 2.383208530664966E-5 0.8454650812230056
0.5281722019122401 4.4741403659157895E-5 0.07740525923057796
0.519003622574507 0.0018837943558278783 0.2387968612665155
0.5175544951352316 2.163260327345414E-7 0.3328305168940903
0.519167141601942 6.11656936542575E-5 0.4288357512157995
0.5190616650746732 2.1181093999076195E-6 0.5190616650746731
0.5146562245528455 2.974320081131727E-5 0.6071288689197889
0.519816340071569 0.009836075204830779 0.6997714011121843
0.5248246690029981 7.389187332623667E-5 0.8874134059158718
0.582958967181072 8.308239542351267E-5 0.19705968776769475
0.6088245320288121 0.048835607661528904 0.2530109589125419
0.5681106210955349 0.054197299190997195 0.38243876292924267
0.6116800344633909 1.3992535576867182E-4 0.42842375380008985
0.6071288689197976 2.9743200810688868E-5 0.5146562245528514
0.5687651247116848 0.055396174990885984 0.5687651247116876
0.6075676407919529 0.056852537821362785 0.6974054527379354
0.5800611395232596 1.773294390960042E-5 0.7588787501136858
0.6702756284562679 4.857631574813466E-5 0.14694546588535048
0.7299110141824046 0.06620621609331308 0.21468252039549587
0.6824618465809275 0.04083714929662878 0.3552172233632568
0.7071573926589436 0.0016717094285309487 0.4355996754552408
0.6997714011122106 0.009836075204812849 0.5198163400715653
0.697405452737927 0.05685253782134036 0.6075676407919509
0.7286273493366854 0.0511588374876932 0.7286273493366846
0.6728983826822612 1.4838527793283666E-5 0.8000661346618226
0.7912356247800149 8.912246616830536E-5 0.157528084905557
0.783757352533782 2.2583546487374956E-6 0.2783763079037865
0.7617769981717601 9.226970385428498E-6 0.369490312950082
0.8454650812229939 2.3832085289052806E-5 0.4292137297679684
0.8874134059159446 7.389187341534561E-5 0.5248246690030116
0.7588787501136831 1.7732943910937404E-5 0.5800611395232622
0.8000661346618225 1.4838527790738173E-5 0.6728983826822608
0.7953341960487672 3.050951523945682E-5 0.795334196048767
0.16948859659731777 1.4955021397895386E-5 0.16948859659731794
0.1540221676266256 2.1288870055873456E-4 0.27924229361489883
0.17717685886362314 5.40862157112166E-5 0.37120118645990446
0.11539398789120518 4.9673414460456213E-5 0.43000711816731024
0.11390638880267351 2.47436163063377E-5 0.5189867190566246
0.16266482166187082 9.047220834240803E-5 0.5780239032432172
0.13698401185016135 6.916498634594497E-5 0.6745845776724493
0.16246767845241758 3.218812589068436E-5 0.7865304917895218
0.27924229361489666 2.1288870055921578E-4 0.15402216762662518
0.22061713372154368 0.07377528626069452 0.22061713372154493
0.26823861956014267 0.05747675379360979 0.3473518115763036
0.2378411093584475 4.180054598640705E-4 0.4368698792984792
0.2387898939077433 3.8445839174886746E-4 0.5189370202253014
0.2618435088101522 0.061772969561609326 0.6070558680814946
0.21573062478498423 0.06550768296228839 0.7304857599865165
0.27453791343949513 0.0022433701105480704 0.7994272971839342
0.3712011864599031 5.4086215710418905E-5 0.1771768588636236
0.34735181157630407 0.057476753793607706 0.26823861956014294
0.3500029893382879 6.452579958913408E-6 0.3500029893382875
0.3396763654011436 1.0434739304697447E-4 0.42813213222199986
0.34031483378905003 1.5446240915359895E-4 0.5229226738373676
0.34456915522401765 1.3377397081293587E-5 0.5971853901259098
0.35519082822493814 0.038885727629657175 0.6824407873456446
0.3676502970267559 2.4847851702895156E-6 0.7631202797853693
0.4300071181673106 4.967341445711019E-5 0.11539398789120663
0.436869879298479 4.1800545986786064E-4 0.23784110935844474
0.4281321322219998 1.0434739304644977E-4 0.33967636540114304
0.4303162381828203 6.618624239528739E-5 0.430316238182821
0.42991132143621075 2.0301059052499985E-5 0.5178619327659385
0.4266579698936224 9.00629841658881E-5 0.6060799551989111
0.43595342949217913 2.7630196616150747E-5 0.7067401662046731
0.43011868411207277 1.8105353142067716E-7 0.8309422362418876
0.5189867190566262 2.474361631275503E-5 0.1139063888026698
0.5189370202253016 3.8445839175433845E-4 0.23878989390774422
0.5229226738373679 1.5446240915488585E-4 0.34031483378904903
0.5178619327659362 2.0301059055387128E-5 0.42991132143621
0.5173131012916283 0.0022884876794198195 0.5173131012916267
0.518718045228632 2.0033242970599814E-4 0.6033817048002119
0.5188282527485798 1.3317349107069799E-5 0.6994309259907591
0.5186637770384384 4.15726050786564E-5 0.8327895194964089
0.5780239032432162 9.047220833873056E-5 0.1626648216618752
0.6070558680814948 0.061772969561619144 0.2618435088101517
0.597185390125918 1.33773970697505E-5 0.3445691552240109
0.6060799551989063 9.006298416849983E-5 0.4266579698936239
0.603381704800217 2.003324297036551E-4 0.5187180452286327
0.5812820519079263 2.8820785260640997E-4 0.5812820519079294
0.6080110550877033 0.054007833485214 0.6975874546720752
0.5811171587675278 3.4142290277036375E-5 0.7678600284937
0.6745845776724478 6.91649863469721E-5 0.13698401185015938
0.7304857599865168 0.06550768296229108 0.2157306247849844
0.6824407873456474 0.03888572762965123 0.35519082822493986
0.7067401662046745 2.763019661684238E-5 0.43595342949217697
0.6994309259907857 1.3317349112507344E-5 0.5188282527485752
0.6975874546720644 0.05400783348519221 0.6080110550877003
0.7298614868140074 0.04656946494630546 0.7298614868140064
0.6742075705644752 3.302207543350623E-4 0.8024494272296514
0.7865304917895205 3.218812588911296E-5 0.1624676784524174
0.7994272971839337 0.0022433701105532226 0.27453791343949535
0.7631202797853714 2.484785163124945E-6 0.3676502970267578
0.8309422362418925 1.8105353104009848E-7 0.4301186841120731
0.8327895194964108 4.1572605078716374E-5 0.5186637770384432
0.767860028493698 3.414229028340618E-5 0.5811171587675287
0.8024494272296522 3.3022075433471616E-4 0.6742075705644752
0.7895703192361962 2.9051747603856944E-5 0.789570319236196
0.19999956416238412 9.069779374298469E-5 0.19999956416238526
0.15916146042822032 2.0776716327411845E-5 0.2812574739226342
0.2026937374820315 2.0596072673467346E-7 0.3681939548730052
0.16780181566613053 0.02851787973936117 0.47719743404994847
0.16973655750680644 0.03821631179291031 0.4794913998673653
0.20417149378333943 1.8261103824921638E-4 0.5815710716088122
0.1594571208596881 1.2820538008268705E-4 0.6658676133011083
0.20218454599381055 1.2087039092558669E-4 0.7456270267102094
0.28125747392263223 2.077671632824583E-5 0.1591614604282197
0.2680248235287465 3.9919333829291266E-6 0.2680248235287452
0.2731494979550517 2.2518055365975276E-5 0.35320485063288604
0.2572300635790091 9.019031243980566E-5 0.4333203830186726
0.2569003771376116 3.0721211370559625E-5 0.5184637400079132
0.2755793689985713 2.407279001609325E-4 0.5991530397473573
0.27826339552460916 1.9344112965027886E-5 0.6842895244223656
0.2773442277637847 1.8655065136700656E-5 0.7890117496434104
0.3681939548730043 2.0596072711291094E-7 0.20269373748203132
0.3532048506328861 2.2518055376549717E-5 0.27314949795505006
0.3488097882621319 7.528873578645283E-5 0.3488097882621315
0.33501580150050914 1.0377583634185616E-6 0.4300693417692325
0.33517104111550294 4.506132849403679E-5 0.5184063981728302
0.34206197191305376 2.088025283620825E-5 0.5994562242349135
0.3511573124130065 1.0573153476501403E-4 0.6783737708276046
0.3696376115078343 1.1808771194611649E-5 0.7612752514561301
0.47719743404994713 0.028517879739366276 0.167801815666133
0.4333203830186724 9.019031243918997E-5 0.2572300635790068
0.43006934176923295 1.037758365482537E-6 0.33501580150050825
0.4303772076569423 7.695661431490517E-5 0.43037720765694276
0.42960858295296733 5.311267408291044E-6 0.5182940499659545
0.42777735000047284 3.863368876305749E-5 0.6081965051314844
0.4313684757881327 1.082253486046198E-5 0.6918916443290175
0.4628609947055141 0.00645822366467542 0.7775307027313376
0.47949139986736483 0.03821631179290901 0.16973655750680747
0.518463740007913 3.0721211371416836E-5 0.256900377137612
0.5184063981728316 4.5061328491386674E-5 0.33517104111550117
0.5182940499659536 5.311267409013204E-6 0.4296085829529663
0.5173476495049236 2.7928342530312803E-6 0.517347649504922
0.515956325630785 7.973814271843989E-5 0.6036931666971794
0.5192736078279051 1.9012261324081915E-5 0.6840127621613415
0.4903412825073684 0.01922335490894955 0.7728280390018152
0.5815710716088114 1.8261103824931106E-4 0.20417149378333843
0.5991530397473559 2.4072790015248905E-4 0.2755793689985748
0.5994562242349164 2.0880252837375636E-5 0.34206197191305204
0.6081965051314795 3.863368876210225E-5 0.4277773500004756
0.6036931666971856 7.97381427177669E-5 0.5159563256307889
0.6091827753020931 2.2586293761157024E-4 0.6091827753020945
0.6017757474789184 1.8988296628429682E-4 0.6782520861362736
0.5800370001264274 5.438361527965185E-5 0.7597396946356155
0.665867613301108 1.282053800820391E-4 0.15945712085968858
0.6842895244223662 1.9344112961717386E-5 0.2782633955246085
0.6783737708276062 1.0573153476129478E-4 0.3511573124130054
0.6918916443290154 1.082253485295123E-5 0.43136847578813114
0.6840127621613483 1.901226133167181E-5 0.519273607827904
0.6782520861362729 1.8988296628368544E-4 0.6017757474789172
0.6753370145529259 4.8275946061228565E-6 0.6753370145529286
0.672594590655245 2.261639937791369E-5 0.7988489126284408
0.7456270267102085 1.2087039092523259E-4 0.2021845459938106
0.7890117496434075 1.8655065135887654E-5 0.2773442277637846
0.7612752514561334 1.1808771202231219E-5 0.36963761150783575
0.777530702731332 0.006458223664704022 0.4628609947055217
0.7728280390018317 0.01922335490892526 0.490341282507328
0.7597396946356136 5.438361528208087E-5 0.5800370001264287
0.7988489126284413 2.2616399375890162E-5 0.6725945906552451
0.7435764475672866 2.2922533919157498E-5 0.7435764475672869
