512
0.2728596937466957 0.4915773072471053 0.272859692823275 | -0.09832034386589328 0.3012156774563511 -0.09832006497573427
0.2505945894397062 0.4827957585413954 0.35094766043950965 | -0.08414599917770928 0.11349007834341222 -0.005371145957744333
0.2592622362869403 0.06506059481253791 0.4000815945412194 | -0.003460538041087849 -0.012796397077104553 0.00979746377794733
0.25168218635722506 0.009321609745740157 0.46455172722969057 | -0.05708697043085801 2.0803111305431785 -0.09537961739378305
0.2517802623279656 0.019364460567147534 0.49602241817544107 | -0.019097568452373315 -3.9751091144185042 -0.02132394256122203
0.2545202972074694 0.016662917598099746 0.5559850911469418 | -0.013984607159609981 -3.951322387077512 0.002404347159780117
0.2559102989923287 0.01404981971481532 0.618272048881914 | -0.0588525855193231 -3.8451435873004365 0.022027648051722783
0.2624804109469696 0.006933149298742067 0.6871725009874782 | -0.021346409606569867 -3.92097421184338 0.013251423808209217
0.3509476094629616 0.48279575878803 0.250594525647009 | -0.005371297757931867 0.1134884970633515 -0.08414668061913373
0.3405311927966407 0.4888455283074547 0.34053110726787117 | 0.010356056628349507 0.28401965634844756 0.010353849287320882
0.33508847554313365 0.10701203680602686 0.40005844870354373 | -0.002860684577217359 0.00227728799123773 0.0023813856606138156
0.3232122971543627 0.01194923646987661 0.46499317714694044 | -0.05858001145912942 2.1399775462303325 -0.07299802015551145
0.32461431677326824 0.02274612568770258 0.49703279817105367 | -0.015369623100240894 -4.0751462401839085 -0.05406721268954172
0.3256685148141425 0.020707419027187462 0.5581552132598958 | -0.03672245478636504 -4.0114663724017285 0.007413374416063207
0.3275599476324797 0.017369241249721043 0.6221368334950254 | -0.03950697241641564 -4.0167983750397145 0.04296499282610878
0.3315809282139212 0.010275815783183935 0.6936771750884977 | -0.024039955927818473 -4.131294661603993 0.05226804412560523
0.40007799497664337 0.06505961558945478 0.25926057876110215 | 0.009799583070342175 -0.012800724196400572 -0.00346176478013883
0.40005311674337807 0.1070352500518906 0.33509603563335794 | 0.002383198208868838 0.0022789753248917293 -0.002860388044413502
0.4029664010723899 0.5042469590647508 0.4029715046646389 | 0.0031522704436779832 0.4573553262462067 0.0031857773636297356
0.38832911809409326 0.012240292755872541 0.4531890274040225 | -0.09308694969375238 2.1611287369274543 -0.11661947714589055
0.3891859319979757 0.027527502916550015 0.4965551684181235 | -0.016085106827500466 -4.120615981260936 -0.06680262697486017
0.3890570364677518 0.023438507957883555 0.5600071994716772 | -0.0454574088030808 -4.0766217644260845 0.03609996392470112
0.39049033995860877 0.02082140158813346 0.624328963759732 | -0.022512798877657336 -3.9619530609795226 0.023508602734010522
0.3929459975063309 0.015254586227731178 0.6954909926035917 | -0.016792857841884456 -4.042435678653881 0.01872329653764754
0.4645529297564349 0.00932571215532696 0.25168695948290903 | -0.0953581549696325 2.080277002095797 -0.0570691068600649
0.4649399176891759 0.011960294266067761 0.3231991038506453 | -0.07341714777341837 2.139932087058215 -0.05873277478089236
0.45320248748542735 0.012213457458306359 0.38832549759950113 | -0.1162094192680166 2.1612309229851614 -0.09298936320184799
0.44665884167473735 2.517261497584104E-4 0.4466540440394744 | -0.05225155618754685 2.1639184971959855 -0.05224971938397243
0.44747346951561906 0.030668764950182413 0.5021839620579173 | -0.009686228869007437 -3.970025004468588 3.488624870321723E-6
0.4467613412366988 0.027618929121947914 0.5612813461394984 | -0.024945100942995624 -3.928354977902819 0.04248937830285876
0.44747073749430405 0.025578039693545714 0.6253455733410517 | -0.005803292796285548 -3.7385663853586597 0.006692845846178595
0.4482955116213154 0.018545744354827216 0.6965993435689654 | 0.0011429053164851149 -3.933786395160896 0.010265729066165593
0.4960227973263216 0.01936464188068127 0.2517796075876297 | -0.021315999091390366 -3.975089284966193 -0.019121367041011902
0.4970321062362354 0.022747849172413695 0.3246135388653718 | -0.05406988430306721 -4.0752491563803215 -0.015395465780227678
0.4965543551990665 0.02753707913854083 0.3891818086735335 | -0.06686351772303184 -4.120547513078882 -0.016087806524413623
0.5021860093457841 0.030664494510534865 0.44747460072798806 | 1.6816341063805355E-5 -3.9700558074102674 -0.009700577434214652
0.5024095472931588 0.031794100396290326 0.502410732260491 | 0.003946590818028707 -3.910787618767374 0.0039362791564103786
0.5027117977133845 0.027905801314183357 0.5615437730919544 | 0.02168285730694385 -3.9170718573916443 0.04752588520402942
0.5025250153775158 0.025422455979535005 0.6252760442232672 | 0.010336345250497331 -3.7558489774197716 0.005116974327022284
0.5017216172866565 0.018842934747495647 0.6965860254297108 | 0.0013045614615162363 -3.908405240883764 0.010845495466677105
0.555985219709772 0.01666210724509157 0.25451970807988444 | 0.0024103279496710452 -3.9513491818972377 -0.013991167452923585
0.5581566558892144 0.020702293357386437 0.3256672059118935 | 0.007454694190575614 -4.0117042899003605 -0.036690221516285
0.5600092831093234 0.02343906514750917 0.3890582823484402 | 0.03621384855760974 -4.076532592100124 -0.04543032547883453
0.5612814022240682 0.027621064666062355 0.44676170086083833 | 0.042490586640147245 -3.928209950782862 -0.02491351527131382
0.5615446030088813 0.027904802574045963 0.5027125012524418 | 0.047521149374159424 -3.917197481680712 0.02168726330230348
0.5609574071518839 0.02511408458866412 0.560957410671139 | 0.05683482668690098 -3.98900364422703 0.056835747078465323
0.5597639906959806 0.021507319392511975 0.6245219444825837 | 0.032430215148043104 -3.9012420043621017 0.023995365718574264
0.5571712826794357 0.015508589059586474 0.6955298611126572 | 0.024132525488827484 -4.000618327978758 0.020395900381188478
0.6182721921226008 0.014049865338575569 0.25591012071408153 | 0.022020903393191318 -3.8451412042234714 -0.05885305569502002
0.6221367712124615 0.017370327642932275 0.32756043454305056 | 0.04295459584789342 -4.016734264397027 -0.039503439689774045
0.6243289747455056 0.02082093506599148 0.39049020541901996 | 0.023508347578518326 -3.9619785003475476 -0.0225216457784944
0.6253456793300205 0.025578228257713328 0.44747078934372947 | 0.006692052653447637 -3.7385552818965255 -0.005804360493037529
0.6252761105641844 0.02542258603029771 0.50252508163243 | 0.005117781602862807 -3.755840252260311 0.010341350623954698
0.6245220873723594 0.02150729768822292 0.5597640982952247 | 0.023995653184109345 -3.9012434730140257 0.032430298903456875
0.621920086140634 0.01996049431011507 0.6219201022416417 | -0.00649185019934319 -3.8069049083291224 -0.006492236680231802
0.6182427015801604 0.013892079117958433 0.6937453438292434 | 0.004706848010603776 -3.8195834971261315 0.0480639229448354
0.6871725671393162 0.006933193271676894 0.2624803799630383 | 0.013252145215082414 -3.9209705231025413 -0.021346706155858992
0.6936773378676179 0.010275848508562547 0.33158093258220844 | 0.05226911872881857 -4.13129360282988 -0.024038740280834223
0.695490998802974 0.01525456195983724 0.3929460020623903 | 0.0187234691402887 -4.042438207130381 -0.01679261272330866
0.6965993688327572 0.01854570418651193 0.4482955078705401 | 0.010265548081090868 -3.933788832761268 0.0011430811640466586
0.6965860353969423 0.018842933515592485 0.5017216200153055 | 0.010845314597360727 -3.9084057597462887 0.0013045798141600748
0.6955298637790889 0.015508605693044481 0.5571712721198384 | 0.020395787338920227 -4.000618058068764 0.024132614252619772
0.6937453574550979 0.013892080472066241 0.6182427127872016 | 0.04806394834977675 -3.819583728570482 0.004706413817160296
0.6875296312768635 0.00679530965273022 0.6875296311606223 | 0.019621550744490037 -3.918358711814492 0.019621545214964065
0.25956195683332145 0.4793396487158292 0.2595619813835359 | -0.14712150287092135 -0.13720998006075297 -0.14712127475313053
0.24384350771254168 0.4844433577129227 0.3494197565803097 | -0.07279163569597849 -0.1410389294915359 0.009679783563485506
0.26044137998646605 0.1412386377220692 0.400003277206669 | -5.450394841691727E-4 0.0061818848874564515 6.764724190633947E-4
0.24425119028850303 0.02907107189653743 0.45722246819386836 | -0.10020984968630396 1.6570465902787461 -0.1740609299204941
0.24634739782498336 0.021318973744477204 0.4951195572012405 | -0.056262496169650573 1.6506870001970246 -0.03598700546324867
0.24973406979206314 0.022539675760071615 0.5568633559161266 | -0.04109504021802027 1.6867788820814402 0.015447786353979243
0.2516504780991505 0.01957486922530896 0.6218436389719191 | -0.05121037536220458 1.6938002032634911 0.05587737587841075
0.25572318159454366 0.02486602785388507 0.6942316957380259 | -0.06286341925224619 1.6460412943682783 0.06566919717738423
0.3494196622190671 0.4844433490739622 0.24384332950901247 | 0.009679215176030345 -0.14104012318600967 -0.07279258083371899
0.3408792032609631 0.485307987913655 0.34087898025904345 | 0.02369854508294166 -0.034408290502145736 0.023694954333606
0.33594920628101427 0.19111022378472908 0.40001206186744614 | -0.004046705787811228 0.0043906899987763825 0.005243783348740788
0.3181147822970252 0.03154552522551013 0.4557909687318371 | -0.06334489203356164 1.8006171869079368 -0.14507854154862207
0.3217213381508528 0.023147728017283698 0.4976314269139816 | -0.037034698008273165 1.7604789463134927 -0.0260795497242315
0.3215199159200341 0.025524741950628742 0.5598927104608233 | -0.06661099303777913 1.8123575365308646 0.03018748925668977
0.32441282250474623 0.022794683841640073 0.6253742185554733 | -0.04870451326735438 1.831451404643008 0.049841614250901424
0.32745027952473704 0.028128571420755914 0.6985523873075469 | -0.06995006754181228 1.7711557805305818 0.06105764771672994
0.40000239375972224 0.14123945235730875 0.26044274746938034 | 6.76411734149724E-4 0.006183352828644253 -5.449533000903128E-4
0.4000200269433394 0.19111673575600013 0.33596657558207443 | 0.005201560267704993 0.00443662832814889 -0.004006153083328105
0.4052541122385766 0.4961106560182904 0.40525373162735384 | 0.027282025082725928 0.08903979591971599 0.02727431802108959
0.38250118788456755 0.031617952124151 0.441339712750288 | -0.1166919591549467 1.856785872157488 -0.23214789292200882
0.3873414052944483 0.016651309097341156 0.4985839931877015 | -0.04193352867959159 1.7916601720356389 -0.02509316915205887
0.3865715412826561 0.017391643388649288 0.5618041635943444 | -0.05502982478601304 1.8296454512686322 0.03212065952986356
0.38847009300740815 0.0258505828480269 0.6285104355217885 | -0.044921291872762066 1.7769358751288458 0.06316015416100931
0.391223746022597 0.020935406647086208 0.7007659242748479 | -0.04708337354588015 1.7480073679675638 0.050660117938532256
0.45723255380392114 0.029073970166348106 0.24425136510993234 | -0.1739573455853562 1.65695758468822 -0.1002040663067313
0.45575406971374627 0.031562652443383 0.3181000399205996 | -0.14525532169980948 1.8006239679310028 -0.06348198633542079
0.44135384443364073 0.03161427325288234 0.38249521667423725 | -0.2318904320860892 1.8566125312218362 -0.11669491724598477
0.4421508821319533 0.02747969941077849 0.44214620902354523 | -0.10538624569794532 1.746956285922908 -0.10538372158579466
0.4459303528336017 0.021834461444943845 0.503717601188791 | -0.03643023847244524 1.7618032588592485 0.02454674052806419
0.4460972038808355 0.019406631718289886 0.5640994311137386 | -0.022874496256425184 1.7896373338487432 0.057041535442371186
0.446811499603501 0.018753558174337714 0.6294597956346243 | -0.013768067482076048 1.6926792075267172 0.04579431779963397
0.44807658587189736 0.023564916262907642 0.7024423867094465 | -0.008046962328019635 1.6563377191496114 0.049938560505965776
0.4951186121915397 0.021320192825531797 0.24634690623355673 | -0.03599862791036445 1.65067331757824 -0.05626166719513169
0.4976349763858272 0.023150100831611238 0.3217211649202624 | -0.02608370094438534 1.7605736512307293 -0.03701585133776917
0.49858301138442446 0.01664277617606876 0.3873354374240343 | -0.02513324302098683 1.7917674661801286 -0.04194984446035581
0.5037201867389745 0.02183615331093265 0.44592977106623716 | 0.024568950090749626 1.761791517538926 -0.03648525655538324
0.5038749102558531 0.013689121598159791 0.5038758197595935 | 0.02405331785195581 1.7688824406978845 0.024042228833342744
0.5034213105323349 0.01970468928680203 0.5644263817108857 | 0.019956467184147075 1.7904126767380095 0.06255886456252913
0.503184960874127 0.018620354899813125 0.6293118233934875 | 0.014526988499662866 1.7064535453657 0.04196926519820355
0.5018874834370496 0.02338304141650853 0.7023076299435869 | 0.007525504483123015 1.6724451393747615 0.047796280381162945
0.5568636648573886 0.022539596941377055 0.2497331275213965 | 0.015451127662346444 1.686772727502078 -0.04110121035831215
0.5598934969289169 0.0255223892668864 0.3215195823273894 | 0.030175523290649837 1.8123900217438285 -0.06659665153682728
0.5618048483882738 0.017394301144471016 0.38657278807108025 | 0.03211237419011923 1.8295888565347167 -0.05502590853874779
0.5640984642752854 0.01940696314674177 0.44609752095321287 | 0.05702364281121026 1.7896012836135775 -0.022860765285093013
0.5644262558164764 0.019704306077127497 0.5034215508637366 | 0.06254053586210255 1.7904391783978115 0.019950956860624754
0.5634575641447443 0.017928714175765633 0.5634575758009945 | 0.05432476371912031 1.8021885573882772 0.05432515504591334
0.5615254200581399 0.0256257943274866 0.6286012227204311 | 0.043607141501175915 1.7704464548111567 0.06127419428690824
0.5588639633462162 0.021101362815012334 0.7008903612387657 | 0.04847585841348062 1.731275457324478 0.051397146498772285
0.6218438188513385 0.019574865163343266 0.2516503891184735 | 0.055877436746724914 1.6938055377161951 -0.05121137916897298
0.6253747441258142 0.02279540221834541 0.324413058821128 | 0.049848376507517 1.8314325542196679 -0.04870647301064625
0.6285107727841751 0.025850379167238324 0.38846999418047345 | 0.06316949453003287 1.7769448761732964 -0.04492508485786222
0.6294600773563135 0.01875356925033257 0.4468115650941536 | 0.04580082770618284 1.6926854141415948 -0.01376764551580716
0.6293119184269758 0.018620533149057417 0.5031848735133722 | 0.04197016579232073 1.7064441279471496 0.01452694262286861
0.6286013193203523 0.025625760273452904 0.5615254759430383 | 0.061274389053585815 1.7704481583519422 0.043607006123411014
0.6257013040509107 0.02354654576516865 0.6257013203012881 | 0.04982351497985328 1.8039460083044205 0.049823638126089365
0.6224620657587231 0.028483111531113554 0.6988067599179735 | 0.0609965586024829 1.7268908736342568 0.06068259481899843
0.6942317608874607 0.024866030633575443 0.2557231726334474 | 0.0656697886635619 1.646040584246177 -0.06286338182363908
0.6985525492308612 0.028128564323870613 0.32745027382078046 | 0.06105914684733495 1.7711536277723923 -0.0699501553776185
0.7007659202944287 0.02093537907150655 0.39122373963450435 | 0.05066046670534796 1.7480080056910652 -0.04708348627398095
0.7024424058354555 0.023564920336354697 0.44807657484495356 | 0.04993898489887346 1.6563377942792072 -0.008047057959279458
0.7023076500801771 0.023383035331255672 0.5018874914767673 | 0.04779666868553341 1.6724450429553352 0.007525703300483697
0.7008903751674013 0.021101377112524914 0.5588639550221831 | 0.05139735474711345 1.731274558349548 0.04847582414928094
0.6988067657189044 0.028483108295589768 0.6224620715713565 | 0.06068265332346248 1.7268918795342845 0.06099660119002587
0.6944083991376002 0.02458610242078997 0.6944083997035352 | 0.06385707660427463 1.6470814484382756 0.06385708377705117
0.23841869746784816 0.46731010282757035 0.23841872624956767 | -0.1646587754211232 -0.525969267578428 -0.16465868204199538
0.24041737430158264 0.4692678083915801 0.34829479398274865 | -0.07389859540898822 -0.4214176935101823 0.005208181668879366
0.2578658580857842 0.22438484903926414 0.4000007003478632 | -0.0034443864948131755 -0.03484891871190731 1.7330612403776104E-4
0.23697764199872237 0.04341816975667995 0.44375520824953335 | -0.15011405959905186 1.391043819920574 -0.2689549035263729
0.24163057289887635 0.03140383423250123 0.4945063694009196 | -0.07329446344533935 1.2812842141017848 -0.027439500192694588
0.2448503031442119 0.03636173923520317 0.557500287538662 | -0.05735124490329333 1.344179854596498 0.01676412157305456
0.24753499397463608 0.03481752835745072 0.6243532374964619 | -0.06228802840816338 1.3679073114518518 0.05559809218611883
0.2493904783214305 0.043708794482747684 0.7005155697783502 | -0.0997677319399703 1.3234384518888365 0.10318488816666004
0.3482947139320546 0.4692676933892423 0.24041715068745453 | 0.005207717631703581 -0.4214193507227779 -0.0738995385574644
0.3408396695645199 0.4843116782288732 0.34083963052069427 | 0.029017852912984934 -0.29013698829765877 0.029016987141814967
0.3339104959679239 0.29312329897764927 0.40000133350444095 | 0.005723793712506563 -0.016716354790850745 6.146268943690725E-4
0.31257078106683733 0.061499103637789106 0.43968576902040846 | -0.09149985231609785 1.6097927689500273 -0.20688575341501136
0.3188668508574919 0.04645344050484711 0.49820092236260405 | -0.042769916965790425 1.4197023926172625 -0.013994459963356076
0.31941140877197544 0.03838046847011856 0.5611970836435581 | -0.060369210177730365 1.5754808676356555 0.032776294381929236
0.32177435652511455 0.04908243530496573 0.6275018374821562 | -0.055796661704186144 1.5609209569316858 0.047628488560470056
0.3246552630380286 0.04659643609526626 0.703703452328153 | -0.0664958638332381 1.3993207892055126 0.07990981102516136
0.4000004344917072 0.22438522032202515 0.2578666879558334 | 1.7134470203022812E-4 -0.03485334484390923 -0.0034333807751083046
0.40000534989638215 0.2931197173304831 0.3339218176321202 | 6.290110262198073E-4 -0.016638428949146817 0.0059667070602353895
0.40812003649815287 0.484127303889503 0.4081113075557764 | 0.052430264463902344 -0.19467742993447631 0.05237791202105211
0.3766144824473932 0.059640429568881326 0.4295792649366586 | -0.1373108707419849 1.700577186579727 -0.2654093257021856
0.3853504986727599 0.035754764414478335 0.49853138833342026 | -0.04142219231926133 1.4124432593945597 -0.047688820062019875
0.38435850903681995 0.04203156451119806 0.5634518733808805 | -0.05835964570477165 1.5515302502989716 0.03757443323510899
0.38703611068190064 0.037795660572050804 0.6307238964434568 | -0.04420393110558219 1.5343301114980843 0.057288210143617416
0.3901528426100771 0.03504835997008241 0.7058114123671501 | -0.0395386842343849 1.3548717795593916 0.07006808092311903
0.44376038179036215 0.043418115739010436 0.2369765605518588 | -0.2689104596596036 1.3909212507791613 -0.1501365375330798
0.43966557203386536 0.061517690496258964 0.312557719737017 | -0.20683750544254503 1.6097748814300648 -0.0915891430697943
0.4295756721427287 0.05968161290321622 0.37660245856059427 | -0.2650114341749979 1.7008590053935686 -0.13731125084785595
0.43938252562284164 0.04054163400333995 0.43937755335471973 | -0.14819927851171766 1.3656630666819964 -0.1481775315611498
0.4452153251867537 0.03216196959636229 0.5043801206488975 | -0.025002807227237862 1.4745417673438321 0.01746880633653908
0.4451067850839136 0.041962577131391114 0.5661488529928136 | -0.029795586085075636 1.5030789566313367 0.062304764165966246
0.44635689684686547 0.03939483336444101 0.632555786327559 | -0.008244880711603148 1.4712450727861368 0.05649303427996616
0.4477997599532856 0.03536134947742152 0.7079253157324991 | -0.0097179489847812 1.2932089887746334 0.07606796097708031
0.4945047976995344 0.03140394314249775 0.24163148177996793 | -0.027454790008031228 1.2812901267213692 -0.07328155850675527
0.4981994775322923 0.04645449294540842 0.3188669484290918 | -0.014076874747089244 1.4197582586536983 -0.042766448035291504
0.4985422901332553 0.03575428822655407 0.3853446969019343 | -0.04766807461592358 1.4125502984144387 -0.04144972203424051
0.5043822415216547 0.03215772310318746 0.44521345663134754 | 0.0174867961435716 1.4745243472098009 -0.02502818872639885
0.5043827731992183 0.03183181719783307 0.5043840441933631 | 0.01567047182555542 1.4625752007788904 0.015675670967844554
0.5041047366085103 0.04207949349167935 0.5665540207265223 | 0.021363581509658617 1.5047623457253085 0.06661455672123828
0.503560583678246 0.0393696596395053 0.632604913355138 | 0.009050455246725079 1.4687605109463695 0.05681301703843075
0.5021882383413251 0.03538791447675611 0.7078462169371089 | 0.00973455029131303 1.2995879765806908 0.07530705554494879
0.5575002090408603 0.03636156509335123 0.2448492139288997 | 0.016765440377026233 1.3441715566342354 -0.05735835931525775
0.5611979027141915 0.0383799692739877 0.31941120746584567 | 0.03276839195556872 1.5754664263792506 -0.06034895169885715
0.5634520023599249 0.042030829889475374 0.384360513211641 | 0.03755536294299957 1.551468477601761 -0.05833069495921005
0.5661476714054035 0.04196225555542829 0.4451072506002307 | 0.062287000003179036 1.5030586476632477 -0.029800265561895623
0.5665537947344946 0.04207994584816826 0.5041046987910439 | 0.06660697073862774 1.5047708583634967 0.021359123564940827
0.5651971165589568 0.041331737906951174 0.5651971314756271 | 0.05247329962059645 1.5311735000515412 0.05247394746149927
0.5629703226689695 0.03745531038666747 0.6309463519911751 | 0.04396893574298269 1.5263149422630033 0.057341930306738224
0.559919978441762 0.034946750555061995 0.7059057161006941 | 0.041429799108842154 1.345819818333631 0.06986572727334144
0.6243533013044247 0.034817609138802615 0.24753516188805183 | 0.055597445022892655 1.3679147683976454 -0.06228636943993741
0.6275028489922585 0.04908240766154117 0.3217746272136857 | 0.047639589510061024 1.5609176999039576 -0.055797629352091184
0.6307242912816915 0.03779571772128518 0.3870360327656522 | 0.05729624780530031 1.5343405591950692 -0.044207196153214404
0.6325560437236308 0.03939488006133022 0.44635705170341833 | 0.05649769117029271 1.4712525728146273 -0.008243180724092528
0.6326050955477578 0.039369632752508536 0.5035605155198001 | 0.05681520022059086 1.4687572521666241 0.009050604523958146
0.6309464254559222 0.037455278322996104 0.5629703518395972 | 0.05734233205617177 1.5263179151297839 0.043968901014062804
0.628449455671476 0.04886637112531221 0.6284494832591816 | 0.058348971185961974 1.5679312050987515 0.05834922691157931
0.6253061176045915 0.046162771457310396 0.7038090755556425 | 0.06515464856694816 1.3859269450798994 0.07971320667554883
0.7005156428288135 0.04370878167591834 0.24939047137173154 | 0.10318562632648094 1.3234378519148102 -0.0997677341628182
0.7037036379408889 0.04659636435527752 0.3246552526917777 | 0.07991077033378605 1.3993188397418208 -0.06649621081020095
0.705811388987821 0.035048360042705534 0.39015283845064697 | 0.0700678917662006 1.3548728620992632 -0.03953885329127861
0.7079253128820844 0.03536136853097654 0.44779974368373093 | 0.0760680446708226 1.2932094453050857 -0.009718028660828569
0.7078462374575477 0.035387910893093316 0.5021882427960749 | 0.07530728251092286 1.2995877982360102 0.009734646987003895
0.705905739295585 0.03494673919145366 0.5599199771555665 | 0.06986592101510966 1.3458191989894503 0.04142988393751619
0.7038090756748935 0.0461627810026937 0.6253061189651966 | 0.07971323352557522 1.3859274252987859 0.0651546286209706
0.7006604461269346 0.04336466953498165 0.7006604467037422 | 0.09997039494472085 1.3220439807545292 0.09997040016313874
0.22573129098867975 0.4350233850924728 0.2257313117130544 | -0.060521197819422 -0.7847467442593645 -0.06052119238935475
0.23417428414195965 0.4491499366472952 0.347352481732409 | -0.07861511570881881 -0.6239413863868076 0.0022833363702315875
0.2572451340828308 0.27859831310914046 0.40000276122456085 | -0.006372390806621493 -0.014900757586637716 7.81155784544646E-4
0.23043638562317112 0.06707470935602704 0.4259957842086891 | -0.149225737904485 1.3196283413471968 -0.3200555813650556
0.23586629697091657 0.04773215702868958 0.49362305535621026 | -0.10784610856369047 0.9010133236828985 -0.02400877999144923
0.23905990033162033 0.05241073795709186 0.5581670347877351 | -0.09307014724597851 0.9809728405722086 0.022941199222910276
0.24229081245715134 0.05596800149549244 0.6263104537129308 | -0.08957030406874558 1.0366357530429942 0.06212005796236522
0.24520601225228952 0.05492166592037661 0.7046776449302274 | -0.12487727660423786 1.0700539856290259 0.12849076400727366
0.34735241869811295 0.44914977441211157 0.23417402572266344 | 0.00228296116698232 -0.6239421721755917 -0.07861582716976608
0.3415438453294591 0.47204923636967216 0.3415443155579224 | 0.036377144304298684 -0.47547296328223104 0.03638037952782371
0.337938206359259 0.3226294146022874 0.4011897472671971 | 0.006670317945590398 -0.4426490844763702 0.0014702259090105289
0.30926581056328734 0.07402165469347072 0.42957774953886063 | -0.10285280012701888 1.5006889186241228 -0.21508437731998775
0.3176883265192612 0.05251063945696853 0.4991129165400062 | -0.04329604261194733 1.1455077634087405 -0.0031081460925651582
0.31775174548113244 0.05823921543632354 0.5620745697800553 | -0.060046424861376776 1.3118603300994303 0.0347176740155949
0.32052316696658767 0.05827536937104046 0.6286231729100081 | -0.05393700256293882 1.3397138644564104 0.04641037287499829
0.3234853698258686 0.0562242949202963 0.7073418533292701 | -0.06251580844517164 1.0835513941932615 0.09090115471189976
0.4000027241631964 0.2785982150675487 0.25724565927992826 | 7.771737523659013E-4 -0.014846268977095725 -0.006464229477295613
0.40122013074431334 0.3219821798541219 0.33804258626257533 | 0.0020474946892227544 -0.4595568997482041 0.00647588602412286
0.41001218241590015 0.46401629351566515 0.4099977554596704 | 0.0562145085246323 -0.445069524530967 0.056161921188780384
0.3748155637001137 0.0690856451458463 0.4249572425143044 | -0.12801979715072012 1.506800458184633 -0.2470943812908179
0.3835639839208995 0.055735943788502496 0.4999285474226062 | -0.032336078037055786 1.167794138616831 -0.027652731107398236
0.3833663060343164 0.05851566135325704 0.5642617345784366 | -0.05694965701009117 1.2847749588294592 0.03819280876896639
0.38611112316127616 0.05643934331845094 0.6323656207035121 | -0.04114312498802332 1.2821849274919515 0.05695149913220669
0.3892615563506947 0.05196393133962297 0.7119202457510878 | -0.0387100546762743 0.9730449537972312 0.10433755420341698
0.42600088810832754 0.06707126780888219 0.23043115746176152 | -0.3200386718669491 1.3195839690333464 -0.14927022050578123
0.4295602651285295 0.07405173629691653 0.3092524332741656 | -0.21487025818436137 1.5004456138977837 -0.10294362322732706
0.4249799835957095 0.06908335112787177 0.3748071808891247 | -0.2468177121436807 1.5067139168815848 -0.12807666427217146
0.4374090550269045 0.06527436058653482 0.43740306189318845 | -0.15333061948368945 0.9710676631245012 -0.15329904703649103
0.4447721955312466 0.044223286689678294 0.5046020108631756 | -0.017346796773961053 1.1780429695387753 -0.009458616556396607
0.4441759029550455 0.05874731876990983 0.567423812714047 | -0.03555790211979337 1.2481742022860378 0.06585490027758686
0.4465741443600959 0.05651196485441626 0.6343245350281661 | -0.005109257701558463 1.235894099907439 0.06188995509799139
0.44731006373342563 0.05064956169060441 0.7137047417324665 | -0.012626952983074112 0.9182551759103789 0.103123868752775
0.49362138952302104 0.04772983803136958 0.23586921328076157 | -0.024021879705197632 0.901048479784406 -0.10781614077971428
0.4991058526516284 0.05250083756854355 0.31768853578290357 | -0.003299443439954348 1.1453121486232278 -0.043305856747386275
0.4999324336437314 0.05577325036217883 0.38355177525456324 | -0.027594474228224683 1.167702932139682 -0.032406894449794624
0.5046051043229631 0.04421866433299914 0.4447706680014181 | -0.00936931495640591 1.178061292335004 -0.017356592998063067
0.5045047808911376 0.043360453948297954 0.5045071289503559 | 0.020050595140227046 1.181810750199539 0.0200669065929652
0.5048830761628083 0.05899114779231918 0.5679093858647352 | 0.024855637995885575 1.252676740017177 0.07192051862910395
0.5032086431917686 0.05645058350887648 0.6344153932291153 | 0.00466773238366834 1.2335387193705374 0.062231123384642276
0.5027042573393954 0.050745343762724 0.7136398033133697 | 0.012865048952752485 0.9213253245728623 0.10262992450846047
0.5581666760753844 0.0524107521096561 0.23905839742795598 | 0.02294300240996036 0.9809650211866245 -0.09307836125036972
0.5620761585605822 0.05823786817204175 0.3177516339032013 | 0.03472292495859272 1.3118494955529467 -0.06002663193321537
0.5642616844522478 0.05850920339327126 0.38336843706673884 | 0.038184063104441376 1.2847373469518943 -0.056924109175565826
0.5674230516634248 0.058745121033116146 0.4441757555603458 | 0.06584780294768788 1.2481696880816304 -0.03557032118214937
0.5679095208380468 0.058991822269559895 0.504883113299217 | 0.07192015090445802 1.2526874405148831 0.0248518435842542
0.5659763105260005 0.05810661323966468 0.5659762628744803 | 0.05019721860608683 1.2740721676309792 0.05019693918103969
0.563935697802687 0.05590908678345658 0.632639529832211 | 0.04349562948511482 1.2697864941373167 0.05885088068861755
0.560625182463948 0.05162110142224952 0.7120715928541618 | 0.03912836015910005 0.9655412111016396 0.1047289385524551
0.6263105270928063 0.055968130951329145 0.24229124616795417 | 0.062119699878678554 1.0366430045820236 -0.08956773210605053
0.6286242341446072 0.058275110687917395 0.3205235286028351 | 0.04641840502740793 1.3397126471170664 -0.05393632008115878
0.6323659255115704 0.05643972592727902 0.3861111070986557 | 0.056955589038464684 1.2821857781153785 -0.04114439394497361
0.6343245116527995 0.0565122122433712 0.44657421202322356 | 0.06188968440298188 1.2358981552851294 -0.005108168596000378
0.6344155004342599 0.056450541556472236 0.5032085184215932 | 0.06223119549040932 1.2335396014679854 0.004667685720962948
0.6326396255966641 0.05590906700721775 0.5639357569994706 | 0.05885124798243621 1.2697883963803633 0.04349571239155642
0.6296312881812467 0.05780169339613365 0.6296313225123995 | 0.056028978769042705 1.3498836471609321 0.056029244704370706
0.6265329233848425 0.0560774415612 0.7074510021049277 | 0.06276186410695991 1.0876062131299307 0.09108409504603118
0.7046777294607409 0.054921641988613934 0.24520599895408907 | 0.12849153560904833 1.0700533338144584 -0.12487734908815379
0.7073420507650056 0.056224234409389305 0.3234853594456659 | 0.09090164041524637 1.083551493159102 -0.0625160498587722
0.7119201725176618 0.051963978223302364 0.3892615596774521 | 0.10433672959143331 0.9730464535388256 -0.03871011316409926
0.7137047115615541 0.05064957713233387 0.44731005205678026 | 0.10312366836269916 0.9182553743856374 -0.012626903360919274
0.7136398210500364 0.05074534192303604 0.502704255136969 | 0.102630074014665 0.9213250161142043 0.012865084875208386
0.712071627232302 0.05162108388642558 0.5606251794627525 | 0.10472924690832539 0.9655406737310445 0.03912843454293621
0.7074509979281229 0.05607744971664253 0.6265329226115468 | 0.09108410109188853 1.0876063892602883 0.06276184211970767
0.7047631867290407 0.054682010036015645 0.704763187243695 | 0.12294716322137096 1.0707123646733698 0.12294716689855792
0.22334301000940138 0.4003267602405382 0.2233430233785034 | -0.03905000117684102 -0.8418045133052726 -0.03904998778081043
0.23268517220221033 0.40314256996277437 0.34464016072800474 | -0.056331405267442014 -0.7972387126214724 -0.002588015435881269
0.25773368186621287 0.30108839164378676 0.40000273527358027 | -0.011330750557521424 -0.003075834743725709 6.784958772423826E-4
0.23034872452348307 0.0798236122857797 0.4140864090009546 | -0.12112401201377604 1.2578416426987815 -0.327725549243649
0.23196989513776822 0.06826523535972584 0.49252169856765954 | -0.12460352286368438 0.5419660086468182 -0.024133233109793296
0.236246784765703 0.05674993921694716 0.5583404578096782 | -0.10722813113742893 0.7211883501839054 0.0258432596952382
0.23986761817311944 0.06396262516780442 0.6266357116832455 | -0.09977854139907917 0.7854575959386553 0.0607654730378831
0.24255157753570017 0.06462277739900481 0.7074050658571791 | -0.14006344678335608 0.8460526325951362 0.14316002048246287
0.344640037936882 0.40314237544438397 0.23268501437213962 | -0.00258835479181903 -0.7972395253542326 -0.056332143660653027
0.34228001114335166 0.45617396523185233 0.342281340757331 | 0.04023563686188674 -0.6617944548698559 0.040239738791728326
0.3388395188782389 0.3260830702097037 0.4021166467553826 | 0.009127828833793723 -0.5799235734625006 0.0062317967937653785
0.30794924203089624 0.0838903747004152 0.4204332906781899 | -0.12194322791194954 1.2938595946234015 -0.24329349907587994
0.3166198959403644 0.07057035365192638 0.4968004880416874 | -0.04224288491289327 0.8713139374697104 -0.016989791782424987
0.31627009477911616 0.08469589486793593 0.5618530319164076 | -0.06654803400004831 1.0555007498964477 0.03480585082547269
0.3185350930531464 0.08236668215393537 0.6306418039185941 | -0.06850144621559011 1.0891237978214692 0.06431067975051831
0.32309954878446656 0.06340839286457599 0.7097495792160892 | -0.06174186122186196 0.8213709871340367 0.10158939377425275
0.4000028122768854 0.3010881421468186 0.25773412371291454 | 6.729096998304892E-4 -0.003031134728252493 -0.011294380641983029
0.40211482792899395 0.3259203280871475 0.33882804002305883 | 0.006070844725872858 -0.5816762467474857 0.008370264689883337
0.4112555110333502 0.4405267194906325 0.41123650255259125 | 0.05654542569438318 -0.6793814876153746 0.05649008475760561
0.372276604961695 0.07844565767140722 0.41828507912733465 | -0.14747827905125982 1.25257978786258 -0.25253302573534586
0.3825059238034903 0.07798510121961673 0.49867495011972707 | -0.03414355389432002 0.9045370941235138 -0.03389187773268648
0.38321992486598305 0.06261062174272433 0.5643502086015588 | -0.053366939086915824 1.0655057848131626 0.03660916807506081
0.3855242883172679 0.08319011884920688 0.6337984140685369 | -0.04476613899128642 1.0375215840218017 0.0657392164350041
0.3891075960205774 0.05712996981467241 0.7148305011570499 | -0.03731430861466916 0.7137692566718656 0.11471727863341306
0.41408968507252397 0.07981817438499571 0.2303405418488894 | -0.3277220104082544 1.2578040085357283 -0.12116690717601408
0.42039061713156267 0.08395055990088965 0.30793961442226253 | -0.2432039543005511 1.293336198692478 -0.12201189405270274
0.41834374775236155 0.07837291811401513 0.3722752542492665 | -0.25220967093802327 1.252920077925719 -0.14735114314015985
0.43771689794513335 0.07207194203015034 0.43770622724661035 | -0.1395056953436771 0.649262781710316 -0.13948243141909167
0.4444905834377738 0.057607176404141966 0.505010854239646 | -0.006436060356807253 0.894670096097184 0.00893693007525452
0.44394182021006273 0.0617233268881307 0.5676994586101926 | -0.03453429391731304 1.0288056426770895 0.06320704040653456
0.4470862882473144 0.07579587407388882 0.6355931623962934 | -0.0027326900450219517 0.9758636948846547 0.0683253380484598
0.4471713108906879 0.05467872469109544 0.7161264264538307 | -0.012560025603334881 0.6647218784431362 0.1101635278902593
0.4925206067305123 0.06826204476323658 0.2319734022205496 | -0.024141224690293894 0.5420378626078114 -0.12457214483261893
0.496795185996053 0.07058327410990459 0.31661513645609796 | -0.017065049555365832 0.8713992700598304 -0.04230119923454525
0.49868599625572635 0.07802303519842836 0.38249433366020985 | -0.03382945565425199 0.9046848319030003 -0.034248408783553
0.5050128386065408 0.05763925648532975 0.44449310903543987 | 0.009013599261947862 0.8949288608103299 -0.006438027892593743
0.5047404954363675 0.055631852024320236 0.5047442923903771 | 0.02338202211750822 0.8898555670546702 0.023406988139768915
0.5050836435309477 0.062322686356741645 0.5681483052559801 | 0.02454513687033125 1.0367283122330073 0.06865320681427471
0.5026042533275704 0.0757640677125738 0.6356789712040273 | 9.713643562608743E-4 0.9745067213189608 0.0690990322954135
0.5028526542847593 0.05480147560282583 0.716076964671432 | 0.012858521144819156 0.6667301620352155 0.10987397969400871
0.5583401666298763 0.05675029181945967 0.23624496038425952 | 0.025846467807687682 0.7211798642538808 -0.10723723374614308
0.5618562688699097 0.08469113000934232 0.31626857509907474 | 0.03482641218189097 1.055435332866754 -0.06655220210485775
0.5643492953673904 0.06260430021421999 0.38322191816479806 | 0.03659021556571367 1.0654546997351826 -0.05334727449934137
0.5676989501373001 0.061720538776278 0.4439416687027233 | 0.06320436551624058 1.0288026007662519 -0.03454599712747478
0.5681486934224064 0.06232324377101242 0.5050837194982764 | 0.06865561300156686 1.0367355312196997 0.024540844376277893
0.565981697622535 0.06234503771237805 0.56598158651384 | 0.04510899308251672 1.0563120243079145 0.04510785752608151
0.5644263384191665 0.08310897503280769 0.6343160860158383 | 0.04321926906101148 1.0171275619325184 0.07146196255751615
0.5607027407448025 0.05667730933569379 0.715033042327491 | 0.0375606225553831 0.7066521580650351 0.11548354420448252
0.6266358213913235 0.06396278802478496 0.23986813311949412 | 0.060765228143768335 0.7854637319958978 -0.09977618825811273
0.6306427833702094 0.08236678565069434 0.3185355801161153 | 0.06431756867548592 1.0891333578379598 -0.06849949150767486
0.6337985655443846 0.08319008659887762 0.38552438526202143 | 0.06574332760055851 1.0375263795663279 -0.0447660990241559
0.6355928543515276 0.07579614930841341 0.4470861670787288 | 0.06832213631045134 0.9758683352079691 -0.002733106327238207
0.6356789668628126 0.07576414640943968 0.5026040331490608 | 0.06909750773786072 0.9745072592129947 9.711794644367633E-4
0.634316217085505 0.08310904620093477 0.5644264367092463 | 0.07146215053132761 1.0171283936736994 0.0432196677820648
0.6317257033550004 0.08228955451778021 0.6317257433132019 | 0.0731069321291979 1.1023496265440789 0.07310721836035931
0.6269543675604694 0.06369886368838322 0.7099119096925608 | 0.06268309508269067 0.8282090819546836 0.10213494745329899
0.707405155556885 0.06462274710655366 0.24255156035733372 | 0.14316070270895803 0.8460521127509637 -0.14006356770986356
0.7097497749273639 0.06340836046193692 0.3230995411669126 | 0.10158952872298051 0.8213718128205524 -0.061741974303121054
0.7148303976949749 0.05713004206398539 0.389107603759388 | 0.1147162041071568 0.7137707694287905 -0.037314306501659955
0.7161263858229705 0.054678736670351565 0.44717130218256457 | 0.11016332836979295 0.6647218846380247 -0.012559948887234855
0.7160769841237882 0.0548014660878335 0.5028526494096216 | 0.10987421950912135 0.6667297842431009 0.012858562294893627
0.7150330847453651 0.05667729048622524 0.5607027377341741 | 0.1154839353690098 0.7066517293945639 0.037560713216462926
0.7099119053449984 0.06369886923872495 0.6269543665548075 | 0.10213497423383719 0.8282091316484449 0.06268308965372547
0.7075414621549538 0.06445696495944271 0.7075414625863375 | 0.1418846573387839 0.8510448256740718 0.141884660069775
0.2253270903895926 0.4000511042566567 0.22532709834488931 | -0.002611751956488301 0.005199263035752447 -0.002611752988709038
0.23617535161799136 0.40000151306119375 0.3417757589287807 | 4.0871800133370525E-4 0.005952571263619591 -3.218785527226775E-4
0.2582699328465562 0.3224839448512593 0.4000167544319654 | -0.009025259034350397 -0.0939163984999919 -3.8364870986823277E-4
0.23429573303943343 0.10487957320731034 0.4006991846589138 | -0.11670370235958631 0.4620486781853306 0.18401405374567067
0.23344175196176734 0.07781105281911849 0.49204143489962116 | -0.11249519411667844 0.27109096160164914 -0.02173526437038372
0.23421922058765826 0.06536813602799685 0.5584007390119867 | -0.11250963845984685 0.4561825015176531 0.02740019869639625
0.23838865470505638 0.07658644974128634 0.6265472529475962 | -0.10662849483596308 0.5218969508905669 0.061545196710443034
0.2409377602705429 0.08042417756250454 0.709158798148379 | -0.15367758334680517 0.5780905788519771 0.15628978639023175
0.3417752611880985 0.40000161049353294 0.23617502387087874 | -3.226108659776562E-4 0.005952660292121651 4.0851299440517906E-4
0.34268585315896416 0.4300501237537646 0.3426873375148768 | 0.0362730701854616 -0.8594953598042453 0.036271643099510135
0.3392838126101641 0.32613047872446393 0.4022662928150258 | 0.01348503457808017 -0.5888709653605934 0.006863271202488234
0.31222594374144497 0.10505322680902028 0.4003854003091668 | -0.0590678972530551 0.49536177429397027 0.19583880629556166
0.31652149503452354 0.08338676543406258 0.4940754488491475 | -0.03571247571381534 0.6288754146623383 -0.027299375391920403
0.31590195335010895 0.09760253818074216 0.5612605841478425 | -0.0700642939782635 0.823463099349288 0.03356991796843901
0.31765143422901043 0.10102741643597864 0.6316912520430491 | -0.0757738655273821 0.8594732350809243 0.07131084573992952
0.322885816538058 0.07710230551056736 0.7120698270004744 | -0.06636326734954869 0.5584580622701998 0.11654500519211465
0.40001643253635055 0.32249250562118653 0.25826704158831987 | -3.7183507857471417E-4 -0.09365816817502788 -0.008959020157743497
0.4022497364650791 0.32483959032719767 0.3391077649618731 | 0.008155312821853238 -0.6096462972499576 0.008870674301452892
0.4096664648947485 0.2243796301314587 0.4098528829151521 | 0.07091264210685183 -1.1427060475036501 0.07178381388706417
0.37066270117371064 0.09962220127888519 0.4137523041525579 | -0.1744251723568506 0.9173017698010653 -0.26920648637478234
0.3827603642860498 0.0856292312087275 0.4978222147993708 | -0.025120297822547186 0.659218375748699 -0.030179665274947982
0.3833822342144852 0.08831925793799054 0.5644255568918217 | -0.05552061826689906 0.8028525748554406 0.03851572083264022
0.38581879104046723 0.09609627770478293 0.6343737626669851 | -0.043240576191028356 0.8038738906995425 0.0746373989625918
0.3892152807085444 0.06677647714295086 0.7174031917671027 | -0.038230277900509355 0.4490248141573559 0.12468209574955769
0.4006984730805225 0.1048734915916674 0.2342809792143488 | 0.18403525149760244 0.4619922061709803 -0.11679328045709736
0.4003917787289571 0.10505273077656557 0.3122147434824818 | 0.19575952395861887 0.49504572219802123 -0.05909598244786409
0.41382380150840187 0.09959886398261754 0.3706604796131068 | -0.26851229159363843 0.9170278366458535 -0.174221255346419
0.4392215516536544 0.07644088649242232 0.4392041926624508 | -0.09904145307241193 0.291078954909579 -0.09909536597782645
0.4444381243457988 0.07923151123738148 0.504249888945203 | -0.005670008096013086 0.5792306623843326 0.00240959056435431
0.44424029726784897 0.08310215088787158 0.5672561464994923 | -0.028711394301477854 0.7438398903136506 0.05788266451372413
0.44711870654264235 0.08635683609431535 0.6363234239503597 | -0.005390878819727001 0.7342173692335918 0.08001993027053732
0.4471558239963429 0.06314588030921356 0.7174919784893602 | -0.011976590481658186 0.411485885868824 0.11280806512956561
0.492040566936151 0.0778133804435365 0.23344343426722167 | -0.02174172145478886 0.27114912600124763 -0.11246137711339263
0.4940776508428236 0.08340229996136937 0.3165134660157273 | -0.02735142496450798 0.6291399546074352 -0.03576030754788999
0.49784069081834215 0.08564766443044974 0.38275090645182624 | -0.03002746436637598 0.6595195320068226 -0.025196476826056725
0.504252379202281 0.07924118523707176 0.4444499176206394 | 0.002453210456811373 0.5792080111112066 -0.005604510160016038
0.5046163780684126 0.07729976250258642 0.5046210291547618 | 0.022953843129691977 0.5695590802328323 0.022975254329837134
0.5047748563969389 0.0827624633280741 0.5674587110558204 | 0.018052022348286546 0.7444206869678176 0.059261355837773914
0.5025664758288408 0.08641892499017492 0.6364039158263288 | 0.002737999813032824 0.734202810074996 0.08154509740298257
0.5028724967106981 0.0633185355361553 0.7174815492412336 | 0.01227603713379302 0.4132503236850032 0.11301392514575902
0.5584007351477349 0.06536865086129577 0.23421614796990675 | 0.02740495388465879 0.456164559634661 -0.11252406211489983
0.5612641723792797 0.09759733764854073 0.31590010836434174 | 0.03358786165325321 0.8233736557037462 -0.07006917452801485
0.5644269421370057 0.08831395124198499 0.3833840138636296 | 0.03850499894931294 0.802786110462459 -0.055511841716275906
0.5672562090522012 0.0831003925840869 0.44424106302326777 | 0.05782772993768126 0.7438549022231653 -0.0286900613182298
0.5674601378646748 0.08276144732051638 0.504775431322513 | 0.05926875311426081 0.7444284576221509 0.018046546505848807
0.5657285070866063 0.08688818306038407 0.5657283207057437 | 0.04857598316002621 0.7731961726095137 0.0485739201399455
0.5642245398597001 0.09582525342749347 0.6350973616971481 | 0.04311386045599575 0.7788768210769076 0.08474635826342568
0.5605671155186774 0.06615811213560553 0.7177533106443744 | 0.03860263522646274 0.4407836735077233 0.12581885791926023
0.626547406230893 0.07658657239994728 0.23838915449117806 | 0.06154491714379406 0.5219021077056902 -0.10662709151348447
0.6316921208870764 0.10102782368788006 0.3176518564462633 | 0.07131712039346427 0.8594827228369584 -0.07577249719335391
0.6343737670929034 0.09609631733901272 0.3858188704640023 | 0.07464029604752057 0.8038834232234662 -0.0432436956852607
0.6363230123408005 0.08635710615088742 0.44711854070589224 | 0.08001526911194524 0.734222485845238 -0.00539148195930603
0.6364038718133879 0.08641895767794108 0.5025662148322511 | 0.08154251511475996 0.7342022789110183 0.002737519108542232
0.6350974634592426 0.09582525789415004 0.5642246098521397 | 0.08474603578868271 0.7788754029961452 0.043113658330183297
0.6328496650879145 0.10171406109756258 0.6328496984056539 | 0.0831838518039936 0.8656165335631351 0.08318403643494349
0.6272201112362452 0.07774204585573848 0.7124033813208251 | 0.06922706889976205 0.5601906907214566 0.11956457009009272
0.7091588880974024 0.08042415245006164 0.24093774474246926 | 0.15629025579735203 0.5780901909773285 -0.15367766461300936
0.7120700179465146 0.07710229935538307 0.32288581077503675 | 0.1165452006246344 0.5584588012546323 -0.06636345078939283
0.7174030372432678 0.0667765839259347 0.38921529169580377 | 0.12468083954006018 0.44902642304885493 -0.03823023667867299
0.7174918868468428 0.06314591564240082 0.44715581657304165 | 0.11280745312968764 0.4114859772771316 -0.011976498076762054
0.7174815641876245 0.06331851765867502 0.5028724904315788 | 0.11301417087625369 0.4132499379755058 0.012276079019237954
0.717753358596751 0.06615809143582241 0.5605671125204463 | 0.12581926100444976 0.4407833789941365 0.03860272565406497
0.7124033781635875 0.0777420477815776 0.6272201103724397 | 0.11956460891549178 0.5601906813567955 0.06922707610914258
0.7095314758116775 0.08035033883529318 0.7095314761442331 | 0.1653506998894415 0.5826897011588077 0.16535069917518672
0.23942760229941776 0.40004600190329853 0.23942760998924364 | 0.0011190591155258143 0.0064835162538282075 0.001119057085058054
0.24223470086098506 0.4002569899149053 0.34191264149376005 | -2.1300645904054842E-4 0.006132632733481917 -4.489722023204214E-4
0.25549877049940334 0.33086007739948564 0.4047075323024046 | -0.007645659524232738 -0.7203934343899401 0.014753396690735443
0.2365381129652786 0.10639934282295822 0.4013499183001955 | -0.11830519515719386 0.3156284226760016 0.1839786530962408
0.2372195371029289 0.08311857283970196 0.4918886319483405 | -0.08949001524251288 0.03920967811932635 -0.014801824946638216
0.23543578382473887 0.09333310034180309 0.5584139665202763 | -0.09243322775292655 0.13974109469003138 0.024444436518223766
0.23925592472806537 0.086971010035844 0.6260183330263545 | -0.10331813858675486 0.27017961373537097 0.06338007904406905
0.24298100364287467 0.09222571481137892 0.7071173312292406 | -0.14874196223354355 0.31657884715506207 0.1517707521005256
0.34191262761266944 0.40025693725095507 0.24223457677481597 | -4.50030090608971E-4 0.006132649976451197 -2.133014320680457E-4
0.3422325846735898 0.4025571781925516 0.34219033982121394 | 0.004173085033098807 0.16410744783358008 0.00391853883147753
0.34075299260439834 0.3323964142714239 0.4041445926400968 | 0.003386600720173305 -0.6947510422035265 0.009615158914276797
0.31552093345549037 0.09979806247201262 0.40109985885321436 | -0.08668435290976723 0.28736894024267856 0.20764879165941363
0.31769421289583766 0.11484188909272217 0.49102057506158225 | -0.03474905187090548 0.397510235092722 -0.007752336419804422
0.3161002113509217 0.10364433004863748 0.560906696624355 | -0.07147337393523695 0.5820066733481323 0.03286402903812109
0.31753176058255195 0.11302651230088283 0.6318927274918109 | -0.08086103071687346 0.6220093625549081 0.07602321485697873
0.32318741534925693 0.09047793054708467 0.7117985960884204 | -0.07146860138900188 0.3136251440471179 0.11798019629249236
0.4046968272743454 0.33089695072247133 0.2555185008064024 | 0.01438210154875127 -0.7203539219782295 -0.00742891492845158
0.40415866332673933 0.33234056511176346 0.34074492126819156 | 0.009365144024760467 -0.6963322350919823 0.0029869955819815898
0.4155257507181182 0.21491804912649065 0.41575038427614514 | 0.09783297784705025 -1.3690265632045648 0.09899429818025683
0.3685666618852713 0.11442099602452141 0.404819902131272 | -0.19558565996272753 0.6166901855224518 -0.3082845576334785
0.3838079231415424 0.1027823840591344 0.4958581298079351 | -0.018241517726995275 0.35117805535031515 -0.015906555880816825
0.38501483651202356 0.11695927723584178 0.5637051574967841 | -0.045698045781987266 0.5257043149335107 0.033835193873633186
0.3860450300715724 0.10115423873760873 0.6345408206368252 | -0.04409782538859318 0.5491181895717476 0.08460503653061677
0.38980743591580463 0.09437046595689778 0.7167813920836102 | -0.0368741883521039 0.1261188660596607 0.11765268156882765
0.40134671909148195 0.10639310721562857 0.2365227434508675 | 0.18399332808724325 0.31556894275056874 -0.11838359810698619
0.4010962625838188 0.09978237385071655 0.31551500505210855 | 0.20767990116076043 0.28719166750457087 -0.08661338252781198
0.40481960793984134 0.11446137885313523 0.36855263615282075 | -0.308357311968944 0.61649575367357 -0.195496121776249
0.43995377595186247 0.07567861028527578 0.43993605348495113 | -0.07483856489239014 -0.029590847661984065 -0.07492913184352669
0.4447250242430746 0.09622747631544169 0.5025476210742944 | -8.871087505297266E-4 0.2536778093850202 -0.014014578975790193
0.4452469253372768 0.10678566240757358 0.5655928743985332 | -0.017738860008024913 0.4558271745703998 0.03989520069174755
0.44641234449713907 0.11449934134266221 0.636425680036279 | -0.013596018654738777 0.46229945058490834 0.08808289362018804
0.4474144060887956 0.08905378517241107 0.7171279553339879 | -0.01220871324072228 0.0857078783734242 0.11195208428553369
0.4918884803703263 0.08312245979702253 0.23721861247245454 | -0.014798942356817953 0.03925313283475279 -0.08946056979003919
0.49103060953452504 0.11484047986541404 0.3176832084312506 | -0.007721508254764089 0.3976385227749904 -0.0348142946209854
0.49587690770314763 0.10279213132051664 0.38380213053317547 | -0.015809705238814233 0.3516560782471189 -0.018271464536363552
0.5025499764036057 0.09621552073898129 0.444738014959722 | -0.013983852976699162 0.25369659161837416 -8.216820521495395E-4
0.5036905043954525 0.09584669781626753 0.5036949910058004 | 0.01250479055029104 0.2524218719019228 0.012520293241267784
0.503875074650141 0.10673433845436829 0.5658211828240376 | 0.010496012177836352 0.4593359410882573 0.040986644530244185
0.5034077733374923 0.11467496972270975 0.6364829381968954 | 0.010470164648950776 0.4603872528861149 0.08971254245330681
0.5025996014589005 0.089347867881471 0.7171455482299376 | 0.012410625892346112 0.08733235195469366 0.11211482720927778
0.5584141522967161 0.09333192595632621 0.23543299756338537 | 0.024451314416739922 0.13972105709556826 -0.09244781386936472
0.560910419897805 0.10364003125673998 0.3160985570727698 | 0.032871361538127135 0.5819070055796041 -0.07147328479903989
0.563708861784961 0.1169585649520259 0.3850166356751128 | 0.033840271773676586 0.5256327046866948 -0.045700644495701506
0.5655932872827836 0.10678858624254993 0.445247358396716 | 0.03988955327742027 0.4558038051029025 -0.017747757839843767
0.565822454762899 0.10673532678196804 0.5038754627394301 | 0.04099023144221047 0.45934504354573413 0.010486896032911816
0.5651754206589712 0.11630398250627241 0.5651753031828491 | 0.052905890416899956 0.5033248629270607 0.0529038092398202
0.5641149232472616 0.10007947605909424 0.6354532460652821 | 0.04482771965117734 0.5207321153278059 0.09811321022149674
0.5601153289999722 0.09428730649162449 0.7171644938757039 | 0.03884122783634561 0.11746865887317731 0.11901245055458679
0.6260185057788084 0.08697109366886348 0.2392563007645822 | 0.06337975727341759 0.2701824911430061 -0.10331785722832007
0.6318934634858482 0.1130268558845342 0.31753206753942903 | 0.07602880748854117 0.6220154804834233 -0.08086082708462743
0.634540751506009 0.10115464008890697 0.38604508293251666 | 0.08460576008058386 0.5491317535555712 -0.044101681115083564
0.6364254739830056 0.1144993700927352 0.44641238066852373 | 0.0880799191405426 0.4623090994558082 -0.013596338107616365
0.6364830441569375 0.11467468575176172 0.5034076227787073 | 0.08971082312032312 0.4603848967056686 0.010468905533265897
0.6354533332050891 0.10007936808424911 0.5641149774795156 | 0.09811289894669016 0.520729581968816 0.0448273522797133
0.6330118862217899 0.11364778453744674 0.6330119109829548 | 0.08862158846676045 0.6223209752782549 0.08862174077086386
0.6270458662940324 0.08984903852268587 0.7124018243449366 | 0.07687667531875349 0.3052747475780025 0.12411151869705743
0.7071174162083844 0.09222570571607633 0.24298099313091356 | 0.15177109537389527 0.31657836827994584 -0.14874209651444037
0.7117987694105004 0.09047794436192381 0.3231874091813918 | 0.11798072403882001 0.31362565720069646 -0.07146890735236396
0.7167812320320821 0.09437054246112998 0.3898074414965638 | 0.11765194126879046 0.1261207447750922 -0.03687423041116217
0.7171278002922604 0.08905383919023133 0.447414402078346 | 0.11195129069660038 0.08570852193765816 -0.012208602330267429
0.7171455401469404 0.08934784958610183 0.5025995940073628 | 0.11211479857399466 0.08733191783251275 0.012410607689977295
0.7171645268864941 0.0942872980750612 0.5601153222693387 | 0.11901258951677199 0.11746833511383503 0.03884123426663408
0.7124018234169384 0.08984903969363978 0.627045866065391 | 0.12411157232245733 0.3052747288441779 0.07687669218787367
0.707779479009694 0.09269284922982583 0.7077794793367895 | 0.16771947397156256 0.33051510727590006 0.16771947175068871
0.2519492917884769 0.400080098451257 0.2519492987074344 | 0.003721174332826622 0.0055684299414920195 0.0037212050728270855
0.24986170795349252 0.40013703767140124 0.339253393779133 | -9.1524446510226E-4 0.006252210597618376 -8.648937516374833E-5
0.23832503073593633 0.12972312746724673 0.4087415095204618 | -0.021324761318371004 -2.262512346399449 -0.002919743987399726
0.2422679696853698 0.10872459439708464 0.40136557563304337 | -0.1315124915269189 0.1322047721709245 0.15123936378228767
0.24423395295170403 0.0947483303336969 0.4910525062460355 | -0.05109774041783175 -0.24631820653616426 0.0014791526580041042
0.2423146588450814 0.1038100169908861 0.5581340489883526 | -0.06644640368573351 -0.1473705723236771 0.020327671106456755
0.24330058785805933 0.1007310942902336 0.6248375892317402 | -0.08678920081341693 -0.03774649562299373 0.0631165258771663
0.2470876926240144 0.09424064763168298 0.7029176193172829 | -0.13347224380950307 0.03354180125303876 0.13702601263197306
0.3392533852063246 0.40013701956338354 0.24986161720609432 | -8.759759919498619E-5 0.006252153710067058 -9.175289085364304E-4
0.3368545101781841 0.40017089887127444 0.33685415596241464 | 1.183357524462651E-4 0.00596315692590528 1.0914184285617547E-4
0.33809715598056667 0.17629685516754243 0.4338426362666395 | 0.04055817348888353 -1.9824948657922838 0.04761524810191853
0.32427354019040866 0.09301021228907448 0.40005653988634843 | -0.0034057078417802206 0.0017738539100868498 0.0032451614058361428
0.3187433938120328 0.12315913695706042 0.4900703539217826 | -0.04543271362048875 0.11475509674788009 0.004414892541556657
0.3175878298213999 0.1193274020859669 0.5603611994555306 | -0.07099801772092575 0.2727912361609894 0.03622030374228
0.3187077952710066 0.1282271350913058 0.6307159657248769 | -0.09388343759259772 0.31352529633011494 0.08983367419216849
0.324638673935109 0.11021234361355181 0.7068887496812908 | -0.07091917884750457 0.04390355093471125 0.09765364956703373
0.408740017849008 0.12972573006102242 0.2383309487577941 | -0.002918205402102918 -2.2625363711312403 -0.021325201284522304
0.4337711330143005 0.17626179687379206 0.3381752394184955 | 0.0475099533688349 -1.9828258488921657 0.04058460461912505
0.452715787085768 0.1764208672084696 0.45256239606729304 | 0.2684963891069558 -2.3010813547965783 0.2681169190867623
0.36750827332986213 0.10673270582781384 0.40141812831183143 | -0.07514725375108454 0.21088908661930209 0.0764217910815039
0.3855191043759135 0.1141233947663626 0.49418169435530696 | -0.01608336940921215 0.0029262431033962345 -0.002192966901152654
0.3862800909811816 0.12565739771367737 0.5628499236592176 | -0.03407964105020708 0.1908124628229418 0.028077674981043257
0.3863121852217092 0.11345714304306993 0.6340223067728542 | -0.04949408780885186 0.20558446264640914 0.09133945193706722
0.39002488902768806 0.10433439911824653 0.7099908225391891 | -0.036870951953632713 -0.16225899473733663 0.09348182704574964
0.4013602407278061 0.10871779759812443 0.24225319612640264 | 0.15124854388508693 0.13210628319651496 -0.13157314804672113
0.40004753341444055 0.09299279113990357 0.32427302826437177 | 0.003247447366748902 0.001769837439594811 -0.0034097279870248056
0.40140064384485247 0.10676532277702623 0.3674945517889556 | 0.07647387689014411 0.2108917504824812 -0.07513051693317267
0.4404286388354605 0.09783720305620379 0.44042752542375124 | 0.009108866741591469 -0.5110881239981656 0.009178670567890323
0.44459600106656055 0.10610648739580421 0.5010696704912594 | -0.005522606152785598 -0.1155111036769204 0.004493798681541027
0.44604448931262486 0.11814831028041255 0.5643818044008131 | -0.012275486116771307 0.12012433422512378 0.034961329516459264
0.44572876416335655 0.12275277196495789 0.636071323419596 | -0.018389196641031166 0.11637185804640167 0.10436556357262958
0.4476838404512101 0.10020457158815345 0.7115292497554846 | -0.01125500726460831 -0.21615735356812957 0.08842283588548082
0.49105148905420687 0.0947530224974326 0.24423208730619397 | 0.0014805200687655737 -0.24625847364713607 -0.0510785611143323
0.4900789083991769 0.12317679365542661 0.3187360401030501 | 0.004444989969587902 0.11498498812678487 -0.04549292261232638
0.4941932024054703 0.11416364838645922 0.38551765300998514 | -0.0021064929430913036 0.003368682524287115 -0.016100127409073475
0.501071648410583 0.10608140807206676 0.444606398512338 | 0.0044746393673965774 -0.11562543859740462 -0.005470821750858451
0.5024156967715796 0.10802946622317881 0.5024190066778795 | 0.0051275402789969105 -0.09577894992031273 0.00514023064636559
0.503221589894875 0.11761477409924932 0.5647772531466458 | 0.008736576741643683 0.12027280304854066 0.037603704499289806
0.5041740091786023 0.122567105729639 0.6360804014719371 | 0.015274438311389197 0.11474687582501628 0.1057492284580814
0.5023043996717701 0.1005932575394105 0.7115325020357861 | 0.011330867088183023 -0.2130897968104549 0.08867048623047478
0.5581344279981475 0.10380746202461041 0.24231237134782205 | 0.020340323361976664 -0.14746055448475173 -0.06647340017513366
0.5603653896904696 0.1193249353442843 0.3175867692740969 | 0.036245880215093854 0.27269835542640175 -0.0710101402889936
0.5628541208177488 0.12565403916235426 0.38628157922173373 | 0.02810306553125232 0.19074443774119762 -0.03409029050010395
0.5643805390680987 0.11815062272473083 0.4460448990109048 | 0.03485710531206932 0.12008289201600508 -0.012238051795970897
0.5647774156692144 0.11761754291179728 0.5032214874607721 | 0.037599273962622956 0.12029485854673097 0.008725751944187033
0.5648709212677995 0.1239376290081802 0.5648708794108499 | 0.053259388531887705 0.16532861296485254 0.05325764305804624
0.5642092402302608 0.10924222478343097 0.6355257725834981 | 0.05408673039960157 0.1654202110663028 0.11534115321705675
0.5600403773900995 0.10435287256497514 0.7101721720463573 | 0.038554967418078054 -0.16983035255379375 0.09451990036258964
0.6248377952579425 0.10073118369047324 0.2433007385895978 | 0.0631163265382118 -0.037746801106176286 -0.08679030674003142
0.6307163936725674 0.12822731272273516 0.31870801919112945 | 0.08983469932807586 0.3135261800019112 -0.09388102841526898
0.6340222372863092 0.11345834570868836 0.3863121715907568 | 0.09133848047295093 0.2056012507849692 -0.04949914679968282
0.6360711812170884 0.12275392138303096 0.4457288372150429 | 0.10436029210326446 0.1163874290409635 -0.01838944572579053
0.6360805715802084 0.12256701134144372 0.5041739489531308 | 0.10574752763019506 0.11474527534713994 0.015273482121079993
0.6355258559044085 0.10924183723969852 0.5642092665635265 | 0.1153413262696624 0.1654162853676133 0.054085709439857785
0.6323600589368953 0.12598196597619002 0.6323600693513436 | 0.10927684184911458 0.28797474851873484 0.10927695501841979
0.6262357444740767 0.10524634308573187 0.7085453947705013 | 0.0830645249941262 -0.0010167495338560019 0.11085417388798144
0.7029176987769279 0.0942406499823141 0.24708768702508865 | 0.13702621536187246 0.033541284097198615 -0.13347236310924546
0.706888890668476 0.11021235369746675 0.32463866174680023 | 0.097654436147228 0.043903581294094746 -0.07091952337549613
0.709990727020454 0.10433443289140078 0.39002488853944245 | 0.0934815399924443 -0.16225705957241296 -0.03687116309861449
0.7115291517921489 0.10020457892324532 0.44768383600260503 | 0.08842221759801627 -0.2161565096436921 -0.011254952304806899
0.7115324774526851 0.10059324146251705 0.502304388682323 | 0.08867029488322646 -0.21309018763161486 0.011330810143280023
0.7101721830935133 0.10435287538102428 0.5600403668690097 | 0.0945199106515535 -0.1698307331236436 0.038554913777692344
0.7085453934472333 0.10524634237765579 0.6262357443429676 | 0.1108541840534374 -0.0010167546825386939 0.08306452612153409
0.7035893247174667 0.09423986274271642 0.703589325136908 | 0.14723973013275918 0.025646980554416828 0.14723972849086103
