512
0.2785060194708503 0.7532646005291498 0.27850601947085035
0.27485448144500574 0.7569161385549945 0.34455975128688615
0.2728640661337196 0.7589065538662809 0.39905613672297663
0.27246435450902967 0.7593062654909706 0.4498956505437759
0.2724643545090298 0.7593062654909706 0.5001043494562247
0.2728640661337196 0.7589065538662809 0.5509438632770233
0.27485448144500574 0.7569161385549946 0.6054402487131139
0.2785060194708504 0.7532646005291498 0.6714939805291494
0.34455975128688615 0.7569161385549945 0.27485448144500574
0.34300027560517676 0.7602755197038931 0.34300027560517676
0.34174227339213387 0.7624032132234732 0.39885685383667474
0.3413246720482781 0.7629702850944545 0.4498606289682716
0.3413246720482781 0.7629702850944545 0.500139371031728
0.341742273392134 0.7624032132234732 0.5511431461633254
0.3430002756051768 0.7602755197038932 0.6069997243948229
0.3445597512868861 0.7569161385549946 0.6751455185549943
0.39905613672297663 0.7589065538662809 0.2728640661337196
0.39885685383667474 0.7624032132234732 0.34174227339213387
0.39856877303480504 0.7645790228079464 0.39856877303480504
0.3983017205569262 0.7652275288909549 0.44985074377884837
0.3983017205569262 0.7652275288909548 0.5001492562211519
0.3985687730348051 0.7645790228079464 0.551431226965195
0.39885685383667474 0.7624032132234732 0.6082577266078661
0.39905613672297663 0.7589065538662808 0.6771359338662806
0.4498956505437759 0.7593062654909706 0.27246435450902967
0.4498606289682716 0.7629702850944545 0.3413246720482781
0.44985074377884837 0.7652275288909549 0.3983017205569262
0.4498088494384529 0.7659295406767496 0.4498088494384529
0.449808849438453 0.7659295406767496 0.5001911505615473
0.44985074377884837 0.765227528890955 0.5516982794430741
0.44986062896827156 0.7629702850944542 0.6086753279517221
0.44989565054377595 0.7593062654909708 0.6775356454909705
0.5001043494562247 0.7593062654909706 0.2724643545090298
0.500139371031728 0.7629702850944545 0.3413246720482781
0.5001492562211519 0.7652275288909548 0.3983017205569262
0.5001911505615473 0.7659295406767496 0.449808849438453
0.5001911505615473 0.7659295406767496 0.5001911505615473
0.5001492562211519 0.7652275288909544 0.5516982794430741
0.5001393710317281 0.7629702850944545 0.6086753279517221
0.5001043494562247 0.7593062654909705 0.6775356454909702
0.5509438632770233 0.7589065538662809 0.2728640661337196
0.5511431461633254 0.7624032132234732 0.341742273392134
0.551431226965195 0.7645790228079464 0.3985687730348051
0.5516982794430741 0.765227528890955 0.44985074377884837
0.551698279443074 0.7652275288909544 0.5001492562211519
0.5514312269651951 0.7645790228079465 0.5514312269651951
0.5511431461633254 0.7624032132234732 0.608257726607866
0.5509438632770234 0.7589065538662809 0.6771359338662806
0.6054402487131139 0.7569161385549946 0.27485448144500574
0.6069997243948229 0.7602755197038932 0.3430002756051768
0.6082577266078661 0.7624032132234732 0.39885685383667474
0.608675327951722 0.7629702850944542 0.44986062896827156
0.6086753279517221 0.7629702850944545 0.5001393710317281
0.608257726607866 0.7624032132234732 0.5511431461633254
0.6069997243948229 0.7602755197038931 0.6069997243948229
0.605440248713114 0.7569161385549946 0.6751455185549943
0.6714939805291494 0.7532646005291498 0.2785060194708504
0.6751455185549943 0.7569161385549946 0.3445597512868861
0.6771359338662806 0.7589065538662808 0.39905613672297663
0.6775356454909705 0.7593062654909708 0.44989565054377595
0.6775356454909701 0.7593062654909705 0.5001043494562247
0.6771359338662806 0.7589065538662809 0.5509438632770234
0.6751455185549943 0.7569161385549946 0.605440248713114
0.6714939805291494 0.7532646005291498 0.6714939805291494
0.27485448144500574 0.6872108687131141 0.27485448144500574
0.27149510029610635 0.6887703443948232 0.3430002756051769
0.2693674067765279 0.6900283466078664 0.39885685383667474
0.2688003349055459 0.6904459479517223 0.44986062896827156
0.26880033490554595 0.6904459479517223 0.500139371031728
0.26936740677652793 0.6900283466078664 0.5511431461633254
0.27149510029610635 0.6887703443948232 0.6069997243948229
0.27485448144500574 0.6872108687131142 0.6751455185549943
0.3430002756051769 0.6887703443948232 0.27149510029610635
0.3407533767489694 0.6910172432510308 0.3407533767489694
0.3393414168783372 0.6924292031216628 0.39831010293817215
0.33871955337405435 0.6930510666259463 0.44978665283331576
0.3387195533740543 0.6930510666259463 0.5002133471666843
0.3393414168783372 0.6924292031216628 0.5516898970618277
0.3407533767489695 0.6910172432510308 0.6092466232510305
0.3430002756051768 0.6887703443948232 0.6785048997038928
0.39885685383667474 0.6900283466078664 0.2693674067765279
0.39831010293817215 0.6924292031216628 0.3393414168783372
0.3977973363579821 0.6940540592095453 0.3977973363579821
0.39736157996881616 0.6948241150657516 0.44975671909462234
0.39736157996881616 0.6948241150657516 0.5002432809053778
0.3977973363579822 0.6940540592095451 0.5522026636420182
0.3983101029381721 0.6924292031216628 0.6106585831216625
0.39885685383667474 0.6900283466078664 0.6806325932234728
0.44986062896827156 0.6904459479517223 0.2688003349055459
0.4497866528333157 0.6930510666259463 0.33871955337405435
0.44975671909462234 0.6948241150657516 0.39736157996881616
0.44967028721020924 0.6957304300024916 0.44967028721020924
0.4496702872102093 0.6957304300024917 0.500329712789791
0.4497567190946223 0.6948241150657516 0.5526384200311844
0.4497866528333156 0.6930510666259462 0.6112804466259458
0.44986062896827156 0.6904459479517223 0.6811996650944543
0.500139371031728 0.6904459479517223 0.26880033490554595
0.5002133471666843 0.6930510666259463 0.3387195533740543
0.5002432809053777 0.6948241150657516 0.39736157996881616
0.500329712789791 0.6957304300024916 0.44967028721020924
0.500329712789791 0.6957304300024916 0.500329712789791
0.5002432809053775 0.6948241150657516 0.5526384200311842
0.5002133471666845 0.6930510666259461 0.6112804466259458
0.500139371031728 0.6904459479517223 0.6811996650944541
0.5511431461633254 0.6900283466078664 0.26936740677652793
0.5516898970618277 0.6924292031216628 0.33934141687833724
0.5522026636420182 0.6940540592095451 0.3977973363579822
0.5526384200311842 0.6948241150657516 0.4497567190946223
0.5526384200311842 0.6948241150657516 0.5002432809053775
0.5522026636420182 0.6940540592095451 0.5522026636420182
0.5516898970618275 0.6924292031216628 0.6106585831216624
0.5511431461633254 0.6900283466078664 0.6806325932234728
0.6069997243948229 0.6887703443948232 0.27149510029610635
0.6092466232510305 0.6910172432510308 0.34075337674896944
0.6106585831216625 0.6924292031216628 0.3983101029381721
0.6112804466259458 0.6930510666259462 0.4497866528333156
0.6112804466259458 0.6930510666259461 0.5002133471666845
0.6106585831216624 0.6924292031216628 0.5516898970618275
0.6092466232510305 0.6910172432510308 0.6092466232510305
0.6069997243948229 0.6887703443948231 0.6785048997038929
0.6751455185549943 0.6872108687131142 0.27485448144500574
0.6785048997038928 0.6887703443948232 0.3430002756051768
0.6806325932234728 0.6900283466078664 0.39885685383667474
0.6811996650944543 0.6904459479517223 0.44986062896827156
0.6811996650944542 0.6904459479517223 0.500139371031728
0.6806325932234728 0.6900283466078664 0.5511431461633254
0.6785048997038929 0.6887703443948231 0.6069997243948229
0.6751455185549943 0.6872108687131144 0.6751455185549943
0.2728640661337196 0.6327144832770236 0.2728640661337196
0.26936740677652793 0.6329137661633256 0.341742273392134
0.26719159719205243 0.6332018469651953 0.3985687730348051
0.26654309110904584 0.6334688994430743 0.4498507437788485
0.26654309110904584 0.6334688994430744 0.5001492562211518
0.26719159719205243 0.6332018469651954 0.5514312269651951
0.26936740677652793 0.6329137661633257 0.608257726607866
0.27286406613371966 0.6327144832770236 0.6771359338662806
0.341742273392134 0.6329137661633256 0.26936740677652793
0.33934141687833713 0.6334605170618282 0.33934141687833713
0.3377165607904549 0.6339732836420185 0.39779733635798226
0.336946504934249 0.6344090400311848 0.4497567190946222
0.3369465049342491 0.6344090400311848 0.5002432809053781
0.337716560790455 0.6339732836420185 0.5522026636420182
0.339341416878337 0.6334605170618279 0.6106585831216623
0.3417422733921341 0.6329137661633256 0.6806325932234728
0.3985687730348051 0.6332018469651953 0.26719159719205243
0.39779733635798226 0.6339732836420185 0.3377165607904549
0.39721223997257693 0.6345583800274236 0.3972122399725769
0.396684187968992 0.6350864320310085 0.4497455119153938
0.3966841879689919 0.6350864320310086 0.5002544880846054
0.3972122399725771 0.6345583800274234 0.552787760027423
0.39779733635798226 0.6339732836420184 0.6122834392095449
0.3985687730348051 0.6332018469651953 0.6828084028079461
0.4498507437788485 0.6334688994430743 0.26654309110904584
0.4497567190946222 0.6344090400311848 0.336946504934249
0.4497455119153938 0.6350864320310083 0.396684187968992
0.44964743317038447 0.6356991736121507 0.44964743317038447
0.44964743317038447 0.6356991736121508 0.5003525668296158
0.4497455119153938 0.6350864320310083 0.553315812031008
0.44975671909462234 0.6344090400311847 0.6130534950657512
0.44985074377884837 0.6334688994430744 0.6834569088909542
0.5001492562211518 0.6334688994430744 0.26654309110904584
0.5002432809053781 0.6344090400311848 0.3369465049342491
0.5002544880846054 0.6350864320310086 0.39668418796899185
0.5003525668296158 0.6356991736121507 0.44964743317038447
0.5003525668296159 0.6356991736121508 0.5003525668296159
0.5002544880846056 0.6350864320310085 0.5533158120310081
0.5002432809053775 0.6344090400311846 0.6130534950657512
0.5001492562211519 0.6334688994430743 0.6834569088909543
0.5514312269651951 0.6332018469651954 0.26719159719205243
0.5522026636420182 0.6339732836420185 0.337716560790455
0.552787760027423 0.6345583800274235 0.3972122399725771
0.553315812031008 0.6350864320310083 0.4497455119153938
0.5533158120310081 0.6350864320310085 0.5002544880846055
0.552787760027423 0.6345583800274234 0.552787760027423
0.5522026636420181 0.6339732836420184 0.6122834392095449
0.5514312269651951 0.6332018469651954 0.6828084028079462
0.608257726607866 0.6329137661633257 0.26936740677652793
0.6106585831216623 0.6334605170618279 0.3393414168783371
0.6122834392095449 0.6339732836420184 0.39779733635798226
0.6130534950657511 0.6344090400311847 0.44975671909462234
0.6130534950657511 0.6344090400311846 0.5002432809053775
0.6122834392095449 0.6339732836420184 0.5522026636420181
0.6106585831216624 0.6334605170618279 0.6106585831216624
0.608257726607866 0.6329137661633256 0.6806325932234728
0.6771359338662806 0.6327144832770236 0.2728640661337196
0.6806325932234728 0.6329137661633257 0.34174227339213403
0.6828084028079461 0.6332018469651953 0.3985687730348051
0.6834569088909542 0.6334688994430744 0.44985074377884837
0.6834569088909543 0.6334688994430743 0.5001492562211519
0.6828084028079462 0.6332018469651954 0.5514312269651951
0.6806325932234728 0.6329137661633256 0.608257726607866
0.6771359338662805 0.6327144832770237 0.6771359338662805
0.27246435450902967 0.5818749694562256 0.27246435450902967
0.268800334905546 0.5819099910317279 0.34132467204827793
0.2665430911090458 0.581919876221152 0.3983017205569262
0.26584107932325063 0.5819617705615475 0.449808849438453
0.2658410793232509 0.5819617705615475 0.5001911505615473
0.26654309110904584 0.5819198762211519 0.5516982794430739
0.2688003349055459 0.581909991031728 0.6086753279517221
0.27246435450902967 0.5818749694562255 0.6775356454909703
0.34132467204827793 0.5819099910317279 0.268800334905546
0.33871955337405435 0.5819839671666848 0.33871955337405435
0.336946504934249 0.5820139009053786 0.3973615799688159
0.3360401899975086 0.5821003327897912 0.4496702872102092
0.3360401899975086 0.5821003327897912 0.500329712789791
0.33694650493424905 0.5820139009053785 0.5526384200311845
0.33871955337405435 0.5819839671666848 0.6112804466259458
0.34132467204827793 0.5819099910317281 0.6811996650944538
0.3983017205569262 0.581919876221152 0.2665430911090458
0.3973615799688159 0.5820139009053786 0.336946504934249
0.3966841879689918 0.5820251080846061 0.39668418796899185
0.39607144638784914 0.5821231868296162 0.44964743317038436
0.3960714463878491 0.5821231868296163 0.5003525668296159
0.39668418796899196 0.5820251080846061 0.5533158120310081
0.39736157996881605 0.5820139009053783 0.6130534950657512
0.39830172055692625 0.5819198762211519 0.6834569088909547
0.449808849438453 0.5819617705615475 0.2658410793232507
0.4496702872102092 0.5821003327897912 0.3360401899975086
0.44964743317038436 0.5821231868296162 0.39607144638784914
0.44952676353419885 0.5822438564658011 0.44952676353419885
0.44952676353419885 0.5822438564658011 0.5004732364658008
0.44964743317038436 0.5821231868296161 0.5539285536121504
0.44967028721020924 0.5821003327897912 0.6139598100024912
0.449808849438453 0.5819617705615475 0.6841589206767492
0.5001911505615473 0.5819617705615475 0.2658410793232509
0.500329712789791 0.5821003327897912 0.33604018999750856
0.5003525668296159 0.5821231868296163 0.3960714463878491
0.5004732364658009 0.5822438564658011 0.44952676353419885
0.5004732364658009 0.5822438564658011 0.5004732364658009
0.5003525668296158 0.5821231868296163 0.5539285536121504
0.500329712789791 0.5821003327897912 0.6139598100024912
0.5001911505615473 0.5819617705615475 0.6841589206767492
0.551698279443074 0.5819198762211519 0.26654309110904584
0.5526384200311845 0.5820139009053785 0.3369465049342491
0.5533158120310081 0.5820251080846061 0.3966841879689919
0.5539285536121504 0.5821231868296161 0.44964743317038436
0.5539285536121504 0.5821231868296162 0.5003525668296158
0.5533158120310081 0.5820251080846061 0.5533158120310081
0.5526384200311844 0.5820139009053781 0.6130534950657512
0.5516982794430739 0.581919876221152 0.6834569088909543
0.6086753279517221 0.581909991031728 0.268800334905546
0.6112804466259459 0.5819839671666848 0.33871955337405435
0.6130534950657512 0.5820139009053783 0.39736157996881605
0.6139598100024912 0.5821003327897912 0.44967028721020924
0.6139598100024912 0.5821003327897912 0.500329712789791
0.6130534950657512 0.5820139009053782 0.5526384200311844
0.6112804466259457 0.581983967166685 0.6112804466259457
0.6086753279517222 0.5819099910317281 0.6811996650944538
0.6775356454909703 0.5818749694562255 0.2724643545090297
0.6811996650944543 0.5819099910317281 0.341324672048278
0.6834569088909546 0.581919876221152 0.39830172055692625
0.6841589206767492 0.5819617705615475 0.449808849438453
0.6841589206767492 0.5819617705615475 0.5001911505615473
0.6834569088909543 0.581919876221152 0.551698279443074
0.681199665094454 0.5819099910317281 0.6086753279517222
0.6775356454909705 0.5818749694562254 0.6775356454909705
0.27246435450902967 0.531666270543775 0.27246435450902967
0.268800334905546 0.5316312489682727 0.341324672048278
0.2665430911090458 0.5316213637788487 0.39830172055692625
0.26584107932325063 0.5315794694384531 0.4498088494384529
0.2658410793232508 0.5315794694384531 0.5001911505615473
0.26654309110904584 0.5316213637788487 0.5516982794430739
0.2688003349055459 0.5316312489682726 0.6086753279517221
0.2724643545090296 0.5316662705437751 0.6775356454909703
0.341324672048278 0.5316312489682727 0.268800334905546
0.3387195533740544 0.5315572728333159 0.3387195533740544
0.336946504934249 0.531527339094622 0.3973615799688159
0.3360401899975086 0.5314409072102094 0.4496702872102092
0.3360401899975086 0.5314409072102094 0.500329712789791
0.3369465049342491 0.5315273390946221 0.5526384200311845
0.33871955337405435 0.5315572728333159 0.6112804466259457
0.34132467204827793 0.5316312489682725 0.6811996650944541
0.3983017205569262 0.5316213637788487 0.2665430911090458
0.3973615799688159 0.531527339094622 0.336946504934249
0.39668418796899185 0.5315161319153946 0.39668418796899185
0.39607144638784914 0.5314180531703846 0.4496474331703843
0.39607144638784914 0.5314180531703844 0.5003525668296158
0.39668418796899196 0.5315161319153946 0.5533158120310081
0.3973615799688161 0.5315273390946225 0.6130534950657512
0.39830172055692625 0.5316213637788487 0.6834569088909543
0.4498088494384529 0.5315794694384531 0.26584107932325074
0.4496702872102092 0.5314409072102094 0.3360401899975087
0.44964743317038436 0.5314180531703846 0.39607144638784914
0.44952676353419885 0.5312973835341995 0.44952676353419885
0.449526763534199 0.5312973835341995 0.5004732364658008
0.44964743317038436 0.5314180531703846 0.5539285536121504
0.4496702872102092 0.5314409072102094 0.6139598100024912
0.449808849438453 0.5315794694384531 0.6841589206767492
0.5001911505615473 0.5315794694384531 0.2658410793232507
0.500329712789791 0.5314409072102094 0.3360401899975086
0.5003525668296158 0.5314180531703844 0.39607144638784914
0.5004732364658008 0.5312973835341995 0.44952676353419885
0.5004732364658008 0.5312973835341995 0.5004732364658008
0.5003525668296158 0.5314180531703845 0.5539285536121504
0.500329712789791 0.5314409072102094 0.6139598100024912
0.5001911505615473 0.5315794694384531 0.6841589206767492
0.5516982794430739 0.5316213637788487 0.26654309110904584
0.5526384200311845 0.5315273390946222 0.3369465049342491
0.5533158120310081 0.5315161319153946 0.39668418796899196
0.5539285536121504 0.5314180531703846 0.44964743317038436
0.5539285536121504 0.5314180531703845 0.5003525668296158
0.5533158120310081 0.5315161319153946 0.553315812031008
0.5526384200311844 0.5315273390946226 0.6130534950657511
0.5516982794430739 0.5316213637788486 0.6834569088909543
0.6086753279517221 0.5316312489682726 0.26880033490554583
0.6112804466259458 0.5315572728333159 0.3387195533740544
0.6130534950657512 0.5315273390946226 0.39736157996881605
0.6139598100024912 0.5314409072102094 0.4496702872102092
0.6139598100024912 0.5314409072102094 0.500329712789791
0.6130534950657512 0.5315273390946226 0.5526384200311844
0.6112804466259457 0.5315572728333157 0.6112804466259457
0.6086753279517222 0.5316312489682725 0.6811996650944538
0.6775356454909703 0.5316662705437751 0.2724643545090296
0.6811996650944543 0.5316312489682725 0.341324672048278
0.6834569088909542 0.5316213637788486 0.39830172055692625
0.6841589206767492 0.5315794694384531 0.449808849438453
0.6841589206767492 0.5315794694384531 0.5001911505615473
0.6834569088909543 0.5316213637788486 0.551698279443074
0.681199665094454 0.5316312489682725 0.6086753279517222
0.6775356454909705 0.5316662705437752 0.6775356454909705
0.27286406613371966 0.48082675672297703 0.2728640661337196
0.26936740677652793 0.4806274738366752 0.34174227339213403
0.26719159719205243 0.4803393930348053 0.3985687730348051
0.26654309110904584 0.48007234055692644 0.44985074377884854
0.26654309110904584 0.4800723405569263 0.5001492562211518
0.26719159719205243 0.4803393930348052 0.5514312269651951
0.26936740677652793 0.4806274738366751 0.608257726607866
0.2728640661337197 0.48082675672297714 0.6771359338662806
0.34174227339213403 0.4806274738366752 0.26936740677652793
0.3393414168783371 0.48008072293817267 0.3393414168783371
0.3377165607904549 0.47956795635798216 0.39779733635798226
0.336946504934249 0.47913219996881606 0.4497567190946222
0.33694650493424905 0.4791321999688161 0.5002432809053781
0.337716560790455 0.4795679563579823 0.5522026636420182
0.3393414168783371 0.4800807229381728 0.6106585831216623
0.3417422733921341 0.4806274738366751 0.6806325932234728
0.39856877303480515 0.4803393930348053 0.26719159719205243
0.39779733635798226 0.47956795635798216 0.3377165607904549
0.39721223997257693 0.47898285997257734 0.39721223997257693
0.39668418796899196 0.47845480796899237 0.44974551191539375
0.3966841879689919 0.47845480796899237 0.5002544880846054
0.3972122399725771 0.47898285997257745 0.552787760027423
0.39779733635798215 0.4795679563579823 0.6122834392095449
0.39856877303480515 0.48033939303480533 0.6828084028079462
0.4498507437788485 0.48007234055692644 0.26654309110904584
0.4497567190946222 0.47913219996881606 0.336946504934249
0.4497455119153938 0.47845480796899237 0.39668418796899196
0.4496474331703844 0.4778420663878499 0.4496474331703844
0.4496474331703844 0.4778420663878499 0.5003525668296158
0.4497455119153938 0.4784548079689925 0.5533158120310081
0.44975671909462234 0.47913219996881634 0.6130534950657512
0.44985074377884837 0.4800723405569262 0.6834569088909542
0.5001492562211518 0.4800723405569263 0.26654309110904584
0.5002432809053782 0.4791321999688161 0.336946504934249
0.5002544880846054 0.47845480796899226 0.3966841879689919
0.5003525668296158 0.47784206638784976 0.4496474331703844
0.5003525668296158 0.47784206638784976 0.5003525668296158
0.5002544880846055 0.47845480796899237 0.5533158120310081
0.5002432809053777 0.47913219996881623 0.6130534950657512
0.5001492562211519 0.4800723405569263 0.6834569088909542
0.5514312269651951 0.48033939303480533 0.26719159719205243
0.5522026636420182 0.4795679563579823 0.33771656079045503
0.5527877600274231 0.47898285997257745 0.39721223997257704
0.5533158120310081 0.4784548079689925 0.4497455119153938
0.5533158120310081 0.4784548079689925 0.5002544880846055
0.552787760027423 0.47898285997257745 0.552787760027423
0.5522026636420181 0.4795679563579824 0.6122834392095449
0.5514312269651951 0.4803393930348052 0.6828084028079462
0.608257726607866 0.4806274738366751 0.26936740677652793
0.6106585831216623 0.4800807229381729 0.339341416878337
0.6122834392095449 0.4795679563579823 0.39779733635798215
0.6130534950657512 0.47913219996881634 0.44975671909462234
0.6130534950657512 0.47913219996881634 0.5002432809053776
0.6122834392095449 0.4795679563579824 0.5522026636420181
0.6106585831216624 0.4800807229381728 0.6106585831216624
0.608257726607866 0.4806274738366752 0.6806325932234728
0.6771359338662806 0.48082675672297714 0.2728640661337197
0.6806325932234728 0.4806274738366751 0.3417422733921341
0.6828084028079461 0.48033939303480533 0.39856877303480515
0.6834569088909546 0.4800723405569263 0.44985074377884837
0.6834569088909542 0.4800723405569262 0.5001492562211519
0.6828084028079462 0.4803393930348052 0.5514312269651951
0.6806325932234728 0.4806274738366751 0.608257726607866
0.6771359338662805 0.48082675672297703 0.6771359338662805
0.27485448144500574 0.42633037128688667 0.27485448144500574
0.27149510029610635 0.4247708956051775 0.3430002756051769
0.2693674067765279 0.42351289339213427 0.39885685383667474
0.2688003349055459 0.4230952920482784 0.44986062896827156
0.26880033490554595 0.4230952920482782 0.5001393710317281
0.26936740677652793 0.4235128933921344 0.5511431461633253
0.27149510029610635 0.42477089560517745 0.6069997243948229
0.27485448144500574 0.42633037128688656 0.6751455185549943
0.3430002756051769 0.4247708956051775 0.27149510029610635
0.3407533767489694 0.42252399674896995 0.3407533767489694
0.33934141687833724 0.421112036878338 0.398310102938172
0.3387195533740543 0.4204901733740547 0.44978665283331576
0.3387195533740543 0.42049017337405475 0.5002133471666843
0.33934141687833724 0.421112036878338 0.5516898970618278
0.3407533767489694 0.42252399674897 0.6092466232510305
0.3430002756051769 0.4247708956051775 0.6785048997038928
0.39885685383667474 0.42351289339213427 0.2693674067765279
0.398310102938172 0.421112036878338 0.33934141687833724
0.3977973363579821 0.41948718079045544 0.3977973363579821
0.39736157996881616 0.41871712493424945 0.44975671909462234
0.3973615799688161 0.41871712493424956 0.5002432809053778
0.3977973363579822 0.41948718079045544 0.5522026636420182
0.39831010293817215 0.42111203687833787 0.6106585831216625
0.39885685383667474 0.42351289339213427 0.6806325932234728
0.44986062896827156 0.42309529204827834 0.2688003349055459
0.44978665283331576 0.4204901733740547 0.3387195533740543
0.44975671909462234 0.41871712493424945 0.3973615799688161
0.4496702872102092 0.417810809997509 0.44967028721020924
0.4496702872102092 0.417810809997509 0.500329712789791
0.44975671909462234 0.41871712493424956 0.5526384200311842
0.4497866528333156 0.42049017337405487 0.6112804466259457
0.44986062896827156 0.4230952920482783 0.6811996650944543
0.5001393710317281 0.42309529204827834 0.26880033490554595
0.5002133471666843 0.42049017337405475 0.3387195533740543
0.500243280905378 0.41871712493424956 0.3973615799688161
0.500329712789791 0.417810809997509 0.44967028721020924
0.500329712789791 0.417810809997509 0.500329712789791
0.5002432809053778 0.41871712493424956 0.5526384200311842
0.5002133471666843 0.42049017337405487 0.6112804466259457
0.5001393710317281 0.4230952920482782 0.681199665094454
0.5511431461633253 0.4235128933921344 0.26936740677652793
0.5516898970618278 0.421112036878338 0.33934141687833724
0.5522026636420182 0.41948718079045544 0.39779733635798226
0.5526384200311844 0.41871712493424956 0.44975671909462234
0.5526384200311842 0.41871712493424956 0.5002432809053778
0.5522026636420181 0.4194871807904556 0.5522026636420181
0.5516898970618278 0.42111203687833787 0.6106585831216625
0.5511431461633253 0.4235128933921344 0.6806325932234728
0.6069997243948229 0.4247708956051775 0.27149510029610635
0.6092466232510305 0.42252399674897 0.3407533767489694
0.6106585831216625 0.42111203687833787 0.3983101029381721
0.6112804466259458 0.4204901733740549 0.4497866528333156
0.6112804466259457 0.4204901733740549 0.5002133471666843
0.6106585831216625 0.42111203687833787 0.5516898970618278
0.6092466232510305 0.42252399674897 0.6092466232510305
0.6069997243948229 0.4247708956051775 0.6785048997038929
0.6751455185549943 0.42633037128688656 0.27485448144500574
0.6785048997038928 0.4247708956051775 0.3430002756051769
0.6806325932234728 0.42351289339213427 0.39885685383667474
0.6811996650944543 0.4230952920482782 0.44986062896827156
0.681199665094454 0.4230952920482782 0.5001393710317281
0.6806325932234728 0.4235128933921344 0.5511431461633253
0.6785048997038929 0.4247708956051775 0.6069997243948229
0.6751455185549943 0.42633037128688644 0.6751455185549943
0.27850601947085035 0.36027663947085087 0.27850601947085035
0.27485448144500574 0.35662510144500653 0.34455975128688615
0.2728640661337196 0.3546346861337196 0.3990561367229767
0.2724643545090296 0.35423497450903024 0.44989565054377584
0.27246435450902967 0.35423497450903035 0.5001043494562247
0.2728640661337196 0.3546346861337196 0.5509438632770233
0.27485448144500574 0.35662510144500653 0.6054402487131139
0.27850601947085035 0.36027663947085087 0.6714939805291494
0.34455975128688615 0.35662510144500653 0.27485448144500574
0.3430002756051768 0.35326572029610737 0.3430002756051768
0.34174227339213387 0.3511380267765282 0.39885685383667474
0.3413246720482781 0.35057095490554674 0.4498606289682716
0.3413246720482781 0.3505709549055469 0.500139371031728
0.34174227339213387 0.3511380267765282 0.5511431461633253
0.34300027560517693 0.3532657202961073 0.6069997243948229
0.344559751286886 0.35662510144500653 0.6751455185549943
0.3990561367229767 0.3546346861337196 0.2728640661337196
0.39885685383667474 0.3511380267765282 0.34174227339213387
0.39856877303480504 0.3489622171920538 0.39856877303480504
0.3983017205569262 0.34831371110904574 0.44985074377884837
0.3983017205569262 0.34831371110904574 0.5001492562211519
0.39856877303480515 0.3489622171920537 0.551431226965195
0.39885685383667474 0.3511380267765282 0.6082577266078661
0.39905613672297663 0.35463468613371973 0.6771359338662806
0.44989565054377584 0.35423497450903024 0.2724643545090296
0.4498606289682716 0.35057095490554674 0.3413246720482781
0.44985074377884837 0.3483137111090458 0.3983017205569262
0.44980884943845295 0.34761169932325114 0.44980884943845295
0.449808849438453 0.34761169932325114 0.5001911505615473
0.4498507437788484 0.3483137111090459 0.5516982794430741
0.44986062896827156 0.3505709549055468 0.6086753279517221
0.4498956505437759 0.35423497450903013 0.6775356454909705
0.5001043494562247 0.35423497450903035 0.27246435450902967
0.500139371031728 0.3505709549055469 0.3413246720482781
0.5001492562211519 0.34831371110904574 0.3983017205569262
0.5001911505615473 0.34761169932325114 0.449808849438453
0.5001911505615473 0.34761169932325114 0.5001911505615473
0.5001492562211518 0.3483137111090459 0.551698279443074
0.5001393710317281 0.3505709549055469 0.6086753279517221
0.5001043494562247 0.35423497450903024 0.6775356454909702
0.5509438632770233 0.3546346861337196 0.2728640661337196
0.5511431461633253 0.3511380267765282 0.34174227339213387
0.551431226965195 0.3489622171920537 0.39856877303480515
0.5516982794430741 0.3483137111090459 0.4498507437788485
0.551698279443074 0.3483137111090459 0.5001492562211518
0.5514312269651951 0.3489622171920537 0.5514312269651951
0.5511431461633253 0.3511380267765282 0.608257726607866
0.5509438632770234 0.3546346861337196 0.6771359338662806
0.6054402487131139 0.35662510144500653 0.27485448144500574
0.6069997243948229 0.3532657202961073 0.34300027560517693
0.6082577266078661 0.3511380267765282 0.39885685383667474
0.6086753279517221 0.3505709549055468 0.44986062896827156
0.6086753279517221 0.3505709549055469 0.500139371031728
0.608257726607866 0.3511380267765282 0.5511431461633253
0.6069997243948229 0.3532657202961071 0.6069997243948229
0.605440248713114 0.3566251014450066 0.6751455185549943
0.6714939805291494 0.36027663947085087 0.2785060194708504
0.6751455185549943 0.35662510144500653 0.34455975128688604
0.6771359338662806 0.3546346861337196 0.39905613672297663
0.6775356454909705 0.35423497450903013 0.4498956505437759
0.6775356454909702 0.35423497450903024 0.5001043494562247
0.6771359338662806 0.3546346861337196 0.5509438632770234
0.6751455185549943 0.3566251014450066 0.605440248713114
0.6714939805291494 0.36027663947085087 0.6714939805291494
