512
0.28151147779358277 0.4000030197381564 0.28150180648858686 | -0.0019601736819879058 0.005182610171881105 -0.001959799739028969
0.2248782501352054 0.024995886077085007 0.40001574629261355 | -0.0024950247811515694 -0.011945451076820083 0.008164068079315611
0.2591136244002619 0.06501925368814286 0.4000001571703201 | -0.0024592865774883364 0.0050470530099997685 0.0020246030111920606
0.05203319878597038 3.5093474967694375E-6 0.4035770244896234 | -0.004051075807349097 0.0030809947105363026 -0.005644198920168278
0.21422478879121556 7.640005716893009E-5 0.46994119306583054 | -0.0037099029716233557 0.003780855528655597 0.004888380154404623
0.29275532873996846 4.938892564570776E-6 0.6020573221287536 | -0.00915033318951026 5.608969803185609E-4 4.382422844551593E-4
0.3689880861456205 7.211709696990732E-7 0.6492311696086625 | -0.005274068236240077 7.494943062866879E-4 0.007545613108962136
0.2790853238797243 5.24599534159657E-6 0.7184093516613584 | -2.973971864786189E-4 0.0046274727160291705 0.004102722642002025
0.40000658300692477 0.015629283690281073 0.22255963719558491 | 0.009530263554779253 -0.010875917442348806 -0.0025262185639929667
0.3439022857921188 0.4000093623358199 0.3438965147977949 | 0.004728965299237504 0.003284784894764526 0.004732939681685695
0.4076804313954942 2.6845397971607767E-6 0.407555191662672 | 8.36873238167369E-4 0.0058825557038530716 -1.1716476050101999E-4
0.1435993535408292 3.332245569040056E-6 0.4734588371500837 | -0.002746214367532517 0.005071088906386066 0.0013586672259120265
0.26326206239738625 0.009088822323502653 0.46105670756900397 | -0.032162615125136546 -0.1931353858058668 -0.05051293869357748
0.22357192001025095 0.03154844658284685 0.5304381041674789 | -0.015835802202688633 -0.7998869264409859 0.016357218059970875
0.2855316361871509 0.032843565793248736 0.6840080792252062 | -0.007159121649361022 -0.5445403716239682 0.03362999118020754
0.2812982175328662 0.003178249142459946 0.725306273110851 | -0.004272052872485716 0.3463879600951072 -0.01332232849221958
0.4000004492860806 0.0650601427776213 0.25912792652188527 | 0.0023198839348403245 0.005201652039420955 -6.871760416252442E-4
0.40001882993917987 0.0015156919527157353 0.3515503920857312 | 0.0038643792549678557 -0.0024201252062234177 -0.009698330421884243
0.40783562916511606 9.51402399441382E-5 0.4073426232136937 | 6.312268420529797E-4 0.005893564004786107 1.785002177200715E-4
0.36767196399074725 0.031083739650461496 0.48368356882504593 | 0.041543476667052194 0.029122537073609907 -0.1086618868411656
0.37038996828800774 4.013251205703161E-8 0.4830552035107278 | 1.3224561179265133E-4 0.0050926634576286016 0.0026556163384574864
0.34816776136982697 1.7016371482351215E-6 0.5760540938281837 | -0.0025582732161869527 0.0020364865797583443 -0.00758385400972686
0.3648851720580103 4.496253878494351E-6 0.6570449096679918 | -0.006736104945354377 0.0032285111299263304 -1.5784505129223767E-4
0.36324431214327624 0.02120268298270439 0.6571947468985063 | -0.01457973037697632 -0.27252095117212793 -0.04001147043320845
0.40352740394550407 9.505578902473794E-6 0.05064901684198431 | -0.005744933739312237 0.003097568569025851 -0.0038702162265652255
0.47510347830352034 1.0975581832711407E-5 0.14845445135782803 | 0.003201472609229035 0.004239518864453772 -0.003993804766057511
0.48558734719554647 1.6241148105127384E-5 0.3689855043644518 | 4.401905103379423E-4 0.00550994156787546 1.9070948299453947E-4
0.42482573485209985 4.519285629128668E-7 0.42471999811892686 | -0.004049928019974292 0.004357663239263785 -0.005017361586465
0.4641389345674318 7.902157791724057E-6 0.4634559793861599 | -3.9019014118632663E-4 0.006143825274754751 -0.0011642590768265783
0.4397498463796637 5.451590566502692E-5 0.6408517649040815 | -8.365500631407582E-4 0.005508169518139976 -1.2397170302137469E-4
0.43802728697115306 3.839296965182698E-6 0.6386981880561136 | 0.0029279835932674845 0.004785662120437802 0.002897213928308384
0.4868261017787585 0.055023701303594526 0.692380119596165 | 0.0780341857493237 -0.5548086718005116 0.008540711358905688
0.47056625145456243 1.359981554853883E-4 0.21420925811224611 | 0.0039962009663797185 0.004325642652267171 -0.0021801686690056457
0.46311684595189834 0.013135346072154023 0.26153033341363985 | -0.046323174312510935 0.03885310692158789 -0.040178919237300194
0.4855979884462164 1.0797109322200657E-5 0.36897964617655954 | 8.25190799763765E-6 0.00552016063752191 4.078407404620342E-4
0.46402541728864116 2.0900165089945393E-5 0.4635136129671572 | -1.4463285764634861E-5 0.006130809579933278 -0.0013115561770455806
0.5175361543600245 1.0770395844016477E-5 0.5162575896803133 | -0.005283263115485929 0.0026344046037677913 -0.004990443558970866
0.5022843434106165 1.1405943289633992E-5 0.5817790736836298 | -2.2479093539471573E-4 0.004723738571110718 0.003998964260385364
0.5178955785693785 1.3280465148739562E-5 0.6549730770294492 | 0.005601780088252303 0.002628324051166753 0.004667570368421287
0.5233840717815385 4.087569090389031E-5 0.6584803568424739 | -0.0026077994435899786 0.005036015171984859 0.001205455901188197
0.6012060509722025 1.806927995196667E-5 0.2920098947115258 | 2.673740048227475E-4 4.813263956512774E-4 -0.009221370270354587
0.530439432420154 0.03224968816058813 0.22278327814655968 | 0.0067730289484454346 -0.7412202702110549 0.004528753646055873
0.5755996606789313 7.9753984566772E-6 0.34821467082899804 | -0.0011766532273940037 0.0032670701455295025 -0.006567465030539945
0.6413848011087459 2.9074842447297144E-5 0.43990871001934756 | -0.0010161973485232055 0.005465794395094008 -0.0013236873804710176
0.5812512267265855 3.596146032514522E-6 0.502389330879681 | 0.0020455166506567783 0.007550187039763619 -1.6095682879458013E-4
0.5896681125663602 1.1985219935639465E-5 0.589756911165231 | -0.004338658000695277 0.002909885169272876 -0.005729540356950593
0.5969873354016062 2.581482148635105E-6 0.6786805598448394 | 0.005231105657257806 0.0014409932841723816 -0.006778310069061718
0.5998700262620891 8.596919082038688E-6 0.6752774205386799 | -0.002063101735967626 0.005031680654588704 0.0025312077984388066
0.6504876319909616 1.6652519747006382E-6 0.36937040653847575 | 0.006476627493066964 0.0014699888396489044 -0.005732995427716745
0.6880780406473445 0.025287275081265267 0.28488250273239885 | 0.021801412515837917 -0.5539950438762439 -0.0036048934264890425
0.6572480156267994 3.4247204631887653E-6 0.3648192582877002 | -9.615178400655563E-4 0.005122599495665259 -0.00290716918757385
0.6389561757687403 2.422531000497775E-5 0.4385168201809247 | 0.002688450513078871 0.005190828696844093 0.0014492788638610918
0.653891774365932 1.6490699824383637E-5 0.5173114526355811 | 0.004916739139651733 0.0024727761522558467 0.005581394357196284
0.6805669406091879 6.768358542772464E-7 0.5946423767202322 | -0.006680902157288337 0.001163702908897296 0.0056992939713156375
0.6832767886237571 1.0070329118705613E-6 0.6828652648246618 | 0.006026612347640573 0.0020110967268315116 0.0054075077534277835
0.6836206524348631 1.1405347378791504E-5 0.6831939104978038 | 0.005742306347613341 0.0024968736213625605 0.00500599939403162
0.7190962048890055 3.1204593240600532E-6 0.2796936305183246 | 0.004491703940857353 0.005101802188791148 1.249200978490808E-4
0.726568463569821 1.7498693795331703E-4 0.28272852258702863 | -0.013385455780363945 0.4474784574208684 -0.004861451419689324
0.6573346145097863 0.028213005971054087 0.36343830910088404 | -0.025852046544899324 -0.18418863794888432 0.0049961659665546726
0.6930684486741482 0.05568610749589784 0.48852770646889015 | 0.009475532638024396 -0.5422619624662273 0.08531272105472619
0.658170887985718 3.39234651333701E-5 0.5221182606667226 | 8.869685601558217E-4 0.005404009777032157 -6.555727094789449E-4
0.6754936618014202 4.7293085316054E-6 0.5992140738342845 | 0.0024830646327202925 0.0044564052520013565 -0.004041686452028745
0.6836239759467061 1.2978881247736852E-5 0.6831904834074292 | 0.005727867275878512 0.002498401112761856 0.005020088705461462
0.740763758072775 2.689809271145625E-6 0.7408079246278427 | -4.0290372602481197E-4 0.005521501406182354 -4.125396613008414E-4
0.2809784801992638 0.4000044860753599 0.28096827759643067 | 0.003547578067994601 0.004328497905704663 0.0035533394355625665
0.1314512721103968 0.04952715580638536 0.5358733717674341 | -0.18760059868812853 0.010051761326490962 0.10393232808442189
0.26010356777929655 0.14243634031647623 0.40000000064559355 | -6.640876851898979E-4 0.0055270038770712 6.914010788624561E-8
0.2290298265176045 0.011614865659757482 0.4000447861371314 | -0.003573004444852891 -0.009415147067983484 0.009276192101485753
0.2232125266033332 9.510259404423843E-5 0.46896155694461317 | -0.003930826595548571 0.003997831747933109 0.004966976174015536
0.2705429271115326 5.179111177680264E-6 0.5903247386335073 | -0.006219295938469576 0.0016012810724960924 -0.00536338777463951
0.30916970733967875 3.545723672794383E-5 0.6544749202856317 | -0.008082576811523917 0.002175683425939014 0.00145697198759727
0.25475302225148544 5.910347989393475E-6 0.7043735668962 | 0.0044627852506160335 0.0024055493576898364 0.006444278665040454
0.5393444600021017 0.05494376465921909 0.12755557032115306 | 0.13872632506341195 0.006995148141081348 -0.2202981447290507
0.3437227636690865 0.4000050056401913 0.34371698798490674 | 0.005069373804668221 0.0028964288257577425 0.00507273330498398
0.4092475689299665 0.0478959071537763 0.40132107732593636 | 0.023952366479223212 -1.1731069582045897 -0.035208778158815034
0.1939790159861449 1.089601587045267E-5 0.48219264699687475 | -0.006815118926939365 0.0028185564919350954 -0.0016851590619906991
0.2632925029792428 0.00929750079110804 0.4611707928903257 | -0.031141590126200422 -0.20281118541053833 -0.049123598668355375
0.19862176626704706 8.00238378507003E-6 0.5522159255951239 | -0.005698130824519394 0.002710652748834376 0.005730185077596688
0.2151809165747723 2.2274116066375854E-6 0.6443825018782499 | 0.002263281554756446 0.005270577621276526 4.866800970894167E-4
0.28008286901002866 1.2045421358348722E-6 0.9060740262129329 | -0.007257642345296178 0.001722758873279431 0.004147322741627668
0.400000035667793 0.10533074205393601 0.2559689159391311 | 8.967776974472117E-7 0.005304016503273764 -9.254059191111764E-4
0.3967797981798385 0.0514051809829963 0.4170227938704676 | -0.018561952085233875 -1.1968856199343119 0.008196512478542488
0.4618007300539718 0.02621019266686186 0.46450640965112244 | -0.02905542723498703 -0.7336590054263801 0.0012857423434584996
0.3314901415905129 0.0032672480777460444 0.4000644038042483 | -0.0074873736000713315 0.0020582198232464073 0.002637634920285677
0.371795045776813 5.726279144448366E-6 0.48261919270090925 | -0.004951210151381985 0.0035733985969548503 0.0036153223384995936
0.3482683947893957 2.3435187060636026E-5 0.5760584255634345 | -0.0030317443054040834 0.0020197108016258756 -0.007423566874114143
0.36327048623995434 2.7699875416347438E-8 0.6577053997103783 | 0.006066531644013384 0.00256064607293187 -0.004421640762281347
0.38564411729252795 1.933678031517068E-5 0.8330237915949034 | 0.008137812449478067 0.0011570276427437692 -0.003258188834952413
0.40005920879969925 0.01148355638710696 0.22692164564399628 | 0.00963297886106371 -0.009380820708854275 -0.004291420295376979
0.4780838079672167 6.448245249752451E-5 0.17965872763316323 | -7.639523165139948E-4 0.0016060793449074965 -0.008198449981212325
0.40008460711805544 0.010311524263908845 0.33645640077827055 | 0.002474163476252348 3.256321957222212E-4 -0.008828603894969702
0.43929532911202634 6.711139274505185E-6 0.4395833282562039 | 0.005171932813181476 0.004338334165196997 0.0043043754284579835
0.46407315054360737 3.9101639397534726E-5 0.4635385237835577 | -1.9986380771970896E-4 0.006115042948997315 -0.0014221105271450035
0.43918011940387164 1.3948315736835322E-4 0.6401142934110874 | 5.226719344284769E-4 0.00548880748121006 0.0010128916489123118
0.4372985878487971 3.267007052605781E-5 0.6385781703785653 | 0.004341859296096008 0.004405887103677202 0.0025803696425576597
0.43772239790712963 1.4877850475932138E-5 0.6350248182522431 | 0.001556255280463506 0.0033754869734684027 0.006522274735734707
0.46820903354786453 6.170400682128035E-5 0.2225076458355843 | 0.0042798004299369865 0.004171053938918091 -0.00234852309124377
0.4630911152573515 0.012901560411829195 0.26154805447786694 | -0.047208116743143624 0.056358208074296756 -0.0406847516515502
0.4856264525034716 9.279379553602429E-6 0.3689627097217993 | -0.0011132251133276804 0.005431677940452381 9.88747031715066E-4
0.46410253013145575 6.819221139898802E-6 0.46345039134013677 | -2.57896262823387E-4 0.0061512193125411105 -0.001129153666656185
0.5895905379329279 4.752527592853277E-6 0.5896817062192415 | -0.0037786224407869093 0.0032985803855870343 -0.005545247271637888
0.502288946437515 5.553968933005037E-6 0.5817755641336193 | -2.555165411119459E-4 0.004716753834446569 0.004015223171867001
0.5160263120496684 2.1853069805334922E-6 0.6499564063211296 | 0.005343422628376856 0.0015430237981350512 0.006211766461382152
0.5192210744881606 7.61760965109215E-5 0.6451656261608604 | 0.0025948610890092886 0.001114208111374779 0.00803810168183889
0.5903091089121223 2.7730019097962233E-6 0.2706286360138392 | -0.005312677534841495 0.0017682858468752941 -0.006069981391493751
0.5428661826044501 8.471568268334293E-4 0.20819547672090305 | 0.029709428973893826 -0.05029000595682491 -0.038034410441510604
0.5755719985835615 1.9711135950455434E-5 0.3481670036955174 | -9.642924973241465E-4 0.0033953775896364124 -0.006428843162057886
0.6407229851028899 2.127145754841961E-5 0.43962973385813864 | 2.7485519997649126E-5 0.005563621057857848 -8.601284073583763E-4
0.581227037016335 6.980305394689604E-6 0.5023915852185178 | 0.0024991173977498907 0.005207864756716684 -1.8404564899198597E-4
0.5896503691840942 1.8422729666667983E-5 0.5897430139603727 | -0.004190282767592629 0.0030097042678281162 -0.005693890516487322
0.5998337041923568 1.1820337890125239E-5 0.6753385040800985 | -0.0018138815187931255 0.005251042286329974 0.0016509891272254158
0.5946338175901087 2.3073181546827377E-8 0.8091600853147114 | -0.0016632716381054526 0.0026520709136860585 0.0072203399558873685
0.6546485318085418 1.1167521806937825E-6 0.3086823763303669 | 0.0010602912118277826 0.0018489164306559759 -0.007440243370921857
0.644332703230474 4.980917346473614E-6 0.21506871280062356 | -3.361394199105561E-5 0.005321360937814943 0.0016241503753873226
0.658450334408227 6.842777775873112E-7 0.363708256360198 | -0.00501544565765496 0.0040788663868574345 0.0022977286576764604
0.6383877119865613 1.7126476975128405E-5 0.43676714325724086 | 0.00243477848422295 0.004266207785247177 0.004742857602307335
0.6481046083904763 1.9722642605484407E-5 0.5148879107701242 | 0.0063373388417231925 0.0013589890227993875 0.005414895714428232
0.6755613297592679 1.8201289863040946E-6 0.5991696923194395 | 0.001796633539831178 0.0046367645229146185 -0.003958116953602757
0.6827925302398943 8.388973840505867E-6 0.6824307395168314 | 0.0062759314343209804 0.0015963219339806525 0.005677271376932777
0.6560382349365126 3.023827007807452E-7 0.8898931653052746 | 0.008272818201032291 0.0017026320772567734 0.0012833696396273016
0.7043533171068791 4.2486142737958076E-7 0.25474518850527306 | 0.007287280461652769 0.0024653235077036315 0.004936487029113455
0.906067440245275 4.954468743657459E-6 0.28012610743600863 | 0.0042028120894444685 0.001708819752504775 -0.0072187840501084875
0.8321478724245059 1.5884128992045993E-7 0.3849277342438577 | -0.003323804357055511 0.0014200902603939435 0.007864579208301999
0.634965145699208 1.901495355160327E-7 0.43759441307705527 | 0.0064395786057538365 0.0034909901260900267 0.001449322735310955
0.6451187459843902 4.3553618982990265E-5 0.5191816832878187 | 0.00808299106977776 0.0011557995296733253 0.002438128667445914
0.8093429529920939 7.344885901538005E-6 0.5947152903733287 | 0.007096108902221799 0.0027717790343180153 -0.0016262507761990118
0.8899102870935888 4.583800574930591E-6 0.6560213750332196 | 0.0013137556902219415 0.0017013086133640955 0.00826920225229994
0.6814957298132115 5.4486426438044564E-6 0.6812252593894841 | 0.0065572356688179765 0.0010184773806503314 0.006041885800564586
0.17348883906394627 0.40000173494126046 0.17348892167062982 | -0.006381573986195435 8.74430986034782E-4 -0.006381562654125141
0.223567179433235 0.4000045133371587 0.3464327864315845 | -0.0044665922527099815 0.0034376426984282626 0.004715171244059366
0.23500645960109595 0.0719979371287249 0.40000057009258355 | 0.005341495466802411 0.004133054158626964 8.404575122499188E-4
0.2029118941994121 0.10695096114374683 0.4000000007717403 | -0.005615410328987652 0.004017742023525809 6.440189734406712E-7
0.2643879005339651 1.0603285336112313E-4 0.4550085923037501 | -0.0016818025731069055 0.0045438579193703005 0.004763771884031718
0.2675709226017187 6.022643850270832E-6 0.5823589895952951 | -0.003683516603127727 0.002540983924285668 0.006285711740558071
0.28414741122905596 1.4394448612253795E-6 0.6455556024904783 | 0.0038258664198961615 0.0028119575404067483 0.006395087438742889
0.14874765909144066 5.10443095525194E-6 0.7927996122337446 | -0.0063982358364677045 0.0010326826179123103 0.006197202351194163
0.3465404444866517 0.40000080530260607 0.22359285397942383 | 0.00457624370154713 0.0034704906961793174 -0.0045446042714588865
0.3435883744063473 0.4000159403219293 0.34358258596317864 | 0.005232376330977854 0.002693774944818928 0.00523542865160635
0.3246756894337607 0.017789514232146142 0.40006108151025316 | -0.0067446760286285195 -0.007467478861761449 0.008167049510321593
0.22515354490212164 0.013310809244658725 0.4000388543207027 | -0.002269885023555136 -0.010151704685143263 0.009375240230188002
0.26320398761068126 0.007857405015946745 0.4611532960895837 | -0.030853208214793273 -0.2645610193792894 -0.047071073334571355
0.2658328956537504 2.8891686201619115E-5 0.5831771439527877 | 0.002611062405025456 0.0034629047053934573 0.00560396962870136
0.21515978578173758 1.93422307166035E-5 0.6443879879443374 | 0.002299004472768696 0.005263677537730245 4.724692906099235E-4
0.33111097284051527 1.6170425060758946E-5 0.8460604820377323 | -0.005443049402314902 0.001954804410618698 -0.005995432053759209
0.40005804246801957 0.04668137487871472 0.2384137612815196 | 0.009953732861805977 -0.0010618702158791738 -0.0018336989420110433
0.40008244824449585 0.02167238682336368 0.3254852110311707 | 0.0052295896513210255 -0.010214955324369389 -0.00806030431518527
0.4609715889015394 0.028204795420602627 0.465370296431647 | -0.03430793120463249 -0.7431851610854292 0.008589933377794876
0.40852303183921257 5.17512907016328E-6 0.4092091878129058 | 4.683299610473774E-5 0.0057572212598602 -0.0021134231452045868
0.3726069217979274 1.437925498374498E-7 0.48547224315533205 | -0.005234603622532974 0.0025883656389864957 -0.00517002925121546
0.19422567248636727 0.0565731509840259 0.6343527896679672 | -0.13991395982480417 0.01305797923222115 0.1159004975523463
0.282551989162245 6.331252380688218E-6 0.6560383740044008 | 0.005970377286178863 0.0036380176161956057 0.002425392133899571
0.3651406199027185 4.083558148597505E-7 0.644691225825735 | -8.035242645998462E-4 6.984580473381741E-4 0.009212466447891692
0.40000005706474967 0.10679918547354969 0.20322035879594036 | 1.11364505862768E-6 0.004136101252227119 -0.005412846462211264
0.40000306618936043 0.014754036025177508 0.22310274570199004 | 0.009611397640423172 -0.010625221630466876 -0.0027414509315788725
0.40890247304308475 2.2655501110106886E-6 0.408134055136703 | -5.592087468349284E-4 0.005896213175929554 -7.197757978773445E-4
0.40921650274656907 4.449387904039101E-6 0.4076839899506175 | -0.0010028643101095526 0.005880099449727154 -8.7527933446809E-5
0.4255051115274571 7.0520431035064035E-6 0.550952715209486 | 0.0012239625438018288 0.0011917545742552245 -0.00864663831977124
0.43346531024422935 0.05961378695517115 0.6204923570942664 | 0.11548391843892518 -0.6342201902958368 0.07882968422996126
0.4874447395135339 0.05031263482097873 0.6917605227136026 | 0.08201125886142767 -0.7845392170784732 -0.0037211040337375096
0.4404051219072851 2.3334822190006145E-5 0.6327170787308392 | -0.0028078441177522727 0.0024523883251721165 0.007232471713169314
0.4553119771652968 2.475543940739551E-5 0.26419246026134124 | 0.004905811925771607 0.004052646844834557 -0.002258722187777636
0.46308741740278514 0.012603385413816707 0.26134510723204546 | -0.042228633783080775 -0.03937320502918722 -0.03780516817916924
0.4856243489124418 1.200239763856498E-5 0.36896167232519195 | -0.0010300882301497428 0.005437027531928994 0.0010158939404168986
0.5506824426651966 1.0466947798088126E-6 0.4259018423162632 | -0.008788289052951858 0.0010266528725310353 0.0010331080204388254
0.5896950882863002 1.6340217685586607E-6 0.5897865674173997 | -0.004497572704262445 0.002743196013111124 -0.005845634041338131
0.5022362437697949 2.0930157533320806E-4 0.5823294014300006 | 5.142915049084706E-5 0.07064931597779406 0.00825879631064587
0.518042108042922 4.6008546725523826E-6 0.6566166770224932 | 0.0058690297909640326 0.0030906913994890014 0.0034988095123132
0.5154874786881641 3.190698816093893E-5 0.6339595915587165 | 0.0032998433292592833 5.922855420741291E-4 0.008200197366910657
0.583386454084728 2.0803949741938134E-5 0.267979117458948 | 0.006045008175395565 0.002701277876508897 -0.0037150305182393696
0.5829969170123814 1.420209440457656E-6 0.26579316602558134 | 0.005888763001111436 0.0030687063324710997 0.003199510198554937
0.6391329808507814 0.046799416155207905 0.2033630517973743 | 0.1218634575795376 0.06370764761039573 -0.12079499024678494
0.6231566017789094 0.056107091577686154 0.43761538435633957 | 0.08438247934267515 -0.691855696686743 0.1300012860607522
0.5811761627241374 2.4952766732442986E-4 0.5024033204251627 | 0.0020957539661072954 0.09759164639736792 2.481904801650436E-4
0.5898311910103271 1.2342090670423058E-8 0.5899130644497708 | -0.0050782507510950545 0.0022694685644822645 -0.006008408326355566
0.5976378353060221 1.3303196592178874E-6 0.6778714805448866 | 0.005113297206627944 0.0017292771891602712 -0.006568442670438963
0.6054683544344875 1.1338650636769402E-5 0.6624917069214111 | -0.0013758402930424444 3.7945858456498664E-4 0.009233790527210682
0.6455391220560698 1.292069090130702E-5 0.28416379180766427 | 0.005902358035766455 0.0022240238800523408 0.0039013546135438964
0.6443098563359317 4.5783091091009856E-6 0.21506954342653606 | 1.378973381636738E-6 0.005322263179102422 0.0016187198955771875
0.6566870632937601 1.7938393791052348E-6 0.28244399939676545 | 0.0019390813738674418 0.0028010536746095054 0.006014008906633434
0.6925126273004641 0.050512574121035714 0.4888410323265006 | -4.925615469635958E-4 -0.767287680944383 0.08806411406385707
0.6559646114039515 7.172845883157301E-5 0.5176157498444256 | 0.003556741299742737 0.003073907521285277 0.005849890035035584
0.6786481405996748 5.661459348411947E-6 0.5962047411532554 | -0.0063546946088442425 0.0015938054440060535 0.005563773031718954
0.7407631122045693 3.282559132894698E-6 0.7408072310531795 | -3.829738791420693E-4 0.005523008239720533 -3.911028162738687E-4
0.6488772714442838 4.693366919849036E-6 0.8841945536730493 | 0.008545401588912796 0.001077152119495931 0.00240948194801807
0.7931048896765003 1.4755925614342345E-5 0.14844605205371153 | 0.006205851110269868 0.0010166761219580459 -0.006407318740449536
0.8460636431162624 1.1921928154932465E-5 0.3311069194016112 | -0.006144475344654145 0.0017672040930815055 -0.00569722947150488
0.644785391822569 1.1472381962203648E-7 0.3651711456989015 | 0.008794449034907182 0.0012360968269881304 -7.816865387000881E-4
0.6330369049535128 6.815387740672941E-6 0.44012205146302547 | 0.007135835240297716 0.002649842356005647 -0.0026763913524203084
0.6339334494707444 7.27901461046801E-6 0.5155047918778548 | 0.008269868304311244 5.92873518482665E-4 0.0032263567543352554
0.6624327218589025 3.8111906273650975E-6 0.6053899560950228 | 0.009193389602427918 3.88145120065978E-4 -0.0016002926523902778
0.8841960757245906 5.222419333738567E-6 0.6488704899666455 | 0.0024493383552975684 0.0010749923927019973 0.008535752631373081
0.8060655610134106 9.163733873239583E-7 0.806065577119326 | 0.00617087605480482 0.0012744840048118896 0.006169367625699162
0.1921562308686619 0.4000048307831806 0.19215625642786707 | -0.00642833210405791 7.691170983043637E-4 -0.006428331631674532
0.21850705937882262 0.40000314847830115 0.34560721607482175 | -0.005642300630740189 0.0027028641285376446 0.004783506503889525
0.23905830528164057 0.07483659110967981 0.4000009181038638 | 0.007469382117216407 0.00250798124825249 0.0012281844304245825
0.1345724099895683 0.029891544306410184 0.40005334408858834 | -0.005282635144742143 6.790723531627224E-4 0.0074807836404568225
0.15503315892557556 3.2958362384735316E-5 0.47336067477801924 | -0.007203650804753642 0.002636919183337058 0.001691402946977628
0.19254099359110777 1.0802404099015652E-5 0.5690235847750164 | -0.005370113083889096 0.0026846828551614224 -0.004757560444428513
0.12865323282544747 2.541394207010698E-7 0.6572081664501723 | -0.0026230722911651542 0.0032201888422431686 0.0062305710041284474
0.1553112935438506 2.880030357329924E-7 0.7868345292779456 | -0.006147007191354738 0.0012861025966592159 0.006178192691091466
0.34561192578814676 0.40000292827972456 0.21850639704140914 | 0.004821768812370843 0.0026966278203616615 -0.005618720010479936
0.34351551705705113 0.4000026586348156 0.34350986298114244 | 0.005341227643047764 0.0025524179167403615 0.005343526345325006
0.3235526908422731 0.020485098844202868 0.4000358797884779 | -0.002464624942067845 -0.012043675853227053 0.0079823400338029
0.28107808777520993 0.11129247897752709 0.4000000074803749 | 0.004399472979936739 0.004624338368260353 3.063619035986182E-7
0.2985145925822886 4.902064049985979E-6 0.5133198137923365 | -0.0059600894867267995 0.002677267330749442 0.003320222908058683
0.06706931131181822 1.904483113927598E-5 0.4938747570202324 | -0.006570211233468892 0.0027329328888697517 -0.003326148477899955
0.21509886985558066 2.0129284504014202E-6 0.6441591337286883 | 0.002344562392857587 0.005228394987181827 8.52902721494864E-4
0.2574482818901663 1.895708407700377E-5 0.7972279733604674 | 5.731920641027045E-4 0.0022029472869430984 0.008085397438751528
0.4000011754285762 0.06637211837430036 0.2272368567566114 | 0.0012565425199327336 0.005156026339479353 0.0026015597931127706
0.40002527258684173 0.014142144444064631 0.31996712961062906 | 0.01022621167041129 -0.007367586096176195 0.003271958208842779
0.4613218752987213 0.02435659082283485 0.46504485720844846 | -0.03401843382219261 -0.7658270344201942 0.007756964062893969
0.329541550889457 0.008901505935272292 0.40003217211521686 | -0.007516022673871278 0.0018750788804850413 0.0029283220057615975
0.3706705019550281 6.431130293469607E-6 0.4815673017743091 | -0.0010134152835285578 0.003234261102563751 0.006512742241439029
0.3469590711500715 3.289588845450019E-6 0.5751083312846472 | 0.005673149317664196 0.0027657295262309626 -0.0045481678302498035
0.3658725209331732 2.7835348323127964E-6 0.6557330446269838 | -0.006841666186746657 0.0016807099825365472 0.004865742354551743
0.348449884537413 3.248119806732128E-5 0.7290776738821186 | -0.0015150066766684287 0.001214122701714451 0.008595114197903512
0.400000399479179 0.029604916819303273 0.1342483388165472 | 0.006637983318733778 0.001033012083983552 -0.00593667109514008
0.4000000013429463 0.11001439833133941 0.2984511297130535 | 4.914061104675121E-7 0.003830384530046709 0.0064043537538560884
0.400132532755552 0.0048865816153733045 0.33483525431278344 | 0.0025871770162494874 0.0013343072782536166 -0.008133719821099906
0.42167414932924135 5.792567215917356E-6 0.40483662722892366 | -0.007177359305744527 0.0030639692958734613 0.0024282890719956964
0.42114782894048947 1.715846462240171E-6 0.5582204458987754 | 0.0037735297082928925 6.202689955471496E-4 -0.008297245126722681
0.4266672340144094 1.5529495111610537E-6 0.5459616439113272 | -0.0013493162972901705 0.002981169846679933 0.006727443926148021
0.43256297760419565 9.156237852747201E-6 0.732496594337782 | 4.7710260903190024E-4 0.0027517614863915765 0.007177963683120575
0.4370829369554635 6.369401990617385E-6 0.7392608657216335 | -0.008305417235529456 0.0016112225558039348 -6.750491493735586E-4
0.47315536684491283 4.0806704393521995E-6 0.15485980169110905 | 0.0033384766314004362 0.002811031804909828 -0.0064019212384367015
0.5135463772361968 5.446201321474152E-6 0.29866668988427486 | 0.003361082050503698 0.0021498617362268224 -0.007009617514518554
0.48562795946201515 1.0414017726449522E-5 0.3689591668677084 | -0.0011660066886840994 0.005416216667662581 0.0010958368860196964
0.558815919877368 5.2611634776932856E-6 0.42100585107094873 | -0.00822854208539788 5.916507320826447E-4 0.0039201336472895745
0.5896744193815457 1.207972157813088E-5 0.589765208483844 | -0.0043636696253765775 0.0028750942312685966 -0.005760885110704036
0.5022671601551357 6.426073806849288E-6 0.5818193415213406 | -1.233868895397066E-4 0.004789163348604827 0.0038264050048958482
0.5077426717829858 3.628088992490321E-6 0.8377459415440343 | 0.0014890933263999467 0.004054204610795994 0.0053233037950460695
0.513300231297191 3.431937138028245E-7 0.7312143078008299 | 0.005615078736956163 0.0023132059008610147 0.005823270506664735
0.5690109028574782 2.998174740931583E-5 0.1924938410856389 | -0.0038953042275631264 0.002518971321391711 -0.00638622309499012
0.4937272217310156 5.55976327222688E-6 0.06753934043128672 | -0.004124668638185864 0.0028751891415812374 -0.0058998901529432705
0.5755235387206762 8.142663837614291E-6 0.34700603235403354 | -0.0013684344557365372 0.0034518997470416807 0.006292012404911948
0.5460427829235075 3.026544791676433E-7 0.426977938750553 | 0.007554247831600132 0.002368643696587395 -0.0015844791421385405
0.5812265390625764 9.711128169264299E-6 0.5023924282339113 | 0.002505958923153728 0.005173225791487894 -2.0552744577849105E-4
0.589582430030838 1.420359529214529E-7 0.5896649901440478 | -0.0037740376275308646 0.0033646361149244205 -0.005443132986171122
0.5998212723095195 1.8036363607223813E-5 0.6753436696060742 | -0.0016029726364717026 0.0052894140257396275 0.001619720576848328
0.5979212725334306 9.198690422958038E-7 0.7173385918407629 | -7.644243228219441E-4 9.381873340165157E-4 0.008864564356210886
0.6570513637936161 1.4248575821164916E-5 0.1286731030836223 | 0.006639003310556615 0.002952539502499237 -0.0024848751517407507
0.6441467958697853 2.3057664858967668E-5 0.21497696325724425 | 2.307568433381486E-4 0.005302052293217873 0.0017313688222291878
0.6559189559807599 6.702095356255503E-7 0.36604650176522724 | 0.003381518001562442 0.0033550218641930805 -0.00573383264177554
0.7326659214243246 1.46483003587387E-6 0.4325703990966069 | 0.007173510444263571 0.002742947074237748 8.196433384649616E-4
0.83785429880945 5.164390061365091E-6 0.5078466589709691 | 0.005546429255523846 0.004017481750953814 8.86169359057606E-4
0.6755765063000178 1.0203905502751462E-5 0.5991818376994519 | 0.001488429179665219 0.004616012413916667 -0.004135689252529528
0.6813514262345964 1.1103561358550774E-6 0.6810936239190504 | 0.006577675993301747 9.782318448032284E-4 0.006063113776516679
0.684956923169411 5.262806334481964E-7 0.7931789971856066 | -0.004047703169607671 0.0010446973550640485 0.007868937123769968
0.7867338055553547 1.1029341372717236E-6 0.1553856783665232 | 0.00617447839649203 0.0012979222817321083 -0.006137570070024448
0.7972528071463828 1.714153492153016E-5 0.2574341304249697 | 0.007759227792189209 0.0018482506092147456 3.045908364691696E-4
0.729100066855529 3.8532249764030045E-5 0.3484528242933976 | 0.008072562669630775 0.0010723938954984471 -0.001024594246992261
0.739266486746706 6.8378814961844965E-6 0.4370840737782869 | -8.087407932631602E-4 0.0015753877007098041 -0.008336387937958531
0.7312129280561637 2.5962741292783423E-6 0.5132987291794789 | 0.0056870032988048606 0.002406716295113948 0.005631389402392373
0.7173308193425985 1.9016520309611255E-6 0.5979378546140219 | 0.008817521801434072 0.0010355760876088929 -6.668055007883532E-4
0.7931738623530405 8.58130485884641E-7 0.6849555499722424 | 0.00781923164406894 0.0011055998049870003 -0.004048791892853439
0.7988240301739596 6.403574516737072E-6 0.7988240159895251 | 0.0063674983563296655 9.124785909450343E-4 0.006362586041605108
0.2140629248530909 0.4000048197214068 0.21406293638446477 | -0.0038643937301944984 0.004092412148722029 -0.003864169801501378
0.23210855685321455 0.4000073546479893 0.3431599007755431 | -0.004622028253340355 0.001642142948915136 0.007040768504118902
0.24143599954343017 0.07803004698342315 0.4000001403297553 | 0.01062772942509581 -0.007793089058926875 0.001313726248283038
0.14327130955619374 0.030316210203735 0.40007505993906545 | -0.008885992405940306 -8.821479406148763E-4 0.004652015330590006
0.07001543317551222 1.687773568637792E-6 0.49283036876878394 | -0.008068670506276784 0.002004160577755965 -7.382537943258463E-4
0.20011270755101906 6.06851922824683E-5 0.5661508827840237 | -0.007539841444594182 0.002066505992417517 -0.003219131322755495
0.14374458903254214 9.180905820624201E-7 0.6543798742831259 | -0.008475260375762413 0.0015202090437016367 0.0010775181949565422
0.16581142613410052 7.007381545818197E-6 0.7755695062928569 | -0.006279244277970717 8.829548192231364E-4 0.0064678271011456324
0.34316243617854403 0.4000072344800633 0.2321086600234608 | 0.007051506878598106 0.0016398867814924098 -0.00460906677868665
0.3435082821909901 0.4000016534490282 0.3435028930839878 | 0.005351255986864242 0.002539874051948367 0.0053523591480864495
0.32246907074921244 0.02008502462953893 0.40002219461702043 | 0.0011262230908320476 -0.011961165257132865 0.008377830860483645
0.2985380252647852 0.10814131454285998 0.40000000667708746 | 0.0068413260903351395 0.0031650592806254244 7.072903969574908E-7
0.299786850173326 6.658308472593033E-7 0.513406151040114 | -0.006822682570641201 0.002249579623810388 0.0025246748943022995
0.0668804922695074 1.0260987262998651E-5 0.49379940809056805 | -0.006492260519079293 0.002816067080309853 -0.0032714891157213754
0.2150990559351786 1.9978284367345376E-7 0.6441683915774314 | 0.0023464345636951983 0.005229325904167539 8.370731356999158E-4
0.25730544743426453 8.993329332961659E-7 0.7944005439610066 | 0.0015346106607506758 0.0012910806058201122 0.00877348703323611
0.4000017341026342 0.07890238698271317 0.24545862631848053 | 5.999831909979068E-4 0.004492276002096442 0.004203930850878492
0.4000386190782134 0.01411264250230414 0.31856602345292945 | 0.008737835583178137 -0.005985237462432745 0.006546767039833768
0.5034256618990358 0.03953407260035396 0.5259197699628209 | -0.06105690580288766 -1.2595677385896142 0.06111099783759425
0.3234426616642817 0.01284669887632778 0.4000446373686398 | -0.0029608448779322367 7.907957457376453E-4 0.0084901817260747
0.3713270480901011 7.810225547035684E-6 0.4821358266852434 | -0.0032921970649884337 0.0035230708998400893 0.005254397854100117
0.3427766351954669 5.239201265472033E-6 0.5788050848694907 | 0.006934452005487328 6.820946230866715E-4 -0.005876937269288045
0.43280028779224666 8.035064948996295E-8 0.7439827493641854 | 0.001693613297312358 0.00214835118216124 -0.0076913337334011435
0.35178725486084494 7.382543621244406E-7 0.7305608266788157 | -0.004502295530340605 0.001054109008905062 0.007656497914993066
0.4000320790104578 0.030579945281581297 0.1430329623000609 | 0.004257291843300521 -4.0422108601171936E-4 -0.008819334866103461
0.40000004434810954 0.119795798018718 0.30269141454393306 | 2.5559768664878286E-6 -0.6810163426589757 0.07542121594773839
0.40005340884219054 0.008304444262940146 0.3286253241751531 | 0.003231982650478981 0.0014730037518471926 -0.007799091468069721
0.41835975789182317 8.152996040026818E-5 0.38783249528536373 | -0.003506326636344307 0.0030028761181549986 0.006344147447803406
0.4234853675202486 1.5462301539358013E-7 0.5543701795423857 | 0.003119853371295066 7.420969863220542E-4 -0.00856557766620569
0.42645826093059447 2.422290297568114E-7 0.5428100940600957 | 8.577389207165125E-4 0.0012948680445442739 0.008370819875904182
0.4326654201642717 3.3023156082803704E-5 0.7332537831601882 | 3.2883791666357963E-4 0.0030115252427544395 0.006884009913572095
0.43738029481492374 3.774636254387536E-7 0.7442996310012704 | -0.008012273198349533 0.001315357803061686 -0.003110310911522509
0.49281015295922853 1.618941659119753E-6 0.06964834962191539 | -0.001226292085226176 0.0022614154834477386 -0.007756467306319775
0.5126242887467216 1.1724073842523511E-6 0.3002601830794034 | 0.0035132256815276395 0.0017282527139257794 -0.007398425971530597
0.48562218135584695 6.082575573726679E-6 0.36896356245336537 | -9.621660325894626E-4 0.005447501443412151 9.658839448147898E-4
0.5541416134201673 1.3708207359082597E-5 0.4237214977079959 | -0.008428238810363125 6.761971353067397E-4 0.003356234585614055
0.5896370287227644 2.87167082857328E-7 0.5897185575790398 | -0.004216523921487072 0.003044956134619558 -0.005622102236247201
0.5022868144405324 3.84527813777019E-6 0.5817899225454594 | -2.4834290199817914E-4 0.004740195434841993 0.003953334743244598
0.5078459316673153 1.5130015089598253E-5 0.8378767857362613 | 7.968031535379086E-4 0.004345126747874402 0.004927326917404072
0.5125780703380964 9.549971471206328E-6 0.7415875324720516 | 0.007507801314195857 0.0020190477787104086 0.0029554223406569016
0.5661329204870649 9.931200033290813E-5 0.20008112762972827 | -0.002999249136788697 0.0020131039751633243 -0.0077719911369327245
0.4938523162527461 9.97129396206731E-6 0.0676684644205966 | -0.004284283729454834 0.002783551854939615 -0.005915802815070507
0.5787182496894752 3.571906568303744E-6 0.3427942244320894 | -0.00542875871084576 7.195831712913219E-4 0.007292537236034512
0.5425722448241529 1.643547456116253E-5 0.4266422948757272 | 0.008822829980992925 8.138904171449066E-4 0.0015548879857471723
0.5812284892036867 4.5852067811086376E-6 0.5023915684599357 | 0.0024601134636181928 0.005075037443858403 -1.8610917790557328E-4
0.5895488702257363 1.2783646010098582E-5 0.5896399454279557 | -0.003322384796606612 0.0036122872547924003 -0.00533018507906494
0.5193911881725812 3.281813899823557E-5 0.7476822198351883 | 0.001261345620401565 0.005795270627826427 -0.0036542085431938262
0.5939603452486665 1.4342672824456237E-6 0.7269400797466132 | 0.0012018535561939619 0.0010279150169832689 0.008771561811194465
0.6543965639518378 5.988675721035947E-7 0.14373744159269583 | 0.0010661769905953632 0.0014033257021389967 -0.008585349444291419
0.6441446259829778 8.992093694509004E-8 0.21497370512762715 | 2.335366565140273E-4 0.005301427017432035 0.0017353233040902569
0.744180134627864 9.008486106795962E-6 0.43284407785485524 | -0.007794489796322665 0.0020754534622541474 0.0016437480994315667
0.7328588302725068 1.4516473375029179E-5 0.43261488053111247 | 0.007098780567614347 0.00281867267616801 7.172147189601351E-4
0.8378843794012114 5.0201646455000935E-6 0.5078709776312659 | 0.005473538299170546 0.004073384345833273 7.267596655318551E-4
0.7486211849769625 0.0011508159745045503 0.5192962915789424 | -0.01965254631347268 0.021018941010539357 6.917641406385779E-4
0.740764023506461 2.2604241948760115E-6 0.7408081932909285 | -4.1113620952817177E-4 0.005522158947376531 -4.2089628746531623E-4
0.6863594395928329 1.923733287528099E-5 0.7936476698298007 | -0.004765257991018327 9.708947534748138E-4 0.007522066360678491
0.7755541782602668 1.1479985447637645E-5 0.16581275463516873 | 0.006453691305685246 8.890300356772893E-4 -0.006286138032008355
0.7944259654653775 6.425700419292668E-7 0.25729476265022627 | 0.008295867952137293 0.0010549253580492209 0.0012822500500835252
0.7305859373889841 2.7327223163783884E-7 0.35179253384957665 | 0.007395908627754801 9.572626644641425E-4 -0.003710712134018553
0.744308615110117 6.835269755981887E-7 0.4373871115612239 | -0.003145792117421438 0.0012889733910018337 -0.008034934319431516
0.741587953357087 1.0559873447019947E-5 0.5125775180699086 | 0.0028824433639091265 0.002051522505883387 0.007484215987022859
0.7269413416285002 7.635776412637393E-7 0.5939845504531128 | 0.008689428736061183 0.0011227747431670023 0.001434421756120365
0.7936460746985547 1.98468524450765E-5 0.6863608314215558 | 0.007473972335812717 0.001024624902807406 -0.004770390209145787
0.7896547180742174 3.3462028921727534E-7 0.7896547403606216 | 0.006571275214905745 4.8655329196613023E-4 0.006564998359550218
0.2252411249884605 0.4000002772006596 0.22524113243400132 | -0.0035771873975985673 0.004312709830593996 -0.003572738616489657
0.23617535161799136 0.40000151306119375 0.3417757589287807 | -0.004935107638059936 0.0012467910811858277 0.007214184372735117
0.23117454125310344 0.059118069242051485 0.40001265957067 | 0.003763851232370624 0.004565725499680785 0.002477437152856176
0.15698005395813494 0.023368391597449464 0.40002219130863664 | -0.009336498732463365 -6.93354883115471E-4 0.003346331958348746
0.07355829605192594 1.3084401387473767E-7 0.4929796902598548 | -0.00843571566106346 0.0015715524857723305 -8.787405702678686E-4
0.1958512080144662 2.2950840422027722E-5 0.566170780261137 | -0.006769740466984556 0.0025856532855824178 -0.0032586326663485523
0.14533161919146603 1.7071662525860345E-6 0.6541914435898009 | -0.008565553622911046 0.001433710064870279 9.260937736882578E-4
0.16796308735972254 2.2232537758213576E-5 0.7734557483124345 | -0.006520890986867695 8.146571087663862E-4 0.00629283889691387
0.3417752611880985 0.40000161049353294 0.23617502387087874 | 0.007220939107433191 0.0012457842437435683 -0.004926521205355423
0.3434911296506791 0.4000071549112912 0.3434856740530108 | 0.0053596802967827125 0.0025284464501713743 0.005361063059266249
0.32308051939316385 0.02137734877384887 0.40005112938374143 | -7.517329825083215E-4 -0.01276645208084956 0.007636954218105579
0.3157306885101661 0.10932405878547802 0.4000000208846354 | 0.0084518202084228 0.001608758419804555 1.3778776650866785E-6
0.3007330558986833 5.060159915768262E-6 0.5123439285938687 | -0.006827087980944417 0.001948740690184301 0.0032974602457111883
0.1080955574561381 2.2568115359268583E-7 0.570227013903266 | 0.002806589248639832 0.005072165465852663 0.001975449120183323
0.2066127838328461 6.124853449002236E-6 0.7163318388800656 | -0.0039366424828795364 0.0040583425501057036 0.004105988566355529
0.25736179776768553 3.275665371712407E-6 0.7941432903599162 | 0.001476777013883716 0.0012497643191085965 0.008816948457400232
0.40000001956326 0.08197762117618938 0.24260128851576646 | 2.0921475819849235E-4 0.004838437474203393 0.0033097981562984036
0.40004435228217994 0.014007856636144046 0.3179109137569317 | 0.00805322403206398 -0.005252962632933976 0.007417286753781015
0.5097977291625425 4.5420133716179794E-5 0.5088872965019655 | -0.002402653792594385 0.005297749414039479 -0.0021679908879665183
0.3244251744215106 0.011468726885118238 0.4000710345839161 | -0.004693188567972986 0.0021412984543785762 0.006373903572736505
0.37068840890812177 6.443322434519015E-6 0.4819736992608878 | -0.0011632802811716212 0.0036156047238906294 0.005949100435647462
0.34713359041869674 8.100434782701592E-6 0.5763244378067971 | 0.0025732652360134912 0.0017832014765638675 -0.007829578289777586
0.3352249943213554 7.504150202512221E-5 0.8332066922669963 | -0.022806288693653167 0.034048797430356104 0.03991344138560214
0.35700616337511504 7.4145301731308005E-6 0.7516223616943728 | -0.008660199301935 6.231586551138246E-4 0.003454301584393077
0.40002692765447667 0.024108478037030787 0.15717257208441662 | 0.003253870183598128 -2.89025298176251E-4 -0.009147352642972647
0.4000000027335371 0.11090618861206876 0.31313348576215383 | 3.345301427359449E-7 0.003038761099929302 0.007591682102904303
0.4000673796827386 0.010695120411129126 0.3244519920915291 | 0.005724431328500213 3.4082616087541446E-4 -0.00729266305072356
0.394190807283515 5.731408034459221E-6 0.4038523407472753 | 0.006300356490397924 0.004016235460320764 0.0013303342638078244
0.4274142026737747 4.284480390055848E-8 0.5451983665926461 | -0.004089991413485824 0.0020935313277413935 0.006631411352573028
0.42628687280220995 1.3295398523676774E-5 0.5429542968646885 | 0.0012896640287617751 0.0013127475594660399 0.008305852436131663
0.43268043535682704 1.5463177917001672E-5 0.7332991877876873 | 2.8667253201467816E-4 0.0030116776414943125 0.006886526528458795
0.43691130095095415 1.961597915096788E-6 0.752734087771628 | -0.007407187585208079 0.0012537434291006644 -0.004600323897324827
0.49272821776075787 1.7892108403787924E-7 0.0731264109924674 | -9.062290350726451E-4 0.0016389245188415575 -0.008371559979829945
0.5113228258185358 7.827215417737997E-6 0.30086285629701875 | 0.004251786064022459 0.0015767988011370095 -0.007165049727404741
0.4856225988725462 1.40073206904738E-5 0.3689639285466728 | -9.600072953916265E-4 0.0054496496027937056 9.422074277664819E-4
0.545234976276219 5.180020518955907E-8 0.42738690509633864 | 0.007904677788806588 0.0015844292886441893 -0.0029107308636557674
0.5112834035417795 5.787722150364453E-6 0.5114551349446671 | -0.0029736860340655344 0.0042408094394095945 -0.004400346230397993
0.5022922620785103 9.067100552016901E-6 0.5817799279223752 | -2.810343399038147E-4 0.004724508976379882 0.003992796019035486
0.5077617595698879 3.5026369599760234E-7 0.8374627259743568 | 9.413193332740124E-4 0.003613418378981758 0.006156745645022493
0.5133874744167378 2.062639454348808E-6 0.7513586353471339 | 0.007811951964807677 0.0017308619290576633 -0.002431358013660317
0.5661536815789993 5.721859649460861E-5 0.19582139919714917 | -0.002730972028702115 0.0024267874596897517 -0.007303591093628193
0.5720212549063604 1.1985982344575125E-5 0.1060782043560819 | 0.001392452772779228 0.005179002434498563 0.0027570851432656123
0.5766992653352854 7.336994628156176E-7 0.3471105239768642 | -0.0074124312830968295 0.002102280216086816 0.002931317327087803
0.5433194415705626 2.006148475259977E-6 0.4267791717382035 | 0.008819699634215165 9.256122965269563E-4 0.0011627147935315144
0.5812348386108961 5.269490902508437E-6 0.5023904659925017 | 0.0023456998301477675 0.005264413493963507 -1.6773775007852807E-4
0.5896076951070887 5.602565259392675E-6 0.5896989642955113 | -0.003922691878609341 0.0031980244202948604 -0.005602167714944652
0.5933634521689726 7.5016117323654025E-6 0.8592902880936913 | -0.004446056735866422 0.0022405809403783514 0.006502374239716196
0.5888400869163034 2.8073029977311215E-6 0.7617824882613953 | 0.0034343340929443395 0.0017071282527996226 0.0076255002711850565
0.6542095268762281 1.4340332465938258E-6 0.1453294160752556 | 9.082492142773578E-4 0.0013256994405727055 -0.008667608574908212
0.71639716621879 2.1877661236008433E-5 0.20666344675830797 | 0.004621122162413611 0.003662933555291327 -0.00304289495769096
0.8342481929664427 0.0021945583014538333 0.33507818453189675 | 0.06694276241362711 -0.11854398751918944 -0.01676699023499947
0.7332639367695889 5.245030762306441E-7 0.432745346867637 | 0.006973280736019073 0.0029527778884367185 3.2935467304451933E-4
0.837583326311085 7.4615826321873505E-6 0.5078082570382125 | 0.006212721081163983 0.0035985609274981423 8.470068938612976E-4
0.8590536270319488 9.082936548416489E-6 0.5935275810115923 | 0.006486559736712808 0.002248911490318128 -0.004454523034017566
0.740766926878904 2.517867244457299E-6 0.740811230548161 | -4.993246419505673E-4 0.005513241477722627 -5.133737317345227E-4
0.686543578934081 4.064340398655342E-7 0.7944338506660011 | -0.004912108385123054 9.999020945104554E-4 0.007402652598997824
0.7735925814317509 3.8033062131482173E-6 0.16777383599136497 | 0.006304494073926267 8.212312678519907E-4 -0.006502314725508698
0.794167934090622 1.714688044946329E-6 0.2573509003211367 | 0.008327862825931402 0.0010176399782857025 0.0012329015409660634
0.7516446898088837 5.233789507682303E-6 0.357011673919892 | 0.0037295749710037373 5.429147289620881E-4 -0.008045024880536794
0.7527365103987042 1.374213393020184E-6 0.4369070391621088 | -0.004404080002549315 0.0012667391737506732 -0.007521751771674617
0.7513658152661262 5.565480224297816E-6 0.513388072330912 | -0.0023030775146096714 0.0017437224481401243 0.007817694868550882
0.7617808201707355 2.2503452688063912E-6 0.5888389749859689 | 0.007621616927881736 0.0018234701420550116 0.003342747281902557
0.7944304957633939 7.741988989509861E-7 0.6865459673290265 | 0.007352313900152477 0.001054228482717921 -0.004918161696826673
0.7860554770408335 2.2564323165831466E-7 0.7860555174245097 | 0.006600154231741125 4.1546080462235164E-4 0.006593429350474682
0.2393892278999267 0.40000018324521935 0.23938924631536512 | -0.004824448901072668 0.0031802553520879416 -0.004816689631969595
0.2422307416645387 0.4000016262909018 0.34188467932271305 | -0.005362241870077781 0.0011337058367447107 0.007008286351768498
0.23951959242381704 0.009752685167656079 0.4000422830025912 | -0.006663532795412659 -0.007960799950691965 0.007911266510015807
0.19072605263100323 0.09412690832922926 0.4000000204165223 | -0.004787714735817515 0.004450255902790428 1.925092704133831E-6
0.17299256508253275 3.794011934275273E-5 0.4744076158696507 | -0.007960999243742823 0.0019078955488712247 7.198881997897412E-4
0.07923898284870387 5.11269271584872E-6 0.5823521985801908 | -0.005463183025645479 0.002062819861392737 0.005943498726318647
0.14641192996084107 1.1591101741758605E-6 0.6542830962401859 | -0.008623234198577336 0.0013827801033166507 7.691775473654347E-4
0.16996988155755244 2.5479178007102068E-5 0.7715597396365139 | -0.006753144086742333 7.675214887903356E-4 0.0060912591642163765
0.3418846628590171 0.40000157416690624 0.24223061678701943 | 0.007010800814052876 0.0011330986165360387 -0.005359616292472238
0.34356941898490995 0.4000016311002601 0.3435651625503755 | 0.005284652182028922 0.002631012871153566 0.005280468395174521
0.32246788369618573 0.020823299950372996 0.4000064781084047 | 0.001132033534474956 -0.012466278333130472 0.007915404224477895
0.31061426444162016 0.1048042954340287 0.40000000030756133 | 0.006481222353898911 0.0034403626351353243 1.8175490417720302E-6
0.2967009151116409 7.779772486753117E-6 0.5095676320638081 | -0.0017670029764644771 0.0022309576277993884 0.00720439244105694
0.07306147325471629 1.7249617163527003E-5 0.5878477430009603 | -0.007504585453425979 0.0019078228505312479 0.0033112253594593075
0.20795635128386314 3.740740696899355E-6 0.7165564392918764 | -0.006683564143242347 0.0032803136686688885 0.0015679131792975696
0.25770471993668687 2.2068838870153134E-5 0.7933826362120642 | 0.0010973661484578938 0.001157317394584515 0.008946348509809385
0.4000384105442985 0.009385734299908887 0.2391835719049642 | 0.008039442304025004 -0.0075383324227015075 -0.007565208929225668
0.40002679717474043 0.01103769107100662 0.31541497942226937 | 0.005978942058241125 -0.0010812987071000763 0.008236849253523838
0.5040771643774702 7.318854155960957E-6 0.5034016414957238 | 0.0033700146416311846 0.005345587564802824 0.0031855643618778837
0.3199997557873648 0.013617960502566986 0.4001148919356643 | 0.006834979172712356 -6.574033770986408E-4 0.007241734571251981
0.3720846777752196 8.532972242250936E-6 0.48520348877187536 | -0.004575910644921304 0.0029357635173026028 -0.005258335858852262
0.34702038044405337 9.218194430493158E-6 0.575965837295166 | 0.00348799938467955 0.0019914220652572515 -0.007262432734897201
0.35164509134397104 7.973560912991367E-7 0.7144179965273584 | -0.0021277720758585235 0.0011845132374362821 0.008574242743126103
0.3621894223044689 1.7970192963687146E-5 0.9114021624246703 | 1.6691825597634272E-4 0.0013352143636439324 0.008683023686652145
0.4000000372735025 0.09564799436836811 0.19115023942740678 | 1.7213624428156837E-6 0.004355871512573514 -0.004980704834499347
0.4000000242103419 0.10458776940771057 0.3106064839018286 | 9.958746879107375E-7 0.003911789536602585 0.006253880835641067
0.40010171260801136 0.01321574306437152 0.323842108105904 | 0.007295965302421288 -0.003265124905060617 -0.0078050224654603395
0.4076960416877267 3.2049964375060966E-6 0.4086763239628119 | 9.455211985905055E-4 0.00579227391570495 -0.001538371280866399
0.42846577579635026 4.199161587637617E-6 0.5409964081881025 | -0.00275114423362923 0.0011076683754770269 0.008036195882308694
0.42591027749343197 9.685190953449402E-7 0.5445862621074156 | 0.0027761526484479213 0.0016940892975690432 0.0076540702770259
0.43264846781196964 2.955578441588168E-6 0.7334852877745202 | 4.8408096320105674E-4 0.003061806441125167 0.006813760333944554
0.4343467491744055 9.860772874817897E-6 0.9279855378641969 | -9.706489865154572E-4 0.0029869865835583796 0.006994401054829553
0.4744557310169351 2.105100531354367E-6 0.17294581087765795 | 9.717757015913372E-4 0.0016791300617935265 -0.008159713203644343
0.5096948002803741 4.38204881889739E-6 0.2961394893987545 | 0.007205382410650967 0.002168626036633405 -0.0027424782020686335
0.48562462992109456 1.811353863003041E-6 0.36896253901317544 | -0.0010639640285926902 0.005434937741182373 0.0010057964966664187
0.5414388540239597 1.066601386612458E-7 0.42844524869996037 | 0.008620707236726968 7.360526215743212E-4 -0.002466077316541663
0.508460658651305 5.867936303849807E-7 0.5086333454084446 | -5.635644361370893E-4 0.0056100864133857165 -0.00236637297373403
0.5022891897816152 1.5697021416301722E-6 0.5817821430381691 | -2.60997210943585E-4 0.004726858334124734 0.003988004551611276
0.5074782700773148 5.144488456099037E-6 0.8367512569407809 | 0.0016606503824514866 0.002815406680574398 0.007067781967810926
0.5070378972914792 6.223873947178316E-7 0.9288220651051893 | -7.641510861191008E-4 0.0021439025088846896 0.007934463910648866
0.5821638070487325 9.743101451858746E-6 0.07951825057407494 | 0.005977577853917137 0.0024222885233149624 -0.004895285007245503
0.587672798490378 1.754391729148517E-5 0.07374177008061576 | 0.0029451814344385553 0.0022388903612170523 -0.0073267747499957
0.5767932452458153 1.7578779569255856E-5 0.34722282916096703 | -0.007669236107599554 0.002069620936020532 0.0022804517646284033
0.5450333847701865 1.5931275893261078E-6 0.4256194303445393 | 0.006799348339805758 0.0011046615192706183 0.00559617503191765
0.5812276324296107 2.6602819606085393E-6 0.5023917925209116 | 0.002477399934435827 0.005057842010968748 -1.9095446201192526E-4
0.5898656503515507 2.2737013604558417E-5 0.5899562278918156 | -0.005092881450864942 0.0022269426065108676 -0.00604953571630698
0.6340988689831175 0.01120187987653561 0.7528810409577452 | -0.00960362744197384 -0.10043290043181008 0.007439668450475191
0.5760221869900171 6.029829802502752E-6 0.9144600206683774 | -0.002308815394164828 0.001356585660221032 0.00834727744379902
0.6542960722089592 4.732565267566853E-7 0.14646427534059026 | 7.455998149356096E-4 0.0012792990235998202 -0.0087212997309556
0.7166400034424212 3.205788799802027E-7 0.20799986230923634 | 0.002663416449278869 0.0031829932523053934 -0.005589329009386109
0.7095646493889748 4.2752537600202555E-6 0.3536843580723861 | 0.007860247988709254 0.0013129933698577826 -0.0019339086081102865
0.7328546195092547 3.917014758639748E-5 0.43265173048044037 | 0.007081567039146133 0.0028453622051549205 5.654312710462592E-4
0.8368996723230997 1.3525897993789224E-5 0.507568756978613 | 0.007098715980705247 0.0028455341079084502 0.0014171829022746494
0.7531998556856423 0.01307721331584518 0.6337660549954355 | 0.008003202478411098 -0.10063201434132402 -0.009912876330556724
0.740763135057503 6.7846961914245285E-6 0.7408072475141695 | -3.828686331727569E-4 0.0055230224080815675 -3.907876059010511E-4
0.6868205299852469 6.3192304526911555E-6 0.7938661003745879 | -0.004982047879080768 9.460816886677396E-4 0.007402594684146687
0.7717508044161708 2.585389320303673E-7 0.16974346742940138 | 0.006105081314856175 7.731801039139701E-4 -0.006734978190080728
0.7934061318376642 1.7490127120886473E-5 0.25769305684693117 | 0.008421281625333208 9.337702398188837E-4 8.91209685625353E-4
0.9113934226877716 2.2785118947999958E-5 0.3621964593241436 | 0.008605768564788167 0.0013723788582252234 3.2064025802517216E-4
0.9279869666374027 4.250936375135607E-6 0.43435100167944996 | 0.007003168639865731 0.0029799782053084745 -9.693186315398855E-4
0.9288071846723568 1.5810225995730586E-6 0.5070365279908844 | 0.007955298328412947 0.002122748107217114 -7.598290848937355E-4
0.9144627639211115 4.497365613203612E-6 0.576018166835132 | 0.008340584559127713 0.0013609134527176607 -0.0023200317132369246
0.7938646948091735 6.655385290485582E-6 0.6868219395876414 | 0.007355089208586503 9.975961036135302E-4 -0.004987978410629317
0.7819680391913703 1.1863498482709908E-6 0.7819681357709999 | 0.006614636874001761 3.710585603126292E-4 0.006607380139393056
0.25213007088753747 0.40000718712305305 0.2521300802829471 | -0.005277194784833908 0.002631658979931091 -0.005279169893931972
0.2498498871448597 0.4000012233897605 0.33922821154863536 | -0.004605073459260507 9.461448057535445E-4 0.007686902014342124
0.22447106609113476 0.036279925627676235 0.40002392698141576 | -0.0026066796905757426 -0.01245348744296761 0.0077770553200070544
0.2077141767401545 0.10593579083915831 0.4000000520288864 | -0.00552326393726451 0.004072709480311338 6.283605421382876E-7
0.2329059923053287 7.609605290386299E-6 0.4794849750366263 | -0.006569255029067233 0.0038882401797680046 0.001145179830139003
0.19636832841082616 9.894749267071371E-5 0.5663767454517299 | -0.006845028050858608 0.00249150907732903 -0.003353666810304649
0.14933298995757707 1.4709061305156777E-6 0.653856133786227 | -0.008702098330416125 0.0012985152423114006 6.415390637990738E-4
0.1871550320669699 3.6796810991771356E-6 0.7575307876622696 | -0.008858971175171376 0.0010279273616764788 9.508765182766809E-4
0.33922818798137083 0.4000012065294853 0.24984966577103243 | 0.0076843388794814935 9.459975370119693E-4 -0.00460941847996332
0.3436430936977415 0.40000239507411595 0.3436374705888695 | 0.0051886655720552455 0.002749728766412371 0.005191041619184157
0.3155671594336643 3.101728600534738E-5 0.4473060335161748 | -0.003035613078816327 0.00476976662347721 0.0019019952455686204
0.32453173443567884 0.09394467513155105 0.40000004741487893 | 0.0031269933173782797 0.005017583944554293 6.477270013111882E-5
0.30098907084152743 8.084229075880809E-6 0.5113693756539126 | -0.006528175934865902 0.0018407018810548792 0.0040667815294482355
0.26649991960841823 2.216419867368409E-6 0.5913283247457276 | 0.0029556396636157617 0.0015414458882940555 -0.00771914632731881
0.21552537608681296 5.985948633848913E-6 0.7170747420644855 | -0.008595477759293126 0.0016182203561216542 -4.502109593225632E-4
0.2590417315869733 3.7986621992752047E-6 0.791025852507135 | 4.628784865846995E-5 9.26720768383737E-4 0.0091911028370379
0.400003851577182 0.03643984819583155 0.22430512094691094 | 0.007926155963392273 -0.012594180364624473 -0.0029879760599888956
0.45771200004243257 9.132165406207078E-5 0.3057923003159465 | 0.0018382405065489808 0.003971765456537181 -0.005384178266316935
0.49879091967319883 5.3208438555669356E-6 0.49888350035452644 | 0.0053235914620843455 0.0044700617648827335 0.0042975377565104035
0.31791003227685094 4.1378798213262765E-4 0.4000403170127112 | 0.004419569602922806 0.003261792300758225 0.00486065157059823
0.3735275519790896 1.179783800799194E-6 0.4843761980418473 | -0.007210439980583975 0.002512027062808938 -0.0017977233783216873
0.34440753475015823 2.513691107498894E-6 0.5751016607056184 | 0.00865094106178124 0.0010890206770197048 -0.0017249122864531413
0.36534115928733213 3.412001310488177E-6 0.649789840173531 | -0.0017284018198673488 7.958378632207973E-4 0.008980219511446667
0.3498514454841719 2.1111282667957754E-6 0.7433066440663195 | -0.005418495868117954 0.0014533545877019672 0.006900733833685742
0.40000000387106793 0.10501561133965888 0.2066776273110269 | 1.286589683569996E-6 0.004233751589174312 -0.005213265067506998
0.40000001121700013 0.09358937797834797 0.32480018881204803 | 2.787364871145709E-5 0.004795731229510085 0.004568372616281639
0.4000849567894462 1.9770106877162934E-4 0.31205791091387225 | 0.005689714105515274 0.0017142290834633353 0.006180464225923896
0.42459281711597535 5.818960094014603E-6 0.42565349273249337 | -0.0035757370160947335 0.004429866240849202 -0.005269317696574538
0.428854075726197 4.662777838337452E-7 0.5399527091987091 | -0.0028283509862891865 0.0010370516809147968 0.008032995798261278
0.44439315552384 3.2886313045486963E-7 0.6413002163891107 | -0.007009679427285012 0.002960024988943765 6.788208472591297E-4
0.43193899257742924 3.8882715235770334E-5 0.7278687042876494 | 7.590806545055425E-4 0.001987781842657669 0.007914571106931662
0.427278090236816 1.6679669932938349E-6 0.8404157360018067 | -0.008012111587391344 0.0016870963486036558 0.002456940882336906
0.4795266503174804 7.290074004037632E-6 0.23290298641226298 | 5.227960433576643E-4 0.0039643591122453395 -0.005216540779495379
0.5105562667012554 3.441802862990557E-6 0.3010470839605544 | 0.004667318688007888 0.0015234318919949905 -0.006960643173098
0.4856216472726938 4.129069960731121E-6 0.3689622598225251 | -9.47121224420517E-4 0.005444853452267109 0.001009777216076638
0.5397224174452131 1.4285666554095904E-6 0.429042619615321 | 0.00858398031884098 6.492760067085989E-4 -0.0026141658310945195
0.5344864026165003 7.872713841860204E-6 0.5346634581227684 | -0.005387003547403847 0.002264381753576106 -0.006170159929632856
0.5022888603077513 1.208369055780941E-6 0.581782509369161 | -2.5889175978427014E-4 0.004727405069190214 0.003986703151603897
0.5145467619750319 6.512959772887733E-6 0.7321090918252116 | 0.005080718752873507 0.0023941606601990627 0.006135680141248321
0.5107996849702265 5.799392727484908E-6 0.8337735720027316 | -0.004896076480052385 0.0012426625723327117 0.007239538276832552
0.5664411600149534 1.3175351986811505E-5 0.19599196690243217 | -0.002879910203515807 0.002370529800361346 -0.007298880281460364
0.5914008279378598 9.289400206586728E-7 0.26649606689994776 | -0.007330773434950671 0.0016880316560120658 0.0035664090126946
0.5755531383207215 1.1406122436503419E-7 0.344493983003014 | -8.636044315051221E-4 0.0011653646989890863 0.008768276988598505
0.6412222711575998 3.251309269113167E-6 0.4445835356736574 | 7.678896557787933E-4 0.002961681951412059 -0.007096104358252054
0.581235877422698 1.4737727626433497E-6 0.5023903896079476 | 0.002328699202891889 0.0052470291771035535 -1.6834325853952936E-4
0.5896335973593002 2.737871064349771E-9 0.5897192234520232 | -0.0041683372405709445 0.0030497421937358687 -0.005650782764380915
0.6035273862705279 2.1191547967131957E-6 0.6668336652560404 | -0.0015831301089332833 5.353013074289775E-4 0.009099053989232588
0.58473452064231 4.950980420608395E-6 0.7949387181928382 | 0.003318433233291433 0.001576918499557441 0.007757525090656092
0.6538699406777032 6.399890183007166E-7 0.1493343340802689 | 6.183925747324408E-4 0.0012080499432617162 -0.008789065149994835
0.7171318855559878 3.9222027172945776E-7 0.21556626398244877 | 7.760651908193178E-5 0.0015231042810022277 -0.007813438141775689
0.6502873561608515 1.3531591588228827E-6 0.36521560827499744 | 0.008310372066061084 0.0016845492254291565 -0.0014822166594385267
0.7270338088680106 1.133963917163784E-5 0.43184169015427326 | 0.008051033654107921 0.001819775403094289 0.0010014893335086972
0.7321494270864868 2.3220597970458168E-6 0.5145494293055952 | 0.00600367427893657 0.00249206660215361 0.005089106046404538
0.6667484383450795 9.97745957873526E-7 0.6034581443682007 | 0.009014242946030966 5.40148744313931E-4 -0.0020120278885859765
0.6979070154695667 3.4090037499737413E-6 0.6978961267887843 | -0.006507540788158686 4.6095165861319797E-4 -0.006568295619318906
0.6845873050085686 8.76714800477607E-6 0.7900146173373267 | -0.0038731469124253033 9.006340238576025E-4 0.00807273467270491
0.7575272874415229 3.5522181371723937E-6 0.1871561124456033 | 8.687616685425583E-4 0.001036395681590248 -0.008861161831076237
0.7910485506546248 6.401319418613238E-7 0.25903068390415546 | 0.00857795556563175 7.27829172160278E-4 -6.057311364186552E-5
0.7433598272626595 8.872058021329775E-6 0.3498568288061868 | 0.0071250802291920505 0.0011336202328106413 -0.004008498012437658
0.8404772738779821 1.0000170610394276E-5 0.4273359647787492 | 0.0026493064247214313 0.0016980170359415657 -0.00793147530825268
0.8337789171407595 7.996825525299716E-6 0.510692477356106 | 0.007404992587250582 0.001251359419180713 -0.004649491954845498
0.7949393381819183 2.509567504380568E-6 0.5847268494825159 | 0.007652900984748907 0.0016966008806198981 0.003325639443321883
0.7900134649013624 9.087243775810013E-6 0.6845884312150187 | 0.008029800697230744 9.55701058917126E-4 -0.0038746256532974587
0.7407628746288331 5.332241656225533E-6 0.7408069707742433 | -3.752208432576551E-4 0.005523577569290495 -3.826297604737598E-4
