512
0.2771084935267808 0.6509137841537749 0.27710849352678074 | -3.2500363598258782E-12 -2.3239999999862397 -3.250039467977573E-12
0.2733057906925176 0.6547164863682707 0.34378883610649535 | -6.879448328318373E-12 -2.3239999999985548 7.362587735216635E-12
0.27111263159761284 0.6569096456044992 0.3987882599104216 | -5.267053051062659E-12 -2.3239999999920617 2.1981788113684814E-11
0.2706125928204995 0.6574096848323535 0.4498489389661106 | -4.847133205812485E-12 -2.3240000000059204 2.1482081943177813E-11
0.2706125927399642 0.6574096857747288 0.5001510601203746 | -1.1358635903196687E-12 -2.3240000000024184 1.0393349715741241E-11
0.2711126313087427 0.6569096480912763 0.5512117396807552 | -3.1739921173818093E-13 -2.3240000000021745 2.9368555745742903E-12
0.27330579021561485 0.6547164896743117 0.6062111641770884 | -4.554206915674527E-14 -2.3239999999989123 8.841981737991866E-13
0.2771084930763816 0.650913786946951 0.6728915069194237 | 9.168148087746074E-15 -2.3240000000001486 1.3324578713225855E-13
0.34378883610649535 0.6547164863682706 0.27330579069251776 | 7.362433072027136E-12 -2.3239999999985543 -6.879173530407139E-12
0.3420427984381219 0.6582250200098808 0.34204279843812213 | 1.9683930426962473E-11 -2.3239999999962673 1.9685472651429476E-11
0.3406227592568887 0.6605444713064328 0.3985260118720194 | 7.902415040599803E-12 -2.323999999986354 3.500206639402391E-11
0.34010469180493685 0.6612367839938657 0.4498003929489766 | 5.841458356975051E-12 -2.324000000007025 2.2534320629324307E-11
0.34010469161220613 0.6612367853239763 0.5001996058176006 | 3.707240049295692E-12 -2.3240000000009893 9.444829097594632E-12
0.34062275874384274 0.6605444745993706 0.5514739876264227 | 8.869985744976657E-13 -2.3240000000013885 1.6901823931441039E-12
0.3420427978276322 0.6582250242608432 0.6079572019434251 | -4.609454719036859E-13 -2.3239999999992573 5.929728762679329E-13
0.3437888357060528 0.6547164898349163 0.6766942097694815 | -3.629560127471237E-15 -2.324000000000057 4.3612415957211235E-14
0.3987882599104216 0.6569096456044996 0.2711126315976128 | 2.198163380656264E-11 -2.3239999999920617 -5.266919689868491E-12
0.3985260118720194 0.660544471306433 0.3406227592568884 | 3.50001821969136E-11 -2.3239999999863534 7.90419035337808E-12
0.3981685277787662 0.6629013977686855 0.3981685277787652 | 2.4952429528985157E-11 -2.3239999999978056 2.4955131613094784E-11
0.39783716640852945 0.6636848162446976 0.44978399192362534 | 1.912657037109459E-11 -2.324000000001819 2.0442312820128917E-11
0.39783716633435673 0.6636848175843922 0.5002160070527369 | 6.923608939470876E-12 -2.3240000000028935 9.76637467008543E-12
0.3981685276747951 0.6629014011283774 0.551831471813886 | 1.0882480538606749E-12 -2.3240000000015963 2.692030656021125E-12
0.398526011871089 0.6605444756211698 0.6093772410987831 | -3.560566600778661E-13 -2.323999999999537 7.528951412309047E-13
0.39878826001245055 0.6569096488077719 0.6788873687186748 | -2.989271722727695E-14 -2.32400000000001 -2.1562601818132457E-15
0.4498489389661107 0.6574096848323534 0.2706125928204998 | 2.148213980186031E-11 -2.3240000000059204 -4.847112073947636E-12
0.4498003929489769 0.6612367839938647 0.3401046918049377 | 2.2533695218327895E-11 -2.324000000007025 5.84137146486623E-12
0.44978399192362595 0.663684816244696 0.3978371664085293 | 2.044012488021561E-11 -2.3240000000018193 1.9126303508932082E-11
0.44972725092952437 0.6645251407741739 0.4497272509295234 | 1.2700522904518742E-11 -2.324000000004387 1.2701278051810613E-11
0.44972725099531985 0.6645251419244809 0.5002727483130492 | 4.166412166311367E-12 -2.324000000001097 7.615580394500273E-12
0.44978399226336674 0.6636848193976614 0.5521628333070815 | 1.1577350889664194E-12 -2.3240000000009977 4.125216799725411E-12
0.4498003934976685 0.6612367879683649 0.6098953085176759 | -8.433988313463798E-15 -2.3240000000004155 6.350596778092402E-13
0.4498489393763533 0.6574096874998734 0.6793874074069365 | -2.6817802387804126E-14 -2.323999999999953 -5.5064204437580685E-14
0.5001510601203748 0.6574096857747288 0.27061259273996435 | 1.0393407318310226E-11 -2.3240000000024184 -1.1358702539889073E-12
0.5001996058176006 0.6612367853239751 0.3401046916122071 | 9.444887642577834E-12 -2.3240000000009893 3.706855446374556E-12
0.5002160070527366 0.6636848175843881 0.3978371663343569 | 9.7661727024757E-12 -2.3240000000028926 6.922594110028006E-12
0.5002727483130498 0.6645251419244791 0.4497272509953192 | 7.615469739779212E-12 -2.324000000001097 4.1665021715467985E-12
0.5002727485191385 0.6645251428145611 0.5002727485191378 | 4.607962733314532E-12 -2.324000000000349 4.607916722718587E-12
0.5002160075872529 0.6636848198862972 0.5521628335021223 | 1.429310739940648E-12 -2.324000000000786 2.468351811791961E-12
0.500199606514458 0.661236788073729 0.6098953086091186 | -1.2197309684928546E-13 -2.3240000000000696 -2.3119053644190953E-14
0.5001510606356664 0.6574096874873823 0.679387407413774 | -1.4715934995583495E-14 -2.32399999999997 -3.1803775597384676E-14
0.5512117396807552 0.6569096480912763 0.2711126313087427 | 2.9368728103914615E-12 -2.3240000000021745 -3.17401587876922E-13
0.5514739876264226 0.6605444745993704 0.34062275874384274 | 1.6902473861612297E-12 -2.324000000001389 8.869800567120091E-13
0.5518314718138845 0.662901401128375 0.398168527674795 | 2.6921528471992994E-12 -2.3240000000015963 1.0878477673860684E-12
0.5521628333070808 0.6636848193976604 0.4497839922633667 | 4.125194624714844E-12 -2.3240000000009977 1.1576445355507962E-12
0.5521628335021221 0.6636848198862972 0.5002160075872529 | 2.468346131989392E-12 -2.324000000000786 1.4293012315743462E-12
0.5518314722720881 0.6629014023035393 0.5518314722720881 | 1.791931769148307E-13 -2.3240000000001326 1.7919792309547333E-13
0.55147398813727 0.6605444758549434 0.6093772413104278 | -1.4990408981729318E-13 -2.3239999999999066 -1.573829552110521E-13
0.5512117399938464 0.6569096487671189 0.6788873687264149 | -1.6575388753676332E-15 -2.3239999999999914 -4.412328521896116E-15
0.6062111641770884 0.6547164896743117 0.27330579021561485 | 8.841982045697491E-13 -2.3239999999989123 -4.55419532994395E-14
0.6079572019434252 0.6582250242608434 0.3420427978276322 | 5.929915688018963E-13 -2.3239999999992573 -4.60949920477752E-13
0.609377241098783 0.6605444756211697 0.398526011871089 | 7.528432347401411E-13 -2.323999999999537 -3.560730365873768E-13
0.609895308517676 0.6612367879683653 0.4498003934976685 | 6.350531723008653E-13 -2.3240000000004155 -8.435889899283246E-15
0.6098953086091187 0.6612367880737289 0.500199606514458 | -2.3122116812818703E-14 -2.3240000000000696 -1.21971089436271E-13
0.6093772413104278 0.6605444758549434 0.55147398813727 | -1.5738385687022245E-13 -2.3239999999999066 -1.4990415984215704E-13
0.6079572021494066 0.6582250244581467 0.6079572021494065 | -2.842414388790995E-14 -2.323999999999976 -2.842419045561946E-14
0.6062111642886617 0.6547164897742723 0.6766942097612986 | 9.464918746265694E-16 -2.3239999999999945 8.428814457363734E-16
0.6728915069194237 0.650913786946951 0.2771084930763815 | 1.3324578066189993E-13 -2.3240000000001486 9.168144779640861E-15
0.6766942097694815 0.6547164898349163 0.3437888357060528 | 4.361230851404089E-14 -2.324000000000057 -3.6295995265771015E-15
0.6788873687186748 0.6569096488077719 0.39878826001245055 | -2.1566126191276394E-15 -2.32400000000001 -2.9892578201125763E-14
0.6793874074069365 0.6574096874998734 0.4498489393763533 | -5.506455231652018E-14 -2.323999999999953 -2.6817636411611827E-14
0.679387407413774 0.6574096874873823 0.5001510606356664 | -3.1803934262800566E-14 -2.32399999999997 -1.4715911384548762E-14
0.678887368726415 0.6569096487671189 0.5512117399938464 | -4.412332052689611E-15 -2.3239999999999914 -1.657551130349603E-15
0.6766942097612986 0.6547164897742723 0.6062111642886617 | 8.428792413652008E-16 -2.3239999999999945 9.464917302918042E-16
0.6728915069178497 0.6509137869187497 0.6728915069178497 | 7.075766679493756E-17 -2.3239999999999945 7.075765337465989E-17
0.27330579659414805 0.5842333465928019 0.27330579659415294 | 6.142424447293826E-9 -2.323999977106359 6.14242407650418E-9
0.2697972845406009 0.5859793314801319 0.34204284661233963 | 6.139759322623295E-9 -2.3239999986907938 -1.3409303036841733E-9
0.26747783840709805 0.5873993952592366 0.39852602276227406 | 1.9444218890452025E-9 -2.323999993686491 -4.5590417753177814E-9
0.2667855045032715 0.5879175176843651 0.4498003632819295 | 2.520920496887623E-9 -2.323999999125453 -5.309201191668421E-9
0.26678549194603335 0.5879175652632739 0.5001995918478418 | -7.769691719293835E-10 -2.323999997519852 -1.9412029227694843E-9
0.26747780066081794 0.5873995215312715 0.5514739835021636 | 2.678548890646587E-10 -2.3240000005319317 3.2339576805280005E-10
0.2697972549958775 0.5859794869507803 0.6079572049726512 | 2.3455588682440996E-11 -2.323999999187401 -5.865216456100507E-10
0.27330579028034757 0.5842334451671908 0.6766942106914866 | -2.0891112652540495E-12 -2.3240000000376444 2.9083515140951875E-11
0.3420428466123543 0.5859793314801215 0.26979728454059937 | -1.340930381338064E-9 -2.3239999986908555 6.13970736901589E-9
0.33958188146432006 0.5884402121549677 0.33958188146443663 | -8.098151712042975E-9 -2.324000008423512 -8.09899931900429E-9
0.3380248649569514 0.5899972327678845 0.3978448908708695 | -1.8928187836414695E-9 -2.323999987825763 -8.959734614815002E-9
0.3373019874257445 0.590720199480801 0.449694087705532 | 7.87232441161162E-10 -2.3240000009110098 -1.0117491442024377E-8
0.3373019796121843 0.590720268331787 0.5003058421306353 | -1.2085029873554856E-9 -2.323999996536344 -3.319256546549789E-9
0.3380248338166092 0.5899974499698639 0.5521550833945718 | -1.0064995125304594E-10 -2.3240000012508846 9.028180302949573E-10
0.33958182482790317 0.5884404663374613 0.6104181817130185 | 6.45999640404971E-11 -2.3239999992282465 -6.274008166131656E-10
0.34204279797227294 0.5859794843311069 0.6802027466250868 | -2.417226037648016E-12 -2.324000000041218 3.065495103155135E-11
0.3985260227622826 0.5873993952592416 0.267477838407041 | -4.558939888986297E-9 -2.3239999936865505 1.944228299902887E-9
0.39784489087084185 0.5899972327681543 0.33802486495695294 | -8.959623765211794E-9 -2.323999987825772 -1.8934799078379283E-9
0.3972206094850512 0.5917561581107408 0.3972206094849316 | -4.683177493218036E-9 -2.3239999886547764 -4.6848481449092954E-9
0.3967086358574744 0.5926290662955629 0.44963875474497 | -7.18237456205905E-9 -2.323999999264087 -8.461468203955865E-9
0.3967086423908802 0.5926291297648036 0.5003611828820235 | -1.988598445577976E-9 -2.323999999495003 -3.0853822367171005E-9
0.3972206323549829 0.591756348101478 0.5527793594608985 | -9.392264369001063E-10 -2.3240000006035637 -5.209947861473871E-10
0.3978449101176881 0.5899974569437948 0.6119751713601979 | 1.4969892406231085E-10 -2.3239999993147378 -5.424180700241454E-10
0.398526011975772 0.5873995236734427 0.6825221978610141 | -8.696065116907387E-13 -2.324000000036593 2.7171887362357966E-11
0.44980036328191403 0.5879175176844115 0.2667855045031877 | -5.309383159199154E-9 -2.3239999991254088 2.5208759268613165E-9
0.4496940877056833 0.5907201994807489 0.33730198742604844 | -1.01171897230868E-8 -2.3240000009111554 7.876999275656438E-10
0.4496387547452132 0.5926290662946331 0.39670863585753996 | -8.459995949754075E-9 -2.323999999264863 -7.180821830697962E-9
0.44952241177756735 0.5936542086625942 0.44952241177714825 | -5.4285018946169255E-9 -2.323999998700861 -5.429407829474889E-9
0.44952242374041906 0.593654248342053 0.5004775563629617 | -1.9748464580664054E-9 -2.323999997757765 -2.1324962665775207E-9
0.44963879449727634 0.5926291738339501 0.5532913567812295 | -1.1226432137711236E-9 -2.323999998809765 -1.789019614687067E-9
0.4496941337750522 0.5907203142689416 0.6126980290686567 | 3.340572686734739E-11 -2.323999999823789 -1.3021965746435324E-10
0.4498003935592438 0.5879175910752172 0.6832145102101089 | 3.3308034228711743E-13 -2.3240000000175707 1.2967481715594342E-11
0.500199591847838 0.5879175652633136 0.266785491945986 | -1.941282803088325E-9 -2.323999997519772 -7.769492181272371E-10
0.5003058421305893 0.5907202683317857 0.3373019796122846 | -3.319330564060488E-9 -2.323999996536252 -1.208384931266319E-9
0.5003611828815123 0.5926291297640291 0.3967086423909209 | -3.085490549161494E-9 -2.3239999994942844 -1.9879092973420865E-9
0.5004775563627544 0.5936542483418379 0.44952242374027684 | -2.132616723220564E-9 -2.323999997757818 -1.974816883458822E-9
0.5004775649086977 0.5936542694915499 0.5004775649087886 | -2.433290125666109E-9 -2.3239999982241524 -2.433238628779401E-9
0.5003612077505927 0.592629178576709 0.5532913618355981 | -5.535974414762906E-10 -2.32399999916046 -8.673877485849086E-10
0.5003058678670289 0.5907203123738393 0.6126980279658573 | 1.903047885659111E-11 -2.32399999999483 1.601661816985116E-11
0.5001996065598566 0.5879175904344314 0.6832145096917207 | 1.0419351777928671E-13 -2.3240000000040486 3.0154352946824226E-12
0.5514739835021638 0.5873995215312728 0.2674778006608183 | 3.233961677175333E-10 -2.3240000005319312 2.678557714421372E-10
0.5521550833946267 0.5899974499699252 0.3380248338165959 | 9.027403301426188E-10 -2.3240000012508197 -1.0065327327044452E-10
0.5527793594609555 0.5917563481015511 0.3972206323549734 | -5.210421061916047E-10 -2.3240000006035717 -9.38975483687755E-10
0.5532913567813333 0.5926291738340697 0.4496387944972853 | -1.7889936164257729E-9 -2.3239999988097755 -1.122624735446702E-9
0.5532913618356397 0.5926291785767587 0.5003612077506334 | -8.673743811299808E-10 -2.323999999160466 -5.536052173711829E-10
0.5527793719075226 0.5917563571951957 0.5527793719075246 | -4.9734983240408846E-11 -2.3239999998791347 -4.973976329381227E-11
0.5521550908345436 0.5899974501235695 0.6119751672481885 | 6.144097859017692E-12 -2.3240000000002046 4.565656337679313E-12
0.5514739881410103 0.5873995221230076 0.6825221965416404 | -3.378205977755022E-13 -2.3239999999997867 -2.0265851552031696E-13
0.6079572049726514 0.585979486950781 0.26979725499587714 | -5.865215296965787E-10 -2.3239999991874014 2.3455595160651237E-11
0.6104181817130189 0.5884404663374629 0.3395818248279033 | -6.273997751172253E-10 -2.3239999992282474 6.460041033872164E-11
0.6119751713601937 0.5899974569437926 0.39784491011768747 | -5.424130750987503E-10 -2.3239999993147435 1.4969699119358866E-10
0.6126980290686564 0.590720314268943 0.449694133775052 | -1.3021488911238653E-10 -2.323999999823793 3.340213689719608E-11
0.6126980279658594 0.5907203123738421 0.5003058678670295 | 1.601859278654604E-11 -2.323999999994832 1.9028337215479045E-11
0.6119751672481893 0.5899974501235704 0.5521550908345445 | 4.56532647965802E-12 -2.3240000000002046 6.144711189356664E-12
0.6104181750822169 0.5884404562281536 0.6104181750822169 | 3.1252027886630476E-13 -2.324000000000391 3.1249710713941583E-13
0.6079572021330567 0.5859794823053427 0.6802027445484601 | -5.6171329248292515E-14 -2.323999999999924 -3.382203856880865E-14
0.6766942106914866 0.5842334451671908 0.27330579028034757 | 2.9083515191042107E-11 -2.3240000000376444 -2.0891113160399797E-12
0.6802027466250875 0.5859794843311075 0.342042797972273 | 3.065502069477537E-11 -2.3240000000412184 -2.4172260736139518E-12
0.6825221978610153 0.5873995236734437 0.398526011975772 | 2.7172284340423343E-11 -2.3240000000365932 -8.696929436585902E-13
0.6832145102101098 0.5879175910752179 0.4498003935592438 | 1.2967635669388375E-11 -2.324000000017571 3.3297257506952267E-13
0.6832145096917208 0.5879175904344314 0.5001996065598565 | 3.015470431313319E-12 -2.324000000004049 1.0415076230561603E-13
0.6825221965416404 0.5873995221230076 0.5514739881410105 | -2.0265148073111223E-13 -2.3239999999997867 -3.378200452541001E-13
0.6802027445484601 0.5859794823053427 0.6079572021330567 | -3.382207538738254E-14 -2.323999999999924 -5.6171469812760156E-14
0.6766942097575984 0.5842334442883934 0.6766942097575984 | 8.85221725826657E-16 -2.3239999999999967 8.852242735669523E-16
0.27110901893245243 0.5292433036863565 0.2711090189324458 | -3.6094403445954455E-6 -2.323995032276897 -3.6094404470415126E-6
0.2674734838399756 0.5295062392866746 0.340624972172521 | -3.7508712021291127E-6 -2.323997501848809 -4.650840705804374E-7
0.2651183980857334 0.529855883974618 0.3981734839754117 | -1.6046745311735949E-6 -2.3239987070802974 -1.3357478124351157E-7
0.26433679764331713 0.5301867280789069 0.4497864133439717 | 5.01018384201936E-7 -2.3240016737395313 -3.118948396651778E-6
0.2643371467774333 0.530186432704003 0.5002168878023625 | -8.542453368444116E-8 -2.3239969331835626 -6.899596071781252E-7
0.2651208577883251 0.5298542118840975 0.551831877974868 | -1.1869220437843046E-8 -2.3240002829978756 5.119064233816215E-7
0.2674778016728332 0.5294963304666755 0.6093773060304055 | 1.7480801338455395E-9 -2.3239999723354545 -1.7492314325578047E-8
0.2711126312910734 0.5292340231952687 0.678887375439308 | -2.0906731616953256E-11 -2.3240000005343644 3.1004868878509164E-10
0.3406249721719064 0.5295062392900459 0.267473483836682 | -4.650851881146035E-7 -2.323997501848628 -3.7508737831641565E-6
0.33802537468454474 0.5301838485770701 0.3380253746903251 | 7.497955136369866E-7 -2.323995797469308 7.498686923631846E-7
0.3362657690839409 0.5308034585957782 0.3972258531545613 | 7.18425386561179E-7 -2.3239973181739186 3.57658617339276E-6
0.3353928178995328 0.5313157535211697 0.4496417130715839 | 4.78983220406989E-7 -2.324007870514031 -7.190212366569043E-7
0.3353928125744966 0.531315790993104 0.5003627503699873 | 4.5471835599134624E-7 -2.3239957912010514 -1.5901862838499653E-6
0.33626576213305387 0.5308025509970319 0.5527801552720815 | -3.359002547720457E-8 -2.324000439998301 5.80785008933059E-7
0.3380248112690035 0.5301775156449906 0.611975319878261 | 1.912485965807109E-9 -2.323999964972313 -2.583679795380278E-8
0.3406227590057235 0.5294962763020474 0.682522213422004 | -1.7318020095085073E-11 -2.3240000007097588 3.932512092905099E-10
0.39817348397579677 0.5298558839753427 0.26511839807988713 | -1.3351478064526749E-7 -2.3239987070762083 -1.604671671290893E-6
0.39722585315980496 0.5308034586123787 0.3362657691105572 | 3.5767185122430834E-6 -2.323997318113867 7.191259492083131E-7
0.39650999406131515 0.531516117735333 0.3965099940500992 | 2.89178421256359E-6 -2.3239991385379355 2.891074035979238E-6
0.395887873457396 0.5321376326455586 0.44959749761151924 | -9.775223007649306E-7 -2.3240056381548877 -3.322706666606445E-8
0.3958869034924533 0.532137430107078 0.5004063735099604 | 1.3810523416209777E-6 -2.323997596680701 -1.5827993608015125E-6
0.39650663692628757 0.531516533468472 0.5534941336327175 | -4.435029088120164E-8 -2.3240004629865685 5.776097394684993E-7
0.3972206023241228 0.530801804500935 0.6137342280386618 | -3.4931532414055696E-10 -2.3239999649508727 -2.6295818579946986E-8
0.3981685277317684 0.5298537620710587 0.6848791436088668 | 2.8941722245843084E-11 -2.3240000006933803 3.795801400008925E-10
0.44978641334568603 0.5301867280784837 0.2643367976463476 | -3.1188495466567517E-6 -2.324001673750469 5.010026107383516E-7
0.4496417130619495 0.5313157535297169 0.3353928178762179 | -7.184286476664117E-7 -2.3240078704597553 4.787479877839764E-7
0.4495974975599283 0.532137632580464 0.3958878734442761 | -3.403805626072669E-8 -2.324005638252505 -9.778774229565596E-7
0.4494658170622051 0.5328521775071764 0.44946581711498784 | -6.712248642200448E-7 -2.3239980289051703 -6.711662805188082E-7
0.4494651273739214 0.5328517060324803 0.5005365902549119 | 7.443503670953132E-7 -2.323999995490427 4.6637511222310004E-7
0.4495950554543309 0.5321365173433001 0.554114119804208 | 3.251213990519176E-8 -2.3240002321041473 2.3008566691570502E-7
0.4496388064618747 0.5313137933127827 0.6146070465692796 | -1.3951836317533857E-9 -2.3239999816651156 -1.391916104504175E-8
0.44978399197074237 0.5301851236301429 0.6856625612428225 | 2.3568943958396373E-11 -2.3240000004556096 2.5099475457894663E-10
0.5002168878028808 0.5301864327048448 0.26433714677695636 | -6.899592227835285E-7 -2.323996933183859 -8.542557312071096E-8
0.500362750376528 0.5313157909980212 0.3353928125554954 | -1.5900687673684974E-6 -2.323995791343389 4.547474783996682E-7
0.5004063735616119 0.532137430146529 0.3958869034882872 | -1.5825440330123381E-6 -2.3239975967281987 1.3806839439756757E-6
0.5005365902807988 0.5328517060581545 0.4494651274022656 | 4.6643640002563704E-7 -2.323999995465302 7.443125726657065E-7
0.5005363029750232 0.5328512950300315 0.5005363029757028 | 3.7648776232941883E-7 -2.324000265252576 3.764959379517945E-7
0.5004054782220577 0.5321362343349452 0.5541138462492261 | 1.3716285220935468E-8 -2.3240000501768265 3.48121018096028E-8
0.5003612471695651 0.5313137525394419 0.6146070037889455 | -8.052517324563797E-10 -2.3239999945684398 -3.882821510710767E-9
0.5002160077040683 0.5301851207353098 0.6856625553439479 | 1.3539650687286414E-11 -2.324000000168917 9.235084119602463E-11
0.5518318779749595 0.5298542118841798 0.2651208577882409 | 5.119062006722916E-7 -2.3240002829977797 -1.1869228818197132E-8
0.5527801552731347 0.5308025509982376 0.33626576213288706 | 5.807839748586212E-7 -2.32400043999926 -3.3591411286249744E-8
0.553494133632436 0.5315165334688956 0.396506636926494 | 5.776005761255459E-7 -2.3240004629820428 -4.434743579946374E-8
0.5541141198047472 0.5321365173443243 0.44959505545421874 | 2.3007602886686132E-7 -2.3240002320990496 3.251898724105115E-8
0.5541138462499302 0.5321362343356836 0.5004054782227093 | 3.4807672797137424E-8 -2.3240000501754494 1.372034892021763E-8
0.553493487150499 0.5315158322004351 0.553493487150387 | -9.938108841359528E-10 -2.3239999990667335 -9.92990116227404E-10
0.5527794011768355 0.5308017008090788 0.6137341197260572 | -7.18242159814728E-11 -2.3239999996313645 -2.2239524076304676E-10
0.5518314728175846 0.5298537552241718 0.6848791292468351 | 1.843277422365062E-12 -2.3240000000247387 1.1935222981856053E-11
0.609377306030405 0.5294963304666758 0.26747780167283214 | -1.7492314862669238E-8 -2.323999972335454 1.7480804727597213E-9
0.6119753198783786 0.530177515645106 0.33802481126896006 | -2.5837100595597173E-8 -2.3239999649719567 1.912492489285414E-9
0.6137342280389053 0.5308018045012097 0.3972206023241678 | -2.6297673584036132E-8 -2.3239999649483964 -3.4881593678912293E-10
0.6146070465692859 0.5313137933128154 0.4496388064619344 | -1.391999970242943E-8 -2.3239999816641794 -1.394617774022634E-9
0.6146070037888272 0.5313137525393467 0.5003612471695754 | -3.8830823101896E-9 -2.323999994568238 -8.050214997908813E-10
0.613734119725999 0.5308017008090291 0.5527794011767885 | -2.2242814928750623E-10 -2.323999999631352 -7.179210385010575E-11
0.6119751754649796 0.530177380194265 0.6119751754649805 | 5.170195386635141E-12 -2.3239999999563232 5.170286843136907E-12
0.6093772417295841 0.5294962685381701 0.6825221971912322 | -6.627251374878919E-13 -2.3239999999998044 -3.9092820348772046E-14
0.6788873754393083 0.5292340231952689 0.27111263129107316 | 3.100486802866728E-10 -2.3240000005343644 -2.090669998297819E-11
0.6825222134220089 0.5294962763020497 0.3406227590057234 | 3.9325149167695637E-10 -2.3240000007097605 -1.73175258921658E-11
0.6848791436088708 0.5298537620710603 0.3981685277317684 | 3.7958176042426934E-10 -2.3240000006933843 2.8940452276575038E-11
0.6856625612428286 0.530185123630146 0.4497839919707427 | 2.509960704426292E-10 -2.324000000455613 2.3566722910910678E-11
0.6856625553439523 0.5301851207353121 0.5002160077040687 | 9.235128591580452E-11 -2.324000000168918 1.3538669199190906E-11
0.6848791292468358 0.5298537552241722 0.5518314728175847 | 1.1935280660547888E-11 -2.324000000024739 1.8430730758944624E-12
0.682522197191232 0.5294962685381701 0.609377241729584 | -3.9084178720286875E-14 -2.3239999999998044 -6.627252268759586E-13
0.6788873688387396 0.5292340200322017 0.6788873688387396 | -9.680284175845578E-15 -2.323999999999977 -9.680248135525941E-15
0.2706104122416841 0.47953818564070877 0.2706104122350622 | -8.50549909451482E-4 -2.3195688156476653 -8.505496354515296E-4
0.26676329694254686 0.47953281602341574 0.34009627525538133 | 7.29388684912002E-5 -2.32064784465546 3.73789715601061E-5
0.26428911397090527 0.4789774578019832 0.3979621211571594 | 4.33952017372337E-5 -2.323163186401356 0.0024339223162508136
0.26348371361428186 0.4785161487809779 0.4498972490040564 | 5.808815473481116E-6 -2.3242173897720226 0.0026752713443258243
0.2634944995212661 0.4783323574732902 0.5003032439679701 | 1.0453810835466657E-5 -2.3238181428073337 -5.003595611453258E-5
0.2643371970398105 0.4782407222764424 0.5521661374166678 | -2.51534819537313E-7 -2.3240044568569793 5.90326193162802E-6
0.26678546068501124 0.47822198295275287 0.6098954995474796 | 2.268258823718335E-9 -2.3239998300621587 -9.639292408156506E-8
0.2706125875787935 0.478173328196088 0.6793874010295214 | 4.356440903957269E-11 -2.3240000011189745 -3.694900240169783E-10
0.3400962752657829 0.47953281596755354 0.2667632968746619 | 3.737907707140698E-5 -2.3206478451873553 7.293872170018053E-5
0.3372746246825545 0.4797377783816984 0.33727462300742883 | -1.5093887201310353E-4 -2.3178621670419095 -1.5093771844441097E-4
0.33535398582791953 0.47919281605562697 0.39682511537682724 | -0.0011123060203898718 -2.3227117528555232 0.002137431557593745
0.33434414287153796 0.478777992054454 0.44973308854850924 | -3.525246916649328E-4 -2.32417090275992 0.0036789475417290077
0.3343550548131837 0.4785512052359088 0.5005203887214983 | 7.090254424127308E-6 -2.323777887794345 -8.382971753675679E-5
0.335392144147246 0.4783880025235394 0.553297017383431 | -3.979863799078425E-7 -2.3240074152271912 7.150459268698209E-6
0.33730190395109666 0.4783283605673388 0.6126984579408278 | 3.6590420779187536E-10 -2.323999759151279 -1.5199806274942865E-7
0.340104682954234 0.4782218636931936 0.6832145040730537 | 2.538964351884312E-10 -2.324000001426495 -5.995618834173073E-10
0.3979621212098601 0.4789774573053912 0.2642891145073397 | 0.002433920180893736 -2.3231631922385096 4.3416288453166456E-5
0.39682511314101415 0.4791928166703861 0.33535397975081316 | 0.0021371805243586162 -2.3227116760356386 -0.0011125198508047326
0.3959344595659649 0.47913212485772816 0.3959344673961357 | 4.7455748481189095E-4 -2.321865208187292 4.7476077908208754E-4
0.3951858662269451 0.47877357980752633 0.4496367054674159 | -6.330658662397717E-4 -2.324440916814404 0.002798195849890955
0.3951832190297637 0.47861054476856857 0.5005799105300727 | 2.2967515749023993E-6 -2.3237796533701136 -1.0154386761979429E-4
0.3958865042116412 0.47843225894853386 0.5541193246058503 | 2.2923913140361854E-7 -2.3240080566290584 7.500477512908124E-6
0.3967085612065946 0.47838374666110256 0.61460739412326 | -9.298035906888111E-9 -2.323999743129584 -1.5363350559956702E-7
0.3978371625025762 0.4782382626933691 0.6856625412275063 | 1.9704412547230976E-10 -2.324000001035702 -1.1276649821213405E-9
0.449897248988551 0.4785161489133979 0.26348371339460436 | 0.0026752709052411923 -2.324217389787274 5.809549424714126E-6
0.4497330864093639 0.4787779915176208 0.3343441421501672 | 0.003678822302890769 -2.3241708354780775 -3.5258423941958976E-4
0.4496367123595895 0.47877359624736715 0.3951858692044206 | 0.0027981927494001822 -2.324440680260719 -6.327797139056628E-4
0.44935624816376607 0.4787931625613053 0.4493562492550188 | 2.134881253961496E-4 -2.3241867994165766 2.1354673426836291E-4
0.4493258687632123 0.47875355084752313 0.5007257117592867 | -1.525940346193186E-5 -2.323904368320796 -6.663611493220594E-5
0.44946615608449103 0.47856240272076195 0.5548332320970615 | 5.818339767224057E-7 -2.3240050648120145 3.7824988924435424E-6
0.44952246057842327 0.4785001542301573 0.6156325333625593 | -9.144233576276682E-9 -2.3239998214500854 -1.1124854816625327E-7
0.44972725339034103 0.47829501459610413 0.6865028820664151 | -1.4125538667085692E-10 -2.3240000009837543 -5.990998393329284E-10
0.500303243967381 0.4783323574727809 0.2634944995138431 | -5.003590498596452E-5 -2.3238181429165343 1.045386786806005E-5
0.5005203888091899 0.4785512054214219 0.33435505481382055 | -8.38319418928427E-5 -2.3237778862432963 7.091932585449252E-6
0.5005799106561786 0.4786105448589203 0.39518321893134295 | -1.0154435286090662E-4 -2.3237796556628534 2.295857875151368E-6
0.5007257119231401 0.4787535509409463 0.4493258689450032 | -6.663160512499572E-5 -2.323904370332201 -1.5263884705757333E-5
0.5007085988429734 0.4787333193345411 0.5007085987803839 | -6.837521255340255E-6 -2.323984417797576 -6.839853419585414E-6
0.5005377314688423 0.47856074175738406 0.5548310861433348 | 2.959299730917668E-7 -2.3240014762499515 9.377292614856176E-7
0.5004776989456834 0.47850008824434076 0.6156324213871727 | -7.1125161486677E-9 -2.323999927251129 -4.2890666927720786E-8
0.5002727545458885 0.4782950278636077 0.6865028933264873 | -1.2583941731239783E-10 -2.3240000007872554 1.2766088116120454E-10
0.5521661374175013 0.4782407222772268 0.2643371970394649 | 5.9032637174242825E-6 -2.3240044568575287 -2.5153406403942324E-7
0.5532970173653408 0.4783880025021838 0.335392144149494 | 7.150736058496875E-6 -2.324007415409347 -3.9800792168802716E-7
0.5541193246476886 0.4784322589266285 0.39588650421164306 | 7.502986595612447E-6 -2.3240080585335283 2.286328392613107E-7
0.5548332320596187 0.4785624026610997 0.44946615609717794 | 3.783656611586048E-6 -2.3240050655749283 5.811563736846065E-7
0.5548310861076137 0.4785607417190581 0.5005377314343423 | 9.380248219065454E-7 -2.324001476359124 2.956874666865394E-7
0.554114400439492 0.47842838297287127 0.5541144004398124 | 2.7891370804544372E-8 -2.324000076392474 2.7872194961009127E-8
0.5532914746950515 0.4783835976433356 0.6146070939200262 | -1.4665704133582261E-9 -2.3239999886398333 -6.1245935339561245E-9
0.5521628389776333 0.47823829029927073 0.6856625611108528 | -8.17967852828649E-12 -2.3240000002596504 4.803866426790974E-11
0.6098954995475521 0.4782219829527836 0.26678546068496956 | -9.639287303681148E-8 -2.3239998300621436 2.2681642943506532E-9
0.6126984579425493 0.4783283605684631 0.3373019039506082 | -1.5199826051531203E-7 -2.3239997591502464 3.646233342210918E-10
0.6146073941253755 0.4783837466626801 0.3967085612063779 | -1.5363580293001916E-7 -2.323999743122993 -9.29467488413786E-9
0.615632533364807 0.4785001542317872 0.44952246057881223 | -1.1125264120589586E-7 -2.323999821443481 -9.137805791989065E-9
0.6156324213883715 0.47850008824532275 0.500477698946257 | -4.289288233726933E-8 -2.3239999272490848 -7.1098624369666516E-9
0.6146070939201145 0.47838359764351507 0.5532914746951303 | -6.125053183645654E-9 -2.323999988639648 -1.4660887079314875E-9
0.6126980633075378 0.4783281639865879 0.6126980633075391 | 1.721100634476411E-11 -2.3240000001170613 1.7226146988927474E-11
0.6098953113727481 0.4782218870986067 0.6832145139010251 | -2.1089430662495563E-12 -2.3240000000144914 9.750540576206729E-13
0.6793874010295252 0.47817332819608926 0.27061258757879214 | -3.6949014105478426E-10 -2.3240000011189745 4.356462435987392E-11
0.6832145040730515 0.47822186369318875 0.34010468295423324 | -5.995575371729146E-10 -2.324000001426501 2.5389808587604726E-10
0.685662541227498 0.4782382626933606 0.397837162502575 | -1.1276624869932497E-9 -2.3240000010357162 1.970414119930187E-10
0.6865028820664131 0.4782950145960975 0.44972725339034053 | -5.990955113233566E-10 -2.3240000009837654 -1.4126166307916894E-10
0.6865028933264933 0.4782950278636063 0.50027275454589 | 1.2766437303024024E-10 -2.324000000787261 -1.2584519302652507E-10
0.6856625611108573 0.4782382902992708 0.5521628389776352 | 4.803920669364964E-11 -2.3240000002596513 -8.181296751192017E-12
0.6832145139010256 0.4782218870986066 0.6098953113727485 | 9.75135023257514E-13 -2.3240000000144914 -2.109083313397944E-12
0.6793874079444078 0.4781733406979536 0.6793874079444078 | -1.0561804333663077E-13 -2.3239999999997183 -1.0561876802981536E-13
0.2693837809039976 0.43229135474497227 0.2693837808300419 | -0.022653895881600605 -2.245750382882559 -0.022653898789346903
0.26544567028609567 0.43249209136144245 0.34044835520465233 | -0.0279688450674414 -2.2462412914290453 0.010957436244499597
0.26351652226858324 0.43102889970666924 0.4005139171354698 | -0.016959956408457252 -2.3127844168965854 0.07111508639479791
0.2633365383242833 0.42883388961925956 0.4516720131409433 | -0.0030605990851186923 -2.3308387788003597 0.03513091427827343
0.26347923889576674 0.4278734702030838 0.5003506885184367 | -1.3852238242646022E-5 -2.3233273194716912 -1.9141340389597532E-4
0.26433642400001406 0.4278056289223438 0.552167783543353 | 5.665174734329913E-7 -2.324018460978766 1.0662153578680882E-5
0.266785302248593 0.42782214788831385 0.609894909279168 | -3.622019807968349E-8 -2.323999849307577 1.6829487430831926E-7
0.27061259924175574 0.42787122745271244 0.6793873987599739 | 1.588946717512761E-10 -2.3240000007034833 -6.579889284238998E-12
0.3404483555079954 0.43249209130545263 0.26544567084588105 | 0.010957441730886294 -2.2462412985592706 -0.02796882526243533
0.3375341508506418 0.4323130359710228 0.33753414815890487 | 0.008823209215956297 -2.254438719184446 0.00882286419846799
0.3350883806074881 0.43100508778828767 0.3992525153512055 | -0.010372301079844964 -2.3179774508759214 0.06492330394345476
0.3342437786253474 0.42865476320458806 0.4517109575842997 | -0.003459831867519094 -2.3331811793543347 0.045926546343412714
0.33433945613157573 0.4277034976367651 0.5005838128120038 | -6.829939771790128E-6 -2.323229264201418 -3.737170367139909E-4
0.3353933806903949 0.4276604902691375 0.5532977196372116 | 6.944426584376186E-7 -2.324028232934222 1.3798901883097815E-5
0.3373019009347831 0.4277154710182438 0.6126973953841743 | -8.11280608250853E-8 -2.3239997734424476 3.169423776134139E-7
0.3401047004940854 0.4278226811532114 0.6832144807305685 | 5.6240504093014855E-11 -2.324000000545715 -1.578377933030895E-10
0.40051391986946466 0.43102888754323837 0.2635165418486103 | 0.0711154795916539 -2.3127843777771875 -0.01696002461423989
0.3992525248847155 0.431005118709269 0.3350883411530166 | 0.06492590647807608 -2.317975638136945 -0.010373626133479167
0.3973433406714163 0.4303566891268 0.39734324799121834 | 0.022943466315710558 -2.3262469715012424 0.02293816187373288
0.395517276977149 0.42857486858846877 0.4516469869498392 | 0.004621579073554321 -2.3346753116659227 0.04062562470590878
0.3952225242217816 0.42764654338018077 0.5006219640316251 | 3.03299259913397E-5 -2.3230410613029626 -4.5800960518146484E-4
0.3958860326511466 0.4276164717952769 0.5541192311777285 | 9.739385684292228E-7 -2.3240302281159178 1.8157849915040303E-5
0.39670867720263536 0.4276600521748104 0.614606280164744 | -1.632655605494638E-8 -2.323999852200487 4.690878008642589E-7
0.39783716219696147 0.427806279323425 0.6856625133083059 | -1.1473397821600035E-10 -2.3240000001363557 3.8663003688050567E-10
0.45167201329207024 0.42883388590723776 0.26333654528046224 | 0.035131035023318546 -2.3308385909242313 -0.0030606144665046224
0.4517109736492069 0.4286547524196655 0.33424374493540454 | 0.04592703247734917 -2.333182838532077 -0.003460717639679797
0.45164697055456604 0.4285748761029081 0.39551729370720656 | 0.04061907334384511 -2.33467748526698 0.004620361806067845
0.45005679394448694 0.4276460113156459 0.4500567896368826 | 0.00757411431019254 -2.3416768581537344 0.007575563021858794
0.4493786433148597 0.42742375879475647 0.5007688417525482 | -3.553605956153813E-5 -2.3235171728896318 -5.033085343042968E-4
0.4494657901317451 0.4274890163973496 0.5548361061155012 | 1.2622513135898003E-6 -2.324023819529898 1.3460279885591591E-5
0.44952231175909785 0.42754417730332767 0.6156319256223265 | 7.333647205349556E-8 -2.323999989247243 2.3385123557541574E-7
0.4497272402011858 0.4277495286599982 0.6865028469692699 | -1.9361128426837462E-10 -2.3240000004949137 8.999122075763509E-11
0.5003506886859713 0.4278734703492593 0.263479238430242 | -1.9141330785937862E-4 -2.323327318506467 -1.3852984246233078E-5
0.5005838065745881 0.42770348979172673 0.3343394552010258 | -3.737492545684056E-4 -2.323229291389859 -6.854358118664208E-6
0.5006219498561338 0.427646551230534 0.39522252624648074 | -4.5833818522052466E-4 -2.3230397528935263 3.063753701736791E-5
0.5007688293655937 0.4274237547967735 0.449378635121734 | -5.037720717645231E-4 -2.323516902366779 -3.510137938739049E-5
0.5007364137874296 0.42736249151937833 0.5007364148681922 | -5.708581269456089E-5 -2.3238636944936704 -5.700786923386734E-5
0.5005392416920096 0.4274899155725272 0.5548346743477923 | 8.711896805842939E-7 -2.3240084109224726 5.317014861900915E-6
0.5004776332837779 0.42754465724788665 0.6156323861626304 | 5.495945915542598E-8 -2.323999788367052 9.3236353312945E-8
0.5002727419764335 0.427749528281017 0.6865028711062178 | -9.524736725488146E-11 -2.3240000014887636 6.649199401152677E-10
0.5521677835396841 0.42780562891844826 0.26433642400092944 | 1.0661980990393491E-5 -2.324018460947667 5.665750380938674E-7
0.5532977198180349 0.4276604904748826 0.3353933807112319 | 1.379641110675851E-5 -2.3240282331313953 6.950531513545982E-7
0.5541192315852791 0.4276164720767355 0.3958860326069169 | 1.8154719196148686E-5 -2.3240302319568706 9.718077426308097E-7
0.5548361064116183 0.42748901662670175 0.44946579024689925 | 1.3464324396517468E-5 -2.3240238230579333 1.2569412376313548E-6
0.5548346744004812 0.42748991566507405 0.5005392417211459 | 5.318853237296822E-6 -2.32400841169469 8.695545478333573E-7
0.5541157904010116 0.42761836227700223 0.5541157903982885 | 3.107841399759158E-7 -2.3240008875054685 3.1058421850069856E-7
0.5532915350547347 0.4276611440305087 0.6146072279425814 | -2.5067944083972046E-10 -2.3239999465207832 -1.830161662865531E-8
0.5521628362088304 0.4278062738867442 0.6856625619895742 | 1.0228163822843072E-10 -2.3240000008107797 1.7301327669602178E-10
0.6098949092797222 0.42782214788855716 0.2667853022484311 | 1.6829582767205184E-7 -2.323999849308371 -3.6220046257834524E-8
0.6126973953836348 0.4277154710152035 0.33730190093375667 | 3.1693908127586146E-7 -2.32399977343753 -8.11290916026264E-8
0.6146062801642839 0.42766005217261904 0.39670867720292025 | 4.690943074551739E-7 -2.3239998521909953 -1.6326010549025438E-8
0.6156319256219775 0.42754417730074884 0.4495223117593802 | 2.3385492113421523E-7 -2.3239999892398173 7.33409289932926E-8
0.615632386163592 0.42754465724706564 0.50047763328436 | 9.323158040730873E-8 -2.32399978835788 5.496895691368678E-8
0.6146072279429549 0.42766114403046185 0.553291535055069 | -1.8303609488757086E-8 -2.3239999465199666 -2.484594422420035E-10
0.6126981014596544 0.4277164192496647 0.6126981014596568 | -2.3622221423274405E-10 -2.323999998430165 -2.3610492963413086E-10
0.6098953129609146 0.4278226741305653 0.6832145183466575 | -1.0055442961063807E-11 -2.3240000000892946 7.825670008841441E-12
0.6793873987599788 0.4278712274527145 0.27061259924175574 | -6.5801819620320366E-12 -2.3240000007034816 1.588954172729727E-10
0.6832144807305105 0.42782268115317945 0.3401047004940891 | -1.5783846931530707E-10 -2.3240000005457238 5.6242603740832716E-11
0.6856625133082672 0.4278062793234151 0.39783716219696263 | 3.8662882147664494E-10 -2.324000000136381 -1.1474029491485655E-10
0.6865028469692525 0.4277495286599964 0.4497272402011816 | 8.998922284877673E-11 -2.3240000004949244 -1.9361703669204501E-10
0.686502871106213 0.42774952828101653 0.5002727419764303 | 6.649211562134768E-10 -2.3240000014887756 -9.525527008648534E-11
0.6856625619895764 0.4278062738867444 0.5521628362088307 | 1.730154436209535E-10 -2.3240000008107837 1.0227670310806165E-10
0.6832145183466587 0.4278226741305653 0.6098953129609156 | 7.8260702690517E-12 -2.3240000000892946 -1.0056077791768698E-11
0.6793874085750425 0.4278712193617706 0.6793874085750425 | -2.440560000743815E-13 -2.3239999999996805 -2.440605205795591E-13
0.26745927411814324 0.4095477188092891 0.2674592740783317 | -0.09060914411181657 0.9249932654440441 -0.0906091423035102
0.2638107364242187 0.40986473376332067 0.3410023625011204 | -0.07832145395595082 0.9565001840242962 -0.01795502274100615
0.26285951591172335 0.37884518919064314 0.403016546702413 | -0.0024228954480551954 -2.247353395745218 -0.02131432254304706
0.26395846575021753 0.3752815264269312 0.454080205081279 | -4.866898729154195E-4 -2.3840131955600734 0.02174230230340308
0.2642541375323837 0.37594393503629886 0.500219203733097 | -4.5297114939408235E-5 -2.3236190583041374 -2.2014764283778614E-4
0.2651226501578982 0.37617587295195737 0.5518228900332385 | 4.005326601953244E-6 -2.324002606456104 -2.6259336140192737E-6
0.26747809556387064 0.3765487725808337 0.6093771295275361 | -1.1111191585225443E-8 -2.3240000396211613 3.553638762956384E-8
0.27111263356067544 0.3768105354550488 0.6788873633583359 | 8.48805849509992E-12 -2.3239999997145575 -3.886089819759858E-10
0.3410023653078456 0.4098647298377471 0.26381073992528076 | -0.017955106983865304 0.9564994886358689 -0.07832147396938825
0.33811536707177015 0.40883445880994806 0.33811537430891386 | -0.02001434211126003 1.0244794931848753 -0.020014755749045234
0.3356338706812376 0.3781238447603712 0.40206194241440246 | -0.005760565838717966 -2.2318394783731725 -0.013180795943705817
0.3351157905855758 0.37349412576097746 0.4545409753023368 | -0.0024950468273832373 -2.413157815375233 0.02473423129402662
0.33537361423826767 0.37481566814862094 0.5003645079911442 | -2.070337773604689E-5 -2.3238040575436165 -4.3662001766987693E-4
0.3362687328956901 0.37522416233527534 0.5527609000306786 | 2.959661888802233E-6 -2.323997607239487 -3.3712042527383923E-6
0.3380250318093148 0.3758676361237309 0.6119746982232911 | 2.984871791683419E-8 -2.3240001174233056 1.8525003660398165E-7
0.3406227609152866 0.37654828818680997 0.6825221868975984 | -2.61248751219055E-10 -2.323999998906147 -9.321770239623555E-10
0.4030165504774004 0.3788451968942718 0.26285954020143526 | -0.02131463576602461 -2.2473531416567902 -0.002422423203414668
0.40206037633798103 0.3781228714753863 0.335636539786027 | -0.01342311206804727 -2.2318038080505214 -0.005686967250775701
0.40051513955936574 0.375722783185288 0.40051666426754823 | 0.015138564291538571 -2.356475993590325 0.015578397266654095
0.3966555639757105 0.3729009977996467 0.45443327995198346 | 0.002824851547726019 -2.399763427133966 0.027947932317864476
0.39597402877603016 0.37399059425528863 0.5003398475119276 | 4.706733557253348E-5 -2.323184649411784 -0.0011500364874799571
0.3965038301709979 0.37450897564096314 0.553472289866501 | 2.003061377007406E-6 -2.323999042081955 -2.740517173972794E-6
0.3972203963005079 0.37524331933143273 0.6137335726150392 | 5.699809448199495E-8 -2.3240001735459117 1.580912143044884E-7
0.3981685316104423 0.3761908017763782 0.6848791081949376 | -1.0388692700519558E-10 -2.323999999258692 -9.108606646502293E-10
0.4540801942880546 0.3752815252835435 0.2639584976423936 | 0.021742227324157305 -2.384013233922974 -4.864609935038658E-4
0.45453970289271844 0.37349350091314154 0.33511704637310796 | 0.024695581131396006 -2.413118500902549 -0.002497695373960998
0.4544342729542346 0.37289739260545357 0.3966534925296308 | 0.02817969553595125 -2.3999226404210385 0.002680930176479262
0.4509323276672097 0.3722483540470393 0.45093112588633744 | 0.002981195825566993 -2.374531010740325 0.002877158803391747
0.44957061939784126 0.3732596315599039 0.5005842704882326 | -1.1287457063355518E-4 -2.3226518768330093 -0.0012525081178553102
0.44958873682611633 0.3739052324792757 0.554110588018066 | 6.884474814480591E-7 -2.3239832359100485 -3.7769852307030796E-5
0.44963833428910166 0.37473087833289215 0.6146063485996098 | -5.882860134122724E-8 -2.3240000763374185 -8.726230004361396E-8
0.4497839888153685 0.3758594358596334 0.6856625135704911 | 3.2768835231462116E-10 -2.323999999704495 -2.794739711951926E-10
0.5002191978396214 0.37594393528578296 0.2642541466275781 | -2.2013915283777973E-4 -2.3236191448892516 -4.531430682421047E-5
0.5003645369276192 0.37481567278381916 0.3353735797081879 | -4.353762370721993E-4 -2.3238038058098276 -2.0540515574990968E-5
0.5003398986259107 0.3739906412694188 0.39597403854314017 | -0.0011499819065748094 -2.323187174682456 4.732638380394517E-5
0.500584275737497 0.37325967545485406 0.4495706488332825 | -0.001252435673823927 -2.3226496227680196 -1.10384665493533E-4
0.5006095778430684 0.3732316524659676 0.5006095840502165 | -1.258246056659107E-4 -2.323403323807698 -1.2534907496088664E-4
0.5004076453569098 0.37391157101766365 0.5541212265489732 | -4.4134984233907076E-6 -2.324019081347596 6.01714924118145E-6
0.5003609898831541 0.37473082653177836 0.6146068624291509 | -6.966552438471092E-8 -2.3239998039069873 -1.7862908835276024E-7
0.5002159953371511 0.3758594357576702 0.6856625230557737 | 4.049059043140805E-10 -2.324000001464676 -7.00678901739503E-10
0.5518228901238007 0.3761758728414409 0.26512264986139966 | -2.6258993332730793E-6 -2.324002605272271 4.004682681785883E-6
0.5527608989683377 0.37522416251113305 0.33626873301933746 | -3.3705821571391734E-6 -2.32399760613641 2.9595381041542747E-6
0.5534722899415006 0.37450897538285244 0.3965038302315237 | -2.740397134084145E-6 -2.3239990375350605 2.000117125439206E-6
0.5541105877058298 0.373905232008929 0.44958873693477436 | -3.778020074891797E-5 -2.3239832458772156 6.950917259887153E-7
0.5541212265892026 0.3739115708605792 0.5004076453294283 | 6.020742481939319E-6 -2.3240190861260164 -4.41862720399149E-6
0.5534971379844765 0.3745296359168753 0.5534971379717262 | 5.726610613329968E-7 -2.3240037164092135 5.717998467365109E-7
0.5527794885484205 0.3752429043630312 0.6137344115685347 | 1.0035664910569325E-8 -2.3239998596195717 -4.6672805845679896E-8
0.5518314669914591 0.37619080483753253 0.6848791304000377 | -1.1229940488840513E-10 -2.3240000013182 1.501258046991183E-10
0.609377129528199 0.37654877258278824 0.26747809556709023 | 3.5539459755313185E-8 -2.3240000396223515 -1.111276267273817E-8
0.6119746982108838 0.37586763611333046 0.3380250318088236 | 1.8525438920968982E-7 -2.32400011742436 2.984373019524623E-8
0.6137335726092902 0.37524331932977306 0.3972203962996519 | 1.580943930802889E-7 -2.3240001735412625 5.7006141205846605E-8
0.6146063485982065 0.37473087833347724 0.449638334288494 | -8.726025842597321E-8 -2.3240000763372484 -5.882988211623792E-8
0.61460686242898 0.3747308265325492 0.5003609898823139 | -1.78634204438837E-7 -2.3239998038954264 -6.966752127188104E-8
0.6137344115687602 0.37524290436320545 0.5527794885486267 | -4.667612454867474E-8 -2.3239998596150566 1.004257440848362E-8
0.6119752899862909 0.3758671711488184 0.6119752899862997 | 1.0657695854412879E-9 -2.3239999894416523 1.0662945950931219E-9
0.6093772440275277 0.37654829303141313 0.6825222075803663 | -4.419229936478651E-11 -2.324000000279864 6.285685573011344E-11
0.6788873633583106 0.37681053545503634 0.27111263356068377 | -3.88610038269402E-10 -2.323999999714556 8.489201195485263E-12
0.6825221868975329 0.3765482881868038 0.3406227609152948 | -9.321769114183485E-10 -2.3239999989061477 -2.6124479637939246E-10
0.6848791081948696 0.3761908017763656 0.3981685316104331 | -9.108564033716826E-10 -2.3239999992586995 -1.0388913481171588E-10
0.6856625135704666 0.3758594358596297 0.4497839888153592 | -2.794758239684953E-10 -2.3239999997044944 3.2767771041296236E-10
0.6856625230557654 0.3758594357576679 0.5002159953371476 | -7.006863308891057E-10 -2.3240000014646833 4.049049898340191E-10
0.6848791304000346 0.376190804837532 0.5518314669914561 | 1.5012664210591501E-10 -2.3240000013182063 -1.1230604749903082E-10
0.6825222075803666 0.37654829303141313 0.6093772440275281 | 6.285779671310962E-11 -2.324000000279865 -4.4194018098229136E-11
0.6788873703854093 0.37681053990385704 0.6788873703854093 | 1.271200931545308E-14 -2.3240000000012158 1.2685278697024657E-14
0.266322456959089 0.4229320681034743 0.26632245690589906 | -0.10472356987731964 0.45572474105322053 -0.1047235686116722
0.263230552730873 0.42266147589253766 0.34101282915145675 | -0.06834795756394738 0.5327430645371065 -0.03357496264084376
0.26658661547096063 0.3482721979474568 0.40005503304808704 | -0.011782039778782482 -0.025644200342150224 0.013034774309453816
0.2665132179781086 0.3148795933028632 0.45219167230662427 | 0.0036676892332746336 -2.38108297337288 -0.029655020285775935
0.2666244527648869 0.317869482648824 0.5001004435221419 | -1.5966768510620498E-4 -2.32524581849997 6.15175359880933E-4
0.26748885513953696 0.3186522467346364 0.5514721383436947 | -1.0276206767793713E-6 -2.323964892083816 4.822464590805175E-6
0.26979731884218516 0.32006490237075297 0.6079573584980269 | -1.938894996376475E-8 -2.3240004539410406 8.37389366456124E-8
0.27330578440294134 0.32181112547786783 0.676694208224033 | 1.3155291679799743E-11 -2.323999996714868 5.321353298812806E-10
0.34101282961539897 0.4226614741101805 0.2632305539173309 | -0.033575072338439836 0.5327428541036558 -0.06834801589923666
0.3385788394651835 0.4271561442796783 0.33857883945521866 | -0.012349147637232478 0.6452804013773017 -0.01234962478551005
0.33811204316825555 0.3542513176161978 0.4000749148596865 | -0.005272197652778561 -0.012074205611595897 0.0073709451161266286
0.33706177104568513 0.3111231514376762 0.45223224326257444 | 0.003954464101925394 -2.40857794438554 -0.03728565607916042
0.33728522709337283 0.315020637650005 0.5001991075871408 | -2.7606927631796904E-4 -2.327254880938864 0.0015809344763433213
0.338029314758251 0.3160609951559468 0.5521389635113519 | -9.312142545355212E-6 -2.3239141607115763 1.0898784474143586E-5
0.33958201257350157 0.317603863886711 0.6104186077547514 | 8.432530388392414E-8 -2.3240011698826573 1.227824305983328E-7
0.3420427914608816 0.320065094684758 0.6802027511751734 | -9.696575548555218E-10 -2.323999991801633 8.042415267578361E-10
0.40005503296477796 0.3482721979377337 0.26658661345250506 | 0.013034846133180945 -0.025644329568537478 -0.01178204126424683
0.4000749148596865 0.3542513176161978 0.3381120431682556 | 0.007375940899889592 -0.012100283875463594 -0.005269120152740457
0.3999138498906554 0.3469381324553829 0.4000416875426013 | -0.005393507849503775 -0.01931076979846527 0.004159674424404841
0.3972849382313608 0.3097153053964284 0.4521446062005352 | -0.003896820537225407 -2.398156684876503 -0.032647228314355986
0.39683920243770776 0.31315945290946995 0.5002254419398424 | 1.8481928245702413E-4 -2.327167046084379 0.0021160854814023106
0.3972107948371001 0.31430260546620514 0.5527627342716942 | -8.610729094217726E-7 -2.323933556509825 2.909201120435237E-5
0.3978449997226342 0.31604681508893906 0.6119753947156317 | 9.364551350792246E-8 -2.3240009200688365 7.438107205816717E-9
0.39852602274815796 0.31864505546240207 0.6825221958605594 | -8.128669886400185E-10 -2.323999993656779 9.00833721661678E-10
0.45219168612630656 0.3148795864804714 0.2665132527203398 | -0.029655150776259024 -2.3810828503430512 0.0036682162531232057
0.45222918208576385 0.3111251078963425 0.33706474109089835 | -0.03728934934003258 -2.408461246380806 0.0039034384298253723
0.45214403581946555 0.30971778224495405 0.3972795071258524 | -0.03253673467933064 -2.3980282528666272 -0.004271126099874696
0.4505329891535998 0.31040615087701745 0.45052904950263817 | -0.005447533367134723 -2.3726525898641118 -0.005769416200348335
0.4497343594553657 0.3123970274777882 0.5006433238891065 | 6.272985950650752E-4 -2.3216966002536377 0.00151965615255004
0.44962465279078595 0.3134160318073792 0.5532828203724512 | -7.6128648523696574E-6 -2.3240031159528614 1.6055889336801E-5
0.44969391250882196 0.31532405817801457 0.6126974479748761 | 4.3419764575578156E-8 -2.3240001690674514 4.0121313056329706E-8
0.4498004068440097 0.31812698241561976 0.683214490480307 | -5.752034399050265E-10 -2.3239999981666637 6.668109559069387E-10
0.5001004178222919 0.31786947202049376 0.26662449325673243 | 6.154355830471369E-4 -2.3252468064873772 -1.5970654425291413E-4
0.5001991804437995 0.3150205997314977 0.3372851454663841 | 0.001580973204478305 -2.3272567770704446 -2.7649366755962016E-4
0.5002255435437919 0.31315935751575885 0.39683919835012693 | 0.002113043619844506 -2.3271750303396677 1.8427206055047677E-4
0.5006432918694596 0.31239699729661596 0.44973439417890987 | 0.0015185047301362392 -2.3216980583319597 6.299732324384611E-4
0.5006106071946164 0.3124112482663647 0.5006106296662164 | 1.6626634793462687E-4 -2.322926114820506 1.6782633964727104E-4
0.5003645954592805 0.3134114052403762 0.5532984862203121 | 9.904793878810702E-6 -2.32403810439822 1.4824539960753868E-5
0.5003053240624328 0.3153241174162421 0.6126974693620013 | -1.7451701410627528E-8 -2.3239996077751774 4.322161513537246E-7
0.5001996024201135 0.3181269726821765 0.6832144804423357 | -1.5050229600411543E-10 -2.3240000026373857 1.0810242163330066E-9
0.551472138873679 0.3186522468546058 0.2674888543481913 | 4.822800929264989E-6 -2.3239648879391948 -1.0269605613870795E-6
0.5521389621016903 0.31606099540506194 0.33802931495764915 | 1.0900562412778122E-5 -2.323914147196051 -9.303780462209255E-6
0.5527627333847751 0.3143026061004402 0.3972107952311682 | 2.9108276123660266E-5 -2.3239335359323587 -8.607023165354502E-7
0.5532828199309365 0.3134160322777904 0.4496246531041366 | 1.603610931423107E-5 -2.3240030818327893 -7.607801403849788E-6
0.5532984862573254 0.31341140532812284 0.5003645952559359 | 1.4827770138163197E-5 -2.3240381014779996 9.8950853043276E-6
0.552785853431738 0.3142873549208102 0.5527858533812762 | 3.701741312037997E-7 -2.324012415868485 3.669901042272204E-7
0.5521551068861732 0.31604704229182823 0.6119753829441635 | 6.12584588998162E-8 -2.323999650235039 7.112027633841255E-8
0.5514739746851199 0.318645035436972 0.6825221844122333 | 1.4928199161516656E-10 -2.324000003129942 1.9137077861451517E-10
0.6079573584938865 0.3200649023695358 0.26979731885319574 | 8.373369632133587E-8 -2.324000453952117 -1.9391930028647038E-8
0.6104186077333382 0.3176038638876317 0.339582012576263 | 1.2277022523657644E-7 -2.324001169916527 8.430066441676556E-8
0.6119753947002444 0.31604681508626337 0.3978449997134153 | 7.4222200698167494E-9 -2.3240009201263834 9.364370756901733E-8
0.6126974479729719 0.3153240581762619 0.44969391250404267 | 4.011394800532423E-8 -2.3240001691743744 4.344213990236132E-8
0.6126974693636323 0.31532411741529004 0.5003053240619448 | 4.322013484310442E-7 -2.3239996078025134 -1.7459166989888238E-8
0.6119753829445156 0.31604704229165814 0.5521551068867168 | 7.111281311642083E-8 -2.3239996502372433 6.126991871094276E-8
0.6104183961791809 0.3176041105116816 0.6104183961792196 | 2.487122633259836E-9 -2.3239999375256266 2.4894368008553567E-9
0.6079572007378036 0.32006507702476844 0.6802027528813172 | -2.9298338261671344E-11 -2.3240000010261572 2.0200918632286E-11
0.6766942082239823 0.32181112547786767 0.2733057844029463 | 5.321343250701055E-10 -2.323999996714858 1.3160791230336155E-11
0.6802027511751607 0.32006509468476113 0.3420427914608898 | 8.042433591775125E-10 -2.3239999918015948 -9.696293538340372E-10
0.6825221958604911 0.31864505546241007 0.39852602274815363 | 9.00825680037161E-10 -2.3239999936567006 -8.12867191961914E-10
0.6832144904802442 0.3181269824156236 0.4498004068439753 | 6.668320940836785E-10 -2.3239999981665704 -5.75215398028735E-10
0.6832144804423161 0.3181269726821787 0.5001996024201039 | 1.0810119049305945E-9 -2.324000002637347 -1.5050598314470115E-10
0.6825221844122326 0.3186450354369722 0.5514739746851185 | 1.9137063595283823E-10 -2.324000003129934 1.492703632414525E-10
0.6802027528813186 0.32006507702476855 0.6079572007378049 | 2.0203242708173976E-11 -2.324000001026157 -2.9302588637250295E-11
0.6766942130274587 0.3218111159609655 0.6766942130274587 | -1.2927752031183659E-13 -2.324000000033989 -1.294398431210153E-13
0.2675750191228949 0.42024320960031836 0.26757501907330283 | -0.090376100229679 -0.055713358429768295 -0.09037609807837553
0.26425367311869125 0.41985281704170485 0.34148902357014643 | -0.06189094052283695 0.01836763223172859 -0.023753761852725017
0.2650514589239015 0.41960349782741624 0.40470539676881007 | -0.017167651618374965 -0.22777930118713324 0.03355766588670008
0.27193749341028656 0.24741673288054356 0.442879663151874 | 0.0025225300845278676 -2.332115369646076 -0.03087230757357094
0.270887824298722 0.2484709163501188 0.500059477641149 | 7.097850174277553E-5 -2.323549514104298 -2.6994418842902807E-4
0.27110607584087165 0.24913573609861664 0.5512176706350687 | 2.2240031049879564E-6 -2.3240056055788965 -5.215736639365413E-6
0.27330547458361354 0.25132826828614174 0.6062114105937346 | 1.8465103534092416E-9 -2.3240000081434404 -2.0355951680869463E-8
0.277108496982397 0.25513076594593764 0.6728915169871394 | 5.262126371548979E-11 -2.323999999762786 1.1064061513105363E-10
0.3414890247733024 0.41985281571913036 0.2642536751524888 | -0.02375388280642056 0.018367530607908782 -0.06189098608294262
0.3389818042853573 0.4221239808249021 0.3389818047626499 | -0.014260563018753279 0.11341155570606003 -0.014261092673793396
0.33805359429760945 0.42351654730369226 0.40553570831003616 | 0.0236994707493201 -0.07934640408152589 0.06972725628945746
0.3411651218003798 0.24360827034123553 0.4408899156477444 | 0.002630292642854237 -2.3323648303519753 -0.033048305435299
0.3401605082924785 0.2446349438330261 0.5001432605356881 | 7.81245189031849E-5 -2.3233657473363394 -2.655297854738808E-4
0.34062125034359675 0.24550110095996944 0.5514948432953646 | 2.905489882768594E-6 -2.324009584606092 -2.4539821352007208E-6
0.34204254446189347 0.24782017794397465 0.607957115388239 | 4.622063672650862E-8 -2.324000012415474 -4.086231110135669E-8
0.3437888414737307 0.2513280505242214 0.6766942082364819 | -1.4458719575500518E-10 -2.323999999612566 9.640231741202892E-11
0.40470539657896826 0.4196034896534763 0.2650514857117707 | 0.033557154723039294 -0.2277788864313324 -0.017167744115744128
0.40553606401078907 0.4235162650527029 0.3380539728536247 | 0.06977746283387201 -0.07934166055264241 0.02372312205649029
0.40394241252164187 0.42089501923990386 0.40394026003183237 | 0.07321171008422149 -0.19125709004001512 0.07308628847247191
0.3953949885152933 0.24127468980981606 0.4422231304809586 | -0.005790559814974273 -2.3316692622027486 -0.026102290148925986
0.3976601120024625 0.24222982443694868 0.5002179620749373 | -1.5243340383717577E-4 -2.3232763795380147 -2.22190979331322E-4
0.3981758853449004 0.24314469519344503 0.5518471862764186 | 1.95500619099521E-6 -2.3240162328428497 -4.816175293584917E-6
0.3985262356965279 0.2455007814805916 0.6093772184531969 | 6.27899769479135E-8 -2.324000006089612 -2.0106261691395902E-7
0.39878825113112654 0.24913489311641931 0.6788873682344287 | 1.1812428218515847E-10 -2.3239999998970533 -2.480611538419759E-10
0.4428796668693879 0.2474167502316237 0.27193751030765473 | -0.030872273394570406 -2.332115325188215 0.0025225693745919184
0.4408899291145162 0.24360824002735695 0.34116509636535475 | -0.033048548993963305 -2.3323652537673234 0.0026308844560019662
0.4422231706363767 0.24127559945741517 0.3953945303568906 | -0.026083387806479213 -2.3316276876862005 -0.00582851491928913
0.44756090983420393 0.2408058938870047 0.4475609031671354 | -0.0033462713687037694 -2.3305758833994212 -0.0033447808242940934
0.44944724037495226 0.24148099980004126 0.5000662107313947 | -2.1421978551996334E-4 -2.323409267080944 3.2627741258454985E-5
0.44979299647426485 0.2423575652069313 0.5521664827357424 | -4.8836209721727485E-6 -2.3240190940010965 -2.747628841509264E-5
0.44980077694892723 0.24480816411762982 0.6098957469407548 | 5.423104847899939E-9 -2.3239999360701584 -4.270373493783104E-7
0.44984893118412894 0.24863486735425996 0.6793874204548481 | 2.7543843750201367E-10 -2.3240000006972252 -7.049628153825166E-10
0.5000594779286691 0.24847091574285313 0.27088782368483044 | -2.699439691172137E-4 -2.3235495147683145 7.097777795880292E-5
0.5001432470005929 0.24463496920592065 0.34016049852705216 | -2.6566520851501786E-4 -2.323365902056412 7.82604816312697E-5
0.5002179495287152 0.2422298266606956 0.39766012817472535 | -2.2246823511731066E-4 -2.3232769557399573 -1.5136463702120556E-4
0.5000662101429271 0.24148097890909354 0.44944724007997566 | 3.1975588575538606E-5 -2.323409597965427 -2.1369421748742496E-4
0.5001306391577964 0.2415195630234474 0.500130639291693 | -3.3569362734309586E-5 -2.3238392507195242 -3.35680845566049E-5
0.5002109746590934 0.2423571667542084 0.552154788196871 | -3.1334524344246373E-6 -2.3240119554080714 -1.056859255661321E-5
0.5002000135960762 0.24480774934379065 0.6098957765938432 | -1.012903282699688E-7 -2.3239997705539945 -1.6570880388729215E-7
0.50015106552525 0.24863487580868265 0.6793874305003808 | 1.4823349117630796E-10 -2.324000002118047 -1.031857862669967E-9
0.5512176706693968 0.24913573611215223 0.2711060757930341 | -5.214978336561545E-6 -2.3240056054386016 2.2237957251911845E-6
0.5514948435887854 0.24550110047692564 0.34062125051180825 | -2.4497190996327408E-6 -2.324009581280745 2.9025564618838123E-6
0.5518471868881618 0.24314469461813404 0.3981758852357259 | -4.783475708173709E-6 -2.3240162262975406 1.9516261278172806E-6
0.5521664828189947 0.2423575653042057 0.4497929964738267 | -2.747440861474701E-5 -2.324019091334558 -4.887145497807064E-6
0.5521547881415122 0.24235716686639716 0.500210974616073 | -1.0567235077220237E-5 -2.3240119541892406 -3.135652081717215E-6
0.5518256312595324 0.24314269308304245 0.5518256312591899 | -3.993910644686977E-7 -2.324002677028757 -3.993938717410175E-7
0.5514739332299187 0.24550000042382333 0.6093771116265957 | -3.266437968484376E-8 -2.323999860435422 1.1008131855457185E-8
0.5512117514779196 0.24913491097442117 0.6788873849744466 | 1.924697890818589E-11 -2.3240000017836278 -3.792013242305954E-10
0.6062114105945192 0.2513282682853891 0.27330547458371707 | -2.035305562197355E-8 -2.3240000081440018 1.8437644240950595E-9
0.6079571153845232 0.24782017795422775 0.34204254445919013 | -4.084096464892026E-8 -2.3240000124103375 4.6206544344084925E-8
0.6093772184524685 0.24550078148623872 0.39852623569764084 | -2.00983017743109E-7 -2.3240000060609405 6.279982537910488E-8
0.6098957469407423 0.24480816411960224 0.4498007769504875 | -4.270132677236635E-7 -2.3239999360559565 5.458694918691284E-9
0.6098957765942635 0.24480774934330243 0.5002000135965715 | -1.6571698826211523E-7 -2.3239997705615507 -1.0128206975743418E-7
0.6093771116264864 0.24550000042361397 0.5514739332297839 | 1.1005917518664463E-8 -2.3239998604369783 -3.266185455542981E-8
0.6079570170868931 0.24781952039796268 0.6079570170868948 | -1.3494780409251665E-9 -2.32399998137303 -1.3494761049722933E-9
0.606211165400218 0.25132806867883506 0.6766942067003664 | 5.848838297930074E-11 -2.3240000005397765 -7.34541286026558E-11
0.6728915169871316 0.2551307659459422 0.2771084969823989 | 1.1064258421089816E-10 -2.3239999997627843 5.2624253702222187E-11
0.6766942082364311 0.2513280505242228 0.3437888414737373 | 9.640687821274729E-11 -2.3239999996125698 -1.4458299439658923E-10
0.6788873682343773 0.24913489311642437 0.3987882511311176 | -2.4804244229943913E-10 -2.32399999989708 1.1810277645128553E-10
0.6793874204548348 0.24863486735425872 0.4498489311841228 | -7.049845994715831E-10 -2.3240000006972292 2.754185667268936E-10
0.6793874305003835 0.24863487580868202 0.5001510655252492 | -1.0318581624831224E-9 -2.324000002118043 1.4822146734849823E-10
0.6788873849744491 0.24913491097442111 0.5512117514779208 | -3.792004664828391E-10 -2.324000001783624 1.9241114342379038E-11
0.6766942067003662 0.2513280686788351 0.6062111654002179 | -7.345362006219902E-11 -2.3240000005397765 5.848751803652018E-11
0.6728915037888389 0.255130772804583 0.6728915037888389 | 3.2050430616521935E-13 -2.324000000019146 3.2050412867761593E-13
