512
0.27344124559912547 2.581145976629013E-6 0.27344124559912464
0.20146226367731473 0.042283277782107116 0.2969920583851548
0.27003637627073623 2.084779233951571E-4 0.35104624123484085
0.23944822631306978 2.1390388984560257E-5 0.43673361515344095
0.23851024674147106 8.21714440613022E-5 0.5189114382020792
0.2724986703525638 7.033951049452956E-5 0.6030519775801392
0.27523742261623385 2.554091982875348E-6 0.6855164964374121
0.29513496647736454 1.5753676534323425E-5 0.7165806052120208
0.296992058385157 0.04228327778211361 0.20146226367731182
0.25661822276613167 0.03393542512155973 0.25661822276612983
0.3388857733563668 2.8267794822325963E-5 0.3374667874998477
0.30348921531186074 0.06252646075879384 0.42255009643622937
0.28685365187232875 0.06770427569172804 0.5439132285365574
0.331553080176111 1.5916151426915244E-4 0.6087866405500498
0.26155905142708374 0.05608042746291847 0.6966725436833289
0.29946587937376457 0.0679877671907851 0.7477357817566864
0.35104624123484174 2.0847792341667707E-4 0.2700363762707335
0.3374667874998476 2.82677948216636E-5 0.338885773356367
0.33876227149246607 0.04108603870997732 0.33876227149246846
0.3279814495895849 7.30245625261556E-5 0.42688986709189725
0.32938549159105524 2.211135714700154E-5 0.5198883525082192
0.32797336851027403 0.06933265803960653 0.6139948423091307
0.3329051111954541 8.468273133675792E-5 0.6102796183022164
0.37015393678034053 0.060373148586125205 0.7843611173145189
0.4367336151534404 2.1390388996551967E-5 0.23944822631306265
0.4225500964362318 0.0625264607587811 0.303489215311868
0.4268898670918981 7.302456251490134E-5 0.3279814495895871
0.42856269160630994 3.739890981521908E-5 0.42856269160631083
0.4276696272751272 6.613528506037089E-5 0.5193803803403345
0.423094594448176 4.987708235435538E-4 0.617508944159788
0.4262253506234201 1.0029468607572017E-4 0.6168898034831511
0.4422391574538286 0.05569569758869368 0.7969323916347938
0.5189114382020803 8.217144405731883E-5 0.23851024674147553
0.5439132285365714 0.06770427569173523 0.28685365187235445
0.5198883525082187 2.2111357136609354E-5 0.3293854915910457
0.5193803803403315 6.613528506274418E-5 0.427669627275128
0.518240446334404 9.32489367111794E-5 0.5182404463344018
0.5176258037184075 1.294018436760838E-4 0.6134106238310191
0.5152634246572074 6.599807057653779E-5 0.6129138279295123
0.5034482100373572 0.05847609015011041 0.7841330359186061
0.603051977580139 7.033951048108109E-5 0.2724986703525677
0.6087866405500536 1.5916151428426744E-4 0.33155308017611046
0.6139948423091699 0.06933265803957854 0.3279733685102431
0.617508944159785 4.987708235117624E-4 0.4230945944481764
0.613410623831049 1.2940184373555898E-4 0.5176258037184087
0.6198638209001017 0.07381357604656856 0.6198638209001186
0.5930608016342362 8.443810202274196E-5 0.6587213627134378
0.5850483825156099 0.03331468480929008 0.792068134513999
0.6855164964374165 2.5540919810377187E-6 0.2752374226162351
0.6966725436833275 0.05608042746293792 0.26155905142708596
0.610279618302213 8.468273136772375E-5 0.33290511119545213
0.6168898034831547 1.0029468608048489E-4 0.4262253506234268
0.6129138279295265 6.599807059380864E-5 0.5152634246572136
0.6587213627134405 8.443810208440933E-5 0.5930608016342286
0.6486555333059444 2.0632285280866762E-4 0.6486555333059542
0.6609722084678944 0.003523308609657322 0.7422092145971196
0.7165806052120088 1.575367651555636E-5 0.29513496647736076
0.7477357817566915 0.06798776719078073 0.2994658793737683
0.7843611173145243 0.06037314858612543 0.37015393678034575
0.7969323916347768 0.05569569758868899 0.4422391574538346
0.7841330359186582 0.05847609015011862 0.5034482100373912
0.7920681345140205 0.033314684809365364 0.585048382515624
0.7422092145971185 0.003523308609676497 0.6609722084678921
0.7411226225545676 0.005344887778927723 0.741122622554567
0.20410195853432925 3.349533490564372E-5 0.2041019585343311
0.14973993718483314 5.344178514644469E-5 0.275813853375865
0.1273065064189917 0.0052524607051740065 0.38131312019813063
0.3193060526882806 4.0255581639616E-5 0.4254399044502794
0.3306169858703569 6.573059111917564E-5 0.5209362254587283
0.1361761467021545 0.012006065988368213 0.5697546120456077
0.20462372599105538 0.0055869163487848 0.6647387806585144
0.2141048785601397 1.735589593575214E-4 0.7275531602460678
0.2758138533758635 5.344178514360136E-5 0.14973993718483494
0.25674288298495507 0.024672325102227773 0.2567428829849544
0.3344242576391989 4.731173073854621E-6 0.33634451848164576
0.3285803848992243 3.210452679722512E-5 0.4290090055994236
0.3365771327019061 3.6542824396579055E-5 0.5189476235891445
0.3259958232524173 1.8447392406645705E-5 0.6049648449809258
0.2628202867223639 0.04008615071069096 0.697812250683013
0.2564309262801833 0.024114574655227674 0.8435630891262595
0.3813131201981468 0.005252460705173705 0.12730650641899535
0.33634451848164654 4.7311730728739706E-6 0.33442425763919764
0.3400955704973999 6.687860895647353E-4 0.34009557049740036
0.3280795176085901 1.1073642151353365E-4 0.42868564047589336
0.3350271645405817 3.459718585835378E-5 0.5181106820398453
0.3313848954653003 0.016154044621311855 0.6089931111305239
0.3382344820975744 2.010457639631033E-4 0.62462336106957
0.3400235048747358 0.008564081924804713 0.8790521314646511
0.4254399044502784 4.025558163792345E-5 0.31930605268828105
0.42900900559942423 3.2104526794628105E-5 0.32858038489922425
0.4286856404758936 1.107364215108279E-4 0.3280795176085887
0.43016401349791417 6.163726837243462E-5 0.43016401349791494
0.4290143976043014 5.401349623354167E-5 0.5181840902179231
0.42492349270292795 1.0733650299001409E-8 0.6180303226756856
0.42732569648799124 1.7908315339072466E-6 0.6418675405386289
0.4349835988088561 4.305487419629264E-6 0.7060839543505539
0.5209362254587284 6.573059112082721E-5 0.33061698587035854
0.5189476235891473 3.654282439914436E-5 0.33657713270190204
0.5181106820398474 3.4597185859110574E-5 0.3350271645405775
0.5181840902179198 5.40134962361031E-5 0.4290143976043014
0.5183461548930811 2.7293272196081285E-5 0.5183461548930789
0.5204177431351202 1.0825076797490863E-4 0.614814744385538
0.5361328089972136 3.0445335513062927E-6 0.6418507764741203
0.5091862924993317 5.861030546275057E-6 0.7349084619500237
0.5697546120456216 0.012006065988360563 0.13617614670216419
0.604964844980929 1.844739241395745E-5 0.32599582325241716
0.6089931111305453 0.016154044621207283 0.3313848954652913
0.618030322675684 1.0733642715938949E-8 0.42492349270292695
0.6148147443855525 1.082507679953871E-4 0.5204177431351232
0.5752839646924828 0.05089859205416231 0.575283964692488
0.6005763961611542 9.468064597023838E-5 0.6510595132271775
0.6112715275153484 0.008380057057390507 0.881113607855416
0.664738780658519 0.005586916348776833 0.20462372599105821
0.6978122506830153 0.04008615071073266 0.26282028672236235
0.6246233610695682 2.0104576398873427E-4 0.3382344820975767
0.64186754053863 1.790831526894173E-6 0.42732569648799656
0.6418507764741058 3.0445335675162095E-6 0.5361328089972194
0.6510595132271636 9.468064583902189E-5 0.600576396161166
0.6920347703212758 0.06231977856311513 0.6920347703212785
0.6947760918108985 0.035561899197148014 0.8385482216374073
0.72755316024607 1.7355895938452078E-4 0.2141048785601383
0.8435630891262572 0.024114574655229697 0.25643092628018455
0.8790521314646613 0.008564081924803216 0.3400235048747342
0.7060839543505572 4.305487410622212E-6 0.4349835988088524
0.734908461949918 5.8610305435380495E-6 0.5091862924993655
0.8811136078554074 0.008380057057393085 0.6112715275153425
0.8385482216374159 0.03556189919715054 0.6947760918108911
0.7221315712298477 6.190139541237734E-5 0.7221315712298476
0.11791570716726621 0.008525572086766483 0.11791570716726438
0.1502032341250361 3.8985425065761405E-5 0.27621934549514776
0.12907654159160176 3.98069448283696E-6 0.35629085034788344
0.25926392126293063 5.319431540298126E-7 0.4359628490832859
0.26483211043871735 7.005517140081877E-5 0.516889020773057
0.12746596432456214 6.2039172131256934E-6 0.5892113950147186
0.16393246540403517 0.015102608675691891 0.6638611911357343
0.13754247815396609 0.002262603053608579 0.8291798918061298
0.27621934549514615 3.898542506346074E-5 0.15020323412503725
0.26625751938255404 1.0598085728511337E-4 0.2662575193825523
0.2637541942062026 0.044999662462860746 0.34641477218712946
0.20872647536929614 0.04631849325570058 0.4291365999956953
0.2087916286095367 0.045802098554826635 0.5280955383345655
0.24526281832497038 0.03945071689287399 0.6187215813977891
0.27781550430512064 3.7058725880977413E-6 0.6835853503980226
0.269635179002895 1.0504166746921846E-4 0.8067368091625777
0.35629085034788016 3.980694480698537E-6 0.12907654159159573
0.34641477218712746 0.044999662462857914 0.2637541942062039
0.3826923025018291 0.051277209559520094 0.3826923025018299
0.33520055985410546 4.267652218300881E-5 0.42776444406953734
0.3355263211984897 1.223363600217069E-5 0.5197664631874295
0.3745720837320607 0.04188080014338277 0.575412568846491
0.35043171164246895 0.05240768826950267 0.6869657563065195
0.3659820579789029 9.694839511375306E-6 0.7664560894812503
0.4359628490832861 5.319431549041098E-7 0.2592639212629292
0.4291365999956889 0.0463184932556973 0.20872647536930344
0.4277644440695368 4.267652218173577E-5 0.3352005598541043
0.42981237040107007 1.9924843564153196E-5 0.42981237040107056
0.4298162250902088 2.4021589894309804E-6 0.5186281897315417
0.40427631935980196 1.3859702452566068E-4 0.6145904847303305
0.43470692229094554 0.005413473179419748 0.7071201646531512
0.43533964295810723 7.002375548849622E-6 0.69390606135477
0.5168890207730563 7.00551713985539E-5 0.2648321104387166
0.5280955383345614 0.045802098554831756 0.20879162860954506
0.5197664631874301 1.2233636003996867E-5 0.335526321198488
0.5186281897315399 2.402158990915382E-6 0.42981622509020784
0.5164886472078081 2.539394228626161E-7 0.5164886472078065
0.5517466580121119 5.446556231651533E-7 0.6185067548363152
0.5204682119894587 0.03253388548094352 0.709826093719254
0.5169722658931711 3.578289073868327E-5 0.6850273453332626
0.5892113950147169 6.203917215074418E-6 0.12746596432457552
0.6187215813977828 0.039450716892852324 0.24526281832496802
0.5754125688461228 0.04188080014335632 0.37457208373240175
0.614590484730332 1.3859702451850568E-4 0.40427631935979
0.6185067548363229 5.446556218890304E-7 0.5517466580121096
0.5655404450461318 0.052150664573101496 0.5655404450461337
0.5943894762780488 1.998837011133242E-4 0.6615482258205448
0.5817849017684839 3.052969009277125E-5 0.7712631681491977
0.6638611911357336 0.015102608675691857 0.16393246540404582
0.6835853503980254 3.7058725914690578E-6 0.277815504305121
0.6869657563065291 0.052407688269494296 0.3504317116424774
0.70712016465313 0.0054134731792805655 0.4347069222909443
0.7098260937192936 0.032533885480961054 0.5204682119894407
0.661548225820516 1.9988370127862765E-4 0.5943894762780322
0.6734672236652068 5.98706270189676E-5 0.6734672236652101
0.6760843631288187 1.0438542026550203E-4 0.8061049331921106
0.8291798918061477 0.0022626030536352856 0.1375424781539579
0.8067368091625813 1.0504166747565485E-4 0.2696351790028953
0.7664560894812547 9.694839515438296E-6 0.3659820579789037
0.6939060613547741 7.002375553165431E-6 0.43533964295810806
0.6850273453332533 3.5782890743668756E-5 0.5169722658931726
0.7712631681491987 3.052969010481924E-5 0.5817849017684855
0.8061049331921132 1.04385420263136E-4 0.6760843631288187
0.8052825005887394 0.003995506704069363 0.8052825005887396
0.14284446351268448 9.862363833445298E-6 0.14284446351268534
0.1506473800727403 1.1450295579904005E-6 0.2766575006125748
0.17070786290325718 1.0097621235172152E-6 0.36944612462609033
0.11203761147164235 6.59340128481788E-5 0.4315157205964249
0.11910407479728931 7.735894134046788E-5 0.5114384737235844
0.15602306928406887 2.913403864627781E-5 0.5799768421532133
0.08403291392981443 0.010780789219181026 0.6620743027064161
0.14278794603131092 1.5368467003989576E-5 0.8030959737255214
0.276657500612573 1.1450295572741782E-6 0.15064738007274092
0.27109697999117266 8.798456685097026E-7 0.27109697999117227
0.2626185646407332 0.03320626833853582 0.34643515554474963
0.20558330000433525 0.03119108269349567 0.4355992769095646
0.24126870543030268 4.1684894138271456E-5 0.5189900223421356
0.24659903527296592 0.03217959740819167 0.6180562905365438
0.2796287700754742 1.6753352925067077E-5 0.68141361433111
0.2731906376400177 5.2604064803908624E-5 0.8017592507875564
0.36944612462608845 1.009762122652991E-6 0.17070786290325815
0.3464351555447485 0.03320626833853549 0.2626185646407338
0.3871318555221664 0.05934744142985153 0.38713185552216595
0.3782719656958029 0.04778734690548234 0.47618020234389064
0.3792037056400673 0.04835354163004041 0.4724155669155773
0.3904179397671117 0.07006580965632812 0.558131128231039
0.34928167440301666 0.05252772648118456 0.6861941415928494
0.3664952547101256 1.2888770382737315E-5 0.7643853846674747
0.43151572059644044 6.593401284253683E-5 0.11203761147168478
0.4355992769095564 0.03119108269349514 0.2055833000043639
0.47618020234389513 0.047787346905472386 0.37827196569580157
0.4300799445219498 2.87903362513776E-5 0.4300799445219501
0.42987333332734823 3.1637244457274E-5 0.5181314472504139
0.4775232386568249 0.04790263052878284 0.5748815675048637
0.4346324322028139 0.001576217136993666 0.7062450293775477
0.4299300697653095 2.5069770858073544E-5 0.8393292389252314
0.5114384737236015 7.73589413549863E-5 0.11910407479724341
0.5189900223421375 4.1684894181416116E-5 0.2412687054303017
0.4724155669155813 0.04835354163003003 0.37920370564006617
0.5181314472504134 3.1637244457442484E-5 0.4298733333273468
0.5172717508524133 2.0502670021101245E-6 0.5172717508524116
0.47222268304038634 0.04826215987713177 0.5741163134214369
0.5200933980619589 0.02576485780120068 0.7094460940411286
0.5140858889162956 2.0974696437189784E-5 0.8242335552732986
0.5799768421532105 2.9134038648737737E-5 0.15602306928407353
0.6180562905365417 0.03217959740818011 0.24659903527296204
0.5581311282310824 0.07006580965627372 0.39041793976706285
0.5748815675048559 0.04790263052879372 0.4775232386568191
0.5741163134214272 0.048262159877143294 0.4722226830403791
0.5626299963442244 0.054044532068761995 0.5626299963442248
0.6064252355715101 0.0522900198934156 0.7054312545395196
0.5811187081012196 7.709649615800839E-7 0.7680036687189861
0.6620743027064198 0.010780789219168422 0.0840329139298159
0.6814136143311118 1.675335293129088E-5 0.27962877007547376
0.686194141592858 0.05252772648118142 0.34928167440302516
0.7062450293775399 0.0015762171368976503 0.434632432202813
0.7094460940411755 0.02576485780122653 0.5200933980619385
0.7054312545395099 0.05229001989343152 0.6064252355715198
0.6735655877193123 2.5402853046664327E-4 0.6735655877193164
0.6753922546990664 2.1672623015437246E-5 0.8054539562956706
0.8030959737255144 1.5368466989787476E-5 0.14278794603131287
0.8017592507875551 5.26040648055331E-5 0.2731906376400178
0.7643853846674782 1.288877038043592E-5 0.3664952547101274
0.839329238925242 2.5069770848787166E-5 0.4299300697653066
0.8242335552732506 2.0974696385376095E-5 0.5140858889162793
0.7680036687189844 7.709649677683542E-7 0.5811187081012205
0.8054539562956714 2.167262301378026E-5 0.6753922546990665
0.8060936198433126 7.74861043473866E-4 0.8060936198433124
0.15574365465702833 1.701896599933064E-5 0.15574365465702808
0.15673555853291532 6.000354159659814E-7 0.28046370056265185
0.19879374505400174 1.159407435994709E-4 0.3677863576616244
0.11721154937791992 5.0162317796436646E-5 0.430452263437174
0.1216449580195554 4.126049961051004E-5 0.517276699844686
0.19897918556588398 4.715443586659953E-5 0.5822073502890163
0.1448567536408145 3.808350492322165E-6 0.6710993524719671
0.15340388574306885 6.175149478175972E-5 0.7945957922741789
0.2804637005626497 6.000354178911077E-7 0.15673555853291463
0.20553961133643453 0.04710370599444032 0.20553961133643617
0.26264286919130736 0.014690721431503974 0.3466582607531783
0.23569976099075854 1.861179728350108E-5 0.43535690159854507
0.23953960985273168 6.409574203410322E-5 0.5189768671570731
0.24988749341661642 0.003678018529921676 0.6155476051901408
0.2010088921138139 0.03729192285129732 0.744501234923255
0.2781906159901536 3.2464911250963704E-6 0.7822717237456206
0.3677863576616231 1.1594074359969682E-4 0.1987937450540008
0.3466582607531798 0.014690721431496682 0.262642869191308
0.3871840535659271 0.04641701822271196 0.38718405356592855
0.37495936212308867 0.013899150679620246 0.4674164540212358
0.3772861366176565 0.0219227969808689 0.4716499284140956
0.3870302332308997 0.05131281164287615 0.5588694534211047
0.3526991513552845 0.015293881396581591 0.6843555435849278
0.3691691467149138 2.890500684525186E-6 0.7622411226382756
0.4304522634371759 5.016231779165927E-5 0.11721154937792379
0.4353569015985424 1.8611797226337617E-5 0.23569976099079162
0.46741645402128323 0.013899150679930639 0.37495936212311726
0.42945566035305366 8.643206712358102E-6 0.42945566035305377
0.4298629376048903 2.8926027206307384E-5 0.5180747383086387
0.4749750056793268 0.01848107338111036 0.5783155890045173
0.43467226351858373 5.0823148201429466E-5 0.7056554405344161
0.4312557408557676 2.4374185506751447E-5 0.8268386862004222
0.5172766998446895 4.126049961979914E-5 0.12164495801954738
0.5189768671570748 6.409574203942081E-5 0.23953960985273723
0.4716499284140953 0.021922796980843075 0.3772861366176516
0.5180747383086383 2.8926027206099624E-5 0.4298629376048896
0.5173664042759747 8.227838454357465E-7 0.5173664042759728
0.47307005753278275 0.0018767568105946724 0.5781894664646636
0.5202788476134357 0.013629751759249922 0.7090058321759573
0.5156415033303665 4.546535532049399E-5 0.8173558473359751
0.5822073502890157 4.715443586692266E-5 0.19897918556588426
0.6155476051901458 0.0036780185299326424 0.24988749341660485
0.5588694534211649 0.05131281164283119 0.38703023323084806
0.5783155890045273 0.018481073380876074 0.47497500567933143
0.5781894664646609 0.0018767568106045733 0.47307005753277903
0.5630438830173555 0.048358732201269294 0.5630438830173574
0.6119241909884281 0.024750985570341485 0.7049448332718752
0.5800402281512886 5.6612308453751845E-5 0.7588581715690548
0.6710993524719635 3.808350492024575E-6 0.1448567536408154
0.744501234923259 0.03729192285129514 0.2010088921138146
0.68435554358494 0.015293881396615238 0.35269915135528584
0.7056554405344149 5.082314816639129E-5 0.434672263518581
0.7090058321760115 0.013629751759286674 0.5202788476134182
0.7049448332718673 0.02475098557033923 0.6119241909884243
0.6916505710881826 0.04836888639645474 0.6916505710881796
0.6734283641110516 3.740642802255893E-5 0.8015559198378776
0.7945957922741775 6.175149477850628E-5 0.15340388574306943
0.7822717237456183 3.2464911230869304E-6 0.27819061599015293
0.7622411226382791 2.8905006935976643E-6 0.3691691467149148
0.8268386862004302 2.437418550841132E-5 0.43125574085576657
0.8173558473359497 4.546535529917818E-5 0.5156415033303599
0.7588581715690522 5.6612308455373744E-5 0.580040228151291
0.8015559198378782 3.740642802042268E-5 0.6734283641110516
0.8006722985548136 6.549294541189637E-6 0.8006722985548135
0.16061901894679584 6.648158169232724E-6 0.16061901894679564
0.1592652918182084 1.4592351098798206E-5 0.2813866144831264
0.19694793597284904 1.3057211710678865E-5 0.36752795906863095
0.10045252281232109 2.3005076167800393E-6 0.425997388987981
0.07636384232943376 5.146522748161999E-8 0.5284172411290127
0.19705968776769411 8.308239542301236E-5 0.5829589671810725
0.14694546588535026 4.857631574899932E-5 0.6702756284562692
0.15752808490555664 8.912246617029786E-5 0.791235624780016
0.2813866144831241 1.459235110032229E-5 0.15926529181820775
0.20797101379787117 0.03957899784357124 0.20797101379787308
0.2646478460090453 0.0036642749412150156 0.34761831683628724
0.23831143673859012 5.406356754273506E-5 0.4361283583766882
0.23891222345613308 6.640504092915287E-5 0.5188235281143702
0.25246472372849993 0.004312868404193319 0.6130928926146673
0.20681443353092321 0.027875302353298933 0.750791076457952
0.2783763079037866 2.2583546499095656E-6 0.7837573525337838
0.3675279590686299 1.305721171105986E-5 0.19694793597284788
0.3476183168362893 0.0036642749412086617 0.2646478460090459
0.3865014056697555 0.02213901917909422 0.3865014056697559
0.33116446235449637 4.974586107195643E-5 0.4302302907426019
0.33283051689409243 2.1632603632068916E-7 0.5175544951352296
0.38490985384594145 0.015192373456870566 0.5627136114840685
0.3552635646903036 0.003415913307133577 0.6827366164762434
0.3694903129500806 9.226970374132565E-6 0.7617769981717564
0.42599738898797823 2.3005076179320584E-6 0.10045252281231476
0.43612835837668823 5.4063567545154306E-5 0.23831143673858624
0.43023029074260194 4.974586107424968E-5 0.3311644623544951
0.42788371015769866 9.89950575385096E-6 0.4278837101576986
0.42883575121580025 6.116569365520558E-5 0.5191671416019424
0.4284237538000837 1.3992535576491164E-4 0.6116800344633961
0.4349074974059203 1.8606492878552782E-6 0.7059866896959939
0.4292137297679639 2.383208530664966E-5 0.8454650812230056
0.5284172411289912 5.14652028496681E-8 0.0763638423294771
0.5188235281143716 6.640504093028517E-5 0.23891222345613677
0.5175544951352316 2.163260327345414E-7 0.3328305168940903
0.519167141601942 6.11656936542575E-5 0.4288357512157995
0.5190616650746732 2.1181093999076195E-6 0.5190616650746731
0.5146562245528455 2.974320081131727E-5 0.6071288689197889
0.5207867957890208 1.0559710267249145E-5 0.699639809887826
0.5248724717490478 5.409648747442758E-7 0.8888770303271117
0.582958967181072 8.308239542351267E-5 0.19705968776769475
0.6130928926146751 0.004312868404210754 0.252464723728485
0.5627136114841171 0.015192373456909438 0.3849098538459001
0.6116800344633909 1.3992535576867182E-4 0.42842375380008985
0.6071288689197976 2.9743200810688868E-5 0.5146562245528514
0.5732666056130942 0.014840980994389687 0.5732666056130981
0.6131657137236431 0.0093433462035184 0.7009995796562868
0.5800611395232596 1.773294390960042E-5 0.7588787501136858
0.6702756284562679 4.857631574813466E-5 0.14694546588535048
0.7507910764579551 0.02787530235330183 0.20681443353092338
0.6827366164762493 0.0034159133071153193 0.3552635646903021
0.7059866896959944 1.860649285978043E-6 0.43490749740591794
0.699639809887855 1.0559710248323562E-5 0.5207867957890182
0.7009995796562727 0.009343346203430209 0.6131657137236366
0.7416399442324682 0.009961979302680739 0.7416399442324674
0.6728983826822612 1.4838527793283666E-5 0.8000661346618226
0.7912356247800149 8.912246616830536E-5 0.157528084905557
0.783757352533782 2.2583546487374956E-6 0.2783763079037865
0.7617769981717601 9.226970385428498E-6 0.369490312950082
0.8454650812229939 2.3832085289052806E-5 0.4292137297679684
0.888877030327182 5.409649658143682E-7 0.524872471749061
0.7588787501136831 1.7732943910937404E-5 0.5800611395232622
0.8000661346618225 1.4838527790738173E-5 0.6728983826822608
0.7955787084910275 3.783834817786237E-6 0.7955787084910273
0.16948859659731777 1.4955021397895386E-5 0.16948859659731794
0.15257618485987498 4.74478603783607E-6 0.27842175438441896
0.17717685886362314 5.40862157112166E-5 0.37120118645990446
0.11539398789120518 4.9673414460456213E-5 0.43000711816731024
0.11390638880267351 2.47436163063377E-5 0.5189867190566246
0.1625377654325017 1.6711567628268692E-6 0.578117116523338
0.1368715436192215 3.0740217673198104E-6 0.6746770061177799
0.16246767845241758 3.218812589068436E-5 0.7865304917895218
0.27842175438441674 4.744786038086803E-6 0.1525761848598747
0.20813047263877435 0.034663296445040084 0.20813047263877624
0.26437474432297586 0.0032208947721560567 0.34854180222578124
0.2378214465248478 5.049015169313704E-5 0.4366754532381602
0.23844893082075455 5.463555465374446E-6 0.5188057266574493
0.25519396968562424 0.0032362629472938347 0.6124231541331031
0.20789059970502433 0.022635306788103556 0.7505517067603741
0.2737319563114218 5.645317712647147E-5 0.801194366116888
0.3712011864599031 5.4086215710418905E-5 0.1771768588636236
0.3485418022257832 0.003220894772149356 0.26437474432297636
0.3500029893382879 6.452579958913408E-6 0.3500029893382875
0.3396763654011436 1.0434739304697447E-4 0.42813213222199986
0.34031483378905003 1.5446240915359895E-4 0.5229226738373676
0.34456915522401765 1.3377397081293587E-5 0.5971853901259098
0.35525653937182616 0.0011084502072788358 0.6827597719973372
0.3676502970267559 2.4847851702895156E-6 0.7631202797853693
0.4300071181673106 4.967341445711019E-5 0.11539398789120663
0.43667545323816004 5.0490151698067125E-5 0.23782144652484455
0.4281321322219998 1.0434739304644977E-4 0.33967636540114304
0.4303162381828203 6.618624239528739E-5 0.430316238182821
0.42991132143621075 2.0301059052499985E-5 0.5178619327659385
0.4266579698936224 9.00629841658881E-5 0.6060799551989111
0.4355658489884414 7.0934523599291625E-6 0.7065539301430055
0.43011868411207277 1.8105353142067716E-7 0.8309422362418876
0.5189867190566262 2.474361631275503E-5 0.1139063888026698
0.5188057266574508 5.463555467542986E-6 0.23844893082075752
0.5229226738373679 1.5446240915488585E-4 0.34031483378904903
0.5178619327659362 2.0301059055387128E-5 0.42991132143621
0.5182798300790351 2.216721709103417E-5 0.5182798300790333
0.518718045228632 2.0033242970599814E-4 0.6033817048002119
0.5188282527485798 1.3317349107069799E-5 0.6994309259907591
0.5186637770384384 4.15726050786564E-5 0.8327895194964089
0.5781171165233369 1.6711567591001309E-6 0.16253776543250606
0.6124231541331093 0.0032362629473074367 0.2551939696856093
0.597185390125918 1.33773970697505E-5 0.3445691552240109
0.6060799551989063 9.006298416849983E-5 0.4266579698936239
0.603381704800217 2.003324297036551E-4 0.5187180452286327
0.5812820519079263 2.8820785260640997E-4 0.5812820519079294
0.6134808822187592 0.010584785358983974 0.7012253338623532
0.5811171587675278 3.4142290277036375E-5 0.7678600284937
0.6746770061177785 3.0740217683580932E-6 0.13687154361921947
0.7505517067603756 0.02263530678810667 0.20789059970502383
0.6827597719973435 0.001108450207255766 0.35525653937182405
0.7065539301430076 7.0934523586689605E-6 0.43556584898843914
0.6994309259907857 1.3317349112507344E-5 0.5188282527485752
0.7012253338623352 0.010584785358874872 0.6134808822187501
0.7411463815689225 0.010140051765851386 0.741146381568922
0.674318361824572 5.532701485234345E-5 0.8031668916330319
0.7865304917895205 3.218812588911296E-5 0.1624676784524174
0.8011943661168867 5.645317713143396E-5 0.273731956311422
0.7631202797853714 2.484785163124945E-6 0.3676502970267578
0.8309422362418925 1.8105353104009848E-7 0.4301186841120731
0.8327895194964108 4.1572605078716374E-5 0.5186637770384432
0.767860028493698 3.414229028340618E-5 0.5811171587675287
0.8031668916330328 5.5327014851828264E-5 0.674318361824572
0.7895703192361962 2.9051747603856944E-5 0.789570319236196
0.19999956416238412 9.069779374298469E-5 0.19999956416238526
0.15916146042822032 2.0776716327411845E-5 0.2812574739226342
0.2026937374820315 2.0596072673467346E-7 0.3681939548730052
0.1670774145965183 0.023977271595489555 0.4800119530204197
0.16756373173894784 0.025283785454141307 0.47769982813589984
0.20417149378333943 1.8261103824921638E-4 0.5815710716088122
0.15932104040748196 1.4261613346614232E-6 0.666012056676718
0.20218454599381055 1.2087039092558669E-4 0.7456270267102094
0.28125747392263223 2.077671632824583E-5 0.1591614604282197
0.2680248235287465 3.9919333829291266E-6 0.2680248235287452
0.2731494979550517 2.2518055365975276E-5 0.35320485063288604
0.2572300635790091 9.019031243980566E-5 0.4333203830186726
0.2569003771376116 3.0721211370559625E-5 0.5184637400079132
0.2755793689985713 2.407279001609325E-4 0.5991530397473573
0.27826339552460916 1.9344112965027886E-5 0.6842895244223656
0.2773442277637847 1.8655065136700656E-5 0.7890117496434104
0.3681939548730043 2.0596072711291094E-7 0.20269373748203132
0.3532048506328861 2.2518055376549717E-5 0.27314949795505006
0.3488097882621319 7.528873578645283E-5 0.3488097882621315
0.33501580150050914 1.0377583634185616E-6 0.4300693417692325
0.33517104111550294 4.506132849403679E-5 0.5184063981728302
0.34206197191305376 2.088025283620825E-5 0.5994562242349135
0.3511573124130065 1.0573153476501403E-4 0.6783737708276046
0.3696376115078343 1.1808771194611649E-5 0.7612752514561301
0.4800119530204277 0.02397727159549569 0.16707741459652165
0.4333203830186724 9.019031243918997E-5 0.2572300635790068
0.43006934176923295 1.037758365482537E-6 0.33501580150050825
0.4303772076569423 7.695661431490517E-5 0.43037720765694276
0.42960858295296733 5.311267408291044E-6 0.5182940499659545
0.42777735000047284 3.863368876305749E-5 0.6081965051314844
0.4313684757881327 1.082253486046198E-5 0.6918916443290175
0.46680989177836096 7.852136455672725E-4 0.7761246614440181
0.47769982813590806 0.025283785454139486 0.16756373173895198
0.518463740007913 3.0721211371416836E-5 0.256900377137612
0.5184063981728316 4.5061328491386674E-5 0.33517104111550117
0.5182940499659536 5.311267409013204E-6 0.4296085829529663
0.5173476495049236 2.7928342530312803E-6 0.517347649504922
0.515956325630785 7.973814271843989E-5 0.6036931666971794
0.5192736078279051 1.9012261324081915E-5 0.6840127621613415
0.482091948559768 0.0051592756596479175 0.7741213276617378
0.5815710716088114 1.8261103824931106E-4 0.20417149378333843
0.5991530397473559 2.4072790015248905E-4 0.2755793689985748
0.5994562242349164 2.0880252837375636E-5 0.34206197191305204
0.6081965051314795 3.863368876210225E-5 0.4277773500004756
0.6036931666971856 7.97381427177669E-5 0.5159563256307889
0.6091827753020931 2.2586293761157024E-4 0.6091827753020945
0.6017757474789184 1.8988296628429682E-4 0.6782520861362736
0.5800370001264274 5.438361527965185E-5 0.7597396946356155
0.6660120566767176 1.4261613340249186E-6 0.15932104040748243
0.6842895244223662 1.9344112961717386E-5 0.2782633955246085
0.6783737708276062 1.0573153476129478E-4 0.3511573124130054
0.6918916443290154 1.082253485295123E-5 0.43136847578813114
0.6840127621613483 1.901226133167181E-5 0.519273607827904
0.6782520861362729 1.8988296628368544E-4 0.6017757474789172
0.6753370145529259 4.8275946061228565E-6 0.6753370145529286
0.672594590655245 2.261639937791369E-5 0.7988489126284408
0.7456270267102085 1.2087039092523259E-4 0.2021845459938106
0.7890117496434075 1.8655065135887654E-5 0.2773442277637846
0.7612752514561334 1.1808771202231219E-5 0.36963761150783575
0.776124661444009 7.852136457138954E-4 0.46680989177839033
0.77412132766175 0.005159275659579297 0.4820919485597081
0.7597396946356136 5.438361528208087E-5 0.5800370001264287
0.7988489126284413 2.2616399375890162E-5 0.6725945906552451
0.7412783104973433 6.53094680455392E-5 0.7412783104973429
