512
0.28151147779358277 0.4000030197381564 0.28150180648858686 | -0.0019601736819879058 0.005182610171881105 -0.001959799739028969
0.2248782501352054 0.024995886077085007 0.40001574629261355 | -0.001831123761818087 -0.012443529290035293 0.006994132371421125
0.2591136244002619 0.06501925368814286 0.4000001571703201 | -0.0024482393120840774 0.004697805044453474 0.0026374608074218346
0.05203319878597038 3.5093474967694375E-6 0.4035770244896234 | -0.004688153949799363 0.003670168486868717 -0.0039482055881092356
0.21422478879121556 7.640005716893009E-5 0.46994119306583054 | -0.001989334987869431 0.005113828234080968 0.002379666003472177
0.29275532873996846 4.938892564570776E-6 0.6020573221287536 | -0.008969148594824401 6.03444380449194E-4 -7.422347395360499E-6
0.3689880861456205 7.211709696990732E-7 0.6492311696086625 | -0.006138624738851637 0.0011559429577116592 0.007816186633498673
0.2790853238797243 5.24599534159657E-6 0.7184093516613584 | -0.0013934368104714142 0.0031903030993292495 0.00618064619461351
0.40000658300692477 0.015629283690281073 0.22255963719558491 | 0.008136410917349136 -0.011888230924742556 -0.001424012304707376
0.3439022857921188 0.4000093623358199 0.3438965147977949 | 0.004728965299237504 0.003284784894764526 0.004732939681685695
0.4076804313954942 2.6845397971607767E-6 0.407555191662672 | 3.5202499042226605E-4 0.005715749454470266 -6.42784849895229E-5
0.14368258199600928 9.072232347255975E-5 0.47353058767784945 | -0.002798025498496484 0.004582013889252376 -0.002072545612368743
0.2684733744991832 0.02370701211677351 0.4672226777062616 | -0.03756923176874522 -0.6894967890138569 -0.038123105057284994
0.2163992854809987 0.019054315980179072 0.5321224688247762 | 3.0928810586636777E-4 0.17725840697576775 0.022831551256822628
0.2866838984509021 0.00868758179986282 0.6817414611592222 | -0.012744361410329018 0.45062697049710054 0.02447902025991341
0.2809855884270736 0.01981854997401419 0.7247135651337547 | -0.004737536299972714 0.05870798691302874 -0.002770984214466712
0.4000004492860806 0.0650601427776213 0.25912792652188527 | 0.003003309485175793 0.0048055326145658534 3.276444450967217E-4
0.40001882993917987 0.0015156919527157353 0.3515503920857312 | 0.003917285775478356 -0.0023776189098068485 -0.00975127889390034
0.40783562916511606 9.51402399441382E-5 0.4073426232136937 | 1.3057404251910003E-4 0.005645624679005356 2.473076040486266E-4
0.35299862953888217 0.03364947293417939 0.5098160289433196 | -0.030239073960650734 -1.373669881225187 -0.09360807513242225
0.37038996828800774 4.013251205703161E-8 0.4830552035107278 | 0.0035566424428318134 -0.012179973685091616 -0.0036305099809522024
0.34821997470761257 2.6238808863695216E-5 0.5760935844351847 | -0.004133267799709906 0.004042188936986623 -0.002630176331405968
0.3648851720580103 4.496253878494351E-6 0.6570449096679918 | -0.007150446166202527 0.0027122609226550003 0.0041846513098674045
0.3644912058492969 0.010561590345143706 0.6665036833519307 | -0.024435776972361285 -1.2396180796189846 -0.02016088621378889
0.40352740394550407 9.505578902473794E-6 0.05064901684198431 | -0.00391469013282791 0.003778042226701672 -0.004512586973637344
0.47510347830352034 1.0975581832711407E-5 0.14845445135782803 | -0.0023902047426347358 0.004618839788925727 -0.0032644986946388016
0.48590676601651217 0.006267398379734822 0.36870501706575504 | 0.00986740986298624 -0.07541768623387002 -0.008027080951361829
0.42482573485209985 4.519285629128668E-7 0.42471999811892686 | -0.004466213957090548 0.0037321721211518956 -0.004717454380648601
0.46414808275420494 2.7013881937569854E-4 0.46345031524563673 | 0.006887701440014759 -0.01711740853616833 -0.0014635227000089758
0.4397498463796637 5.451590566502692E-5 0.6408517649040815 | -0.002926977495230517 0.0041863282149444915 -0.0035998809413338786
0.43802728697115306 3.839296965182698E-6 0.6386981880561136 | 0.0017992765358448054 0.005003888963387403 -2.2576386619238358E-4
0.48030945727396984 0.01560421793690578 0.6885280331995738 | 0.08100682990689646 0.4720548174317689 0.007003543019847401
0.47056625145456243 1.359981554853883E-4 0.21420925811224611 | 0.0013440723837467247 0.005209598900787889 -8.153857586742745E-5
0.4677922127146345 0.032985632662858526 0.2673511928690974 | -0.02969483326766908 -0.6010540105902054 -0.0424337203007292
0.48572676622915917 9.905910474024818E-4 0.3688209071397487 | -9.842421782313298E-4 0.015510013683587651 0.0017854040168846419
0.4638796172195954 1.7435477194598719E-4 0.46360235684284334 | 0.019744914527151106 -0.009357985619128099 -0.011414806391184164
0.5175361543600245 1.0770395844016477E-5 0.5162575896803133 | -0.005001015131260158 0.003693043475110233 -0.004114602462294701
0.5023047639025757 6.44819321974952E-4 0.582210078250531 | 0.001333677016781443 0.018904704252160693 -0.010588574856068287
0.5178955785693785 1.3280465148739562E-5 0.6549730770294492 | 0.0071975946299612 0.0026973119473128354 0.00398568390005383
0.5248178093527441 7.598037044506141E-4 0.6583767876183856 | -0.011740469243894075 0.21084322204259306 -0.008782173273029884
0.6012060509722025 1.806927995196667E-5 0.2920098947115258 | -2.3441740650561438E-4 7.904127626363719E-4 -0.008514698212165106
0.5305328676159936 0.019300258310265047 0.21890095523869224 | 0.013219277683441371 0.18520468042176425 0.002591984866219235
0.5755996606789313 7.9753984566772E-6 0.34821467082899804 | -1.2927723655799863E-5 0.0031041504944116934 -0.006884367686000716
0.6413848011087459 2.9074842447297144E-5 0.43990871001934756 | -0.004655617682842235 0.0035903221317083074 -0.00391988706198427
0.5819851655687726 0.0032144605603842157 0.5024563234952807 | -0.01669977285413598 -0.017045718676602383 0.003064284530690197
0.5896681125663602 1.1985219935639465E-5 0.589756911165231 | -0.004136568327524819 0.0033153606022669497 -0.005153832738361902
0.5969873354016062 2.581482148635105E-6 0.6786805598448394 | 0.005412502491914537 0.0015183293444983993 -0.006325431042894238
0.5998700262620891 8.596919082038688E-6 0.6752774205386799 | -1.0428965156543633E-4 0.004823043068277857 0.0036309182089860697
0.6504876319909616 1.6652519747006382E-6 0.36937040653847575 | 0.006472133218383768 0.0017480281268117356 -0.006434194615627755
0.684432690508058 0.0069381877534764914 0.28624325446046645 | 0.02851666937678105 0.44331518164505473 -0.012895952260545199
0.6572480156267994 3.4247204631887653E-6 0.3648192582877002 | 9.351174693657665E-4 0.004340794816970226 -0.00535987107592959
0.6389561757687403 2.422531000497775E-5 0.4385168201809247 | -0.0013425432458316021 0.005225586251806704 -0.0018081383397631557
0.653891774365932 1.6490699824383637E-5 0.5173114526355811 | 0.004257853831612061 0.0023899615252362155 0.0071438080194773865
0.6805669406091879 6.768358542772464E-7 0.5946423767202322 | -0.006165856726045046 0.001492565188388347 0.005745759944068897
0.6832767886237571 1.0070329118705613E-6 0.6828652648246618 | 0.005846839347308284 0.002219206738360805 0.0052842998097840125
0.6836206524348631 1.1405347378791504E-5 0.6831939104978038 | 0.005508281841684396 0.002734013792940471 0.004852289318314734
0.7190962048890055 3.1204593240600532E-6 0.2796936305183246 | 0.005422371435371194 0.003778191801790436 -0.001008187851177006
0.7254272643189185 0.021523695254717045 0.28211581628332283 | -0.0011638701030428486 0.05307333711018311 -0.002541098462352233
0.6623875447214876 0.02136811404675887 0.3610561559383421 | -0.03205392231690415 -1.1925650354808932 -0.03802097424008006
0.6885441467113429 0.016155423592997882 0.48135309999576664 | 0.008276889013848158 0.47891870048322993 0.0908687777766685
0.6586314453092373 0.009765223890910703 0.524910143189216 | -0.040350771572562276 -0.26613083402176796 0.0031032563104104343
0.6754936618014202 4.7293085316054E-6 0.5992140738342845 | 0.0030322208723060555 0.004951582601550997 -0.0015594614170515578
0.6836239759467061 1.2978881247736852E-5 0.6831904834074292 | 0.005494550672022771 0.0027354281649874302 0.004865449615881054
0.7407718808722016 1.2550598284253147E-5 0.7408166154359275 | -1.318011011393411E-4 0.017636636333013562 -1.461414376573383E-4
0.2809784801992638 0.4000044860753599 0.28096827759643067 | 0.003547578067994601 0.004328497905704663 0.0035533394355625665
0.17103903695604494 0.022803886198461996 0.5230748146120889 | -0.1740355644201726 -1.4509213648658525 0.18232533516627528
0.26010356777929655 0.14243634031647623 0.40000000064559355 | -6.641258461058718E-4 0.005525721483790996 9.94918824812253E-8
0.2290298265176045 0.011614865659757482 0.4000447861371314 | -0.0029256436635302775 -0.010502011312462553 0.008216872387365525
0.2232125266033332 9.510259404423843E-5 0.46896155694461317 | -0.0028432003610904615 0.004750180755735103 0.002515930941742969
0.2705429271115326 5.179111177680264E-6 0.5903247386335073 | -0.0028847988297265644 0.002429783797225674 -0.006267783595362797
0.30916970733967875 3.545723672794383E-5 0.6544749202856317 | -0.007918387198068961 0.00107937237765467 0.0013952795352709139
0.25475302225148544 5.910347989393475E-6 0.7043735668962 | 0.004195860077810872 0.0019518246964688325 0.006385386379682138
0.5213700483965905 0.019742668571575018 0.16517539195834832 | 0.21642369082646806 -1.5517265588755624 -0.2021153510200935
0.3437227636690865 0.4000050056401913 0.34371698798490674 | 0.005069373804668221 0.0028964288257577425 0.00507273330498398
0.40976568876349045 0.039950943583782636 0.4052994750907105 | 0.03913921433877516 -0.3470628355542924 -0.07041088454928783
0.1939790159861449 1.089601587045267E-5 0.48219264699687475 | -0.0034684539406106343 0.003943489096705931 -0.005254445508067697
0.2682392937838043 0.023554723635489303 0.4669149954236179 | -0.037251338085370296 -0.6594243719464364 -0.040599386101327996
0.2007660447193162 0.0018847820519069828 0.5491075002352264 | -0.03853905525385083 0.0048462724468789665 0.061103287713208755
0.21516203314134708 5.395786265644898E-5 0.6443508695378303 | 3.5673813778320834E-4 0.005949473293235838 0.003583447407411062
0.28008286901002866 1.2045421358348722E-6 0.9060740262129329 | -0.0073537019645329785 0.0018592279581754485 0.0037081357997605846
0.400000035667793 0.10533074205393601 0.2559689159391311 | 6.5088523161515095E-6 0.013677720305239583 -6.026946567730993E-4
0.40548128505397285 0.060862115512148346 0.4121124909387638 | -0.018134642510420008 -0.3686724224232388 0.019688477225733813
0.46392281511666 0.019752241119593342 0.46329100898065867 | -0.04240901606382653 0.19415265500896706 -0.002446689710986807
0.3314901415905129 0.0032672480777460444 0.4000644038042483 | -0.007510297935865741 0.002244435760274501 0.0024717167337090376
0.371795045776813 5.726279144448366E-6 0.48261919270090925 | -0.0030841700932511575 0.005330518051299278 -5.833769918333196E-5
0.3482683947893957 2.3435187060636026E-5 0.5760584255634345 | -0.004388271635027191 0.003999633915139551 -0.0023608094165411386
0.36327048623995434 2.7699875416347438E-8 0.6577053997103783 | 0.005501774052439999 0.004488210121141616 8.334403281872622E-4
0.38564411729252795 1.933678031517068E-5 0.8330237915949034 | 0.007950756986793485 0.002072500216950848 -0.001532966202027787
0.40005920879969925 0.01148355638710696 0.22692164564399628 | 0.008395896208915751 -0.010589280678534315 -0.00346301770228909
0.4780838079672167 6.448245249752451E-5 0.17965872763316323 | -0.0033204441554360096 0.0021426009191165027 -0.006269001257126525
0.40008460711805544 0.010311524263908845 0.33645640077827055 | 0.0025181168375447757 3.7074039827214486E-4 -0.008962084719503065
0.43929532911202634 6.711139274505185E-6 0.4395833282562039 | 0.004768167602093747 0.0035158527156191675 0.004594755225808926
0.46393890568347107 1.874587006225849E-4 0.4635208859098322 | 0.020756017425903293 -0.00863381779745042 0.004396903520017098
0.4391288273980162 0.0010882113659704796 0.6405652929066549 | 0.007426756817879005 0.14281914660891498 0.008578959275184062
0.4372985878487971 3.267007052605781E-5 0.6385781703785653 | 0.004140006475489696 0.004289446557200301 -2.9736315803464026E-4
0.43772239790712963 1.4877850475932138E-5 0.6350248182522431 | 4.150908405094763E-4 0.002901762268469557 0.0065619007770940175
0.46820903354786453 6.170400682128035E-5 0.2225076458355843 | 0.0019537864756870964 0.0046872686525962085 -0.0013758944598859688
0.4678457517245689 0.03369876298099774 0.26735725239607133 | -0.030145352939270734 -0.5903190996115557 -0.04266030444897586
0.485690423425251 6.042235217840491E-5 0.36885228730523095 | -0.0017650838038316327 0.027487625497320135 0.004475565861537807
0.4640129296264719 8.406031952944441E-6 0.4635081901841119 | 0.011840738155178523 0.04711112865206936 -0.007312549121401145
0.5895905379329279 4.752527592853277E-6 0.5896817062192415 | -0.0036171950717552932 0.003706532352501496 -0.004860813864909772
0.50230589121826 4.72789240469689E-4 0.5821759265980089 | 0.0013133767715290128 -0.06424178697090237 -0.00987375844009632
0.5160263120496684 2.1853069805334922E-6 0.6499564063211296 | 0.006739030659321255 0.0018537245797220073 0.006008704476023266
0.5192210744881606 7.61760965109215E-5 0.6451656261608604 | 0.0037851476384881716 0.0015876328236438583 0.008362800697792022
0.5903091089121223 2.7730019097962233E-6 0.2706286360138392 | -0.005824056325123213 0.003123314204210654 -0.002177156098432664
0.5364081184486084 0.0011059191851730424 0.2132498273784363 | 0.022959689576246934 0.33324283786619385 -1.7982968436030524E-4
0.5755719985835615 1.9711135950455434E-5 0.3481670036955174 | 2.716407324911131E-4 0.003222676822797947 -0.006732146837125106
0.6398432503110926 0.007347535823830529 0.438544881731145 | 0.0907765189547078 -0.2839528091985672 0.05392322950281831
0.5819752351988078 9.869268028112822E-4 0.5024386949806342 | -0.01707468866490907 0.018119535763309966 0.0026342028358116395
0.5896503691840942 1.8422729666667983E-5 0.5897430139603727 | -0.003998722552963738 0.0034118385113057034 -0.005098304813598822
0.5998337041923568 1.1820337890125239E-5 0.6753385040800985 | 2.3800543077131983E-4 0.005022467863338105 0.003018090114571916
0.5946338175901087 2.3073181546827377E-8 0.8091600853147114 | -9.515525955857495E-4 0.003112237521096015 0.006767771898635357
0.6546485318085418 1.1167521806937825E-6 0.3086823763303669 | 0.0012823666452256455 0.0013832842963273828 -0.008071560360188672
0.6443089913147206 5.897791085455871E-5 0.21506447568509948 | 0.0032823863983988226 0.005753801301436036 -0.0011492389382085646
0.658450334408227 6.842777775873112E-7 0.363708256360198 | -0.004740659791237177 0.004682432775562076 -2.2021056371783345E-5
0.6383877119865613 1.7126476975128405E-5 0.43676714325724086 | -4.888554943619394E-4 0.003934676117927042 0.005430289215031322
0.6481046083904763 1.9722642605484407E-5 0.5148879107701242 | 0.006010679867846114 0.0016955525772525783 0.006623433988747638
0.6755613297592679 1.8201289863040946E-6 0.5991696923194395 | 0.0025303158502946914 0.005116405051322364 -0.0013411730040577205
0.6827925302398943 8.388973840505867E-6 0.6824307395168314 | 0.006140197470269978 0.0017692970222145925 0.00558386887514609
0.6560382349365126 3.023827007807452E-7 0.8898931653052746 | 0.008268890522133306 0.0017002650898197602 0.0012826032053044735
0.7043533171068791 4.2486142737958076E-7 0.25474518850527306 | 0.0062655432977606375 0.002032967284217197 0.0041676832717947795
0.906067440245275 4.954468743657459E-6 0.28012610743600863 | 0.0037098199570923243 0.0018554448425780522 -0.007356473580121617
0.8321478724245059 1.5884128992045993E-7 0.3849277342438577 | -0.00149520440939697 0.0019040021402270497 0.007887776707248396
0.634965145699208 1.901495355160327E-7 0.43759441307705527 | 0.007211856272537578 0.00270286954724683 -4.9100826787550025E-5
0.6451187459843902 4.3553618982990265E-5 0.5191816832878187 | 0.00820710337319311 0.00164574792416083 0.003660341498262837
0.8093429529920939 7.344885901538005E-6 0.5947152903733287 | 0.006688102829201176 0.0031560221118702323 -9.953307345052082E-4
0.8899102870935888 4.583800574930591E-6 0.6560213750332196 | 0.0013137056995342479 0.001701276960995316 0.008269197828290522
0.6814957298132115 5.4486426438044564E-6 0.6812252593894841 | 0.006480184206150053 0.0011310204441650018 0.005989015669688299
0.17348883906394627 0.40000173494126046 0.17348892167062982 | -0.006381573986195435 8.74430986034782E-4 -0.006381562654125141
0.223567179433235 0.4000045133371587 0.3464327864315845 | -0.0044665922527099815 0.0034376426984282626 0.004715171244059366
0.23500645960109595 0.0719979371287249 0.40000057009258355 | 0.0046371119838411945 0.004334361449804793 0.0014926978205765267
0.2029118941994121 0.10695096114374683 0.4000000007717403 | -0.005616162164005706 0.004019065640137983 7.200939579684546E-7
0.2643879005339651 1.0603285336112313E-4 0.4550085923037501 | -0.0012153557244827307 0.006132501040585354 0.001752834219793162
0.2675709226017187 6.022643850270832E-6 0.5823589895952951 | 8.862626056574097E-5 0.0038044677299107627 0.004918471542626625
0.28414741122905596 1.4394448612253795E-6 0.6455556024904783 | 0.004480453867073077 0.0016312943551688884 0.006896929896478408
0.14874765909144066 5.10443095525194E-6 0.7927996122337446 | -0.006398425284344143 0.0010327032314501126 0.0061973966408181815
0.3465404444866517 0.40000080530260607 0.22359285397942383 | 0.00457624370154713 0.0034704906961793174 -0.0045446042714588865
0.3435883744063473 0.4000159403219293 0.34358258596317864 | 0.005232376330977854 0.002693774944818928 0.00523542865160635
0.3246756894337607 0.017789514232146142 0.40006108151025316 | -0.006338837717955194 -0.007835749636148737 0.008282512944195412
0.22515354490212164 0.013310809244658725 0.4000388543207027 | -0.0014337182445710252 -0.011212181416287905 0.00826811922163608
0.2681602298140977 0.02019711468225661 0.46685187943613854 | -0.03761800187759219 -0.7254162813869155 -0.03642918403656208
0.2658328956537504 2.8891686201619115E-5 0.5831771439527877 | 0.005404270032941541 0.003437777893535676 0.0018200181366377491
0.21515978578173758 1.93422307166035E-5 0.6443879879443374 | 3.764137314206068E-4 0.005972139016431524 0.0034944444303119833
0.33111097284051527 1.6170425060758946E-5 0.8460604820377323 | -0.007246961910278981 0.0028384625576994686 -6.706301518193247E-5
0.40005804246801957 0.04668137487871472 0.2384137612815196 | 0.009815763070469422 -0.003444768474086527 -0.0021631389031408193
0.40008244824449585 0.02167238682336368 0.3254852110311707 | 0.00542485461095001 -0.010409595914526731 -0.007975758356607607
0.46387784549709765 0.0213860761064252 0.4633789861853157 | -0.05849659195989298 0.1745426792728242 0.01526504995326017
0.40852303183921257 5.17512907016328E-6 0.4092091878129058 | -5.41675663341816E-4 0.005508119177934016 -0.002193723748235163
0.3726069217979274 1.437925498374498E-7 0.48547224315533205 | -0.003215887794579335 0.0032453292075859904 -0.007055305163962743
0.20960559471274942 0.027504858867319314 0.6158331055412831 | -0.4739740836100726 -1.4003011213585768 0.11602748673595976
0.282551989162245 6.331252380688218E-6 0.6560383740044008 | 0.006659599571927513 0.0019878773425716094 0.004325605448378319
0.3651406199027185 4.083558148597505E-7 0.644691225825735 | -0.0017750926862646053 0.0011486344759091202 0.009690789638589251
0.40000005706474967 0.10679918547354969 0.20322035879594036 | 1.3108107971834922E-6 0.004114907276660523 -0.005425447624450417
0.40000306618936043 0.014754036025177508 0.22310274570199004 | 0.00824317724495441 -0.011695419049487382 -0.001654417655906563
0.40890247304308475 2.2655501110106886E-6 0.408134055136703 | -0.0011825818598573791 0.005645087546727606 -7.24417900270566E-4
0.40921650274656907 4.449387904039101E-6 0.4076839899506175 | -0.0016401558053517078 0.0056094106869647945 -6.341022672011117E-5
0.4255051115274571 7.0520431035064035E-6 0.550952715209486 | 0.001715739261720581 0.001377569892377153 -0.008356705986859727
0.42522998286226255 0.022946672992799087 0.6232483252079984 | 0.10262466933454274 0.388424354483147 0.09850283421174881
0.48469020048331085 0.042711366971332314 0.688571814852025 | 0.07462009172234202 0.1875852176486742 -0.006379101100028455
0.4404051219072851 2.3334822190006145E-5 0.6327170787308392 | -0.0042639228877009465 0.0017815810988511453 0.006675234093445283
0.4553119771652968 2.475543940739551E-5 0.26419246026134124 | 7.993974101700089E-4 0.006030548406573545 -0.0011855482422488566
0.46744649291052437 0.02957747836934314 0.26709360857638903 | -0.028703053236992463 -0.6381142129446122 -0.04182516094236337
0.4856891175241377 2.4619750865564904E-5 0.3688424051027792 | -0.0018071719787804848 0.028939392904157306 0.004871939634635365
0.5506824426651966 1.0466947798088126E-6 0.4259018423162632 | -0.008465273320254794 0.0014939770122715979 0.0011548783914592207
0.5896950882863002 1.6340217685586607E-6 0.5897865674173997 | -0.0042937442695919325 0.0031519761080909523 -0.005297148533429977
0.5021613073406915 0.01594275206502632 0.582376807509356 | -0.0023542687980896548 -0.08129132442370754 -0.01436342993168952
0.518042108042922 4.6008546725523826E-6 0.6566166770224932 | 0.007433433591384596 0.0029814582340775644 0.0026954495818423737
0.5154874786881641 3.190698816093893E-5 0.6339595915587165 | 0.004151368910713741 0.0011606278398669755 0.008395761646923794
0.583386454084728 2.0803949741938134E-5 0.267979117458948 | 0.0036065747949110445 0.004401966671446437 5.618173565745311E-4
0.5829368972917965 5.833932904430594E-5 0.2656639161975447 | 0.0022287813511516 0.003523176131652964 0.005165582739807555
0.6150430206216909 0.032155336957373215 0.22089379716515872 | 0.108921862768122 -1.2779591523386145 -0.4285344366035464
0.6255958318739411 0.02493731224751286 0.42784770011449735 | 0.10241569372661383 0.32540110045583237 0.10367464516732765
0.5817848197002864 0.014645634940751011 0.5021680283707003 | -0.030997559477188436 -0.06380868877945055 -0.010433549481544308
0.589890994925424 2.762268399473426E-5 0.5899801540531255 | -0.004962993064832393 0.002529329513073178 -0.005669045065545964
0.5976378353060221 1.3303196592178874E-6 0.6778714805448866 | 0.005358197433122582 0.0018134154792645472 -0.006034647266273122
0.6054683544344875 1.1338650636769402E-5 0.6624917069214111 | -0.0012849842363121967 3.7458345816750085E-4 0.009111638337376915
0.6455391220560698 1.292069090130702E-5 0.28416379180766427 | 0.0065158770363536464 0.0018485718063454232 0.0044665030353787365
0.6443090143163048 4.165099669433413E-5 0.21506338402991626 | 0.003279439624645758 0.00575459110639532 -0.0011453758659382132
0.6566870632937601 1.7938393791052348E-6 0.28244399939676545 | 0.00394166336171418 0.002286097527210706 0.006404250999493364
0.6885369400460487 0.039626400157375855 0.485064166468233 | -0.0032829281387490236 0.2013650171543013 0.07817983535722574
0.6559646114039515 7.172845883157301E-5 0.5176157498444256 | 0.0028345622610817687 0.002702893194164748 0.007447243100502678
0.6786481405996748 5.661459348411947E-6 0.5962047411532554 | -0.005657470340896693 0.001987069510494226 0.0056492951452175
0.7407709244608207 2.383161141658015E-6 0.7408155676503754 | -6.195973821648964E-5 -0.015903829809816767 -6.962646237959669E-5
0.6488772714442838 4.693366919849036E-6 0.8841945536730493 | 0.008541596365711154 0.0010756365279667361 0.002408223687623037
0.7931048896765003 1.4755925614342345E-5 0.14844605205371153 | 0.006205593499870156 0.0010166452264552019 -0.0064070394786340384
0.8460636431162624 1.1921928154932465E-5 0.3311069194016112 | 1.0072471114878163E-4 0.002622162917868972 -0.007207367057843793
0.644785391822569 1.1472381962203648E-7 0.3651711456989015 | 0.009105970775180236 0.0015822346607024635 -0.0016771407702707145
0.6330369049535128 6.815387740672941E-6 0.44012205146302547 | 0.0068210341117448375 0.0016897437179510882 -0.004626754787515321
0.6339334494707444 7.27901461046801E-6 0.5155047918778548 | 0.008121321837056366 0.0013734054655945563 0.003977644747566938
0.6624327218589025 3.8111906273650975E-6 0.6053899560950228 | 0.00909195087203267 4.530472730717153E-4 -0.0014773226025475638
0.8841960757245906 5.222419333738567E-6 0.6488704899666455 | 0.0024494726664248505 0.0010749859371282967 0.008535871910276998
0.8060655610134106 9.163733873239583E-7 0.806065577119326 | 0.0061710852721634235 0.0012834573081908637 0.006169521035384636
0.1921562308686619 0.4000048307831806 0.19215625642786707 | -0.00642833210405791 7.691170983043637E-4 -0.006428331631674532
0.21850705937882262 0.40000314847830115 0.34560721607482175 | -0.005642300630740189 0.0027028641285376446 0.004783506503889525
0.23905830528164057 0.07483659110967981 0.4000009181038638 | 0.005849923702936507 0.00340878496620591 0.0025254942356219066
0.1345724099895683 0.029891544306410184 0.40005334408858834 | -0.005315592508909049 6.558616109567925E-4 0.007476955416978093
0.15503315892557556 3.2958362384735316E-5 0.47336067477801924 | -0.006439554761589846 0.0028686424461524867 -9.758648736320912E-4
0.19254099359110777 1.0802404099015652E-5 0.5690235847750164 | -0.005750404395027914 0.003975052181204975 -0.003778471641734601
0.12865323282544747 2.541394207010698E-7 0.6572081664501723 | -0.0015612427726120605 0.0027057879898121093 0.007213394688924631
0.1553112935438506 2.880030357329924E-7 0.7868345292779456 | -0.006147044687400087 0.0012860955557375475 0.006178215228653882
0.34561192578814676 0.40000292827972456 0.21850639704140914 | 0.004821768812370843 0.0026966278203616615 -0.005618720010479936
0.34351551705705113 0.4000026586348156 0.34350986298114244 | 0.005341227643047764 0.0025524179167403615 0.005343526345325006
0.3235526908422731 0.020485098844202868 0.4000358797884779 | -0.0015457956869072609 -0.012314494276453994 0.007928123637274513
0.28107808777520993 0.11129247897752709 0.4000000074803749 | 0.004400028387436769 0.0046247842170823875 4.563030203693198E-7
0.2985145925822886 4.902064049985979E-6 0.5133198137923365 | -0.005724628184576447 0.004486926323444449 0.002566339552393628
0.07489346336924983 0.0037051500628947956 0.49786837616486235 | -0.0947236591117644 -0.02225120966633149 -0.03991986387176976
0.21507617422956388 3.5635808000540784E-5 0.6441355098657444 | 5.155040363904548E-4 0.005814216699850747 0.004010599644609398
0.2574482818901663 1.895708407700377E-5 0.7972279733604674 | 6.64143169186063E-4 0.003072847692771538 0.006966252474561269
0.4000011754285762 0.06637211837430036 0.2272368567566114 | 0.0020583731655776263 0.005047223199763796 0.0018037230699881
0.40002527258684173 0.014142144444064631 0.31996712961062906 | 0.010016235493857339 -0.008136938966926587 0.0026536750219289026
0.4637750984145269 0.021675111752192888 0.4633985382842541 | -0.055145788207099845 0.140813691188294 0.010668807479301651
0.329541550889457 0.008901505935272292 0.40003217211521686 | -0.0075173633963799644 0.002069888052497543 0.002765797719886734
0.3706705019550281 6.431130293469607E-6 0.4815673017743091 | 0.0010907033249544084 0.0049191267073076875 0.0038996519754217482
0.3469590711500715 3.289588845450019E-6 0.5751083312846472 | 0.003656389249726713 0.004065699725911366 0.0032540263539143125
0.3658725209331732 2.7835348323127964E-6 0.6557330446269838 | -0.007387913352867442 0.0019251668197542665 0.0060481422830997575
0.348449884537413 3.248119806732128E-5 0.7290776738821186 | -0.0013885400836049452 0.0012613079771264352 0.008078653402437077
0.400000399479179 0.029604916819303273 0.1342483388165472 | 0.006627478302445159 0.0010224295853174476 -0.0059616199378685385
0.4000000013429463 0.11001439833133941 0.2984511297130535 | 8.388728716110434E-7 0.001995552022455575 0.008164624047787245
0.400132532755552 0.0048865816153733045 0.33483525431278344 | 0.0025843247753329058 0.0013724507516161587 -0.008234845734504706
0.42167414932924135 5.792567215917356E-6 0.40483662722892366 | -0.00733517790925158 0.002808322852586453 0.002276513707671233
0.42114782894048947 1.715846462240171E-6 0.5582204458987754 | 0.0036081932168979688 8.215570458003391E-4 -0.008128097744314961
0.4266672340144094 1.5529495111610537E-6 0.5459616439113272 | 0.0015269157208469355 0.004399108880960979 0.004352149394582447
0.43256297760419565 9.156237852747201E-6 0.732496594337782 | -0.0018446733247219492 0.002528458691214291 0.0075840165998979706
0.4370829369554635 6.369401990617385E-6 0.7392608657216335 | -0.008502947602494431 0.0017576650957313207 0.0011688505412470486
0.47315536684491283 4.0806704393521995E-6 0.15485980169110905 | -9.208791393466309E-4 0.003621371124612736 -0.005584479690890869
0.5133503734311464 5.4128377601282064E-5 0.2989729590690403 | 0.0023811265411958532 0.0032060775464143472 -0.005845273205355373
0.4856875763272501 6.920359636314346E-5 0.3688534642762548 | -0.0013871897866476672 -0.02639025507710652 0.004365516947042787
0.558815919877368 5.2611634776932856E-6 0.42100585107094873 | -0.008181693789456141 8.197719135088272E-4 0.0036542554610884638
0.5896744193815457 1.207972157813088E-5 0.589765208483844 | -0.004162893180119164 0.003279998877382223 -0.005192176876023259
0.5023221862929736 0.00200683481430986 0.5822010707737251 | 0.0022825736209555808 -0.12352304813381283 -0.008609633590303619
0.5077426717829858 3.628088992490321E-6 0.8377459415440343 | 7.092146765581044E-4 0.0034854668417135777 0.006223717661477319
0.513300231297191 3.431937138028245E-7 0.7312143078008299 | 0.006216541308895187 0.001849466501206561 0.006409856484739539
0.5690109028574782 2.998174740931583E-5 0.1924938410856389 | -0.0018130456368433113 0.0035573563169609156 -0.006927547043498074
0.4989740428208042 0.0038902452679241413 0.07563849793012072 | -0.046577316008413874 0.0082997084943847 -0.08940936720456973
0.5755235387206762 8.142663837614291E-6 0.34700603235403354 | -2.8742330650364375E-5 0.003337244631603346 0.006561944068868406
0.545957770670766 3.481945452229206E-5 0.42699537528656817 | 0.005705029563550622 0.0038131292335364005 -0.0010537431475682185
0.5819907736421632 0.003105321344302569 0.5024278813001938 | -0.016701759201484513 0.023929451477658972 0.003342758449921416
0.589582430030838 1.420359529214529E-7 0.5896649901440478 | -0.0036034457209868616 0.0037725456832944024 -0.004745729259192102
0.5998212723095195 1.8036363607223813E-5 0.6753436696060742 | 4.1834694322038656E-4 0.005029895890967082 0.002973956338089194
0.5979212725334306 9.198690422958038E-7 0.7173385918407629 | -7.36895284010594E-4 0.0011862160677489834 0.008575420962223468
0.6570513637936161 1.4248575821164916E-5 0.1286731030836223 | 0.007486122774144428 0.0025405841516213065 -0.0010896681747696283
0.6441467958697853 2.3057664858967668E-5 0.21497696325724425 | 0.0035655566112440928 0.005689103972014271 -9.689444415401302E-4
0.6559189559807599 6.702095356255503E-7 0.36604650176522724 | 0.0037588665497468796 0.0029866766970248265 -0.006582593755273761
0.7326659214243246 1.46483003587387E-6 0.4325703990966069 | 0.007392580610379623 0.002650681726782653 -0.0018721053126033922
0.83785429880945 5.164390061365091E-6 0.5078466589709691 | 0.005976920322241277 0.0036783149530830784 2.859395576173572E-4
0.6755765063000178 1.0203905502751462E-5 0.5991818376994519 | 0.0023200400775784994 0.005139355145601028 -0.0015296135889056692
0.6813514262345964 1.1103561358550774E-6 0.6810936239190504 | 0.0065044701294835324 0.0010862346127129758 0.006013104719111701
0.684956923169411 5.262806334481964E-7 0.7931789971856066 | -0.004062856275847647 0.001285685917901674 0.0075494166310828125
0.7867338055553547 1.1029341372717236E-6 0.1553856783665232 | 0.0061746787621197435 0.001297871830521278 -0.006137584089213278
0.7972528071463828 1.714153492153016E-5 0.2574341304249697 | 0.0069550124510525295 0.0031429755962806847 1.707151546149354E-4
0.729100066855529 3.8532249764030045E-5 0.3484528242933976 | 0.008209859351508999 0.0014300438315674993 -0.001154088404266909
0.739266486746706 6.8378814961844965E-6 0.4370840737782869 | 0.0011543716073202457 0.0018437172880016463 -0.008378271645531166
0.7312129280561637 2.5962741292783423E-6 0.5132987291794789 | 0.0059321610553010745 0.0021614046233902 0.006077435728870409
0.7173308193425985 1.9016520309611255E-6 0.5979378546140219 | 0.008491309549408264 0.001258861632824027 -6.806574618079705E-4
0.7931738623530405 8.58130485884641E-7 0.6849555499722424 | 0.007537137076241522 0.001302507543408531 -0.004061816481002423
0.7988240301739596 6.403574516737072E-6 0.7988240159895251 | 0.00636641190879493 9.517741438244514E-4 0.00636135139775253
0.2140629248530909 0.4000048197214068 0.21406293638446477 | -0.0038643937301944984 0.004092412148722029 -0.003864169801501378
0.23210855685321455 0.4000073546479893 0.3431599007755431 | -0.004622028253340355 0.001642142948915136 0.007040768504118902
0.24143599954343017 0.07803004698342315 0.4000001403297553 | 0.00964957058731305 -0.00412157673494639 0.0044062842184075
0.14327130955619374 0.030316210203735 0.40007505993906545 | -0.008902944400841249 -8.953841773055844E-4 0.00463179572279315
0.07001543317551222 1.687773568637792E-6 0.49283036876878394 | -0.008811604848793248 5.776745927109698E-4 0.002812400019234528
0.20011270755101906 6.06851922824683E-5 0.5661508827840237 | -0.007373019863716704 0.0032768736711383784 -0.0032635706784191598
0.14374458903254214 9.180905820624201E-7 0.6543798742831259 | -0.008726327731264359 9.292196238895981E-4 0.0012263194348709472
0.16581142613410052 7.007381545818197E-6 0.7755695062928569 | -0.00627981431522627 8.829520144393515E-4 0.006468024396464597
0.34316243617854403 0.4000072344800633 0.2321086600234608 | 0.007051506878598106 0.0016398867814924098 -0.00460906677868665
0.3435082821909901 0.4000016534490282 0.3435028930839878 | 0.005351255986864242 0.002539874051948367 0.0053523591480864495
0.32246907074921244 0.02008502462953893 0.40002219461702043 | 0.0019829080088959146 -0.011915958616713834 0.008113132079240767
0.2985380252647852 0.10814131454285998 0.40000000667708746 | 0.006843063099887926 0.003165734455119762 7.936429568286222E-7
0.300161167782936 5.570277700757161E-5 0.5132524033632995 | -0.006741973731833069 0.003922601483826033 0.0021638178602123833
0.07466461773343461 0.003828268976850463 0.49770611967523803 | -0.09360040482545336 -0.025988359264252223 -0.03789472594775355
0.21507625153786672 3.381383704973293E-5 0.6441452657998809 | 5.188955710640124E-4 0.005820414637749765 0.003990215728463354
0.25730544743426453 8.993329332961659E-7 0.7944005439610066 | 0.0015247090954622034 0.0019125382269947675 0.008074932290560407
0.40000061316260893 0.08207773491389825 0.24259766749457565 | 0.001113897242308844 0.005030961519681812 0.0028442458756824532
0.4000386190782134 0.01411264250230414 0.31856602345292945 | 0.008661886638892358 -0.006799541586917101 0.0061311607699069725
0.5069499649324974 0.05464662055682198 0.5153002888935768 | -0.07034070337974052 -0.37859726091324947 0.061197174384795244
0.3234426616642817 0.01284669887632778 0.4000446373686398 | -0.00278241905233028 8.835936305910267E-4 0.008268458688921945
0.3713270480901011 7.810225547035684E-6 0.4821358266852434 | -0.0013245185647423746 0.005452000241684765 0.0020134697510026138
0.3427766351954669 5.239201265472033E-6 0.5788050848694907 | 0.007056154867818516 0.0010454313508410635 -0.004624985564210473
0.4327673607007148 3.575469732658472E-5 0.744111779661189 | -0.0014537148285090871 0.003881231652155225 -0.005857963168552161
0.35178725486084494 7.382543621244406E-7 0.7305608266788157 | -0.003967764081992811 0.0011337623711149408 0.007283855450562325
0.4000320790104578 0.030579945281581297 0.1430329623000609 | 0.004236332446231132 -4.110971414337171E-4 -0.008833223527009068
0.4000000207994314 0.15602085039238264 0.29814122820467226 | 1.4648997774995623E-6 -0.304896341539047 7.271169813018459E-4
0.40005340884219054 0.008304444262940146 0.3286253241751531 | 0.003145290741058448 0.0014798559410321877 -0.007996650918273496
0.41835975789182317 8.152996040026818E-5 0.38783249528536373 | -0.003660680073421963 0.00294201648138738 0.006293638027522145
0.4234853675202486 1.5462301539358013E-7 0.5543701795423857 | 0.003078941002540882 9.537536193964225E-4 -0.00827522553115543
0.42645826093059447 2.422290297568114E-7 0.5428100940600957 | 0.0018610767268385645 0.0015095110503974174 0.008113481359211696
0.4326654201642717 3.3023156082803704E-5 0.7332537831601882 | -0.0021140918502370733 0.00268534900348577 0.0073523196394321465
0.43738029481492374 3.774636254387536E-7 0.7442996310012704 | -0.00860632282385031 0.0016067904177616429 -0.0011703127476361788
0.49268519365009855 4.602132980112234E-6 0.07010016960993815 | 0.006183625245803973 -0.010561213518333355 -0.013280275291015681
0.5126242887467216 1.1724073842523511E-6 0.3002601830794034 | 0.0025946826461643764 0.0028141780421192027 -0.006270147240093852
0.4856871495226568 3.206970353779263E-5 0.36885672283438425 | -0.001322565669490788 -0.0425581528342636 0.0040912610612345015
0.5541416134201673 1.3708207359082597E-5 0.4237214977079959 | -0.008306314544782352 9.697814220050874E-4 0.0031505046019369497
0.5896713800571952 2.388617532882321E-5 0.5897633136333612 | -0.00411260029739695 0.003326025817776348 -0.005154800878347746
0.502289567649003 7.536688486969412E-5 0.5821596487112742 | 0.0022847399971537815 0.00676035664619189 -0.014903911231280513
0.5078459316673153 1.5130015089598253E-5 0.8378767857362613 | 1.6087179750650459E-4 0.003679255077773655 0.005976053679434904
0.5125780703380964 9.549971471206328E-6 0.7415875324720516 | 0.008212554455820505 0.0016025630561809741 0.004151690570386758
0.5661329204870649 9.931200033290813E-5 0.20008112762972827 | -0.0017919913782050085 0.0030147933211584934 -0.007868092031374415
0.49892104516166286 0.003736401465856896 0.07551263348004619 | -0.04509674463476553 0.025683844590904028 -0.08798166059671243
0.5787182496894752 3.571906568303744E-6 0.3427942244320894 | -0.005288184421351599 6.432068499786617E-4 0.007343505482838334
0.5425722448241529 1.643547456116253E-5 0.4266422948757272 | 0.00845245012134558 0.001315041979432581 0.0014710845719368706
0.5819390415752757 2.970652572630727E-4 0.5024324220314592 | -0.021113850849034266 -0.0031499459788441996 0.0022698545808398944
0.5895488702257363 1.2783646010098582E-5 0.5896399454279557 | -0.0032151985930191965 0.003997771623367759 -0.00458169362115104
0.5198849101994296 0.002961856790402502 0.7518060547936162 | -0.036482718083047705 -0.5866573814352298 0.042889313257131585
0.5939603452486665 1.4342672824456237E-6 0.7269400797466132 | 0.0011465674598389567 0.0013656424312042347 0.008554858929871328
0.6543965639518378 5.988675721035947E-7 0.14373744159269583 | 0.0010037429725245667 7.546440683986518E-4 -0.00903815333978174
0.6441446259829778 8.992093694509004E-8 0.21497370512762715 | 0.0035651875439458446 0.005689396144852148 -9.602533401963046E-4
0.744180134627864 9.008486106795962E-6 0.43284407785485524 | -0.005587351713390195 0.004016326737492917 -0.0017129954284644262
0.7328588302725068 1.4516473375029179E-5 0.43261488053111247 | 0.007320052263975554 0.002692115426119576 -0.0019755068049623395
0.8378843794012114 5.0201646455000935E-6 0.5078709776312659 | 0.005923828611403737 0.0037154311723464574 1.6442045715336738E-4
0.7533857181174929 0.01156190565625915 0.5198669413630929 | 0.04800265245212359 -0.5082997789240483 -0.04431461735630653
0.7408892585375476 0.0024459156379164383 0.7409372017661757 | 0.0017931888483999332 0.09092846212897533 0.0018351919864971423
0.6863594395928329 1.923733287528099E-5 0.7936476698298007 | -0.004751793448086386 0.0011881724914373118 0.007225445677234457
0.7755541782602668 1.1479985447637645E-5 0.16581275463516873 | 0.006454793588548909 8.890533467501518E-4 -0.006287018295135526
0.7944259654653775 6.425700419292668E-7 0.25729476265022627 | 0.008098002516399217 0.0019709216099161463 0.0012622627208455247
0.7305859373889841 2.7327223163783884E-7 0.35179253384957665 | 0.007521464208405111 0.0012983840716803258 -0.0037454036624158726
0.744308615110117 6.835269755981887E-7 0.4373871115612239 | -0.0010795539919764795 0.001725922048224956 -0.008542441737448237
0.741587953357087 1.0559873447019947E-5 0.5125775180699086 | 0.003917950148944962 0.001700391184441697 0.008144799805137713
0.7269413416285002 7.635776412637393E-7 0.5939845504531128 | 0.008467649074969923 0.00147112133466331 0.001291839234143819
0.7936460746985547 1.98468524450765E-5 0.6863608314215558 | 0.007210988578260576 0.0012025374529801465 -0.0047569226643170235
0.7896547180742174 3.3462028921727534E-7 0.7896547403606216 | 0.006578625087084358 5.425190377450034E-4 0.006572151868547404
0.2252411249884605 0.4000002772006596 0.22524113243400132 | -0.0035771873975985673 0.004312709830593996 -0.003572738616489657
0.23617535161799136 0.40000151306119375 0.3417757589287807 | -0.004935107638059936 0.0012467910811858277 0.007214184372735117
0.23117454125310344 0.059118069242051485 0.40001265957067 | 0.003556445519923602 0.004375088358940192 0.002838723095790321
0.15698005395813494 0.023368391597449464 0.40002219130863664 | -0.009343786342963583 -6.976000781479633E-4 0.003327602023862677
0.07355829605192594 1.3084401387473767E-7 0.4929796902598548 | -0.009421915243565152 2.3202602992835038E-4 0.0012633242295611862
0.1958512080144662 2.2950840422027722E-5 0.566170780261137 | -0.006621559169225051 0.0038693441583091577 -0.002809574662389415
0.14533161919146603 1.7071662525860345E-6 0.6541914435898009 | -0.008775614375254513 8.640741687082112E-4 0.0010775560680266884
0.16796308735972254 2.2232537758213576E-5 0.7734557483124345 | -0.006521628463038763 8.146618785492468E-4 0.006293083942423079
0.3417752611880985 0.40000161049353294 0.23617502387087874 | 0.007220939107433191 0.0012457842437435683 -0.004926521205355423
0.3434911296506791 0.4000071549112912 0.3434856740530108 | 0.0053596802967827125 0.0025284464501713743 0.005361063059266249
0.32308051939316385 0.02137734877384887 0.40005112938374143 | 2.0223575790612573E-4 -0.012881231552852073 0.007522059031955821
0.3157306885101661 0.10932405878547802 0.4000000208846354 | 0.008454108216461144 0.0016094889288658881 1.4433037330922663E-6
0.3007330558986833 5.060159915768262E-6 0.5123439285938687 | -0.006819166165026922 0.0037369328125516554 0.0028382054931583756
0.1080955574561381 2.2568115359268583E-7 0.570227013903266 | 0.006467235258604751 0.0024898326126697613 0.003494106893655285
0.2066127838328461 6.124853449002236E-6 0.7163318388800656 | -0.0031057071498465927 0.004475214226952179 0.003808406435820359
0.25736179776768553 3.275665371712407E-6 0.7941432903599162 | 0.0014638291838555313 0.0018600140421507576 0.008133914312258074
0.4000066474736246 0.08179321006531237 0.24246088560554174 | 0.0011286664556285975 0.005019902239736854 0.0028706440262739477
0.40004435228217994 0.014007856636144046 0.3179109137569317 | 0.007997423159979311 -0.006030482307028887 0.007078217951055229
0.5097977291625425 4.5420133716179794E-5 0.5088872965019655 | -0.0015468858620726065 0.0056236946555483875 -3.67460758956241E-4
0.3244251744215106 0.011468726885118238 0.4000710345839161 | -0.004573731769106476 0.002269765502346647 0.006054291311327649
0.37068840890812177 6.443322434519015E-6 0.4819736992608878 | 0.0012330322085092119 0.005387861547818454 0.0025604957176386064
0.34713359041869674 8.100434782701592E-6 0.5763244378067971 | 0.002766197351987822 0.0038910010899451163 -0.0042789157129956845
0.3391713797600917 0.007421881359407182 0.8207243976089952 | 0.0012286279198338915 -0.04475731255676798 0.09079483177720564
0.35700616337511504 7.4145301731308005E-6 0.7516223616943728 | -0.0083010104158461 9.82085912665189E-4 0.002706477003474395
0.40002692765447667 0.024108478037030787 0.15717257208441662 | 0.0032326290022363473 -2.9322440795150897E-4 -0.009155325305926493
0.4000000027335371 0.11090618861206876 0.31313348576215383 | 3.504980329063249E-7 -0.0014431098096627864 0.0104104982761017
0.4000673796827386 0.010695120411129126 0.3244519920915291 | 0.005465511422318436 2.059284166118066E-4 -0.007590595074655711
0.394190807283515 5.731408034459221E-6 0.4038523407472753 | 0.006137076943867564 0.0037123951261135634 0.0014778494492714686
0.4274142026737747 4.284480390055848E-8 0.5451983665926461 | -0.003271109364306261 0.003012036328843543 0.006000961002927294
0.42628687280220995 1.3295398523676774E-5 0.5429542968646885 | 0.0023348514690727635 0.0015346703776208724 0.007968105106434748
0.43268043535682704 1.5463177917001672E-5 0.7332991877876873 | -0.0021565517700765937 0.0026812256255544223 0.007344885758978386
0.43691130095095415 1.961597915096788E-6 0.752734087771628 | -0.008160496457461863 0.0016648771046579754 -0.0025003338952886843
0.4926645902178365 1.8916739879845968E-6 0.0735553170133138 | 0.0032556239056787703 -0.012305233530708195 -0.01614286137458537
0.5113228258185358 7.827215417737997E-6 0.30086285629701875 | 0.0032874000684719406 0.002655518952244359 -0.006223862371504769
0.4856869145461054 5.1999060468826725E-5 0.3688559572211361 | -0.0012101340900067573 -0.038674746077823126 0.00423949857756989
0.545234976276219 5.180020518955907E-8 0.42738690509633864 | 0.006831857616698968 0.0026824990792869157 -0.002537386730297153
0.5112834035417795 5.787722150364453E-6 0.5114551349446671 | -0.002363324851286471 0.005140298509032137 -0.0028798438110491406
0.5022943351210907 5.769488677198634E-5 0.5821448321171019 | 0.0022072835358831833 -0.02170802113139009 -0.014635708480459168
0.5077617595698879 3.5026369599760234E-7 0.8374627259743568 | 3.9315392464701524E-4 0.003149210259087725 0.006703988406116646
0.5133874744167378 2.062639454348808E-6 0.7513586353471339 | 0.009187664158158521 0.00144246013133232 -8.924383438864935E-4
0.5661536815789993 5.721859649460861E-5 0.19582139919714917 | -9.347398386255369E-4 0.003437659811689858 -0.007372518282041942
0.5720212549063604 1.1985982344575125E-5 0.1060782043560819 | 0.004651855957501195 0.0026252378893686246 0.005413341713456452
0.5766992653352854 7.336994628156176E-7 0.3471105239768642 | -0.007347346073648616 0.002047367217823993 0.0030995488009175655
0.5433194415705626 2.006148475259977E-6 0.4267791717382035 | 0.008329158733838911 0.001525221035707165 0.0011219051888404759
0.5819335245640365 2.806143741783388E-4 0.5024338847509824 | -0.021413597219934796 -0.047165307936307604 0.002244898495489444
0.5896076951070887 5.602565259392675E-6 0.5896989642955113 | -0.003748199057911169 0.003607915753654918 -0.004944294961587622
0.5933634521689726 7.5016117323654025E-6 0.8592902880936913 | -0.008028386488695569 0.005789229135810253 0.01173091383126959
0.5888400869163034 2.8073029977311215E-6 0.7617824882613953 | 0.0034416031362249464 0.0022586072201723965 0.006991026901541586
0.6542095268762281 1.4340332465938258E-6 0.1453294160752556 | 8.377812436269706E-4 6.898457614271486E-4 -0.00908900713774166
0.71639716621879 2.1877661236008433E-5 0.20666344675830797 | 0.004091310102962647 0.004452828430844257 -0.0028263855922070463
0.8204079653330049 0.006360364194730805 0.33834094528945546 | 0.09516412545890907 0.21376083944801497 0.0015948961143579202
0.7332639367695889 5.245030762306441E-7 0.432745346867637 | 0.007159356992538657 0.0027481272370971084 -0.0023015472217895374
0.837583326311085 7.4615826321873505E-6 0.5078082570382125 | 0.0064253000220389975 0.0033691067400510957 3.307186776514286E-4
0.8590536270319488 9.082936548416489E-6 0.5935275810115923 | 0.006542497154843975 0.0022679399910530383 -0.004489818809452326
0.7407902725629988 7.70343489837015E-5 0.7408357537478282 | -1.6721195300934988E-4 0.02786057765792275 -1.7801130006535207E-4
0.686543578934081 4.064340398655342E-7 0.7944338506660011 | -0.004896461408224077 0.0012186317019318117 0.007100604898885101
0.7735925814317509 3.8033062131482173E-6 0.16777383599136497 | 0.006305384310403779 8.212325583751377E-4 -0.006503140800921429
0.794167934090622 1.714688044946329E-6 0.2573509003211367 | 0.0081555545872867 0.0019160109624241145 0.0012110701168238395
0.7516446898088837 5.233789507682303E-6 0.357011673919892 | 0.0028129773840959342 9.676046461417993E-4 -0.008305157259491677
0.7527365103987042 1.374213393020184E-6 0.4369070391621088 | -0.0022054799207790964 0.001843353604903212 -0.008125599426177741
0.7513658152661262 5.565480224297816E-6 0.513388072330912 | -6.968560856661115E-4 0.001296408262366465 0.009240952559426157
0.7617808201707355 2.2503452688063912E-6 0.5888389749859689 | 0.006943041353781659 0.0024752656271522754 0.003209065429792337
0.7944304957633939 7.741988989509861E-7 0.6865459673290265 | 0.007084782181746637 0.0012331311101308402 -0.004902752489970595
0.7860554770408335 2.2564323165831466E-7 0.7860555174245097 | 0.006605444932437217 4.7566677638814434E-4 0.00659851155046704
0.2393892278999267 0.40000018324521935 0.23938924631536512 | -0.004824448901072668 0.0031802553520879416 -0.004816689631969595
0.2422307416645387 0.4000016262909018 0.34188467932271305 | -0.005362241870077781 0.0011337058367447107 0.007008286351768498
0.23951959242381704 0.009752685167656079 0.4000422830025912 | -0.006360709131790911 -0.008641147817406826 0.006846584248143767
0.19072605263100323 0.09412690832922926 0.4000000204165223 | -0.004787493733521895 0.004451893343561694 1.9151760928864805E-6
0.17299256508253275 3.794011934275273E-5 0.4744076158696507 | -0.006752097625069313 0.0024129089539385888 -0.0019309527046921459
0.07923898284870387 5.11269271584872E-6 0.5823521985801908 | -0.004761588830281298 0.001445562240845155 0.007126792896778479
0.14641192996084107 1.1591101741758605E-6 0.6542830962401859 | -0.008809993019886433 8.266861381066411E-4 9.188046195167523E-4
0.16996988155755244 2.5479178007102068E-5 0.7715597396365139 | -0.00675400511451227 7.675287583592627E-4 0.006091499399791287
0.3418846628590171 0.40000157416690624 0.24223061678701943 | 0.007010800814052876 0.0011330986165360387 -0.005359616292472238
0.34356941898490995 0.4000016311002601 0.3435651625503755 | 0.005284652182028922 0.002631012871153566 0.005280468395174521
0.32246788369618573 0.020823299950372996 0.4000064781084047 | 0.0020061000383992363 -0.012407600153019362 0.007683398581838141
0.31061426444162016 0.1048042954340287 0.40000000030756133 | 0.006481451297415314 0.0034418009884997452 1.8614416492739866E-6
0.2967009151116409 7.779772486753117E-6 0.5095676320638081 | -0.0028042992554550084 0.0043654648714849895 0.006303405918699631
0.07306147325471629 1.7249617163527003E-5 0.5878477430009603 | -0.007134340302601608 0.0016789583703160033 0.004406733724515642
0.20795635128386314 3.740740696899355E-6 0.7165564392918764 | -0.005777143610342555 0.0038261756631776584 0.0019070287871431916
0.25770471993668687 2.2068838870153134E-5 0.7933826362120642 | 0.0010772283290131034 0.0017455354736088653 0.008294580801681741
0.4000384105442985 0.009385734299908887 0.2391835719049642 | 0.0067383528769809735 -0.008166714728715448 -0.0072367981657218035
0.40002679717474043 0.01103769107100662 0.31541497942226937 | 0.005893464311141167 -0.0015827921102778558 0.008093690898512614
0.5040771643774702 7.318854155960957E-6 0.5034016414957238 | 0.002943336825375381 0.004482034056612297 0.003630138846617376
0.3199997557873648 0.013617960502566986 0.4001148919356643 | 0.006751880031076816 -8.237860977196376E-4 0.006859851260248549
0.3720846777752196 8.532972242250936E-6 0.48520348877187536 | -0.002256176757913725 0.0035246940630215516 -0.007101060004550457
0.34702038044405337 9.218194430493158E-6 0.575965837295166 | 0.003756123017235252 0.004243760135605202 -0.00234736734576875
0.35164509134397104 7.973560912991367E-7 0.7144179965273584 | -0.002083982459627228 0.0011177752400054817 0.008978401930663378
0.3621894223044689 1.7970192963687146E-5 0.9114021624246703 | -6.798856724130913E-4 0.0016319611109005725 0.008403296119949062
0.4000000372735025 0.09564799436836811 0.19115023942740678 | 1.8196471804876938E-6 0.004320625732272794 -0.0050363595059548195
0.4000000242103419 0.10458776940771057 0.3106064839018286 | 1.129955064656788E-6 0.0016081039928267711 0.008562265614843903
0.40010171260801136 0.01321574306437152 0.323842108105904 | 0.0070138853766614564 -0.003452064559175947 -0.008047738346523201
0.4076960416877267 3.2049964375060966E-6 0.4086763239628119 | 4.5113521533979365E-4 0.0056083472026355755 -0.0015854194856293011
0.42846577579635026 4.199161587637617E-6 0.5409964081881025 | -0.0023462740489375773 0.0011888081333067371 0.008263068282967606
0.42591027749343197 9.685190953449402E-7 0.5445862621074156 | 0.004302304766621167 0.0020874550497814613 0.006538712916127518
0.43264846781196964 2.955578441588168E-6 0.7334852877745202 | -0.0020880679316875026 0.0027199830070260083 0.007323301340887306
0.4343467491744055 9.860772874817897E-6 0.9279855378641969 | -9.659554301174469E-4 0.002986973117542132 0.006995201052842047
0.4744557310169351 2.105100531354367E-6 0.17294581087765795 | -0.001756189725959152 0.002280062022689855 -0.006868779550201909
0.5096948002803741 4.38204881889739E-6 0.2961394893987545 | 0.0057709467396903896 0.0036907087285320737 -0.002670660996136636
0.48568859315863766 3.509513992153115E-5 0.368846378509547 | -0.0018489606758442588 0.028962849883283702 0.00458811031807014
0.5410180090033757 4.052367347336965E-5 0.428565782273376 | 0.008427749597058647 0.0011278161739928314 -0.0023589133261899954
0.508460658651305 5.867936303849807E-7 0.5086333454084446 | 7.039881831982671E-5 0.005716513776360927 -4.631729648720429E-4
0.5022896407662365 7.705725049471668E-5 0.5821472454927666 | 0.0019366571370206614 -0.021625306212060286 -0.014142817561518225
0.5074782700773148 5.144488456099037E-6 0.8367512569407809 | 0.0011171103206066664 0.0025448876868902764 0.007334633096793844
0.5070378972914792 6.223873947178316E-7 0.9288220651051893 | -7.641774920535086E-4 0.002143991811876306 0.00793430392669815
0.5821638070487325 9.743101451858746E-6 0.07951825057407494 | 0.0075495499766394525 0.0015364581440093172 -0.003955011061022466
0.587672798490378 1.754391729148517E-5 0.07374177008061576 | 0.0046088584019788525 0.0018303279919704852 -0.00686289043466663
0.5767932452458153 1.7578779569255856E-5 0.34722282916096703 | -0.007638046088469076 0.0020140659981304375 0.002386305750737888
0.5450333847701865 1.5931275893261078E-6 0.4256194303445393 | 0.006040541524571489 0.0018616517007835722 0.00542523708825597
0.5819590969406886 1.51935317969793E-4 0.5024269694049001 | -0.02293276821446057 -0.07196204774642799 0.0031383788247214216
0.5898656503515507 2.2737013604558417E-5 0.5899562278918156 | -0.004897523237870718 0.002588389063876474 -0.005642810323374522
0.634958423647175 0.018653263826286653 0.7524143464733118 | -0.021756199502066257 -0.2929435318365805 0.010675670847894987
0.5760221869900171 6.029829802502752E-6 0.9144600206683774 | -0.00230800833163256 0.0013543936058903945 0.008343898905471582
0.6542960722089592 4.732565267566853E-7 0.14646427534059026 | 6.58711647660476E-4 6.526554182278416E-4 -0.00911990429871811
0.7166400034424212 3.205788799802027E-7 0.20799986230923634 | 0.0020270233386372833 0.0038515505740081574 -0.005709104820367379
0.7095646493889748 4.2752537600202555E-6 0.3536843580723861 | 0.008919226980467623 0.001496886835612367 -0.0020547346688455973
0.7328546195092547 3.917014758639748E-5 0.43265173048044037 | 0.007285754807346247 0.0027010315866259314 -0.0020598348592005076
0.8368996723230997 1.3525897993789224E-5 0.507568756978613 | 0.007110093676484381 0.0027859054387120667 9.0856704369607E-4
0.7527522758390033 0.019193752434181803 0.634574219555352 | 0.011533019851307093 -0.2923394121630805 -0.02208430918950041
0.7407751347659979 1.5817322309582392E-5 0.740819996262574 | -3.3772412441325235E-4 0.011106241609276868 -3.645347952949046E-4
0.6868205299852469 6.3192304526911555E-6 0.7938661003745879 | -0.0049609898453564115 0.0011564131305226296 0.007113312762838395
0.7717508044161708 2.585389320303673E-7 0.16974346742940138 | 0.00610575107472548 7.731530559650248E-4 -0.00673570683263295
0.7934061318376642 1.7490127120886473E-5 0.25769305684693117 | 0.008307274801158096 0.0017957416665395115 8.449595014951134E-4
0.9113934226877716 2.2785118947999958E-5 0.3621964593241436 | 0.008397127473522666 0.001657194605409651 -6.083065776086292E-4
0.9279869666374027 4.250936375135607E-6 0.43435100167944996 | 0.00700407283791242 0.0029799295707432314 -9.638920944501682E-4
0.9288071846723568 1.5810225995730586E-6 0.5070365279908844 | 0.007955160651340037 0.0021228633896988626 -7.598393106867592E-4
0.9144627639211115 4.497365613203612E-6 0.576018166835132 | 0.008340685308407756 0.0013608972380848882 -0.0023200519908084124
0.7938646948091735 6.655385290485582E-6 0.6868219395876414 | 0.007098334346357468 0.0011699660347650965 -0.004967446416291731
0.7819680391913703 1.1863498482709908E-6 0.7819681357709999 | 0.0066061321657516015 4.3602661084634676E-4 0.006598658230730672
0.25213007088753747 0.40000718712305305 0.2521300802829471 | -0.005277194784833908 0.002631658979931091 -0.005279169893931972
0.2498498871448597 0.4000012233897605 0.33922821154863536 | -0.004605073459260507 9.461448057535445E-4 0.007686902014342124
0.22447106609113476 0.036279925627676235 0.40002392698141576 | -0.0020657572199184048 -0.012755720261171324 0.006726935804967451
0.2077141767401545 0.10593579083915831 0.4000000520288864 | -0.005523629666777247 0.0040739861397805985 6.780395144651463E-7
0.2329059923053287 7.609605290386299E-6 0.4794849750366263 | -0.004450106765828792 0.004201651110777924 -3.668053446696636E-4
0.19636832841082616 9.894749267071371E-5 0.5663767454517299 | -0.006726120776175534 0.0037631252117972984 -0.0029751858211428395
0.14933298995757707 1.4709061305156777E-6 0.653856133786227 | -0.008841801385917687 7.665721088743435E-4 8.126849624513914E-4
0.1871550320669699 3.6796810991771356E-6 0.7575307876622696 | -0.008860747852163682 0.001027675925406986 9.495588040190444E-4
0.33922818798137083 0.4000012065294853 0.24984966577103243 | 0.0076843388794814935 9.459975370119693E-4 -0.00460941847996332
0.3436430936977415 0.40000239507411595 0.3436374705888695 | 0.0051886655720552455 0.002749728766412371 0.005191041619184157
0.3155671594336643 3.101728600534738E-5 0.4473060335161748 | -0.002678907237765362 0.004863927317931709 0.0013787984608016539
0.32453173443567884 0.09394467513155105 0.40000004741487893 | 0.0032944057577745595 0.005031602745899035 3.2213627354984095E-5
0.3014191546380288 6.250959860160899E-5 0.5111086735585343 | -0.006817364266702741 0.003513044850286735 0.0036169686312050317
0.26633290753696925 4.993122087162778E-5 0.5915906635167367 | 0.004293003427594358 0.001860357293588321 -0.006323293830725169
0.21552537608681296 5.985948633848913E-6 0.7170747420644855 | -0.00830014526439914 0.002009842713520472 -8.729774767380914E-5
0.2590417315869733 3.7986621992752047E-6 0.791025852507135 | 1.1148838601193228E-5 0.0014736470421000847 0.008588542134410298
0.400003851577182 0.03643984819583155 0.22430512094691094 | 0.006716121055917974 -0.012785044109575426 -0.0022996946476119473
0.45771200004243257 9.132165406207078E-5 0.3057923003159465 | 0.0011053602802170348 0.004643526108439818 -0.004784660578266078
0.49879091967319883 5.3208438555669356E-6 0.49888350035452644 | 0.004336962509951585 0.003495950049870886 0.004228866320176546
0.31791003227685094 4.1378798213262765E-4 0.4000403170127112 | 0.004084863177197028 0.0033505277897891775 0.004655944834870069
0.3735275519790896 1.179783800799194E-6 0.4843761980418473 | -0.0057565221181406995 0.003371597826062281 -0.004331332539506655
0.34440753475015823 2.513691107498894E-6 0.5751016607056184 | 0.007719378985150763 0.0017958757934567052 0.0010485812657178475
0.36534115928733213 3.412001310488177E-6 0.649789840173531 | -0.002825478488349008 0.0012813149182706453 0.009334524792994316
0.3498514454841719 2.1111282667957754E-6 0.7433066440663195 | -0.004884908649990875 0.0021003099245302387 0.00584914098415405
0.4000001104559166 0.10456046882662591 0.20723188836327092 | 1.3964976000792718E-6 0.00425428476560763 -0.005173438539608723
0.40000001121700013 0.09358937797834797 0.32480018881204803 | 1.2634238517464261E-5 0.004536659047876217 0.004631756716463812
0.4000849567894462 1.9770106877162934E-4 0.31205791091387225 | 0.005428538734424767 0.001759682876384839 0.005958058172356343
0.42459281711597535 5.818960094014603E-6 0.42565349273249337 | -0.004050943919082235 0.0037924057619555082 -0.004953096293007679
0.428854075726197 4.662777838337452E-7 0.5399527091987091 | -0.0024981282595120365 0.00106123803265812 0.008321017165733746
0.44439315552384 3.2886313045486963E-7 0.6413002163891107 | -0.007396769479940046 0.0023275870447000075 -8.95720687764058E-4
0.43193899257742924 3.8882715235770334E-5 0.7278687042876494 | -9.100905831700476E-4 0.0019753091583237735 0.008187915150939761
0.427278090236816 1.6679669932938349E-6 0.8404157360018067 | -0.007842448805615312 0.0017865055195382042 0.0027031294490673457
0.4795266503174804 7.290074004037632E-6 0.23290298641226298 | -5.630921963589138E-4 0.004383470900367338 -0.003610755408362639
0.5105562667012554 3.441802862990557E-6 0.3010470839605544 | 0.003675746580719528 0.002606546486771052 -0.006123998843850413
0.48568519283712985 2.096559745504083E-5 0.3688487084938936 | -0.0013932650175072115 -0.042628115244680936 0.004250378808060998
0.5397224174452131 1.4285666554095904E-6 0.429042619615321 | 0.00850865201913646 9.840448338128617E-4 -0.002537685970904137
0.5344864026165003 7.872713841860204E-6 0.5346634581227684 | -0.004978832234285663 0.0030030816979134205 -0.005097759226034438
0.5022920685601836 7.693595851991437E-5 0.5821527310474783 | 0.0017635463221860044 -0.02150901650209757 -0.013416662675452063
0.5145467619750319 6.512959772887733E-6 0.7321090918252116 | 0.005755813616054155 0.001910432375344448 0.006783106930556522
0.5107996849702265 5.799392727484908E-6 0.8337735720027316 | -0.004565286450440471 0.0012103043750186764 0.007285568063522058
0.5664411600149534 1.3175351986811505E-5 0.19599196690243217 | -0.00112389317082678 0.0033941570191320285 -0.007415407409252684
0.5916555166368405 8.220532653992982E-5 0.2662986542467843 | -0.006015764510866519 0.0023151661125297043 0.004567668217364691
0.5755531383207215 1.1406122436503419E-7 0.344493983003014 | -5.315396639514092E-4 0.0010797163281899788 0.008797006687057095
0.6412222711575998 3.251309269113167E-6 0.4445835356736574 | -9.371468390463741E-4 0.00207837422754757 -0.007819474735807762
0.5818544023735823 2.907596231607924E-5 0.502453562429283 | -0.01771311224718349 -0.08967465545096479 0.0013596431340727935
0.5896687490155892 2.667120422026167E-5 0.5897620778972946 | -0.0040849301622895426 0.003343042180696546 -0.005147944952198102
0.6035273862705279 2.1191547967131957E-6 0.6668336652560404 | -0.0014490878108415017 5.323047383405605E-4 0.008971999910857642
0.58473452064231 4.950980420608395E-6 0.7949387181928382 | 0.003783400761128602 0.0018766554162433582 0.007194843204941849
0.6538699406777032 6.399890183007166E-7 0.1493343340802689 | 5.544666521221594E-4 5.973020448823835E-4 -0.009131641499337307
0.7171318855559878 3.9222027172945776E-7 0.21556626398244877 | -4.702819426013606E-5 0.001995477955801616 -0.008327803677522429
0.6498986999473528 4.195329780766721E-5 0.3653191497000329 | 0.008504998663191727 0.0018935836827388777 -0.002632415626621878
0.7270338088680106 1.133963917163784E-5 0.43184169015427326 | 0.00823627336539096 0.0020006939971146096 -9.627733117751699E-4
0.7321494270864868 2.3220597970458168E-6 0.5145494293055952 | 0.0063064378285750304 0.002233462466832407 0.005652546160454386
0.6667484383450795 9.97745957873526E-7 0.6034581443682007 | 0.008895901854645887 6.428228774344113E-4 -0.001827719683840442
0.6979070154695667 3.4090037499737413E-6 0.6978961267887843 | -0.006404497340483771 5.612820446032834E-4 -0.006456738514338948
0.6845873050085686 8.76714800477607E-6 0.7900146173373267 | -0.0038809527644078352 0.001128389011406845 0.00778521224401478
0.7575272874415229 3.5522181371723937E-6 0.1871561124456033 | 8.706768969260736E-4 0.0010359471156284787 -0.008862614247330213
0.7910485506546248 6.401319418613238E-7 0.25903068390415546 | 0.008578769948441282 0.001517489528545286 -1.7982269054881198E-4
0.7433598272626595 8.872058021329775E-6 0.3498568288061868 | 0.006348476971780245 0.0021367369283417756 -0.004429896009120335
0.8404772738779821 1.0000170610394276E-5 0.4273359647787492 | 0.0028385047588038977 0.0017529637050181272 -0.007852813276367138
0.8337789171407595 7.996825525299716E-6 0.510692477356106 | 0.007318158582601557 0.0013828205307563062 -0.004308338278430723
0.7949393381819183 2.509567504380568E-6 0.5847268494825159 | 0.00707952248880971 0.002121234739535097 0.0036941073991475413
0.7900134649013624 9.087243775810013E-6 0.6845884312150187 | 0.00777533556424644 0.001142653049107761 -0.003880823864250265
0.7407753879393815 1.5203448743470593E-5 0.7408201654212783 | -5.06447978002625E-4 0.010286772107547382 -5.327288091668274E-4
