512
0.28151147779358277 0.4000030197381564 0.28150180648858686 | -0.0019601736819879058 0.005182610171881105 -0.001959799739028969
0.2248782501352054 0.024995886077085007 0.40001574629261355 | -0.0023289399717372353 -0.013346922267282334 0.008269037253628063
0.2591136244002619 0.06501925368814286 0.4000001571703201 | -0.0027569897804874417 0.005110644676241035 0.001665868798399595
0.05203319878597038 3.5093474967694375E-6 0.4035770244896234 | -0.004163217524670484 0.0031691907370604523 -0.005405101783546494
0.21422478879121556 7.640005716893009E-5 0.46994119306583054 | -0.004076448868306792 0.003871575597563605 0.005330484718859025
0.29275532873996846 4.938892564570776E-6 0.6020573221287536 | -0.009191925021927724 5.904360908527146E-4 3.151648129886345E-4
0.3689880861456205 7.211709696990732E-7 0.6492311696086625 | -0.005219892022272643 6.07723091439252E-4 0.007300584347770103
0.2790853238797243 5.24599534159657E-6 0.7184093516613584 | -7.153072229033754E-4 0.005240960245370136 0.0030275414701771528
0.40000658300692477 0.015629283690281073 0.22255963719558491 | 0.008504146967143817 -0.010495966899899678 -0.0017373576995542456
0.3439022857921188 0.4000093623358199 0.3438965147977949 | 0.004728965299237504 0.003284784894764526 0.004732939681685695
0.4076804313954942 2.6845397971607767E-6 0.407555191662672 | 7.139143783053955E-4 0.005685063571990722 3.5990999325991084E-4
0.1435993535408292 3.332245569040056E-6 0.4734588371500837 | -0.0027469858940161918 0.005133252638450734 -0.0019322249745847093
0.26545235463367844 0.0055029152190665355 0.46313317796190095 | -0.03535771902145509 0.3128224238761109 -0.056996477515264314
0.22068405298800023 0.036158482827357896 0.5316029494520219 | -0.005709769696882115 -0.318347504287038 0.01582468857970198
0.2856602154161336 0.029477927093735538 0.6826087783166238 | -0.005451349024038469 -0.05924327286969895 0.01497965838779835
0.28139534174224 0.022274028569944797 0.7258423389028412 | -0.005306436929156727 -0.43164645326584145 -3.8147079273598993E-4
0.4000004492860806 0.0650601427776213 0.25912792652188527 | 0.0011684903959765052 0.005456056832027425 7.652277731985169E-4
0.40001882993917987 0.0015156919527157353 0.3515503920857312 | 0.003984224595224474 -0.002290309057931389 -0.009691326681478499
0.40783562916511606 9.51402399441382E-5 0.4073426232136937 | 5.057391688805726E-4 0.005684192229669317 6.479001824740896E-4
0.35814176236459494 0.01065169692756792 0.49566527577413416 | 0.07497561593531779 0.5396620667315196 -0.17570029053085298
0.37038996828800774 4.013251205703161E-8 0.4830552035107278 | -3.0182954886130307E-4 0.0027027784031538353 0.006460423646044043
0.34816776136982697 1.7016371482351215E-6 0.5760540938281837 | -0.004081150695907558 0.002862967350549222 -0.006057163137648554
0.3648851720580103 4.496253878494351E-6 0.6570449096679918 | -0.0080563323694853 0.0019188357490183916 8.035697886711234E-4
0.3637251858212413 0.01684755853455306 0.6586911147934843 | -0.017302427414331915 0.21608110310421666 -0.06067931222188841
0.40352740394550407 9.505578902473794E-6 0.05064901684198431 | -0.005444154738551146 0.003210854787807276 -0.0039893078825631555
0.47510347830352034 1.0975581832711407E-5 0.14845445135782803 | -5.115660254812639E-4 0.00517566164541521 -0.0028673932464313577
0.48562954889153487 6.644992170329783E-4 0.3689468020231472 | -0.002489998264608716 -0.07693157108352036 0.001266423994563919
0.42482573485209985 4.519285629128668E-7 0.42471999811892686 | -0.004093899529318636 0.004023476994021833 -0.004392858699873522
0.4641389345674318 7.902157791724057E-6 0.4634559793861599 | 1.371612462255401E-4 0.00578513487501088 -1.2006485615350354E-4
0.4397498463796637 5.451590566502692E-5 0.6408517649040815 | -3.308421621547586E-4 0.005488651733325883 -1.359002945384621E-4
0.43802728697115306 3.839296965182698E-6 0.6386981880561136 | 0.003062294606443072 0.004691469999755332 0.002611322164595941
0.4855647996278889 0.05180000269127333 0.6908858440722604 | 0.07455888708315792 -0.05034646962754409 0.008097825350536979
0.47056625145456243 1.359981554853883E-4 0.21420925811224611 | 0.004067310385383819 0.00396676325492943 -0.0029765055684864987
0.46636107006652616 0.003935000925711946 0.2650645556779849 | -0.02718095282568184 -1.0163399657021968 -0.04198569777165994
0.4855979884462164 1.0797109322200657E-5 0.36897964617655954 | -4.8276578686206744E-4 0.008203049163902803 4.7787527965750424E-4
0.46402541728864116 2.0900165089945393E-5 0.4635136129671572 | 3.029826122768617E-4 0.005778267651640502 -1.8389099329017724E-4
0.5175361543600245 1.0770395844016477E-5 0.5162575896803133 | -0.005540530128405273 0.0028200914481205327 -0.0047906147006393385
0.5022843434106165 1.1405943289633992E-5 0.5817790736836298 | -6.371170340558738E-4 0.007198362051645407 0.0016640840280254016
0.5178955785693785 1.3280465148739562E-5 0.6549730770294492 | 0.0055161777235043724 0.0025127223729685803 0.004946023434683464
0.5233840717815385 4.087569090389031E-5 0.6584803568424739 | -0.002934116064167942 0.004870249627523186 0.0018799129527481708
0.6012060509722025 1.806927995196667E-5 0.2920098947115258 | 7.379230896947124E-5 5.421268188834751E-4 -0.009250529716381736
0.5314232436037273 0.03529099583918576 0.2208213036042106 | 0.007521022874432757 -0.2659182653590615 0.005490568930165552
0.5755996606789313 7.9753984566772E-6 0.34821467082899804 | -0.0021808697587168435 0.0030996885213934442 -0.006649523875437111
0.6413848011087459 2.9074842447297144E-5 0.43990871001934756 | -0.001201932730793757 0.0054626077256486995 -5.540196600709273E-4
0.581079927478397 4.1539938469948765E-4 0.5024384409084122 | -0.01123759687826495 -0.10374676283437162 -1.7303665076013288E-4
0.5896681125663602 1.1985219935639465E-5 0.589756911165231 | -0.0042594159285917 0.0028886201666167015 -0.0055163390261315295
0.5969873354016062 2.581482148635105E-6 0.6786805598448394 | 0.005083279400101508 0.00121606395811041 -0.00682467945649379
0.5998700262620891 8.596919082038688E-6 0.6752774205386799 | -0.00294634697826856 0.004817692801574879 0.0019883351575622175
0.6504876319909616 1.6652519747006382E-6 0.36937040653847575 | 0.0066351821768019115 5.258832409526155E-4 -0.006027928480007444
0.686306337848709 0.025184662786658856 0.28496961903718465 | 0.016409458740715734 -0.07098504160386528 -0.003892727626160349
0.6572480156267994 3.4247204631887653E-6 0.3648192582877002 | -0.0011751612252571355 0.001521434332554644 -0.008362502565621746
0.6389561757687403 2.422531000497775E-5 0.4385168201809247 | 0.0022990815685370054 0.005071576612052453 0.002051872565491797
0.653891774365932 1.6490699824383637E-5 0.5173114526355811 | 0.0050644053323199885 0.002332900124331069 0.00555536096136077
0.6805669406091879 6.768358542772464E-7 0.5946423767202322 | -0.00664688478883052 0.0010111161001241853 0.005554631322599611
0.6832767886237571 1.0070329118705613E-6 0.6828652648246618 | 0.006199102809918687 0.0017472251648289706 0.005626789240588603
0.6836206524348631 1.1405347378791504E-5 0.6831939104978038 | 0.005958641773968344 0.0021868912865311754 0.005277606609061703
0.7190962048890055 3.1204593240600532E-6 0.2796936305183246 | 0.002263580684697542 0.005437583851524888 -5.137995370558402E-4
0.7267110000894751 0.025181090686406494 0.28266811618954824 | 0.0017596122145625223 -0.43698141015047315 -0.0030625340732786466
0.657926576992185 0.016204266332347592 0.36309041491542393 | -0.038968481291872276 0.3141170718132109 0.010178753672107866
0.6914546272117621 0.05269723314069444 0.4870806230191926 | 0.009670616088477274 -0.038383668475912305 0.08168843998852283
0.6579764365756638 0.0014711601602503128 0.5225732412902765 | -0.00883679946707162 -0.01589128894494547 -0.019388927261959402
0.6754936618014202 4.7293085316054E-6 0.5992140738342845 | 0.001960842491642722 0.004278726062599582 -0.004390098234901246
0.6836239759467061 1.2978881247736852E-5 0.6831904834074292 | 0.005943209342860122 0.0021884816681834113 0.005292675272003979
0.740763758072775 2.689809271145625E-6 0.7408079246278427 | -4.0954853271042875E-4 0.00553392338745344 -4.3446341960365814E-4
0.2809784801992638 0.4000044860753599 0.28096827759643067 | 0.003547578067994601 0.004328497905704663 0.0035533394355625665
0.1466492993457194 0.025219294740739428 0.5302133519834172 | -0.18866134514447047 0.49844498608864146 0.10296773124701566
0.26010356777929655 0.14243634031647623 0.40000000064559355 | -6.63983904246197E-4 0.005527070979101238 5.4099319208881434E-8
0.2290298265176045 0.011614865659757482 0.4000447861371314 | -0.0037962165286367098 -0.01065083047043538 0.009928294458493966
0.2232125266033332 9.510259404423843E-5 0.46896155694461317 | -0.004245055233237277 0.0036437681357450098 0.0050268759177075255
0.2705429271115326 5.179111177680264E-6 0.5903247386335073 | -0.005297904891862905 0.0018542262970390685 -0.006389413699857818
0.30916970733967875 3.545723672794383E-5 0.6544749202856317 | -0.00780267225167469 0.0020095646612390628 0.001538636177759599
0.25475302225148544 5.910347989393475E-6 0.7043735668962 | 0.00393338142233698 0.0032119362736200974 0.00596885291196703
0.5321538895935416 0.033259418587341175 0.14074438025597608 | 0.13841782531162045 0.5020589677809405 -0.21726141527169066
0.3437227636690865 0.4000050056401913 0.34371698798490674 | 0.005069373804668221 0.0028964288257577425 0.00507273330498398
0.40947029220654135 0.05403669060056784 0.40297073130868377 | 0.028840031850368174 -0.7787816928093428 -0.04495010396159813
0.1939790159861449 1.089601587045267E-5 0.48219264699687475 | -0.005433094642857131 0.0035808496661740505 -0.0035522570469666724
0.2653733614266145 0.0061164471647369234 0.46310826369495095 | -0.03457492975863904 0.30102612080557456 -0.05518641685509406
0.19862176626704706 8.00238378507003E-6 0.5522159255951239 | -0.0038428121537094676 0.003567361787965978 0.0052308688486419974
0.2151809165747723 2.2274116066375854E-6 0.6443825018782499 | 0.003020194636328017 0.004687367772238693 0.0012611649867801799
0.28008286901002866 1.2045421358348722E-6 0.9060740262129329 | -0.0073401989885642826 0.0018450649762922593 0.003758623254644881
0.400000035667793 0.10533074205393601 0.2559689159391311 | 1.159770811194388E-6 0.005569969183854839 -6.543976100823971E-4
0.40074944990743544 0.06332955647587839 0.4145449003153748 | -0.03307362104223944 -0.8205185549101532 0.028070295169569392
0.4625594874817432 0.03215803250257894 0.46381794603936993 | -0.03209623432222776 -0.29443710857803207 -0.002059912232029536
0.3314901415905129 0.0032672480777460444 0.4000644038042483 | -0.007432417459723272 0.002392556007895965 0.002657565520059119
0.371795045776813 5.726279144448366E-6 0.48261919270090925 | -0.006645173139178158 0.0013100969311196757 0.004313047533153968
0.3482683947893957 2.3435187060636026E-5 0.5760584255634345 | -0.004605148324822458 0.002790531819998084 -0.005784369748874697
0.36327048623995434 2.7699875416347438E-8 0.6577053997103783 | 0.007046962687950934 0.0014726782323169333 -0.0046221873629192995
0.38564411729252795 1.933678031517068E-5 0.8330237915949034 | 0.008164911504794564 0.0014011222087371782 -0.0025486383713959264
0.40005920879969925 0.01148355638710696 0.22692164564399628 | 0.008624493949543803 -0.008673292961731707 -0.0036651709399452025
0.4780838079672167 6.448245249752451E-5 0.17965872763316323 | -0.001890288905091739 0.002160117180390243 -0.00733929496740996
0.40008460711805544 0.010311524263908845 0.33645640077827055 | 0.002564420597839226 4.215309870784451E-4 -0.008989459676757171
0.43929532911202634 6.711139274505185E-6 0.4395833282562039 | 0.004203247089133621 0.00418975286457292 0.003917950748345992
0.46407315054360737 3.9101639397534726E-5 0.4635385237835577 | 2.230179310810531E-4 0.005779959502724439 -2.31493098396309E-4
0.43918011940387164 1.3948315736835322E-4 0.6401142934110874 | 9.156490255065345E-4 0.0054064532518341285 9.000750785106153E-4
0.4372985878487971 3.267007052605781E-5 0.6385781703785653 | 0.004308814175853504 0.004296498903844506 0.002307645959185103
0.43772239790712963 1.4877850475932138E-5 0.6350248182522431 | 0.0017358104580680583 0.003392590536543356 0.006141471460367906
0.46820903354786453 6.170400682128035E-5 0.2225076458355843 | 0.0048196154621644735 0.004192767115193023 -0.003669165874123087
0.4665512888355046 0.005462652719511626 0.2651818265695017 | -0.02733616309706908 -1.0092448203139697 -0.04197551048042999
0.4856264525034716 9.279379553602429E-6 0.3689627097217993 | -0.001895838064581796 0.005341054619112579 0.0012179002747393414
0.46410253013145575 6.819221139898802E-6 0.46345039134013677 | 1.9519902499325035E-4 0.005783797731913036 -1.0441666931746938E-4
0.5895905379329279 4.752527592853277E-6 0.5896817062192415 | -0.003703287434882652 0.0032810475828337175 -0.005305870219011646
0.502288946437515 5.553968933005037E-6 0.5817755641336193 | -6.844079047228782E-4 0.006165810836163015 0.0016661316484427183
0.5160263120496684 2.1853069805334922E-6 0.6499564063211296 | 0.00531653544634608 0.0014840976265850724 0.0063623268136486595
0.5192210744881606 7.61760965109215E-5 0.6451656261608604 | 0.002557785182314653 0.0010654586161449044 0.008144013085812796
0.5903091089121223 2.7730019097962233E-6 0.2706286360138392 | -0.0067243018679271635 0.002303631444177892 -0.004249848772067835
0.5387903666078216 0.007364742744071308 0.2132099132951373 | 0.019818697116226778 -0.15844064908923344 -0.006455213269919075
0.5755719985835615 1.9711135950455434E-5 0.3481670036955174 | -0.002028370176402684 0.00322503206197079 -0.006533609526195479
0.6407229851028899 2.127145754841961E-5 0.43962973385813864 | -2.484490593127584E-4 0.007046769098831216 -1.0161851779511503E-4
0.5811077268357391 1.5486869344732843E-4 0.5024286816683473 | -0.007485921684477843 -0.04547129445732048 -9.010558813349954E-4
0.5896503691840942 1.8422729666667983E-5 0.5897430139603727 | -0.004112057847084674 0.002988633763167134 -0.0054765997822164274
0.5998337041923568 1.1820337890125239E-5 0.6753385040800985 | -0.0027273491730186302 0.00503694948901731 8.63241357140374E-4
0.5946338175901087 2.3073181546827377E-8 0.8091600853147114 | -0.001715934584350664 0.0017850908528751585 0.007598986113233713
0.6546485318085418 1.1167521806937825E-6 0.3086823763303669 | 0.0013532552590976934 0.0018879089854615776 -0.007985471427141047
0.644332703230474 4.980917346473614E-6 0.21506871280062356 | -0.004436339325994097 0.004188637905915848 0.001310950721821503
0.658450334408227 6.842777775873112E-7 0.363708256360198 | -0.008238149453384106 9.794488767964262E-4 0.0031508701701856824
0.6383877119865613 1.7126476975128405E-5 0.43676714325724086 | 0.0020698213184870734 0.004088993625878982 0.004967086682232954
0.6481046083904763 1.9722642605484407E-5 0.5148879107701242 | 0.00635615417774678 0.0013055607357376313 0.0053791443938324855
0.6755613297592679 1.8201289863040946E-6 0.5991696923194395 | 0.0011558996351931372 0.004444721829666204 -0.004302647195424339
0.6827925302398943 8.388973840505867E-6 0.6824307395168314 | 0.006416835861301559 0.0013813885623598368 0.005852149404266146
0.6560382349365126 3.023827007807452E-7 0.8898931653052746 | 0.008272818001504614 0.0017026321412324768 0.001283369663146545
0.7043533171068791 4.2486142737958076E-7 0.25474518850527306 | 0.005963302382706976 0.003262199918367009 0.003905711274432468
0.906067440245275 4.954468743657459E-6 0.28012610743600863 | 0.0037701943716323865 0.0018414282350032816 -0.007334335867790361
0.8321478724245059 1.5884128992045993E-7 0.3849277342438577 | -0.0025629123897340346 0.0019733519894473066 0.008021989613687138
0.634965145699208 1.901495355160327E-7 0.43759441307705527 | 0.0060879044291647574 0.0034747383012387082 0.0018830873100246417
0.6451187459843902 4.3553618982990265E-5 0.5191816832878187 | 0.008061604977827257 0.001102941073473336 0.0023975829377914587
0.8093429529920939 7.344885901538005E-6 0.5947152903733287 | 0.007543737920955747 0.0018467313804741944 -0.0017210047850101601
0.8899102870935888 4.583800574930591E-6 0.6560213750332196 | 0.0013137557450598166 0.001701308688579661 0.00826920192916892
0.6814957298132115 5.4486426438044564E-6 0.6812252593894841 | 0.006659523481992232 8.797931775182949E-4 0.006163313494745871
0.17348883906394627 0.40000173494126046 0.17348892167062982 | -0.006381573986195435 8.74430986034782E-4 -0.006381562654125141
0.223567179433235 0.4000045133371587 0.3464327864315845 | -0.0044665922527099815 0.0034376426984282626 0.004715171244059366
0.23500645960109595 0.0719979371287249 0.40000057009258355 | 0.006055616133082469 0.0037752344802925992 3.2013461144586163E-4
0.2029118941994121 0.10695096114374683 0.4000000007717403 | -0.00561233067141908 0.004016867928746567 5.816302098997785E-7
0.2643879005339651 1.0603285336112313E-4 0.4550085923037501 | -9.200714136594919E-4 0.0040410163738872976 0.004439898243768235
0.2675709226017187 6.022643850270832E-6 0.5823589895952951 | -0.003361401220475085 0.0031994255299113462 0.005863804475764458
0.28414741122905596 1.4394448612253795E-6 0.6455556024904783 | 0.0037832258932630316 0.0026626390030923576 0.006258841206854517
0.14874765909144066 5.10443095525194E-6 0.7927996122337446 | -0.006399990766632412 0.001032870076098414 0.006198724240558979
0.3465404444866517 0.40000080530260607 0.22359285397942383 | 0.00457624370154713 0.0034704906961793174 -0.0045446042714588865
0.3435883744063473 0.4000159403219293 0.34358258596317864 | 0.005232376330977854 0.002693774944818928 0.00523542865160635
0.3246756894337607 0.017789514232146142 0.40006108151025316 | -0.006495542440152373 -0.008097904241346196 0.00887945828397366
0.22515354490212164 0.013310809244658725 0.4000388543207027 | -0.002206946854678585 -0.011436597694500564 0.009908903550835145
0.26515609503331017 0.007965128499935891 0.462848516424446 | -0.03454510928484082 0.2272844886038885 -0.05229198775619096
0.2658328956537504 2.8891686201619115E-5 0.5831771439527877 | 0.00440284559079589 0.0040171635704284395 0.003538529362114457
0.21515978578173758 1.93422307166035E-5 0.6443879879443374 | 0.003089227089600551 0.004670551560547224 0.0012253951949615961
0.33111097284051527 1.6170425060758946E-5 0.8460604820377323 | -0.006462750791855492 0.002057336873915028 -0.004633238019025278
0.40005804246801957 0.04668137487871472 0.2384137612815196 | 0.010457239894966355 -0.0051767583769167826 -9.407213613349449E-4
0.40008244824449585 0.02167238682336368 0.3254852110311707 | 0.005248204066558566 -0.010519801912827139 -0.008234674354769638
0.4619779093282418 0.03382404982340229 0.4644580481282821 | -0.04088429810257271 -0.3091476776365782 0.009576263816687134
0.40852303183921257 5.17512907016328E-6 0.4092091878129058 | -9.528531017854417E-5 0.0056075246284197555 -0.0016309598995780702
0.3726069217979274 1.437925498374498E-7 0.48547224315533205 | -0.006015682035185464 6.789748608576464E-4 -0.006046450277565302
0.1982971117050483 0.02170843101903925 0.6292256403033113 | -0.15251937662114576 0.49816831908788234 0.12401333783127588
0.282551989162245 6.331252380688218E-6 0.6560383740044008 | 0.005551331350467139 0.00344160231337786 0.0028745634261870866
0.3651406199027185 4.083558148597505E-7 0.644691225825735 | -9.114783819572222E-4 5.887903185140487E-4 0.008903255065166132
0.40000005706474967 0.10679918547354969 0.20322035879594036 | 1.0516509381371744E-6 0.004104329846197061 -0.005446274931549796
0.40000306618936043 0.014754036025177508 0.22310274570199004 | 0.008599963386252484 -0.010195699354621777 -0.0019831341250786377
0.40890247304308475 2.2655501110106886E-6 0.408134055136703 | -6.972814460263168E-4 0.005699961880168101 -2.3226674829182555E-4
0.40921650274656907 4.449387904039101E-6 0.4076839899506175 | -0.0011326139759287482 0.0056596615568747415 3.859966264309855E-4
0.4255051115274571 7.0520431035064035E-6 0.550952715209486 | 0.0018846709639949702 0.001088625923264724 -0.008736870365280836
0.4302808312340577 0.055302352975788345 0.6229434876143795 | 0.09290634903134382 -0.15331191820033238 0.08423682590831894
0.48627908282005294 0.05965094485280789 0.6905068599729228 | 0.0829509519813025 -0.29879128203653194 -0.005744711780589869
0.4404051219072851 2.3334822190006145E-5 0.6327170787308392 | -0.0025406347508298514 0.0025039832396955633 0.00697621826660371
0.4553119771652968 2.475543940739551E-5 0.26419246026134124 | 0.005601879716778562 0.004594941891644535 -0.0015604128069814076
0.46558271594837 0.0015398473407296797 0.2645679787423341 | -0.05064260816316464 0.4888645681027092 -0.04242530066635425
0.4856243489124418 1.200239763856498E-5 0.36896167232519195 | -0.0017800546341819842 0.005354036494690128 0.001263494586754088
0.5506824426651966 1.0466947798088126E-6 0.4259018423162632 | -0.008595404781423899 0.0010415361259114603 9.693609477009537E-4
0.5896950882863002 1.6340217685586607E-6 0.5897865674173997 | -0.004417590194786389 0.0027218894851949583 -0.00563934751638706
0.5022320070132262 6.796109116619243E-4 0.581780423076544 | -5.115509136003285E-4 0.25862585285914375 -0.0034769021090860345
0.518042108042922 4.6008546725523826E-6 0.6566166770224932 | 0.0057754397808502415 0.002959707822161463 0.003844088670277542
0.5154874786881641 3.190698816093893E-5 0.6339595915587165 | 0.0032435772040875915 5.664152284155894E-4 0.00815838447301896
0.583386454084728 2.0803949741938134E-5 0.267979117458948 | 0.005238603275513618 0.004045690393828528 -0.0019794268785474516
0.5829969170123814 1.420209440457656E-6 0.26579316602558134 | 0.003564099117243068 0.003690977744554226 0.005115952775718449
0.6308742266324726 0.014518778149942124 0.20603548121801477 | 0.15177828258221898 0.5476154209082305 -0.15484538444326248
0.6256039259528758 0.05305274753118135 0.43314972786220357 | 0.09074429776794887 -0.2184232576605479 0.10139229051295265
0.5807656575018953 5.043051212816064E-4 0.5022828538831631 | -0.0044314972491182325 0.2525393933196298 2.508700847341333E-4
0.5898311910103271 1.2342090670423058E-8 0.5899130644497708 | -0.0049929339940129915 0.002248020182464462 -0.005825996861005703
0.5976378353060221 1.3303196592178874E-6 0.6778714805448866 | 0.0049625719737123935 0.0014722722022320455 -0.006666724779478017
0.6054683544344875 1.1338650636769402E-5 0.6624917069214111 | -0.0013764777152441652 3.7262954543647433E-4 0.009188727836403801
0.6455391220560698 1.292069090130702E-5 0.28416379180766427 | 0.006314288489965433 0.002440785817293743 0.004349628687863156
0.6443098563359317 4.5783091091009856E-6 0.21506954342653606 | -0.004333925787920835 0.004239818449947431 0.001298349056231702
0.6566870632937601 1.7938393791052348E-6 0.28244399939676545 | 0.0028168336848167627 0.003183482869472142 0.006070603362247171
0.6910647634756599 0.05861981253305928 0.487271805615253 | -0.0023932126823625103 -0.281600649488752 0.08859191203971535
0.6559646114039515 7.172845883157301E-5 0.5176157498444256 | 0.003783349859301353 0.002896317448791216 0.005826711316991682
0.6786481405996748 5.661459348411947E-6 0.5962047411532554 | -0.006377488173929657 0.001403756544218995 0.00542568652205279
0.7407631122045693 3.282559132894698E-6 0.7408072310531795 | -3.8349888025418586E-4 0.005531950334420893 -4.0644932653001806E-4
0.6488772714442838 4.693366919849036E-6 0.8841945536730493 | 0.008545359599422327 0.001077142969912569 0.002409417574145509
0.7931048896765003 1.4755925614342345E-5 0.14844605205371153 | 0.006207102934260081 0.001016841765198019 -0.006408910917362754
0.8460636431162624 1.1921928154932465E-5 0.3311069194016112 | -0.004309312889610778 0.002216185881298232 -0.006842290538826325
0.644785391822569 1.1472381962203648E-7 0.3651711456989015 | 0.00889805697537993 4.972365372091406E-4 -9.74489673452813E-4
0.6330369049535128 6.815387740672941E-6 0.44012205146302547 | 0.0069391345899281354 0.002693070056096792 -0.00229989193465257
0.6339334494707444 7.27901461046801E-6 0.5155047918778548 | 0.008052970599447254 5.996916882812544E-4 0.0031064936908623613
0.6624327218589025 3.8111906273650975E-6 0.6053899560950228 | 0.00915069829155085 3.9196273684114196E-4 -0.0015774061085834206
0.8841960757245906 5.222419333738567E-6 0.6488704899666455 | 0.0024492495824093366 0.0010749836015869173 0.008535708553918879
0.8060655610134106 9.163733873239583E-7 0.806065577119326 | 0.006168832069110125 0.0012753009871647597 0.00616731593313541
0.1921562308686619 0.4000048307831806 0.19215625642786707 | -0.00642833210405791 7.691170983043637E-4 -0.006428331631674532
0.21850705937882262 0.40000314847830115 0.34560721607482175 | -0.005642300630740189 0.0027028641285376446 0.004783506503889525
0.23905830528164057 0.07483659110967981 0.4000009181038638 | 0.00866564189100055 0.0014261665473731195 3.967361505045906E-4
0.1345724099895683 0.029891544306410184 0.40005334408858834 | -0.005295762740996617 6.713914034532342E-4 0.0074779729582532565
0.15503315892557556 3.2958362384735316E-5 0.47336067477801924 | -0.007031000233154 0.0031655364705584534 -3.074509879008535E-4
0.19254099359110777 1.0802404099015652E-5 0.5690235847750164 | -0.0038941581598886015 0.0033220249390772216 -0.004924604642949319
0.12865323282544747 2.541394207010698E-7 0.6572081664501723 | -0.004845111930663441 0.0027806552691381804 0.005787203110195702
0.1553112935438506 2.880030357329924E-7 0.7868345292779456 | -0.006146580791055518 0.0012859656330939033 0.006177337340136443
0.34561192578814676 0.40000292827972456 0.21850639704140914 | 0.004821768812370843 0.0026966278203616615 -0.005618720010479936
0.34351551705705113 0.4000026586348156 0.34350986298114244 | 0.005341227643047764 0.0025524179167403615 0.005343526345325006
0.3235526908422731 0.020485098844202868 0.4000358797884779 | -0.001493449136085926 -0.013040102908001817 0.008358872043422467
0.28107808777520993 0.11129247897752709 0.4000000074803749 | 0.004399409969632167 0.004624470145943028 2.792211433512878E-7
0.2985145925822886 4.902064049985979E-6 0.5133198137923365 | -0.006659109878835653 0.0019419378369841202 0.00368238888214324
0.06804655233548206 2.3089048964036767E-4 0.4943706366482094 | -0.04476980304946564 0.02915823409841738 -0.022713657368893803
0.21509886985558066 2.0129284504014202E-6 0.6441591337286883 | 0.0031173553141638 0.004550328798797793 0.0019596096331646615
0.2574482818901663 1.895708407700377E-5 0.7972279733604674 | 8.987317114175631E-4 0.003058505685428275 0.006788494355959435
0.4000011754285762 0.06637211837430036 0.2272368567566114 | 3.0234164058220086E-4 0.004930262961830177 0.003709841969081664
0.40002527258684173 0.014142144444064631 0.31996712961062906 | 0.010003416492480157 -0.006732663322060927 0.003266705535954991
0.46209254429354935 0.032388646191436485 0.4643188928053665 | -0.03895057468045867 -0.33496455113951634 0.006798100409616432
0.329541550889457 0.008901505935272292 0.40003217211521686 | -0.007513931337371855 0.0022519002568355886 0.002963564947762249
0.3706705019550281 6.431130293469607E-6 0.4815673017743091 | -0.0012143334111378186 0.001198900319101133 0.00790827745904399
0.3469590711500715 3.289588845450019E-6 0.5751083312846472 | 0.006275716137236503 0.003674428775384305 8.009218228079634E-4
0.3658725209331732 2.7835348323127964E-6 0.6557330446269838 | -0.007085247262108915 0.0010175767615473374 0.005195718254187425
0.348449884537413 3.248119806732128E-5 0.7290776738821186 | -0.0017052059450909781 0.001515249045702828 0.008147626982652
0.400000399479179 0.029604916819303273 0.1342483388165472 | 0.006632385699991474 0.0010298813618258911 -0.0059489357663510935
0.4000000013429463 0.11001439833133941 0.2984511297130535 | 4.818227300958815E-7 0.00251661011286959 0.007851466544894126
0.400132532755552 0.0048865816153733045 0.33483525431278344 | 0.0026847475376111456 0.0014713619424501746 -0.008260774214247908
0.42167414932924135 5.792567215917356E-6 0.40483662722892366 | -0.007006178663500728 0.00289320084224364 0.0025489696851225727
0.42114782894048947 1.715846462240171E-6 0.5582204458987754 | 0.0039439128260534565 6.8246960975369E-4 -0.008304179232833662
0.4266672340144094 1.5529495111610537E-6 0.5459616439113272 | 0.0013776526070244015 0.0028073037377088503 0.007220227162744007
0.43256297760419565 9.156237852747201E-6 0.732496594337782 | 9.151946048242808E-4 0.002688772001756571 0.007263988594005899
0.4370829369554635 6.369401990617385E-6 0.7392608657216335 | -0.008348024064000996 0.0015777998483410573 -8.55286926579377E-4
0.47315536684491283 4.0806704393521995E-6 0.15485980169110905 | 0.0010240852494002952 0.003918426226923135 -0.005767563058110709
0.5133503734311464 5.4128377601282064E-5 0.2989729590690403 | 0.004074044043186218 0.0012455134539454723 -0.006303618955530277
0.48562795946201515 1.0414017726449522E-5 0.3689591668677084 | -0.0019510405155244081 0.005315075558838746 0.0013643520108788593
0.558815919877368 5.2611634776932856E-6 0.42100585107094873 | -0.008113870479415754 6.112568502669226E-4 0.003840233383223524
0.5896744193815457 1.207972157813088E-5 0.589765208483844 | -0.004284346540185195 0.002853698828735325 -0.005549701969847282
0.5022799115817131 6.276018448374224E-5 0.5817774265032167 | -0.0012720443246337393 0.03430766901427019 0.0015860429860070735
0.5077426717829858 3.628088992490321E-6 0.8377459415440343 | 0.001023865366480055 0.003781637495010857 0.005872227612434306
0.513300231297191 3.431937138028245E-7 0.7312143078008299 | 0.005701125802524084 0.0021379591203134506 0.005728886134415419
0.5690109028574782 2.998174740931583E-5 0.1924938410856389 | -0.0035766668583598893 0.00329428768573811 -0.005475223195013064
0.49437960352353294 1.4227340767416642E-4 0.06850160271289583 | -0.04056922325262139 -0.09661153773257662 -0.0634796828742638
0.5755235387206762 8.142663837614291E-6 0.34700603235403354 | -0.0025736446544337615 0.003394952311228468 0.0061049186390329906
0.5460427829235075 3.026544791676433E-7 0.426977938750553 | 0.007277855543743534 0.002416704445753336 -0.0016651393973160246
0.5810861739894551 6.783195126672356E-4 0.5024425201448249 | -0.010313267005783396 -0.07371638009131876 -9.359197895902126E-5
0.589582430030838 1.420359529214529E-7 0.5896649901440478 | -0.0036983172789983518 0.0033481022513062483 -0.0051969696762550035
0.5998212723095195 1.8036363607223813E-5 0.6753436696060742 | -0.0025060496265546044 0.005097326434839357 8.242249307009635E-4
0.5979212725334306 9.198690422958038E-7 0.7173385918407629 | -8.373040609500114E-4 5.108811969394638E-4 0.008527532059775607
0.6570513637936161 1.4248575821164916E-5 0.1286731030836223 | 0.006624363904607992 0.0025035373759118686 -0.004101324316146999
0.6441467958697853 2.3057664858967668E-5 0.21497696325724425 | -0.0033859899210404516 0.004428712226041173 0.002240889441911792
0.6559189559807599 6.702095356255503E-7 0.36604650176522724 | 0.00449266078902993 7.828134941678823E-4 -0.007717554027817294
0.7326659214243246 1.46483003587387E-6 0.4325703990966069 | 0.007205829097971068 0.002724960859306494 0.0011938973509740985
0.83785429880945 5.164390061365091E-6 0.5078466589709691 | 0.006091016634058245 0.003716860567583185 4.7368100804917796E-4
0.6755765063000178 1.0203905502751462E-5 0.5991818376994519 | 8.238583403669028E-4 0.004405795478331159 -0.004461650272100346
0.6813514262345964 1.1103561358550774E-6 0.6810936239190504 | 0.006677671061354053 8.450169143584558E-4 0.006181106682347093
0.684956923169411 5.262806334481964E-7 0.7931789971856066 | -0.0038573950506508494 6.509011641087124E-4 0.007723998415231657
0.7867338055553547 1.1029341372717236E-6 0.1553856783665232 | 0.006172601556936544 0.0012976966570000107 -0.006137289436402317
0.7972528071463828 1.714153492153016E-5 0.2574341304249697 | 0.006588054954024193 0.0032231062038480685 7.37295149283618E-4
0.729100066855529 3.8532249764030045E-5 0.3484528242933976 | 0.008250491899974509 0.0015237382817206132 -0.0015008606267092493
0.739266486746706 6.8378814961844965E-6 0.4370840737782869 | -9.518106865193128E-4 0.001587449162817255 -0.008374550406174247
0.7312129280561637 2.5962741292783423E-6 0.5132987291794789 | 0.005430189362063802 0.0022709453170857486 0.005634331317694468
0.7173308193425985 1.9016520309611255E-6 0.5979378546140219 | 0.008479491369391835 5.67074062421972E-4 -7.766960416342052E-4
0.7931738623530405 8.58130485884641E-7 0.6849555499722424 | 0.0077114535132604585 6.896023471226046E-4 -0.003838196471711853
0.7988240301739596 6.403574516737072E-6 0.7988240159895251 | 0.006357045060025119 9.178922618216073E-4 0.00635212209226079
0.2140629248530909 0.4000048197214068 0.21406293638446477 | -0.0038643937301944984 0.004092412148722029 -0.003864169801501378
0.23210855685321455 0.4000073546479893 0.3431599007755431 | -0.004622028253340355 0.001642142948915136 0.007040768504118902
0.24143599954343017 0.07803004698342315 0.4000001403297553 | 0.010378918739292281 -0.009155054732203443 2.1357543391938266E-4
0.14327130955619374 0.030316210203735 0.40007505993906545 | -0.008892611974256196 -8.86972537669217E-4 0.00464117073919674
0.07001543317551222 1.687773568637792E-6 0.49283036876878394 | -0.008417224160079362 0.0018390992218989483 -4.972317197595109E-4
0.20011270755101906 6.06851922824683E-5 0.5661508827840237 | -0.006151540859480288 0.002755337216421506 -0.003704021847319809
0.14374458903254214 9.180905820624201E-7 0.6543798742831259 | -0.008902571337790455 0.001263230681607821 0.0015753864758384678
0.16581142613410052 7.007381545818197E-6 0.7755695062928569 | -0.006279623826657249 8.826947085346754E-4 0.006467568020972773
0.34316243617854403 0.4000072344800633 0.2321086600234608 | 0.007051506878598106 0.0016398867814924098 -0.00460906677868665
0.3435082821909901 0.4000016534490282 0.3435028930839878 | 0.005351255986864242 0.002539874051948367 0.0053523591480864495
0.32246907074921244 0.02008502462953893 0.40002219461702043 | 0.002420588325673916 -0.01256137542092558 0.008607554692662583
0.2985380252647852 0.10814131454285998 0.40000000667708746 | 0.0068394547832759224 0.0031651773107070334 6.745958270293505E-7
0.299786850173326 6.658308472593033E-7 0.513406151040114 | -0.00731003561960974 0.0016651602033016554 0.0029583213356926155
0.06792381270672115 6.618899089463537E-5 0.49432456057193697 | -0.04507997779940707 0.05361826321444426 -0.02262738766600507
0.2150990559351786 1.9978284367345376E-7 0.6441683915774314 | 0.003123436334398706 0.0045541205650071045 0.0019289760663428954
0.25730544743426453 8.993329332961659E-7 0.7944005439610066 | 0.0016499221353861264 0.001906748435941149 0.00789482070216357
0.40000080347563216 0.08265632623053842 0.2432671625561974 | 2.721457158299136E-4 -0.07635242741623396 0.003158570738892111
0.4000386190782134 0.01411264250230414 0.31856602345292945 | 0.008467497851199546 -0.00537906432543535 0.006352399151768062
0.50499641030034 0.05570518025588834 0.5215959153743567 | -0.07129935522620741 -0.8446737908668082 0.07170018073132449
0.3234426616642817 0.01284669887632778 0.4000446373686398 | -0.0020740027420767205 0.0014744208754226258 0.008540937999817649
0.3713270480901011 7.810225547035684E-6 0.4821358266852434 | -0.004369376233970715 0.001323775154655654 0.0065737988825099215
0.3427766351954669 5.239201265472033E-6 0.5788050848694907 | 0.007261061147804018 7.540964290848187E-4 -0.005582504372462628
0.43280028779224666 8.035064948996295E-8 0.7439827493641854 | 0.0020584024951336355 0.001558815045896908 -0.00829556301683263
0.35178725486084494 7.382543621244406E-7 0.7305608266788157 | -0.004445354344101999 0.0012876727050477538 0.007258507160352943
0.4000320790104578 0.030579945281581297 0.1430329623000609 | 0.00424765408129477 -4.051137947180173E-4 -0.008826364970693626
0.4000000799239173 0.1458542439631582 0.2973548098266091 | 1.3531924300354662E-6 -0.7740537385017567 0.0028623703539445
0.40005340884219054 0.008304444262940146 0.3286253241751531 | 0.0032974600410104237 0.001613005919268782 -0.0077740338349245
0.41835975789182317 8.152996040026818E-5 0.38783249528536373 | -0.003535376569197749 0.0028365687700310374 0.006374627526342598
0.4234853675202486 1.5462301539358013E-7 0.5543701795423857 | 0.0033844806658765198 7.564189962019123E-4 -0.00849762963452166
0.42645826093059447 2.422290297568114E-7 0.5428100940600957 | 0.001965066048204607 0.0010824238722204288 0.008770668570479524
0.4326654201642717 3.3023156082803704E-5 0.7332537831601882 | 8.08001500493998E-4 0.002955886411671426 0.006968947919146011
0.43738029481492374 3.774636254387536E-7 0.7442996310012704 | -0.007984098974311219 0.001280607999952078 -0.003315466555694771
0.49281015295922853 1.618941659119753E-6 0.06964834962191539 | -0.0012279590826271601 0.0022655194194316627 -0.007991643416781163
0.5126242887467216 1.1724073842523511E-6 0.3002601830794034 | 0.003969053234988207 0.0010183310141772977 -0.0065387417877699385
0.48562218135584695 6.082575573726679E-6 0.36896356245336537 | -0.0017038104395185197 0.0053741312279676455 0.0011996169444688871
0.5541416134201673 1.3708207359082597E-5 0.4237214977079959 | -0.008287429844371141 6.929155976634352E-4 0.0032712043997282347
0.5896370287227644 2.87167082857328E-7 0.5897185575790398 | -0.004186628845189325 -0.013399814578608006 -0.005464443567048905
0.5022868144405324 3.84527813777019E-6 0.5817899225454594 | -6.240666181762402E-4 0.0050355988672758385 0.0013630279618182157
0.5078459316673153 1.5130015089598253E-5 0.8378767857362613 | 4.1422687689489195E-4 0.004013905396965071 0.005569907911934744
0.5125780703380964 9.549971471206328E-6 0.7415875324720516 | 0.007920955064748502 0.0017083108264953658 0.0029339331860610226
0.5661329204870649 9.931200033290813E-5 0.20008112762972827 | -0.003018317397804119 0.0027098406845213184 -0.0069377930185793545
0.49439437951898063 1.9760045375082585E-4 0.06846574195911614 | -0.039434692427511304 -0.07959985519969799 -0.06215499274346293
0.5787182496894752 3.571906568303744E-6 0.3427942244320894 | -0.00564610339343811 6.876131207706129E-4 0.007276440040112825
0.5425722448241529 1.643547456116253E-5 0.4266422948757272 | 0.008756330955268652 8.416223395606732E-4 0.0015479199871181186
0.5810994194946708 1.117640947800973E-5 0.5024262551023772 | -0.007057704612847992 -0.05263597580424306 -9.770266898555223E-4
0.5895488702257363 1.2783646010098582E-5 0.5896399454279557 | -0.003247951939277113 0.0035981467722515925 -0.005070079234041359
0.5195035249315066 0.003728218734109769 0.7498887752687964 | -0.012001655122018048 -0.13349458039788126 0.0018875902541522853
0.5939603452486665 1.4342672824456237E-6 0.7269400797466132 | 0.0010755473280460266 5.814876433453254E-4 0.008528570492195856
0.6543965639518378 5.988675721035947E-7 0.14373744159269583 | 0.0014870093698414201 9.834376283737673E-4 -0.009167548762948471
0.6441446259829778 8.992093694509004E-8 0.21497370512762715 | -0.0033439592888289283 0.004432571022638055 0.002281686142771153
0.744180134627864 9.008486106795962E-6 0.43284407785485524 | -0.007823042193231138 0.0020182863432451174 0.0018267689904767372
0.7328588302725068 1.4516473375029179E-5 0.43261488053111247 | 0.0071324100602854395 0.0028032896915312186 0.001100101782000291
0.8378843794012114 5.0201646455000935E-6 0.5078709776312659 | 0.006035876140212243 0.003759246925663321 3.3923302210371294E-4
0.751325870878507 0.005741975366203111 0.5192387624001275 | -0.008048595414708235 0.0517555556520231 -0.01429625309457749
0.7407977548101772 4.3349190693108604E-4 0.7408428922996838 | -4.531161474706979E-4 -0.05100594714505191 -4.4661657146951905E-4
0.6863594395928329 1.923733287528099E-5 0.7936476698298007 | -0.00455724703833442 6.20002591100318E-4 0.007377712745275777
0.7755541782602668 1.1479985447637645E-5 0.16581275463516873 | 0.006454018247236388 8.887954318278597E-4 -0.006286827776391084
0.7944259654653775 6.425700419292668E-7 0.25729476265022627 | 0.007801725592083699 0.0020228070823418895 0.0015537454179305964
0.7305859373889841 2.7327223163783884E-7 0.35179253384957665 | 0.0075097186082546214 0.0013093180460911956 -0.004093768807408249
0.744308615110117 6.835269755981887E-7 0.4373871115612239 | -0.0033221615464758456 0.001294214168825362 -0.008022374271869415
0.741587953357087 1.0559873447019947E-5 0.5125775180699086 | 0.0027692973585839303 0.0017484175137645437 0.0077471491270865835
0.7269413416285002 7.635776412637393E-7 0.5939845504531128 | 0.008402917835066415 6.370519287203535E-4 0.001251755137574595
0.7936460746985547 1.98468524450765E-5 0.6863608314215558 | 0.0073641050374473735 6.545192610755309E-4 -0.00454515174639834
0.7896547180742174 3.3462028921727534E-7 0.7896547403606216 | 0.006558531177440766 4.960960937537665E-4 0.00655224170591606
0.2252411249884605 0.4000002772006596 0.22524113243400132 | -0.0035771873975985673 0.004312709830593996 -0.003572738616489657
0.23617535161799136 0.40000151306119375 0.3417757589287807 | -0.004935107638059936 0.0012467910811858277 0.007214184372735117
0.23117454125310344 0.059118069242051485 0.40001265957067 | 0.004637825292518922 0.004399860133390984 0.001955929966999867
0.15698005395813494 0.023368391597449464 0.40002219130863664 | -0.009336984544743467 -6.9482863386429E-4 0.003335840425426058
0.07355829605192594 1.3084401387473767E-7 0.4929796902598548 | -0.008828692939856247 0.0013712867618949035 -7.615260925660423E-4
0.1958512080144662 2.2950840422027722E-5 0.566170780261137 | -0.005151932781483826 0.003346817076847042 -0.0036928398526137503
0.14533161919146603 1.7071662525860345E-6 0.6541914435898009 | -0.00899300253196809 0.0011828751077971103 0.001409033592287656
0.16796308735972254 2.2232537758213576E-5 0.7734557483124345 | -0.006521520576498608 8.144338404059407E-4 0.006292892947647336
0.3417752611880985 0.40000161049353294 0.23617502387087874 | 0.007220939107433191 0.0012457842437435683 -0.004926521205355423
0.3434911296506791 0.4000071549112912 0.3434856740530108 | 0.0053596802967827125 0.0025284464501713743 0.005361063059266249
0.32308051939316385 0.02137734877384887 0.40005112938374143 | 3.367622340545918E-4 -0.01368469964167601 0.007884968289798993
0.3157306885101661 0.10932405878547802 0.4000000208846354 | 0.008439730932837024 0.001625363091650743 4.994871825986505E-6
0.3007330558986833 5.060159915768262E-6 0.5123439285938687 | -0.007191051399503659 0.0014430211355669765 0.0035414063928964137
0.1080955574561381 2.2568115359268583E-7 0.570227013903266 | 0.0016110969143166177 0.004609505785190999 0.004801388536514726
0.2066127838328461 6.124853449002236E-6 0.7163318388800656 | -7.846132520784328E-4 0.004516549682765343 0.004489806782977374
0.25736179776768553 3.275665371712407E-6 0.7941432903599162 | 0.0015862772804878847 0.0018554504877167266 0.0079545571672068
0.40000001956326 0.08197762117618938 0.24260128851576646 | 3.3060746759895565E-6 0.004801925754072275 0.003878064357439421
0.40004435228217994 0.014007856636144046 0.3179109137569317 | 0.007769395245520244 -0.004668667756081828 0.007140132754103037
0.5097977291625425 4.5420133716179794E-5 0.5088872965019655 | -0.002888575576689048 0.0052448098471927955 -0.0019161799683589426
0.3244251744215106 0.011468726885118238 0.4000710345839161 | -0.0041168216460082795 0.00271891495479437 0.006407985759438757
0.37068840890812177 6.443322434519015E-6 0.4819736992608878 | -0.001570287836496323 0.0013646608501010843 0.007702570525260201
0.34713359041869674 8.100434782701592E-6 0.5763244378067971 | 0.003005741117497944 0.0024913764637172747 -0.007091673429219866
0.33772245841024967 0.002015484100507584 0.8279182791410484 | -0.014444467828140323 0.05934159445357323 0.07085207559036047
0.35700616337511504 7.4145301731308005E-6 0.7516223616943728 | -0.00848136825322359 8.098522088823022E-4 0.0028376238465996012
0.40002692765447667 0.024108478037030787 0.15717257208441662 | 0.0032444611805799908 -2.8915873552233474E-4 -0.009152675496941176
0.4000000027335371 0.11090618861206876 0.31313348576215383 | 4.0509647627264145E-7 -5.305437044324687E-4 0.010487580671816384
0.4000673796827386 0.010695120411129126 0.3244519920915291 | 0.005683920138271816 5.902253158153613E-4 -0.007056021528580332
0.394190807283515 5.731408034459221E-6 0.4038523407472753 | 0.0061508746962825045 0.003763002106859017 0.001539628209316491
0.4274142026737747 4.284480390055848E-8 0.5451983665926461 | -0.0031909097788013503 0.0020061538409732156 0.007626206316770255
0.42628687280220995 1.3295398523676774E-5 0.5429542968646885 | 0.002433551021337534 0.001094717070321799 0.008637548814318908
0.43268043535682704 1.5463177917001672E-5 0.7332991877876873 | 7.689763907903824E-4 0.002956004837939539 0.006973310053446474
0.43691130095095415 1.961597915096788E-6 0.752734087771628 | -0.00730102741458049 0.0012637174763790065 -0.004684099313287013
0.49272821776075787 1.7892108403787924E-7 0.0731264109924674 | -9.96539734717134E-4 0.0016517983950027786 -0.008622503346265364
0.5113228258185358 7.827215417737997E-6 0.30086285629701875 | 0.004528871047118081 9.040119716501121E-4 -0.006300674211352893
0.4856225988725462 1.40073206904738E-5 0.3689639285466728 | -0.0016907676672729033 0.005379776690848907 0.0011629195858444926
0.545234976276219 5.180020518955907E-8 0.42738690509633864 | 0.007695362384979242 0.001615724396670049 -0.0029346401304594194
0.5112834035417795 5.787722150364453E-6 0.5114551349446671 | -0.0033871216634130965 0.004367099558117081 -0.004058280542017798
0.5022922620785103 9.067100552016901E-6 0.5817799279223752 | -7.239006041412651E-4 0.005553704341939834 0.001557174523781117
0.5077617595698879 3.5026369599760234E-7 0.8374627259743568 | 6.236380966045596E-4 0.00339930115284436 0.006485091679812115
0.5133874744167378 2.062639454348808E-6 0.7513586353471339 | 0.008326177821809081 0.0012542543587217223 -0.0028249536991206666
0.5661536815789993 5.721859649460861E-5 0.19582139919714917 | -0.002572946130672353 0.003224907201463661 -0.006266955396186498
0.5720212549063604 1.1985982344575125E-5 0.1060782043560819 | 0.003971907766263304 0.004961708592349482 0.0013651928532908673
0.5766992653352854 7.336994628156176E-7 0.3471105239768642 | -0.00773809442473278 0.001959689099448557 0.0026767211387403135
0.5433194415705626 2.006148475259977E-6 0.4267791717382035 | 0.008721708300988553 9.532006643989944E-4 0.0011455338283007234
0.5811102690279315 9.586240067718398E-5 0.5024285045758199 | -0.002750029025169587 0.010280394735350813 -0.0012462108386569505
0.5896076951070887 5.602565259392675E-6 0.5896989642955113 | -0.0038465828005035774 0.0031793546885117703 -0.005369810951234772
0.5933634521689726 7.5016117323654025E-6 0.8592902880936913 | -0.0044487906237007935 0.0022414168887062457 0.006500877830219292
0.5888400869163034 2.8073029977311215E-6 0.7617824882613953 | 0.0034467506198557697 0.001028506879002801 0.007600909216010612
0.6542095268762281 1.4340332465938258E-6 0.1453294160752556 | 0.001316767761623121 9.14221211819127E-4 -0.009256600213472575
0.71639716621879 2.1877661236008433E-5 0.20666344675830797 | 0.005181766792142831 0.004226687560232805 -7.107950386982905E-4
0.8282378140202322 0.005954629323924817 0.3373555993527828 | 0.08988744674889167 -0.2836635880251931 0.001959129682162557
0.7332639367695889 5.245030762306441E-7 0.432745346867637 | 0.007016550620956732 0.002945113483226271 7.316422144734457E-4
0.837583326311085 7.4615826321873505E-6 0.5078082570382125 | 0.0065740409549561885 0.003375637708933029 4.995936193139351E-4
0.8590536270319488 9.082936548416489E-6 0.5935275810115923 | 0.006484244765251513 0.0022499749713083806 -0.004458245792907744
0.740766926878904 2.517867244457299E-6 0.740811230548161 | -5.353891399220309E-4 0.005511679518166775 -5.659735184138681E-4
0.686543578934081 4.064340398655342E-7 0.7944338506660011 | -0.004703436587664863 6.437500269131904E-4 0.007275406216999521
0.7735925814317509 3.8033062131482173E-6 0.16777383599136497 | 0.006304931046516807 8.210263299628264E-4 -0.006503159158732775
0.794167934090622 1.714688044946329E-6 0.2573509003211367 | 0.00786521609103859 0.0019679316514276336 0.0014939027220805831
0.7516446898088837 5.233789507682303E-6 0.357011673919892 | 0.0031974305757270145 8.892742775794535E-4 -0.008268683028987808
0.7527365103987042 1.374213393020184E-6 0.4369070391621088 | -0.004493347302121056 0.0013000322999069292 -0.00742051039802922
0.7513658152661262 5.565480224297816E-6 0.513388072330912 | -0.0026357294150077316 0.001227707133411982 0.008249991134738992
0.7617808201707355 2.2503452688063912E-6 0.5888389749859689 | 0.007605130626140246 0.0011283320312494543 0.0032992649317679875
0.7944304957633939 7.741988989509861E-7 0.6865459673290265 | 0.007260702496433716 6.788177929068945E-4 -0.00469167652299064
0.7860554770408335 2.2564323165831466E-7 0.7860555174245097 | 0.0065893332322161016 4.2644661008517913E-4 0.006582592452869759
0.2393892278999267 0.40000018324521935 0.23938924631536512 | -0.004824448901072668 0.0031802553520879416 -0.004816689631969595
0.2422307416645387 0.4000016262909018 0.34188467932271305 | -0.005362241870077781 0.0011337058367447107 0.007008286351768498
0.23951959242381704 0.009752685167656079 0.4000422830025912 | -0.0074991556140486 -0.008933584383726986 0.00854635660311943
0.19072605263100323 0.09412690832922926 0.4000000204165223 | -0.004786228157290044 0.004449441901368139 1.916633823323913E-6
0.17299256508253275 3.794011934275273E-5 0.4744076158696507 | -0.00757554996816886 0.0026337660601042706 -9.530483692348833E-4
0.07923898284870387 5.11269271584872E-6 0.5823521985801908 | -0.005655219366478335 0.0015981818435881706 0.006373328764105218
0.14641192996084107 1.1591101741758605E-6 0.6542830962401859 | -0.009052214324912575 0.0011356276591570219 0.0012484632179159847
0.16996988155755244 2.5479178007102068E-5 0.7715597396365139 | -0.006753885275211147 7.67310131373287E-4 0.006091448018996042
0.3418846628590171 0.40000157416690624 0.24223061678701943 | 0.007010800814052876 0.0011330986165360387 -0.005359616292472238
0.34356941898490995 0.4000016311002601 0.3435651625503755 | 0.005284652182028922 0.002631012871153566 0.005280468395174521
0.32246788369618573 0.020823299950372996 0.4000064781084047 | 0.002371115544385634 -0.013144258216708036 0.008107048525364948
0.31061426444162016 0.1048042954340287 0.40000000030756133 | 0.006479256790751309 0.0034409024758609683 1.8121833868640099E-6
0.2967009151116409 7.779772486753117E-6 0.5095676320638081 | -0.002910166005444715 0.0016616945835672976 0.007001618434750464
0.07306147325471629 1.7249617163527003E-5 0.5878477430009603 | -0.007641516114529376 0.0017211284376416037 0.0033885510594782505
0.20795635128386314 3.740740696899355E-6 0.7165564392918764 | -0.00402113961359575 0.00433747242208662 0.0028669951986874196
0.25770471993668687 2.2068838870153134E-5 0.7933826362120642 | 0.0011997609288618575 0.0017441663708933183 0.008120127582831108
0.4000384105442985 0.009385734299908887 0.2391835719049642 | 0.0068481024756176165 -0.006330053629077607 -0.006772859625915473
0.40002679717474043 0.01103769107100662 0.31541497942226937 | 0.00562696795138739 -6.798503315905525E-4 0.007627098954598082
0.5040771643774702 7.318854155960957E-6 0.5034016414957238 | 0.00230543303448374 0.005106093419920003 0.002840166720970634
0.3199997557873648 0.013617960502566986 0.4001148919356643 | 0.007165401856885142 -2.420832886418612E-4 0.006949287365115269
0.3720846777752196 8.532972242250936E-6 0.48520348877187536 | -0.005552057661654441 7.815176308996725E-4 -0.0063792925919052695
0.34702038044405337 9.218194430493158E-6 0.575965837295166 | 0.004315770350071465 0.0028606929163793385 -0.00588011490752283
0.35164509134397104 7.973560912991367E-7 0.7144179965273584 | -0.0021665880051165262 0.0012523895225968376 0.008152258971410453
0.3621894223044689 1.7970192963687146E-5 0.9114021624246703 | -2.3325364903786363E-4 0.00147245918306349 0.008573634024002437
0.4000000372735025 0.09564799436836811 0.19115023942740678 | 1.66161648646967E-6 0.00430491186486121 -0.005026291585919685
0.4000000242103419 0.10458776940771057 0.3106064839018286 | 1.2146271028972659E-6 0.0018468194071755604 0.00874269177925873
0.40010171260801136 0.01321574306437152 0.323842108105904 | 0.007261400891176353 -0.0029528543669600314 -0.007639073192529317
0.4076960416877267 3.2049964375060966E-6 0.4086763239628119 | 8.233554217736462E-4 0.005638958174149074 -0.0010559528339618392
0.42846577579635026 4.199161587637617E-6 0.5409964081881025 | -0.0023129690731768615 9.513401810842335E-4 0.008791935892962682
0.42591027749343197 9.685190953449402E-7 0.5445862621074156 | 0.004274689038606259 0.0013947352857613805 0.007575283592337512
0.43264846781196964 2.955578441588168E-6 0.7334852877745202 | 9.873860812257347E-4 0.0030027483827135574 0.006888286053229943
0.4343467491744055 9.860772874817897E-6 0.9279855378641969 | -9.678970534784349E-4 0.0029869888570633013 0.006994841692987052
0.4744557310169351 2.105100531354367E-6 0.17294581087765795 | -2.5978236757119246E-4 0.002442857311916843 -0.007677657580498119
0.5096948002803741 4.38204881889739E-6 0.2961394893987545 | 0.007757494336589553 0.0013241039393548145 -0.0023477480245191135
0.48562462992109456 1.811353863003041E-6 0.36896253901317544 | -0.0018419534501820441 0.005347303873989919 0.0012493653208335955
0.5414388540239597 1.066601386612458E-7 0.42844524869996037 | 0.008604955854180977 7.717196453880407E-4 -0.0024904830941103614
0.508460658651305 5.867936303849807E-7 0.5086333454084446 | -0.0012728251606738308 0.005518953092821278 -0.002088932338595527
0.5022891897816152 1.5697021416301722E-6 0.5817821430381691 | -6.91416375953889E-4 0.005770150282751993 0.0015554149944420142
0.5074782700773148 5.144488456099037E-6 0.8367512569407809 | 0.0013556438438569538 0.0027097347656700973 0.00723366746191832
0.5070378972914792 6.223873947178316E-7 0.9288220651051893 | -7.641414251326571E-4 0.002143940970631263 0.00793437821899481
0.5821638070487325 9.743101451858746E-6 0.07951825057407494 | 0.006478886539999427 0.0019396897971308525 -0.005127821583156911
0.587672798490378 1.754391729148517E-5 0.07374177008061576 | 0.0031592248929010304 0.001971164255813601 -0.007518745771997313
0.5767932452458153 1.7578779569255856E-5 0.34722282916096703 | -0.007958120148052132 0.0019246569336208025 0.002050627460261992
0.5450333847701865 1.5931275893261078E-6 0.4256194303445393 | 0.006655143064160378 0.0011265399691463493 0.005518824835216401
0.5810974963568488 7.444454182104434E-5 0.5024314501804427 | -0.003878514904789736 0.0073691377935027405 -0.001113304221472773
0.5898656503515507 2.2737013604558417E-5 0.5899562278918156 | -0.005007445661574573 0.0022049859089443772 -0.005872659057004423
0.6342914295226414 1.9307804387490995E-4 0.7526665541117722 | -0.02113907069565204 -0.7624472749692468 0.010891847714415032
0.5760221869900171 6.029829802502752E-6 0.9144600206683774 | -0.0023088152298127358 0.0013565858151075015 0.008347278152394196
0.6542960722089592 4.732565267566853E-7 0.14646427534059026 | 0.0011474171177614152 8.726936684280084E-4 -0.009316858487511527
0.7166400034424212 3.205788799802027E-7 0.20799986230923634 | 0.003722219057786773 0.004211771316731107 -0.0037358440629490924
0.7095646493889748 4.2752537600202555E-6 0.3536843580723861 | 0.008045293821616879 0.0013165016323171655 -0.0022121190433626522
0.7328546195092547 3.917014758639748E-5 0.43265173048044037 | 0.0071210829040044155 0.0028331527687982887 9.450491540311132E-4
0.8368996723230997 1.3525897993789224E-5 0.507568756978613 | 0.007283738725521873 0.0027439969136550005 0.0010873970942856853
0.7530091406438109 0.0011955413919695818 0.6339313525563037 | 0.011697252102690488 -0.7619289567489463 -0.021402474467736434
0.740763135057503 6.7846961914245285E-6 0.7408072475141695 | -3.8345324462105406E-4 0.005539916475187796 -4.0609430156935154E-4
0.6868205299852469 6.3192304526911555E-6 0.7938661003745879 | -0.004768887007290458 6.079827028862403E-4 0.007260366926416575
0.7717508044161708 2.585389320303673E-7 0.16974346742940138 | 0.006105461223074487 7.729717194328025E-4 -0.006735825321107694
0.7934061318376642 1.7490127120886473E-5 0.25769305684693117 | 0.008036250710445376 0.001849546309836211 0.001115996321442679
0.9113934226877716 2.2785118947999958E-5 0.3621964593241436 | 0.008460544729174773 0.001538100888470379 -1.4191025611638762E-4
0.9279869666374027 4.250936375135607E-6 0.43435100167944996 | 0.007003741734159788 0.0029799604843820924 -9.658814223230355E-4
0.9288071846723568 1.5810225995730586E-6 0.5070365279908844 | 0.007955197967307107 0.00212281362450948 -7.598321161620428E-4
0.9144627639211115 4.497365613203612E-6 0.576018166835132 | 0.008340585447001931 0.001360913648448236 -0.002320031452618954
0.7938646948091735 6.655385290485582E-6 0.6868219395876414 | 0.007246561977021377 6.411685698375325E-4 -0.004758402054705234
0.7819680391913703 1.1863498482709908E-6 0.7819681357709999 | 0.0066075337060545 3.839007144281778E-4 0.006600248101580104
0.25213007088753747 0.40000718712305305 0.2521300802829471 | -0.005277194784833908 0.002631658979931091 -0.005279169893931972
0.2498498871448597 0.4000012233897605 0.33922821154863536 | -0.004605073459260507 9.461448057535445E-4 0.007686902014342124
0.22447106609113476 0.036279925627676235 0.40002392698141576 | -0.002214301080697786 -0.013898396249952847 0.007438239143185367
0.2077141767401545 0.10593579083915831 0.4000000520288864 | -0.0055201762767696965 0.004071975273901934 5.817558771649705E-7
0.2329059923053287 7.609605290386299E-6 0.4794849750366263 | -0.006049376715180454 0.003005685825119816 9.94163045502808E-4
0.19636832841082616 9.894749267071371E-5 0.5663767454517299 | -0.005284568541573516 0.0032307675603395103 -0.003786695990184785
0.14933298995757707 1.4709061305156777E-6 0.653856133786227 | -0.009130717993894253 0.001046195708953083 0.0010925683269448398
0.1871550320669699 3.6796810991771356E-6 0.7575307876622696 | -0.008860733050021214 0.001027156941976471 9.540938181151024E-4
0.33922818798137083 0.4000012065294853 0.24984966577103243 | 0.0076843388794814935 9.459975370119693E-4 -0.00460941847996332
0.3436430936977415 0.40000239507411595 0.3436374705888695 | 0.0051886655720552455 0.002749728766412371 0.005191041619184157
0.3155671594336643 3.101728600534738E-5 0.4473060335161748 | -0.0033646785458514685 0.004792406707852741 0.001597699888587143
0.32453173443567884 0.09394467513155105 0.40000004741487893 | 0.002998522161695205 0.0050331681201440355 7.279225590636739E-5
0.30098907084152743 8.084229075880809E-6 0.5113693756539126 | -0.0068699497408556 0.0013576131819857012 0.004173255224907118
0.26649991960841823 2.216419867368409E-6 0.5913283247457276 | 0.00364745058112236 0.00167410212668123 -0.007629203907444526
0.21552537608681296 5.985948633848913E-6 0.7170747420644855 | -0.007599500207506771 0.002411798409841325 -3.2069033115555977E-6
0.2590417315869733 3.7986621992752047E-6 0.791025852507135 | 1.4056265336385632E-4 0.0014802235133809295 0.00842918014630348
0.400003851577182 0.03643984819583155 0.22430512094691094 | 0.006281559533577558 -0.013470110634986933 -0.001759608970768682
0.45771200004243257 9.132165406207078E-5 0.3057923003159465 | 0.0018391998369189115 0.003853242753063234 -0.006842302988645045
0.49879091967319883 5.3208438555669356E-6 0.49888350035452644 | 0.00417909072333759 0.004181190198185464 0.0038274817560420135
0.31791003227685094 4.1378798213262765E-4 0.4000403170127112 | 0.004550307163108046 0.0034487540027158784 0.005057675117455518
0.3735275519790896 1.179783800799194E-6 0.4843761980418473 | -0.008064364869261691 7.666868261844E-4 -0.0024351922446931404
0.34440753475015823 2.513691107498894E-6 0.5751016607056184 | 0.008846208633932602 0.0012827997807305016 -1.1161680014344991E-4
0.36534115928733213 3.412001310488177E-6 0.649789840173531 | -0.0018305008385698378 5.991537651179049E-4 0.00880045278884027
0.3498514454841719 2.1111282667957754E-6 0.7433066440663195 | -0.0054246100659873465 0.0020306472073637013 0.005697848982051424
0.40000000387106793 0.10501561133965888 0.2066776273110269 | 1.130565865867793E-6 0.004224328002947654 -0.005240865039436414
0.40000001121700013 0.09358937797834797 0.32480018881204803 | 3.7343757290757865E-5 0.004494737082884457 0.004775601402698087
0.4000849567894462 1.9770106877162934E-4 0.31205791091387225 | 0.0053847654324503304 0.001833753853736252 0.0055722016512075425
0.42459281711597535 5.818960094014603E-6 0.42565349273249337 | -0.003659974927851896 0.004077813587028218 -0.004619432728511203
0.428854075726197 4.662777838337452E-7 0.5399527091987091 | -0.0024734450497995238 8.893565529959093E-4 0.008775911077919436
0.44439315552384 3.2886313045486963E-7 0.6413002163891107 | -0.0067583942989609515 0.003141218612911279 6.918253560893429E-4
0.43193899257742924 3.8882715235770334E-5 0.7278687042876494 | 0.001061179286594552 0.0019296739329399235 0.008016926073447436
0.427278090236816 1.6679669932938349E-6 0.8404157360018067 | -0.007898594282624799 0.0017540861662961702 0.0026502821446939455
0.4795266503174804 7.290074004037632E-6 0.23290298641226298 | -2.4844707021058793E-5 0.004171789428727071 -0.007435811571658661
0.5105562667012554 3.441802862990557E-6 0.3010470839605544 | 0.00486233383548757 8.634425435274331E-4 -0.006116126778684717
0.4856216472726938 4.129069960731121E-6 0.3689622598225251 | -0.0016823172410238502 0.0053652885608190485 0.0012653563343408619
0.5397224174452131 1.4285666554095904E-6 0.429042619615321 | 0.008607269146303349 6.913664788360076E-4 -0.002644577607066192
0.5344864026165003 7.872713841860204E-6 0.5346634581227684 | -0.0055864285220346465 0.0021595847546139408 -0.005840587843081054
0.5022888603077513 1.208369055780941E-6 0.581782509369161 | -6.867562855734738E-4 0.005771010078967866 0.0015509439771435292
0.5145467619750319 6.512959772887733E-6 0.7321090918252116 | 0.005187591309585345 0.002205464237997729 0.006106472169189098
0.5107996849702265 5.799392727484908E-6 0.8337735720027316 | -0.004725635847743717 0.001261211857449429 0.007298810567596136
0.5664411600149534 1.3175351986811505E-5 0.19599196690243217 | -0.002726677835782913 0.0031605956381506647 -0.00629670561766526
0.5914008279378598 9.289400206586728E-7 0.26649606689994776 | -0.007122086243471709 0.0018035547598863702 0.0044208966476310734
0.5755531383207215 1.1406122436503419E-7 0.344493983003014 | -0.0011775026554284457 0.0011454546027580888 0.008797609923535593
0.6412222711575998 3.251309269113167E-6 0.4445835356736574 | 6.678891478197914E-4 0.0031461145045211655 -0.006836083925603204
0.5811170939791785 9.571145071845948E-5 0.5024243926217055 | -0.004744226932737672 -0.010256313639486713 -9.957089831641732E-4
0.5896335973593002 2.737871064349771E-9 0.5897192234520232 | -0.004090699328169231 0.003030335942561083 -0.005426195326819657
0.6035273862705279 2.1191547967131957E-6 0.6668336652560404 | -0.001588914396007247 5.098911462570823E-4 0.00902115038915927
0.58473452064231 4.950980420608395E-6 0.7949387181928382 | 0.003318474349555161 0.0010555493883229118 0.007705595727869689
0.6538699406777032 6.399890183007166E-7 0.1493343340802689 | 0.0010045179255165674 8.002947945301417E-4 -0.009401501060331214
0.7171318855559878 3.9222027172945776E-7 0.21556626398244877 | 4.903880746592314E-4 0.002492780092395911 -0.007587133066206981
0.6502873561608515 1.3531591588228827E-6 0.36521560827499744 | 0.008842453139805724 4.8372618264952227E-4 -0.0018273069714483357
0.7270338088680106 1.133963917163784E-5 0.43184169015427326 | 0.008128505020280693 0.0018056393372112244 0.0012287808337051798
0.7321494270864868 2.3220597970458168E-6 0.5145494293055952 | 0.005801326449673911 0.002347155984076496 0.005126121878431474
0.6667484383450795 9.97745957873526E-7 0.6034581443682007 | 0.008935274323713908 5.314229780396678E-4 -0.001985479861415073
0.6979070154695667 3.4090037499737413E-6 0.6978961267887843 | -0.006556843383205256 3.872079370022597E-4 -0.006605307785688822
0.6845873050085686 8.76714800477607E-6 0.7900146173373267 | -0.0036806305198353885 5.422182665307904E-4 0.00786754414414227
0.7575272874415229 3.5522181371723937E-6 0.1871561124456033 | 8.7301801832625E-4 0.0010354633324091546 -0.008862774581813835
0.7910485506546248 6.401319418613238E-7 0.25903068390415546 | 0.008351677538847272 0.0015763507919564735 7.163749668541642E-5
0.7433598272626595 8.872058021329775E-6 0.3498568288061868 | 0.006412661274772813 0.002012438555553889 -0.004639933672528839
0.8404772738779821 1.0000170610394276E-5 0.4273359647787492 | 0.0027916684558034178 0.0017650597600585812 -0.007801118280502322
0.8337789171407595 7.996825525299716E-6 0.510692477356106 | 0.007485322162947903 0.0012963719735044044 -0.004469082081930547
0.7949393381819183 2.509567504380568E-6 0.5847268494825159 | 0.007594909305843495 0.001140306450478519 0.0032742377037637475
0.7900134649013624 9.087243775810013E-6 0.6845884312150187 | 0.007857671257025588 5.767836136896119E-4 -0.0036659491518992453
0.7407628746288331 5.332241656225533E-6 0.7408069707742433 | -3.7343532730142677E-4 0.005540640106293387 -3.9542810354747444E-4
