512
0.27602453643747005 0.6119037116743882 0.27602453643746216 | 7.211912403522025E-9 -2.4899999986833667 7.211909598183349E-9
0.27212933962295305 0.6157989097109299 0.34320974618662214 | 4.847926318984367E-9 -2.4900000002545077 -1.2279935863987787E-9
0.26980235883891945 0.6181259178515179 0.39858292019215075 | 1.7465012389690429E-9 -2.4899999999484663 -3.2124061409374684E-9
0.26922723791979625 0.6187010547265547 0.4498127394210418 | 3.022043944488599E-10 -2.489999999384404 -2.9775046581925626E-9
0.2692272368213205 0.618701060363062 0.5001872562261734 | 4.2653770376007414E-11 -2.4899999995507507 -1.7892560695603698E-9
0.2698023566726548 0.618125945900133 0.5514170735494709 | 7.698184762867477E-12 -2.489999999691386 -5.851097826138559E-10
0.27212933323561017 0.6157989690733954 0.6067902564375401 | -3.554977971622977E-12 -2.4899999999550846 -3.9676654675565056E-11
0.2760245308217793 0.6119037696666986 0.6739754694954846 | -1.0933842170671258E-13 -2.4900000000030027 2.919797368707674E-12
0.3432097461866983 0.6157989097109602 0.2721293396227655 | -1.2279654124742542E-9 -2.4900000002544966 4.847908640612982E-9
0.3413203935043706 0.6193828492488452 0.3413203935044895 | -1.0605406203553097E-9 -2.4900000003088825 -1.060540498009501E-9
0.33979030881479 0.6218178079907812 0.3982750625706916 | -3.874306452267778E-10 -2.4900000010860843 -3.577948635566828E-9
0.33919672049890665 0.6225998351787347 0.44975521685334824 | 1.2791940886207515E-10 -2.4899999994865736 -2.9682031412688935E-9
0.3391967190900362 0.6225998464576663 0.5002447757286789 | 3.3113768589191937E-10 -2.4899999995301965 -1.6971899263029885E-9
0.339790304527867 0.6218178514637991 0.5517249309837251 | 1.623002199928711E-10 -2.489999999721398 -6.272004638430349E-10
0.34132038977731416 0.6193829269975623 0.6086796118465257 | 7.478583855810289E-12 -2.489999999955086 -4.3796644780282633E-11
0.34320974454710196 0.6157989675630933 0.6778706671792152 | -1.2211706205930384E-13 -2.4900000000018383 1.7077682467850532E-12
0.39858292019213915 0.6181259178513265 0.269802358838794 | -3.21237233201929E-9 -2.4899999999484685 1.7464753701604054E-9
0.3982750625708759 0.6218178079911788 0.3397903088147437 | -3.578025871593242E-9 -2.4900000010860754 -3.8736150077424897E-10
0.39787059234125205 0.6242763253023792 0.3978705923410138 | -1.7817847871370444E-9 -2.4899999995714936 -1.7815825663475154E-9
0.3974912353604428 0.6251522805821442 0.4497363217212309 | -5.42994528892246E-10 -2.4899999999350015 -1.7486100786066945E-9
0.3974912355940836 0.6251522941607683 0.5002636677445492 | -8.067642695617059E-11 -2.4899999996882336 -1.067150959384209E-9
0.39787059273673103 0.6242763578540615 0.5521294071344947 | 9.082598947941825E-11 -2.4899999999289513 -3.2139476802790434E-10
0.39827506907523835 0.6218178495827383 0.6102096956978266 | 1.6655022852586922E-11 -2.489999999974046 -2.2565054656291567E-11
0.3985829265396777 0.6181259436113002 0.6801976430975788 | -2.1882350621675985E-13 -2.4900000000010585 9.419032246025336E-13
0.4498127394209363 0.6187010547263646 0.269227237919864 | -2.9774647640279675E-9 -2.489999999384404 3.021813003849383E-10
0.44975521685332903 0.6225998351782099 0.339196720499074 | -2.9679665803691175E-9 -2.489999999486523 1.279270310544843E-10
0.4497363217213082 0.6251522805818452 0.397491235360293 | -1.7485406323932103E-9 -2.4899999999349864 -5.429987176657553E-10
0.44966886078698 0.6260848025398437 0.4496688607869234 | -8.721174681027765E-10 -2.4899999998796765 -8.723013597728858E-10
0.4496688632884475 0.6260848121057648 0.5003311351556086 | -3.3656392244113677E-10 -2.489999999875053 -7.630303948118279E-10
0.4497363283262206 0.6251523023904436 0.5525087648766065 | -5.542275916362232E-11 -2.4899999998956988 -1.630308354936202E-10
0.44975522085770386 0.6225998513708915 0.6108032809167725 | 4.8892093647772E-12 -2.49000000000382 1.0393164875208847E-11
0.4498127408878786 0.6187010634224616 0.6807727629071516 | -1.6243707445596195E-14 -2.490000000000305 2.5569270559488713E-13
0.5001872562261884 0.6187010603631076 0.2692272368213383 | -1.7892351802950884E-9 -2.489999999550753 4.264135889966106E-11
0.5002447757285174 0.6225998464571492 0.33919671909018023 | -1.6970233822714979E-9 -2.489999999530249 3.310996863450436E-10
0.5002636677444877 0.625152294160141 0.39749123559407584 | -1.0670782873053723E-9 -2.489999999688226 -8.079853949479698E-11
0.5003311351557446 0.6260848121055874 0.4496688632883704 | -7.629211355834963E-10 -2.48999999987506 -3.3668823710528953E-10
0.5003311364947399 0.6260848149444259 0.5003311364946488 | -2.5454034371213905E-10 -2.48999999985692 -2.5459357252906463E-10
0.5002636724016958 0.625152301888789 0.5525087650632674 | -6.63123058850293E-12 -2.489999999988323 -1.220152143128787E-11
0.5002447795898288 0.6225998504529406 0.6108032807467056 | 4.578965480440302E-12 -2.49000000000312 6.581815120625714E-12
0.5001872591927272 0.6187010632104748 0.6807727628278898 | -3.772827048161455E-14 -2.4899999999999443 -8.145873983347365E-14
0.5514170735494854 0.6181259459001736 0.26980235667263863 | -5.851058718411515E-10 -2.4899999996913866 7.69596043618412E-12
0.5517249309836534 0.6218178514638611 0.3397903045278052 | -6.271475646844092E-10 -2.489999999721424 1.622920986741269E-10
0.5521294071341702 0.6242763578538731 0.39787059273668485 | -3.2134957761806784E-10 -2.489999999928957 9.074574379076083E-11
0.5525087648764717 0.6251523023905001 0.4497363283262691 | -1.6300889258592077E-10 -2.4899999998957054 -5.546454787495773E-11
0.5525087650632224 0.6251523018888656 0.5002636724017374 | -1.2197074958280146E-11 -2.489999999988324 -6.641941540246812E-12
0.5521294079539624 0.6242763564660175 0.5521294079539945 | 1.1352977784188976E-11 -2.4900000000050957 1.1353834978295597E-11
0.5517249311886532 0.6218178469768783 0.6102096950495095 | 1.0782902432356972E-12 -2.490000000000795 1.1170826760081828E-12
0.5514170735125373 0.618125942970773 0.6801976427782565 | -2.7451977876437747E-14 -2.489999999999972 -4.3902133415125034E-14
0.6067902564375404 0.6157989690733957 0.27212933323561056 | -3.967641244972796E-11 -2.489999999955085 -3.555116122067304E-12
0.6086796118465728 0.6193829269976227 0.3413203897773216 | -4.37923466845286E-11 -2.489999999955089 7.48031222913154E-12
0.6102096956979267 0.621817849582864 0.3982750690752431 | -2.256073152127543E-11 -2.4899999999740494 1.6644153908892783E-11
0.6108032809168528 0.6225998513709938 0.44975522085770064 | 1.0391850595245291E-11 -2.490000000003819 4.8871304793330676E-12
0.6108032807467332 0.6225998504529768 0.5002447795898259 | 6.5809242037263366E-12 -2.49000000000312 4.5796049676979234E-12
0.6102096950495084 0.6218178469768777 0.5517249311886526 | 1.1168114034852538E-12 -2.490000000000795 1.0786891432879031E-12
0.6086796101005223 0.6193829226875582 0.6086796101005224 | -9.259483452368299E-14 -2.4899999999999367 -9.255604543649674E-14
0.6067902554566305 0.6157989667089785 0.6778706666570368 | 7.251524383197351E-17 -2.489999999999992 -1.0023458866308208E-15
0.6739754694954848 0.6119037696666986 0.27602453082177936 | 2.9197929432408363E-12 -2.4900000000030027 -1.0934012802974477E-13
0.6778706671792162 0.6157989675630932 0.34320974454710174 | 1.7077369514265768E-12 -2.4900000000018383 -1.2212560250616938E-13
0.6801976430975791 0.618125943611299 0.39858292653967775 | 9.417699438957475E-13 -2.4900000000010585 -2.1876341397635575E-13
0.6807727629071526 0.6187010634224601 0.44981274088787904 | 2.5559428211893836E-13 -2.490000000000305 -1.6153654946160982E-14
0.6807727628278912 0.6187010632104744 0.5001872591927272 | -8.150435860618179E-14 -2.4899999999999443 -3.769191338866788E-14
0.6801976427782571 0.6181259429707727 0.5514170735125371 | -4.3909076928354657E-14 -2.489999999999972 -2.7446579557410497E-14
0.6778706666570369 0.6157989667089785 0.6067902554566303 | -1.0026463474017847E-15 -2.489999999999992 7.272329117737562E-17
0.6739754691809473 0.6119037691834223 0.6739754691809473 | 1.8188851597623707E-16 -2.489999999999994 1.818872388744109E-16
0.2721280245799923 0.5447199790816891 0.27212802457960916 | -6.6245700647174055E-6 -2.4899986994863657 -6.624570206901686E-6
0.26854328996538607 0.5466100682047832 0.3413218272793044 | -4.057169634750721E-6 -2.4899987286012966 7.000026656318258E-7
0.2661101613976985 0.5481397750018578 0.3982773382993935 | -1.2943119836601493E-6 -2.490001310076634 1.8753939937454212E-6
0.2653283712926687 0.5487321705942011 0.4497554876109691 | -6.546187298096526E-8 -2.4900001019601836 7.540452113778831E-7
0.26532834429895613 0.5487320935276567 0.5002449516576627 | -1.8589182872200857E-8 -2.490000173331384 5.385145595461071E-7
0.26611044461003197 0.548138253883533 0.5517251081065395 | 2.455273828613438E-9 -2.4900000520465584 1.0790447102397813E-7
0.2685453775430494 0.5466079545651826 0.6086796471198794 | 6.211897004623145E-10 -2.4899999914058917 -6.305886322263033E-9
0.27212933357599856 0.5447185595049838 0.6778706720576618 | -1.0920051375855655E-11 -2.49000000022271 1.6332920800334636E-10
0.34132182727716276 0.5466100681978251 0.26854328997883103 | 6.999930761428413E-7 -2.489998728597432 -4.057157101702356E-6
0.33871499481419787 0.549216805367221 0.33871499473334366 | 4.823155786098876E-7 -2.4899988477466706 4.823406223373279E-7
0.337068432460071 0.5508622538276732 0.3974982649837134 | 4.917066977229076E-7 -2.490000419801079 1.8533921229534304E-6
0.3362758024058242 0.5516535654758901 0.44962943787610826 | 1.1874978524127231E-7 -2.4900000180252224 5.699697696082915E-7
0.33627565012729144 0.5516534350058709 0.500371471082986 | -1.0942677251856114E-7 -2.4900001288676425 3.6890657961111195E-7
0.33706830467757903 0.5508604377724813 0.5525047444691027 | -1.440139718136958E-8 -2.4900000796099215 1.2712616701550377E-7
0.33871422482584895 0.5492141644172469 0.6112858481876455 | 6.048607182679279E-10 -2.4899999908267896 -7.619562116255473E-9
0.3413203904704717 0.5466079187401343 0.681454633603939 | -1.1295227561742154E-11 -2.490000000250604 1.7769637645980648E-10
0.39827733829598994 0.5481397749671225 0.2661101614621721 | 1.8753981518944457E-6 -2.490001310084467 -1.2942860358245191E-6
0.3974982649745311 0.5508622537576616 0.33706843245241486 | 1.8536943922355547E-6 -2.4900004198877155 4.917274398584822E-7
0.3967958627465438 0.5527003127958395 0.39679586268738165 | 1.4020861922125405E-6 -2.489999464028146 1.4016159082240685E-6
0.3962387607405187 0.5536360992022858 0.4495533159688321 | 5.102368958613469E-7 -2.4900005577304904 8.224420593261589E-7
0.39623875121699514 0.5536362091327149 0.5004468748226972 | 2.2567821573249965E-8 -2.4900000676987726 3.243627406059612E-7
0.39679541369624777 0.5527000973338889 0.553204805014013 | -2.0983675143289146E-8 -2.490000080766122 1.0438697933823125E-7
0.39749556878740677 0.5508600524552186 0.6129317324713851 | 4.965156307780185E-10 -2.4899999917173243 -7.0523188761392076E-9
0.3982750694928227 0.5481380034246929 0.6838895561688788 | -1.6830383852887361E-12 -2.490000000223726 1.578445090298626E-10
0.44975548761572776 0.548732170595332 0.2653283713019169 | 7.540484301759159E-7 -2.490000101954919 -6.544940477628492E-8
0.44962943782078235 0.5516535654186723 0.3362758024003146 | 5.699653024685487E-7 -2.4900000180495594 1.1878453368909744E-7
0.4495533159691595 0.5536360991470627 0.39623876074775216 | 8.224183128305802E-7 -2.490000557774516 5.100598492147526E-7
0.4494164300683902 0.554726280005653 0.4494164300493244 | 2.9924980111867186E-7 -2.4900002356701783 2.993769070340299E-7
0.44941646059028423 0.5547262206203706 0.5005839059964693 | 1.6784691240636128E-7 -2.4900001098824207 2.8659475597956297E-7
0.449553306521424 0.5536359186110316 0.5537614081258174 | 8.081674116662486E-9 -2.490000023860425 2.381337007415699E-8
0.4496288322623063 0.5516526838316416 0.6137243652995613 | -4.598311819967357E-10 -2.4899999962722412 -3.2821603661586683E-9
0.44975522096699583 0.5487315887113213 0.6846715580074983 | 6.2916221364371874E-12 -2.4900000001234965 8.611513850012005E-11
0.5002449516581366 0.5487320935314361 0.2653283442954648 | 5.385111490381603E-7 -2.490000173333351 -1.858717298234396E-8
0.5003714710692289 0.5516534350051556 0.33627565012109994 | 3.688857401422176E-7 -2.490000128862153 -1.0942003631953403E-7
0.5004468747954001 0.5536362091165167 0.3962387512235095 | 3.243132420593452E-7 -2.490000067625876 2.2642150590035706E-8
0.5005839059777137 0.5547262206178909 0.4494164605887062 | 2.8656472910953374E-7 -2.4900001098708864 1.6788560333041134E-7
0.5005838717301329 0.5547260641267937 0.5005838717412603 | 5.874581181429944E-8 -2.490000061757676 5.875792020385292E-8
0.5004468163926374 0.5536358152437235 0.5537613394247669 | -1.0229031375664323E-11 -2.490000001461593 -5.455919924606416E-10
0.5003711760125947 0.5516526647618065 0.6137243498834117 | -2.3064039156459023E-10 -2.4899999992021726 -6.228457811874389E-10
0.5002447795976471 0.5487315863761458 0.6846715551879833 | 4.096762009156182E-12 -2.4900000000363267 2.5401500183068237E-11
0.5517251081063232 0.5481382538832699 0.2661104446102051 | 1.0790363538950382E-7 -2.4900000520458256 2.455555688073287E-9
0.5525047444778214 0.55086043778268 0.3370683046757411 | 1.2711937439294636E-7 -2.490000079603346 -1.4406114814958847E-8
0.5532048050317286 0.5527000973555765 0.3967954136952689 | 1.04377796464626E-7 -2.4900000807521794 -2.096087886134144E-8
0.5537614081392226 0.5536359186266837 0.44955330652285747 | 2.38101688160678E-8 -2.490000023859863 8.08880956377197E-9
0.5537613394295343 0.5536358152487306 0.5004468163964453 | -5.457738646334999E-10 -2.4900000014617123 -9.834783512165092E-12
0.5532046048391913 0.5526997905866078 0.5532046048390157 | -7.750477113907193E-10 -2.490000000705692 -7.750487391757662E-10
0.5525044363426388 0.5508599859324286 0.6129316766551881 | 5.2707736227685444E-12 -2.4900000000154314 1.3200138239555828E-11
0.5517249310967653 0.5481379974659163 0.6838895487462697 | -1.0382877720598036E-13 -2.490000000001984 1.3238676674231195E-12
0.6086796471199187 0.5466079545651887 0.2685453775430432 | -6.3058755213627685E-9 -2.4899999914059077 6.211993538745813E-10
0.6112858481872623 0.5492141644166765 0.33871422482585156 | -7.61951837264134E-9 -2.4899999908268557 6.050011222474052E-10
0.6129317324707413 0.5508600524542265 0.3974955687874403 | -7.051774315265731E-9 -2.489999991717922 4.964084682484034E-10
0.6137243652990487 0.5516526838307856 0.44962883226246064 | -3.2816764917832203E-9 -2.489999996272681 -4.6026241486858284E-10
0.6137243498832551 0.5516526647613608 0.5003711760124857 | -6.226241560821321E-10 -2.4899999992023076 -2.3088307090921455E-10
0.6129316766552796 0.5508599859323516 0.5525044363425922 | 1.3240273383685685E-11 -2.490000000015444 5.2138621950974134E-12
0.6112857767806016 0.5492140802533272 0.6112857767805536 | 7.471753662891499E-12 -2.489999999997472 7.470555577775783E-12
0.6086796100121711 0.5466079104932374 0.6814546227341037 | -1.8968394999735648E-13 -2.4899999999999505 5.5437325680565244E-14
0.6778706720576647 0.5447185595049867 0.27212933357599767 | 1.6332927577783853E-10 -2.49000000022271 -1.0920070909064717E-11
0.6814546336038727 0.5466079187400849 0.34132039047046503 | 1.7769957866722205E-10 -2.4900000002506077 -1.1296621934005255E-11
0.6838895561688383 0.548138003424667 0.3982750694928186 | 1.5787522968004843E-10 -2.4900000002237648 -1.6951639632993902E-12
0.6846715580073799 0.5487315887112326 0.44975522096699405 | 8.612871110139381E-11 -2.4900000001235134 6.2800702273293245E-12
0.6846715551878697 0.5487315863760566 0.5002447795976517 | 2.540460514262079E-11 -2.4900000000363303 4.092619449794893E-12
0.6838895487462334 0.5481379974658868 0.5517249310967709 | 1.324039338039061E-12 -2.4900000000019844 -1.039586075017374E-13
0.6814546227341053 0.5466079104932374 0.6086796100121722 | 5.5446362336113675E-14 -2.4899999999999505 -1.8967126501790187E-13
0.6778706666432164 0.5447185554623597 0.6778706666432164 | 1.9315001748217327E-15 -2.4899999999999967 1.931970171434726E-15
0.2698299095484476 0.49011264036556107 0.2698299095503738 | 0.0025695137388028776 -2.486226754691303 0.002569513753431025
0.2661217543576883 0.4904537329428762 0.33981826796198633 | 8.9865330704688E-4 -2.4865866004911017 -3.1176335131608006E-5
0.2636263281383846 0.4902585568496672 0.39793100571143664 | 1.851795742715549E-4 -2.490165259654659 4.1267281862533163E-4
0.26276737217544616 0.4904982735710886 0.44978127433177306 | 3.830939215700747E-6 -2.4898935366117536 -1.3524287125855333E-5
0.26277497103318487 0.4904583245702847 0.5002817487796047 | 4.190125664202795E-6 -2.4899288991294237 -1.2759533901654013E-5
0.2636518594830241 0.4900598404891294 0.5521316967554082 | -1.6397298846535317E-7 -2.490001787610664 3.3377958815979776E-6
0.2661104358990786 0.489653418736136 0.6102099285095691 | 4.656484374526933E-9 -2.4899998917233344 -6.247964159466582E-8
0.26980235644332756 0.48934538036855246 0.6801976633246225 | -3.944126213220516E-11 -2.490000002068387 1.0694282576628858E-9
0.3398182680436689 0.4904537328728705 0.26612175391085124 | -3.117523788825674E-5 -2.486586606875552 8.986495023263503E-4
0.3370810806080984 0.4913921403267688 0.33708108274701704 | -1.3486709108955012E-5 -2.4867564672683287 -1.3495330852808321E-5
0.3352230844489253 0.4914402070117869 0.39685975936968987 | -2.169351620514798E-4 -2.4900537937856915 7.333691748945077E-4
0.33428614671362883 0.49179235309577923 0.4496178107987881 | -3.104683042506486E-5 -2.4899733057691154 3.700405081099898E-4
0.3342872855356675 0.4917203328172116 0.5004725880867135 | 7.522383414678078E-6 -2.489911028462149 -2.400085326302769E-5
0.33522801087351667 0.49113671943981485 0.5532085312078757 | -1.381656811995083E-7 -2.4900028994780223 4.046986470085022E-6
0.3370682773040192 0.49043310892138986 0.6129321488703532 | 3.977737519467194E-9 -2.4899998577761755 -9.698705016191015E-8
0.33979030394331716 0.4896532453033651 0.6838895923669318 | 1.982146507765604E-12 -2.490000002853667 1.4102842137415037E-9
0.3979310058286293 0.49025855744268887 0.26362632605806857 | 4.1267409316911877E-4 -2.4901652598758948 1.85176258245684E-4
0.3968597595030326 0.4914401930590291 0.3352230851679913 | 7.332540268469594E-4 -2.4900537664581113 -2.1700665976112554E-4
0.39600838801525545 0.4920859923031601 0.3960083963179336 | -6.275326217748713E-4 -2.4897039453770975 -6.270973752892253E-4
0.395334590746695 0.4926563676021192 0.4495156938168766 | -6.842704910032241E-5 -2.4900023680265138 -4.169572743240012E-5
0.39532241105636934 0.4926385422228003 0.5005411391804239 | 2.547872266280178E-6 -2.489917231491362 -3.90059883848933E-5
0.3959962347356534 0.4919357724858202 0.5540075501241558 | -2.2656832058767353E-8 -2.4900033099404943 3.980357815559523E-6
0.39679537975676904 0.4911332374007198 0.6147718753126172 | -1.2950447551189452E-9 -2.4899998471792366 -1.05358301091887E-7
0.39787059192528246 0.4900577234607693 0.6863481066254924 | 9.286389112538483E-11 -2.490000002929759 1.440955584523221E-9
0.44978127410661023 0.49049827383579797 0.2627673713789609 | -1.3527041526919782E-5 -2.4898935365193413 3.8293792516869636E-6
0.4496178093595402 0.49179235267531496 0.3342861467851141 | 3.699944165098795E-4 -2.4899732853437566 -3.107648728923755E-5
0.4495156978460784 0.4926563776821338 0.3953345890071346 | -4.156483665245479E-5 -2.4900023577304724 -6.845475128339291E-5
0.44934765291276635 0.49341483872322217 0.44934765483413 | -6.821809216993748E-5 -2.4898886099242135 -6.822189260361484E-5
0.4493392259492488 0.49340250968679 0.5006853992965383 | -1.1223345668967336E-5 -2.4899669726170486 -2.0106228818297264E-5
0.44948343821795045 0.492613526377228 0.5546852582754476 | 3.177211490247077E-7 -2.490002040007841 1.9007508674235659E-6
0.4495532972006998 0.49168989045109723 0.6157077623095906 | -6.388670489444014E-9 -2.4899999087488522 -6.534746661342776E-8
0.4497363277702576 0.4904370827152203 0.6872240513158691 | 6.611966744654099E-11 -2.490000002065928 1.020145458272897E-9
0.5002817487883772 0.4904583244696817 0.2627749711571332 | -1.2758752439229215E-5 -2.48992889972312 4.189980665284058E-6
0.5004725889976858 0.49172033350845284 0.33428728528825485 | -2.399609386973604E-5 -2.489911029484499 7.5269049879992484E-6
0.5005411412209276 0.4926385439425855 0.395322410930728 | -3.8994470836291735E-5 -2.4899172355380887 2.535697537361866E-6
0.5006854004040824 0.4934025105565479 0.44933922689892425 | -2.0102511600215E-5 -2.489966974170849 -1.1227987046381401E-5
0.5006770734087028 0.49339247444440837 0.5006770732541916 | -1.3640690890888366E-6 -2.4899963698217356 -1.3647063744070055E-6
0.5005189921999509 0.4926122669055852 0.5546838757945667 | 1.7812581419582857E-7 -2.490000576556517 4.087525947931162E-7
0.5004468572603494 0.4916898006657408 0.6157076503552452 | -4.542925874748449E-9 -2.489999967934742 -2.1513324910656553E-8
0.5002636734731146 0.490437079552594 0.6872240391489864 | 4.519534923364707E-11 -2.4900000008416345 4.0932146753431793E-10
0.5521316967615086 0.49005984048884976 0.26365185948104397 | 3.3377899659676373E-6 -2.490001787606655 -1.639797997807676E-7
0.5532085310942271 0.4911367193085569 0.33522801090196597 | 4.046885018825329E-6 -2.490002899529862 -1.3832161542403596E-7
0.5540075499149371 0.4919357722697283 0.39599623476773815 | 3.979825317031194E-6 -2.490003309834497 -2.2756809297703525E-8
0.5546852580931274 0.49261352618195803 0.4494834381483991 | 1.9003819268351911E-6 -2.490002039839942 3.1798121063405116E-7
0.5546838757369945 0.49261226682872095 0.5005189921327796 | 4.0860174219599497E-7 -2.4900005765101114 1.7826479324967676E-7
0.554004256231306 0.49193266250246764 0.5540042562197359 | 6.960011859683714E-9 -2.4900000179492148 6.989356787842364E-9
0.5532046510027214 0.49113299001284666 0.6147715566771623 | -8.359662672817259E-10 -2.489999996430736 -1.8913422195505226E-9
0.552129409980338 0.49005771482289834 0.6863480746874819 | 8.922960639031926E-12 -2.4900000001414555 5.669527839261613E-11
0.6102099285097762 0.48965341873661294 0.2661104358986854 | -6.24796594592991E-8 -2.489999891723214 4.6565363628888034E-9
0.612932148859614 0.49043310891313696 0.3370682773032832 | -9.698916414846977E-8 -2.489999857773715 3.980501104587859E-9
0.6147718753059216 0.4911332373987663 0.39679537976138074 | -1.0539463185219753E-7 -2.489999847123665 -1.2742153706097769E-9
0.6157077622932807 0.49168989043939093 0.44955329720202253 | -6.536882244078266E-8 -2.489999908724816 -6.369982257614602E-9
0.6157076503396186 0.4916898006536836 0.500446857258617 | -2.1520111983113577E-8 -2.4899999679299425 -4.535871125986435E-9
0.6147715566719241 0.4911329900087337 0.5532046509985369 | -1.8918889281201346E-9 -2.4899999964305746 -8.354110239051416E-10
0.6129316921761891 0.4904327536467353 0.6129316921761826 | -1.0401991586881728E-10 -2.4899999997587967 -1.0394223070695217E-10
0.6102096964189915 0.4896532322503617 0.6838895505003559 | -9.301930970037154E-13 -2.490000000001133 4.013620123099334E-13
0.6801976633245718 0.4893453803685225 0.26980235644334544 | 1.0694214206064687E-9 -2.4900000020683803 -3.943824822163128E-11
0.6838895923675354 0.48965324530388793 0.33979030394341403 | 1.4102664729593025E-9 -2.490000002853705 1.9978683203029705E-12
0.6863481066261842 0.49005772346137816 0.3978705919253435 | 1.441028256519426E-9 -2.4900000029300333 9.272664857932547E-11
0.6872240513165243 0.49043708271587116 0.44973632777028516 | 1.0202667961508073E-9 -2.4900000020662065 6.587088226412811E-11
0.6872240391491906 0.4904370795529256 0.5002636734730435 | 4.0936783635184957E-10 -2.4900000008417376 4.507674116158524E-11
0.6863480746873584 0.4900577148229213 0.5521294099802851 | 5.6701982338698836E-11 -2.490000000141469 8.899727247613643E-12
0.6838895505003167 0.4896532322503654 0.6102096964189611 | 4.01846001118536E-13 -2.490000000001134 -9.307787449080933E-13
0.6801976430982357 0.4893453736314548 0.6801976430982353 | -2.3151982321545452E-14 -2.489999999999951 -2.3151055586146827E-14
0.2687202106909916 0.44373142758839235 0.2687202103439846 | -0.008631159013437268 -2.437943847144562 -0.008631168952835699
0.26455833915982463 0.44358069823271207 0.33955861803112874 | -0.016731021730397398 -2.4328064235075537 0.010339266389225825
0.2624812041204142 0.4412913477490307 0.3998021607345809 | -0.0036348514383772743 -2.502210741350672 0.06090606896803557
0.2617487541542351 0.43933192452161374 0.4508895001499095 | -0.001669851834976048 -2.488377451324228 0.02205625813044225
0.2618311281002927 0.4383703806793656 0.500414563937867 | 2.69064745773521E-5 -2.4893681269566903 -5.8274905292143324E-5
0.26277506294201125 0.4381962005375123 0.5525168511094453 | -1.2570129304535448E-7 -2.4900121724104802 1.0672235726818343E-5
0.2653283333131027 0.43817316857281313 0.6108036376849852 | -8.6309076350982E-9 -2.4899995666047956 -2.1687309733902056E-7
0.26922722671850785 0.43811552655305075 0.6807727450970864 | 2.58187815163271E-10 -2.490000004405577 -6.520765796090177E-10
0.33955861785243313 0.44358069871580724 0.2645583350467488 | 0.01033926949426771 -2.4328064053234657 -0.016731052464874097
0.3365197022767113 0.4433741122148112 0.33651966088069846 | 0.006180222420343854 -2.4298546295964494 0.006179722536402014
0.3339724676674732 0.4413890767189093 0.39847655384244274 | -0.012879159480759033 -2.500797050314249 0.0602307642924078
0.3331154107899365 0.43965869852278616 0.4508270713070701 | -0.002771102812436004 -2.4888144439169557 0.028538395378098894
0.33316981475321156 0.4386597622024301 0.5007033820410591 | -1.530432846221997E-5 -2.489301081329588 -1.0431867181305624E-4
0.3342915807848484 0.4383821170557415 0.5537731606712836 | -1.0249120612538412E-7 -2.4900201158098914 1.4963442680294484E-5
0.3362755466084076 0.4382995715639866 0.6137249915846316 | -2.600602859023393E-8 -2.48999935138166 -3.6241827203770574E-7
0.33919670226597004 0.43817302555297366 0.6846715346440138 | 1.0147194251609522E-9 -2.49000000634798 -9.834432929638647E-10
0.399802158816832 0.4412913271519466 0.26248123756730907 | 0.06090564614496565 -2.502211343084698 -0.0036342991611491003
0.39847647377388506 0.4413891930419459 0.33397232438216967 | 0.06022813251677985 -2.500794519038413 -0.012882541702262329
0.39608831994675076 0.4409173435897896 0.3960884711114265 | 0.011919905865055744 -2.489653842988178 0.011924320133282774
0.3947607261021134 0.4396691707628468 0.45075078855651746 | 0.0019247316936359799 -2.491419896359423 0.03463586436425315
0.3945862480270358 0.43874304315178764 0.5007756874786558 | 1.5801064320180563E-5 -2.4891624353174904 -3.2021456788655417E-4
0.3953180294721451 0.4384526504623634 0.5546933299569428 | 4.3766918818831553E-7 -2.4900240509877607 2.0065455330691776E-5
0.3962386796642036 0.43837518158103966 0.615708044721769 | -2.6506418179283182E-8 -2.4899992101693256 -4.228064893090032E-7
0.39749122627341554 0.43819191612749525 0.6872239961451722 | 8.361312485413201E-10 -2.4900000057910288 -2.8930164511855187E-9
0.45088949526620997 0.43933192716160246 0.26174875228380035 | 0.022056234988249886 -2.488376986435882 -0.0016697869988104752
0.45082711072846193 0.4396587534221103 0.3331153239220291 | 0.02853873641801107 -2.4888140446322953 -0.0027736332786126817
0.4507508726547123 0.4396693541886917 0.3947608198117962 | 0.03463703549050656 -2.4914136810348544 0.0019284911454143295
0.44965938973459274 0.4391792976907456 0.44965941110620133 | 0.007794982639365946 -2.5006699896376863 0.007796540539028281
0.44920800379799475 0.4388817984667153 0.5009363057967391 | -2.0163531819995004E-5 -2.4896173180079817 -3.174301636752199E-4
0.44933317549396795 0.43860616697922034 0.5554669320351969 | 1.6203911296290478E-6 -2.4900184743144735 1.1459866252824117E-5
0.44941633557838584 0.438512327004322 0.6167981851844767 | -2.099155888000722E-8 -2.489999392266686 -3.4360290814583874E-7
0.44966886707792864 0.4382594083822822 0.6881565562256118 | -4.669479405794139E-10 -2.490000004301825 -2.3638367644273296E-9
0.5004145642800757 0.4383703806281611 0.2618311275566054 | -5.827538283099752E-5 -2.48936812810591 2.6908262711023207E-5
0.5007033741466113 0.43865975294213677 0.33316983114759924 | -1.0433752507897427E-4 -2.4893011935867144 -1.5242161290307967E-5
0.5007756561060187 0.4387430103912839 0.3945862460527428 | -3.202357051003123E-4 -2.489162713402569 1.589249272313758E-5
0.5009362908649342 0.43888178038526177 0.4492079838794711 | -3.17384071297466E-4 -2.4896173921052345 -2.0246775240965853E-5
0.5008970358937466 0.4388258709368266 0.5008970345720014 | -3.751708388781015E-5 -2.4899111248977017 -3.754132568430558E-5
0.5006753005117253 0.43860429738812284 0.5554631573342507 | 8.570374846926732E-7 -2.4900062177685935 3.613404964041638E-6
0.5005839159730082 0.43851235776885444 0.6167981374871052 | -1.7858770171193896E-8 -2.4899997288180904 -1.4481056571058954E-7
0.5003311476820261 0.43825943786062543 0.6881565854639287 | -4.6167112980875903E-10 -2.490000003728448 7.211948961883772E-10
0.5525168510706819 0.43819620060129705 0.2627750630803366 | 1.0672315560535617E-5 -2.490012172361649 -1.256853011508859E-7
0.553773159587333 0.438382116320639 0.3342915807886387 | 1.4962888249115994E-5 -2.4900201145510548 -1.0371430201554075E-7
0.5546933305714524 0.4384526501481715 0.39531802934680305 | 2.008467654325734E-5 -2.4900240621164484 4.293620764275295E-7
0.5554669312555193 0.438606165941386 0.4493331758461911 | 1.1470529124242131E-5 -2.4900184802921537 1.6128434526543854E-6
0.5554631564476995 0.438604296616705 0.5006752997081559 | 3.6162698706146594E-6 -2.490006218473805 8.545658385470829E-7
0.5546843969681488 0.438447911734451 0.5546843969754713 | 1.659732861781845E-7 -2.490000509125628 1.6588750712268268E-7
0.5537614719844538 0.4383752637459702 0.615707786069561 | -4.593623976335455E-9 -2.489999953266072 -2.248283267179066E-8
0.5525087766759549 0.43819197982925007 0.6872240528623607 | -5.004327677553889E-11 -2.4900000011362486 1.985261568057088E-10
0.6108036376769246 0.4381731685688123 0.2653283333181176 | -2.1686341171661379E-7 -2.48999956661254 -8.633339689822726E-9
0.6137249916592028 0.43829957162634947 0.33627554659326114 | -3.6238845030691995E-7 -2.4899993513949235 -2.6026689305564375E-8
0.6157080448051944 0.4383751816615202 0.39623867965589893 | -4.22805313502073E-7 -2.489999210123082 -2.6424809737702595E-8
0.6167981852653844 0.4385123270841943 0.4494163355892812 | -3.437060076824901E-7 -2.489999392104461 -2.0790112390149204E-8
0.6167981375189905 0.4385123578082942 0.5005839159935904 | -1.4487864390088263E-7 -2.4899997287649045 -1.7766587907191954E-8
0.6157077860632494 0.4383752637515754 0.5537614719789786 | -2.2497116318866126E-8 -2.4899999532621004 -4.5775626100173814E-9
0.6137244169485083 0.4382995041623851 0.6137244169484837 | 9.790222853161648E-12 -2.4900000000854714 9.944032170585717E-12
0.6108032875165248 0.43817308109440223 0.6846715645428787 | -9.554598414476882E-12 -2.490000000064735 4.444315509217481E-12
0.6807727450973349 0.43811552655309244 0.2692272267182673 | -6.522001614881935E-10 -2.4900000044054544 2.5818308478292746E-10
0.684671534643432 0.4381730255516768 0.33919670226566406 | -9.833324852764175E-10 -2.4900000063480756 1.014745318713951E-9
0.6872239961461103 0.43819191612700775 0.3974912262732088 | -2.8934162306340663E-9 -2.490000005791229 8.358005799868557E-10
0.688156556226104 0.4382594083814863 0.4496688670780678 | -2.3633956246249205E-9 -2.4900000043027903 -4.676258543006809E-10
0.6881565854647353 0.4382594378604213 0.5003311476823477 | 7.215975761604517E-10 -2.490000003729055 -4.623348937102305E-10
0.6872240528626451 0.43819197982921204 0.5525087766761944 | 1.985967586470705E-10 -2.4900000011363455 -5.0243175767832184E-11
0.684671564542842 0.4381730810943986 0.6108032875164986 | 4.453788118953332E-12 -2.4900000000647395 -9.570256141910699E-12
0.6807727642908842 0.4381155593850624 0.6807727642908843 | -5.959339135522869E-13 -2.4899999999987865 -5.959100699017469E-13
0.26609232355859824 0.4026766811960329 0.2660923233457467 | -0.0826122297101856 1.1052413152726435 -0.08261222699170784
0.26210528746836154 0.40287381934083427 0.3404149924536804 | -0.07820788151262806 1.1200317460235645 -0.01939594848391095
0.2611930817056134 0.3909643576903896 0.40384796889977415 | -0.003996293590853901 -2.494361224908321 0.013733830241206883
0.2614174290014191 0.38851928249982065 0.45403566919937 | -0.006590890844947756 -2.5218851418885713 0.06334975814514919
0.261777461220446 0.38778674341075836 0.5004614856098689 | -1.2246811117955282E-4 -2.489607060088369 8.891790170008775E-6
0.26277495890444774 0.38765850645736594 0.5525146302874939 | 2.2206306625257254E-6 -2.4900288296048143 7.741457563563965E-6
0.2653281679583682 0.3876825776497087 0.6108024480641714 | -8.325689074505768E-8 -2.4899996408335667 3.8901044961485984E-7
0.2692272522056475 0.38774105834031436 0.6807727375509087 | 7.849181132436183E-10 -2.490000003619591 -1.5145137988763545E-10
0.3404149954373253 0.40287381954543955 0.26210528840680924 | -0.01939574993108242 1.1200316070396183 -0.07820783227355467
0.33728209166674866 0.40237469266886006 0.3372820752438737 | -0.021425531246013853 1.1398723146640255 -0.02142572579855837
0.3339555345976474 0.39072100771656665 0.40205732912167086 | 0.0050962026117381985 -2.4976522821271976 0.009775084563817213
0.3330309905876541 0.38797170242906187 0.4544006206685435 | -0.0046901070110401425 -2.540696583530713 0.07188065019723615
0.3331607488253857 0.3875645868019231 0.5007292262653079 | -1.2134475975508763E-4 -2.4892156978361077 -1.4065994680646343E-4
0.3342960903521556 0.3874727176006725 0.5537641846015079 | 4.226041793712767E-6 -2.4900432874156584 7.785183189614507E-6
0.33627549395532164 0.3875554272183375 0.613723017874519 | -2.3108680890054685E-7 -2.4899993822514594 6.941787206942907E-7
0.3391967416876868 0.3876835322503807 0.6846714745965449 | 5.84884998682507E-10 -2.4900000048455566 -4.462184646211195E-10
0.4038479914541992 0.39096426793540673 0.2611932114754401 | 0.013736011146850585 -2.4943631488965616 -0.003997289701673604
0.40205776378855396 0.3907192706637294 0.3339565162704505 | 0.009798083947037824 -2.497711605603104 0.005064415366303591
0.39880508920114693 0.4067388677551565 0.39880275284652345 | 0.04542940558005896 1.1986177447907842 0.045331655928079785
0.3953199245489872 0.3877392883318185 0.4539958061707973 | 0.008477542378790975 -2.54550781566567 0.06231568477892418
0.39465374325102365 0.38749521618902133 0.5007436132459571 | 2.0632638129288505E-4 -2.488185357612391 -4.536327345986787E-4
0.3953166586372286 0.38740001442960165 0.5546823834477104 | 4.458362475392148E-6 -2.490066563722465 2.2418532048527476E-5
0.3962388301017011 0.3874797428713718 0.615706076452506 | -1.2790957344208997E-7 -2.4899993618305287 1.2240257483495837E-6
0.3974912238881251 0.3876646400680137 0.6872239327206879 | -4.139600300952182E-10 -2.4900000034915974 1.0554137669384472E-9
0.45403567977163006 0.3885192544983958 0.26141746971658636 | 0.06335048382733978 -2.5218843956630135 -0.0065910926650617875
0.4544005713005655 0.3879715150814951 0.3330307986064794 | 0.07183488540281781 -2.54069723012785 -0.0046852675473465855
0.4539933769690191 0.38773609053855523 0.39531941657410496 | 0.06225508485155302 -2.5455510672822714 0.008454111153209081
0.45064592509724216 0.3867495842897414 0.45064571471747433 | 0.0073712545501525934 -2.5386277549424863 0.007372551229132402
0.449284317647146 0.387218509159939 0.5009591660827595 | -3.738655173260768E-5 -2.488860292314002 -0.0012355629920560703
0.4493289482277812 0.38725676330002706 0.5554654564586438 | 3.1091444343399453E-6 -2.4900599794740663 2.827253293235113E-5
0.4494160404925208 0.3873438273254837 0.6167972139636088 | 1.7037595853356762E-7 -2.489999869730874 7.86621822720756E-7
0.449668836372455 0.38759715117369115 0.688156472859349 | -6.080202616814041E-10 -2.4900000029240563 8.097701304278309E-10
0.5004614896900416 0.38778674641491684 0.26177744961472044 | 8.892826062186337E-6 -2.4896070585733034 -1.2246903070631688E-4
0.50072919299463 0.38756450350360977 0.33316073117372996 | -1.406737645214434E-4 -2.489216716668244 -1.209499891550885E-4
0.5007435729456668 0.3874952947663877 0.39465376550664133 | -4.5633577165902714E-4 -2.488182866180422 2.0774900299430304E-4
0.5009590806514196 0.3872185096940782 0.44928425777609066 | -0.0012373456233409192 -2.4888595877301163 -3.6047676291855405E-5
0.5009436068635085 0.38712909303321397 0.5009436188192602 | -1.411590420851329E-4 -2.489557154612585 -1.4087815453577468E-4
0.5006762021753847 0.3872625386287854 0.555467787530829 | 1.0146586213320752E-6 -2.49002307136264 1.411892409948556E-5
0.5005837491782759 0.3873446284274913 0.6167980936525213 | 1.496571178512054E-7 -2.4899992706613885 1.6949843949569388E-7
0.5003311207803015 0.3875971540222033 0.6881565371297534 | -2.43239908322768E-10 -2.4900000067485597 2.3160221687979275E-9
0.5525146298248801 0.3876585057837131 0.2627749586336741 | 7.740640449256956E-6 -2.4900288253753966 2.2213239599957173E-6
0.5537641880865545 0.38747272262650057 0.33429609129504045 | 7.775748196900407E-6 -2.4900432824466 4.229261855526741E-6
0.5546823885864176 0.38740001912695465 0.39531665803521804 | 2.2354482267711958E-5 -2.490066568344904 4.449135930278155E-6
0.5554654609039186 0.38725676645410556 0.4493289499035063 | 2.8300541649890108E-5 -2.490060010928359 3.0570104272640705E-6
0.5554677878479858 0.38726253982364267 0.5006762019938791 | 1.4137415399248906E-5 -2.4900230779295063 9.952842722077182E-7
0.5546870913967984 0.38741298971408034 0.5546870913008196 | 8.586352454523262E-7 -2.4900030241343485 8.56545056290403E-7
0.5537615586695582 0.3874817116100696 0.6157080351561692 | 5.943502842841145E-9 -2.489999823451476 -5.888450569085098E-8
0.552508771295353 0.3876646320083916 0.6872240595574759 | 1.9398092025060558E-10 -2.4900000033646017 5.999970277511585E-10
0.610802448067187 0.38768257765436526 0.2653281679617952 | 3.8904268839463324E-7 -2.489999640921148 -8.32445093946652E-8
0.6137230177576547 0.387555426974609 0.336275493899072 | 6.941708195376259E-7 -2.4899993822327997 -2.310569280938771E-7
0.6157060764874506 0.3874797427862765 0.3962388301208576 | 1.2241327089864174E-6 -2.4899993620215595 -1.278767206267806E-7
0.6167972139345724 0.387343827199078 0.4494160405079943 | 7.868311838167727E-7 -2.4899998693056835 1.7046226239705985E-7
0.6167980936704953 0.38734462838474065 0.5005837492103319 | 1.69167010402574E-7 -2.489999270397508 1.4994332856817134E-7
0.6157080351572998 0.387481711607303 0.5537615586714293 | -5.89512316956854E-8 -2.489999823429498 6.0232464162509305E-9
0.6137244956859759 0.38755713215702353 0.6137244956861858 | -5.959037334884011E-10 -2.489999994029138 -5.922112297736314E-10
0.610803291240704 0.3876835225737673 0.6846715765962303 | -4.5576668383438605E-11 -2.490000000347013 3.5688087397301016E-11
0.6807727375512621 0.38774105834054123 0.2692272522055893 | -1.5149693957863659E-10 -2.490000003619232 7.84892788958891E-10
0.6846714745941886 0.38768353224981805 0.33919674168780295 | -4.466199994684174E-10 -2.4900000048454287 5.848406694308565E-10
0.6872239327190066 0.38766464006743234 0.397491223888001 | 1.0557904603464887E-9 -2.490000003491768 -4.1443923782665743E-10
0.6881564728593821 0.3875971511741413 0.4496688363725023 | 8.100399288287096E-10 -2.490000002925584 -6.084571832779172E-10
0.6881565371300092 0.3875971540224986 0.5003311207800814 | 2.3161007638694272E-9 -2.4900000067499777 -2.440811406278717E-10
0.6872240595577608 0.38766463200849866 0.5525087712955093 | 6.002670642777726E-10 -2.490000003364988 1.9329539908975934E-10
0.6846715765962598 0.3876835225737638 0.6108032912407314 | 3.573717134070638E-11 -2.49000000034703 -4.5654763152731586E-11
0.6807727658512979 0.3877410408740012 0.6807727658512984 | -1.975569414209698E-12 -2.489999999998723 -1.9758254582098385E-12
0.26292861431549447 0.42108114644603695 0.26292861421037056 | -0.11794188733934186 0.6525920524910034 -0.11794188236196951
0.25957480999374644 0.4221352035831529 0.34056127348702775 | -0.07968275569535668 0.7061033360592885 -0.02112020908721436
0.26124037846005954 0.33697879196570607 0.4009242654920635 | 0.01975670703758871 -2.369879451667757 -0.05458468778592874
0.26234129591626926 0.3327525202790658 0.455304422927064 | 0.0021306122979644414 -2.5864637524233776 -0.004513821804696495
0.26261622560032166 0.3354495144510058 0.5001924666171141 | 6.332929704925899E-5 -2.4909814410859745 -4.933134425484625E-4
0.2636590157805124 0.33577487616286383 0.552121871760565 | 6.307336222033698E-6 -2.489977108007849 -3.6640103219961383E-6
0.266111056725751 0.3362041364283465 0.610209434050692 | -5.179019919046713E-8 -2.4900001112535253 1.564213188720575E-7
0.2698023627910229 0.33651121798973327 0.6801976247780425 | 8.503599325132627E-11 -2.4899999995811766 -6.978791587229984E-10
0.34056127383313783 0.422135187830724 0.2595748093354636 | -0.021120422873849177 0.7061025682958789 -0.07968289361839907
0.33760222451501226 0.42302166368080835 0.3376021956090304 | -8.256766132022199E-4 0.8583734459672527 -8.264580144209022E-4
0.33477045579448445 0.34073377927186677 0.4001547019144803 | -0.017936173817525294 -1.1813295413345548 0.08214287133399426
0.33397218900068004 0.33030567331766 0.45573697472008673 | -5.788435271679669E-4 -2.6239053949758033 0.0010731912458054821
0.3342580578948602 0.33415857494082635 0.5003689151308195 | 1.1615758434985128E-4 -2.492567942484854 -0.0010417256191073998
0.335236163276582 0.3346978959023367 0.5531735354181168 | 1.2023706534120722E-5 -2.4899492356380324 -7.678666388060444E-6
0.3370688022107314 0.33542442517693705 0.612930615945008 | 5.875912673246359E-8 -2.4900001966607115 5.049738645353076E-7
0.3397903086466068 0.33620336464108225 0.683889517390977 | -4.877540875210114E-10 -2.489999998158882 -1.859952264036698E-9
0.40092429226602244 0.33697881352899456 0.26124054869578633 | -0.054586361478792256 -2.3698794282720637 0.01975674185863724
0.40015078356921596 0.3407321214887935 0.3347766442011621 | 0.08221332236988117 -1.1812777498437905 -0.017839794460975868
0.4005152407203359 0.33274697885030163 0.40052783285944776 | 0.0013673420704305086 -2.436850889497593 0.001919387025669164
0.3962738032436674 0.33014908564277207 0.4556115611586937 | -1.8805635413843053E-4 -2.607962362726309 0.004894449614408429
0.3954781689509982 0.33325199185032306 0.5003075096060853 | -1.0958865395289876E-4 -2.491540903314307 -0.002387962008839554
0.39599051107824373 0.3338989071360346 0.5539666460440444 | 8.70074200128283E-6 -2.489984560369761 -9.456925321896202E-6
0.39679492488619594 0.33472433487466546 0.6147704734129421 | 1.022949840170859E-7 -2.4900002739836933 2.7994127243668785E-7
0.39787060231574634 0.3357988814533163 0.6863480149051454 | -1.3035587105706394E-10 -2.4899999989896484 -1.6043496096482796E-9
0.45530436118097656 0.3327525201738236 0.2623415608189571 | -0.00451451423431988 -2.586463505518162 0.0021320130547811712
0.4557309636803453 0.3303065142390946 0.33397713403359874 | 0.0010511530801423957 -2.6237488441230035 -6.451819477278219E-4
0.4556146230368029 0.3301427273585382 0.39626667486897466 | 0.0051883043873835084 -2.608134852949369 -3.4693882451015094E-4
0.4512147799848666 0.3304556299980216 0.4512102239317186 | 6.437712769590243E-4 -2.5616829350325254 5.094482039827571E-4
0.4495089439063751 0.33253044815918076 0.5007234374618442 | -2.83799437053354E-4 -2.48717367128715 -0.0019845282939012668
0.4494682140016424 0.33324577724807614 0.5546758917497229 | 5.225948920764292E-6 -2.489985866499777 -7.904498713949833E-5
0.44955225490916156 0.33416679256912585 0.6157062194320687 | -3.111645645170799E-8 -2.48999998028855 -2.2188631798866296E-7
0.44973631814962234 0.33541951441794016 0.6872239284689802 | 1.4135656315621956E-9 -2.490000000417294 -2.7683880494127493E-10
0.5001923834827998 0.3354494982542259 0.2626163571431799 | -4.931159416917387E-4 -2.4909825951536706 6.300833959013042E-5
0.5003691990876057 0.3341586432664439 0.33425780613514594 | -0.0010389917438518874 -2.492565192467334 1.1663684272278382E-4
0.5003078482704401 0.3332521811627516 0.3954781865885295 | -0.00238604371090101 -2.4915520142579135 -1.1143505804425002E-4
0.5007234243556536 0.33253073474304573 0.4495091448921393 | -0.0019843223426758193 -2.487167685278727 -2.7575562694446025E-4
0.5008033940523242 0.3325208924123727 0.5008034512635713 | -1.5513372974979678E-4 -2.4887760580723564 -1.5328698971232366E-4
0.5005207056752241 0.33325115881315326 0.554696092254662 | -1.13760633772542E-5 -2.4900484839785366 9.102467853540885E-6
0.5004462485637594 0.33416686842889215 0.6157072840753749 | -1.9476905165735992E-7 -2.4899993652801244 -5.1294841876808E-7
0.5002636392050166 0.33541951252446267 0.6872239590301417 | 1.2797782573277434E-9 -2.4900000062732595 -2.436307066714717E-9
0.552121873391674 0.3357748742572534 0.26365900898225136 | -3.6644834648979404E-6 -2.4899770885471977 6.303558866056933E-6
0.5531735104115937 0.3346978964943496 0.33523616509669885 | -7.674806810215069E-6 -2.489949262714712 1.202533329667549E-5
0.5539666471033824 0.3338989040458456 0.39599051345306463 | -9.46802377356312E-6 -2.489984438836339 8.679632744147484E-6
0.5546758862239032 0.3332457673902581 0.44946821627490213 | -7.909219983704233E-5 -2.489986045982855 5.240420660524521E-6
0.5546960924293529 0.3332511557184538 0.5005207042569634 | 9.140071109094377E-6 -2.4900485256431533 -1.1428701761117083E-5
0.5540112519110334 0.3339252237597846 0.5540112515734731 | 7.334359797515006E-7 -2.490010098078986 7.236174864882729E-7
0.5532048028206833 0.3347237433145509 0.6147721890800054 | 4.146611423029458E-8 -2.4899995639733827 -1.0654913029181767E-7
0.5521293949018549 0.3357988867465342 0.6863480840522519 | -5.905873624306323E-10 -2.4900000050955953 4.969040112871804E-10
0.6102094340224516 0.336204136512254 0.26611105695776055 | 1.565559860528417E-7 -2.4900001112866375 -5.1773943538103464E-8
0.6129306157019296 0.33542442518757587 0.3370688021652335 | 5.051499037625038E-7 -2.490000196730681 5.865639091104625E-8
0.614770473216446 0.33472433488433156 0.3967949247682435 | 2.799782765290893E-7 -2.49000027391616 1.0255967918038766E-7
0.6157062194285219 0.3341667926273072 0.44955225489031647 | -2.22189845523839E-7 -2.4899999798521684 -3.113730415454618E-8
0.6157072840757346 0.33416686847996396 0.5004462485429269 | -5.130734088859055E-7 -2.4899993647672107 -1.9475334376844965E-7
0.6147721890780375 0.33472374332865346 0.5532048028204525 | -1.0667056961199062E-7 -2.489999563847462 4.16919524125616E-8
0.6129319612448114 0.33542383460203273 0.6129319612454204 | 2.9018519074289604E-9 -2.489999965412326 2.9205077282997285E-9
0.6102097025938925 0.33620337225510216 0.6838895810070628 | -1.5609835588157262E-10 -2.490000001026829 1.9195192060796407E-10
0.680197624777355 0.3365112179893113 0.2698023627906529 | -6.980965647044502E-10 -2.4899999995810336 8.509752495221413E-11
0.6838895173880836 0.33620336463987865 0.33979030864719495 | -1.8601448549029917E-9 -2.489999998158649 -4.876019692308486E-10
0.6863480149019022 0.33579888145207615 0.39787060231531707 | -1.6038010077206984E-9 -2.489999998989762 -1.3067218599316964E-10
0.6872239284680122 0.3354195144173493 0.4497363181485465 | -2.7709766157575045E-10 -2.490000000418793 1.413773485439317E-9
0.6872239590304873 0.3354195125241082 0.5002636392050107 | -2.4372519118689386E-9 -2.4900000062748098 1.2794506833497565E-9
0.6863480840521121 0.33579888674636943 0.5521293949017877 | 4.970053770697619E-10 -2.4900000050963675 -5.914227606727097E-10
0.6838895810070572 0.3362033722550916 0.6102097025938973 | 1.920697918682677E-10 -2.4900000010269183 -1.5630265695163653E-10
0.6801976473315959 0.33651122621951113 0.6801976473315965 | -2.4776746018070476E-14 -2.490000000001577 -2.753616273440867E-14
0.26169840350726664 0.42669110230251167 0.26169840332467514 | -0.1267944811121774 0.21066355790317162 -0.12679447612944802
0.25911063502194664 0.42780535639544076 0.3405312249399838 | -0.06873703225111963 0.3037545127899984 -0.03412009241858157
0.26658661547096063 0.3482721979474568 0.40005503304808704 | -0.010081008798313917 -0.01812168070864639 0.008576029201228064
0.2652761903217681 0.2724186267094892 0.4503042496048334 | 0.0036562477877501655 -2.5516606203795438 -0.044800374885309774
0.2651596745196201 0.27669773146394283 0.5001550408882565 | -2.4793015844905584E-4 -2.4908507043323964 0.0012751928333346219
0.266127654600723 0.27773057509082144 0.551714278960551 | -6.416581238272963E-6 -2.4899455986243786 1.796512976430744E-5
0.26854560197080474 0.2792482525543398 0.6086798264859908 | -5.745401688633957E-8 -2.4900011641226114 1.1697902996891031E-7
0.2721293207450807 0.2811380673294057 0.6778706611202013 | 2.996986816137212E-10 -2.4899999877834524 1.4654129013083089E-9
0.34053122442115885 0.42780535109312273 0.2591106317271822 | -0.03412018858033508 0.30375426375350284 -0.06873710842092073
0.33813578092289803 0.43517300435234263 0.3381357351314878 | -0.0044642305991979565 0.48194277635140775 -0.004465060094312574
0.33811204316825555 0.3542513176161978 0.4000749148596865 | -0.007010385897834951 -0.016900402418160355 0.008188670286203018
0.3362965041674718 0.2684592154682037 0.4497327334950535 | 0.004720770870858381 -2.5791641021358047 -0.04577985945200704
0.3362495831601635 0.27369659504823823 0.5003490134772034 | -4.5040005193403E-4 -2.492980400446582 0.0034649515881899516
0.33707448822176783 0.2750194507439367 0.5524729556490896 | -2.3676701975741476E-5 -2.4898819560990213 8.074806615348255E-5
0.33871456512920317 0.276642260048254 0.6112862235415368 | 4.8910226574828234E-8 -2.4900028411607726 4.409477952119966E-7
0.3413203772015802 0.2792487257542315 0.6814546330989849 | -2.276043478961844E-9 -2.489999970093076 2.4096556005812552E-9
0.40005503296477796 0.3482721979377337 0.26658661345250506 | 0.008575863373442159 -0.0181219233752083 -0.010080373880175592
0.4000749148596865 0.3542513176161978 0.3381120431682556 | 0.008182602056921262 -0.016911725021422644 -0.006994347801828629
0.3998753333695926 0.3454298111071983 0.4000140379778185 | 0.006017046671557382 -0.0691716988643381 0.007341569497869112
0.396394490286392 0.2671047038377002 0.4499714260858345 | -0.003561050287226839 -2.5687450517931825 -0.044006203593470336
0.3963865662016959 0.271815646477259 0.5003812946109869 | 2.967512259225836E-4 -2.4921472048065665 0.0037595856819863426
0.3967797837536219 0.27318204914661914 0.5531776317341565 | 1.888493476033337E-5 -2.489895769971771 7.602830259835863E-5
0.3974955373666499 0.27499628625494676 0.6129316726023556 | 1.6438584051109158E-7 -2.4900020930363023 4.5765182965577126E-7
0.39827509796829336 0.2777186384303927 0.6838895328796483 | -2.3275356319531523E-9 -2.4899999778820474 2.959906367011495E-9
0.4503043117856047 0.27241861445444443 0.26527638529117975 | -0.04480050903419359 -2.5516601746958028 0.003658090906427672
0.4497289891458932 0.26846351184437645 0.33629872699834257 | -0.04576395820554157 -2.5790273323377617 0.004637674394415561
0.449971675784704 0.2671114468671539 0.3963819341736588 | -0.04380504913923748 -2.568635414501885 -0.00395617201142376
0.4498964171785674 0.26836005763003223 0.44988693919271233 | -0.00664320228048788 -2.5415630834199607 -0.006972157077511677
0.4496981039458778 0.27112946082111583 0.5008625894711252 | 8.237765447184304E-4 -2.486404409400243 0.002306518343276732
0.44953091531156786 0.2722200938392362 0.5537497104856085 | -1.883655493074852E-5 -2.490027325396781 4.9741604931330726E-5
0.4496282292187915 0.27420379019830177 0.6137229017103243 | 1.4047545505705717E-7 -2.4899999899127674 1.5075456686477364E-7
0.4497552486579129 0.277125039278649 0.6846714895589793 | -2.067067496067331E-9 -2.4899999939384356 2.148304905865219E-9
0.5001549396614122 0.2766976724406175 0.2651598408094669 | 0.0012769618268653451 -2.4908538951658756 -2.4801187041841597E-4
0.5003493861093304 0.27369642985279896 0.33624912813118324 | 0.003465404501624476 -2.4929822754603816 -4.510166070597614E-4
0.5003818715741735 0.2718150265672227 0.3963865547572309 | 0.0037606097104093427 -2.492167253019252 2.9967438775174363E-4
0.5008623415687086 0.2711292521984151 0.44969833256885117 | 0.00230301538932356 -2.4864089082157035 8.334459599352717E-4
0.5007683880397205 0.2711502463104544 0.5007685390096909 | 2.4347762807298652E-4 -2.4884564076091573 2.482165731038283E-4
0.5004550696849575 0.27221275627155006 0.5537767090188767 | 1.6479991387646157E-5 -2.490078699739353 1.9119457797494836E-5
0.5003699563958555 0.2742037846470709 0.613723246852539 | 3.419845459259962E-8 -2.489998797016686 1.0510658398673014E-6
0.5002447618279916 0.2771250188104035 0.6846714721008459 | -5.084818413646766E-10 -2.4900000100786364 3.084768292819624E-9
0.551714285561215 0.27773057750936614 0.2661276423116756 | 1.7993276099138004E-5 -2.4899455747968635 -6.416841707128825E-6
0.552472961267785 0.2750194557134302 0.3370744903460514 | 8.075342943472388E-5 -2.4898818345586027 -2.3715152646632177E-5
0.5531776227767763 0.27318205957459724 0.396779790422291 | 7.630294585356149E-5 -2.489895674039955 1.8916354479834093E-5
0.5537497024913031 0.2722201015887663 0.4495309213215669 | 4.9499475125546886E-5 -2.490027307166385 -1.8869418775271213E-5
0.5537767087910066 0.27221275832823216 0.5004550645043475 | 1.9162502280867134E-5 -2.490078669430809 1.6384058526332778E-5
0.5532168995127994 0.27315517384635446 0.5532168985128326 | 5.770394115158926E-7 -2.4900226343644647 5.475717142895676E-7
0.5525045601222458 0.2749965017798395 0.6129323429568535 | 1.196786676672812E-7 -2.4899990940576946 1.6858102504264539E-7
0.5517248938889068 0.2777185956177088 0.6838895241563063 | 5.745334831100332E-10 -2.490000010949188 2.5993206209071665E-10
0.6086798265379683 0.27924825250851915 0.2685456021194449 | 1.1696483278233121E-7 -2.490001164433839 -5.744188429652945E-8
0.6112862231356435 0.27664226015309934 0.338714565188935 | 4.410921000454301E-7 -2.490002842113087 4.851935099663309E-8
0.6129316724169288 0.274996286085031 0.3974955374074048 | 4.576950578074129E-7 -2.4900020941322367 1.6469338334959113E-7
0.6137229017412776 0.2742037900828113 0.44962822907889877 | 1.5001893832208354E-7 -2.4899999915377555 1.4137745014600887E-7
0.6137232469276618 0.27420378458783956 0.500369956396937 | 1.0508200861693939E-6 -2.4899987974334006 3.4197930822742217E-8
0.6129323429337991 0.27499650176862395 0.5525045601174595 | 1.6833636981566816E-7 -2.4899990941371195 1.2005820936625317E-7
0.611286313965599 0.27664254334799526 0.6112863139677783 | 4.939243737304946E-9 -2.489999859500052 5.0071115174602555E-9
0.6086796092807624 0.27924868798996383 0.6814546541008195 | -5.4840376821477886E-11 -2.490000003227971 2.632089941165501E-11
0.6778706611181302 0.2811380673297515 0.2721293207456338 | 1.4653526374804247E-9 -2.489999987782188 2.998144368455867E-10
0.6814546330924206 0.2792487257545918 0.3413203772020715 | 2.4100178161451073E-9 -2.489999970089084 -2.274595199669831E-9
0.6838895328761738 0.2777186384318005 0.39827509796655314 | 2.9598547472086804E-9 -2.4899999778756925 -2.3286807715088827E-9
0.6846714895582999 0.27712503927940163 0.4497552486569603 | 2.1506671736749372E-9 -2.489999993930424 -2.0689047909761804E-9
0.684671472100733 0.2771250188108778 0.5002447618277776 | 3.0834453858204955E-9 -2.4900000100752036 -5.094907661900031E-10
0.6838895241565347 0.27771859561785167 0.5517248938892831 | 2.599919301948656E-10 -2.4900000109485227 5.731769360946567E-10
0.6814546541007165 0.2792486879899673 0.6086796092806843 | 2.6594533583945518E-11 -2.4900000032279093 -5.53263525127795E-11
0.6778706765745984 0.28113804533362785 0.677870676574598 | -7.242849520132296E-14 -2.490000000080288 -8.799430749973722E-14
0.2630842883733509 0.41603708483392493 0.26308428827849556 | -0.10256170700482903 -0.2495613249720137 -0.10256170067009589
0.26014157071296123 0.4172014126816941 0.34096374491404063 | -0.06115412706020516 -0.13745641162772076 -0.018688248556540245
0.26268770399818747 0.41350063297185313 0.40752800269764194 | -0.005483602642209514 -0.5009586676315585 0.048984255341232075
0.2708904025869438 0.20601234424901335 0.4407196895216789 | 0.002533513720125822 -2.498274014413302 -0.030744249381855382
0.26965520450072683 0.20688261753427267 0.5000013090709268 | 5.17327320481597E-5 -2.4892285372648137 -4.311026821878573E-5
0.2697909858967868 0.2077329865251655 0.5514269321741697 | 3.0936371944695815E-6 -2.4900151564080204 -9.57175454637267E-6
0.2721286102913737 0.2100580833686547 0.606790772196159 | 4.001287294900603E-8 -2.4900000219243132 -1.1639861145930757E-7
0.276024540162345 0.21395281508829952 0.6739755002621857 | -6.60414974324137E-11 -2.489999999159862 2.76132486600757E-10
0.3409637461804205 0.41720140866542665 0.2601415709602467 | -0.01868835735134659 -0.13745673625628493 -0.0611541305169245
0.33835162807133656 0.42133504685885487 0.3383515909268069 | -0.006565119533610563 -0.018308753322316768 -0.00656600525613135
0.33695828123886384 0.4202523844572117 0.4084169220287006 | 0.03208002671496849 -0.327602811438732 0.09325952573317822
0.34050628712560815 0.2021000257854065 0.43838439689977005 | 0.0027379661100432853 -2.498491768623512 -0.0330704580308685
0.33928260282472444 0.20296766224972443 0.5000616493581365 | 8.58179870815984E-5 -2.4889283950413175 -1.2692644264589723E-5
0.3397888622758755 0.20404146712601312 0.5517644189720462 | 4.81808376857802E-6 -2.4900270017215367 -8.14740062430319E-6
0.3413197831357322 0.2064750165121341 0.6086795134308127 | 1.2537750000119552E-7 -2.4900000647750318 -1.7825804412113125E-7
0.34320976043363244 0.21005759149135053 0.677870659845201 | -5.646999199199794E-10 -2.489999998495507 2.4799256615049247E-10
0.4075279797164248 0.41350060084328427 0.2626878093754437 | 0.048983576371534165 -0.5009574268137058 -0.005484864307424729
0.4084180682713664 0.4202517695199742 0.3369591915912697 | 0.09331739258498807 -0.32759768720899524 0.03210715112684645
0.405228775242027 0.41553391007257 0.4052228090929219 | 0.09842989480319292 -0.42521210373745294 0.09826088975755075
0.3943947211544105 0.19966064857342633 0.4401801656756705 | -0.005711164770533601 -2.4977639328695886 -0.025995566503451518
0.3971981105953684 0.2004929345718138 0.5001873962634987 | -1.7049469874386988E-4 -2.4888828296748478 1.5304095618641536E-5
0.3978840505007363 0.20158406113931662 0.5521577780792966 | 3.42626163281195E-6 -2.490036948134613 -1.690032448264471E-5
0.39827573162496427 0.20404006112764034 0.6102097680701063 | 1.374334509140438E-7 -2.4900000972628478 -5.723085155961689E-7
0.398582900614934 0.2077306220972481 0.6801976422069288 | 2.5320774853098907E-10 -2.4899999996945796 -7.257383823582338E-10
0.44071970564109575 0.20601243690666307 0.27089049537314525 | -0.03074427206528976 -2.4982739649364265 0.002533737499165634
0.43838444038276736 0.20209994238355752 0.3405061860205652 | -0.03307403905535223 -2.4984923621184167 0.002739301714491898
0.4401804820162603 0.199662316403548 0.39439365623629263 | -0.025980191762326316 -2.497721109008398 -0.005752295835866315
0.4470836938804988 0.19873896186501572 0.44708364991913035 | -0.0029229342448764397 -2.4965319167652504 -0.002917353754780977
0.4492093328366814 0.1997058686011679 0.49998038941965345 | -2.2083517339009792E-4 -2.4892034889898635 1.1996400857296008E-4
0.44975222683891536 0.20070137716263386 0.5525112723079197 | -7.878822913554155E-6 -2.4900380011833025 -4.776906797725516E-5
0.44975618108970866 0.20325735998783676 0.6108043208975016 | 1.52475109684972E-8 -2.4899996873550103 -1.0202036720883667E-6
0.4498127221447724 0.20715553348025878 0.6807728048589897 | 5.18480860937302E-10 -2.490000003431654 -3.1413770536384276E-9
0.5000013128158615 0.20688260869402755 0.2696551953924867 | -4.312024786717477E-5 -2.489228544636518 5.1728112476858505E-5
0.5000615487493736 0.20296781468012043 0.33928255691684167 | -1.3480707117787474E-5 -2.4889290588418835 8.647999609000865E-5
0.500187282388346 0.20049298589118972 0.3971982119727443 | 1.4128258759955175E-5 -2.4888847693121727 -1.672811724643619E-4
0.4999804034954041 0.19970571730586983 0.44920935131786305 | 1.182247518407183E-4 -2.489204457187901 -2.192262925080944E-4
0.5001081676899427 0.19977521014929023 0.5001081694080598 | -3.8957263798211966E-5 -2.489817301953836 -3.8986411695412484E-5
0.5002516640103795 0.20069950701902362 0.5524900874750832 | -5.006853505495213E-6 -2.49002070492749 -1.765138488024253E-5
0.5002456805137531 0.20325655806945003 0.6108042024573144 | -2.3678002955936648E-7 -2.489999373021725 -2.5645754171727516E-7
0.500187278240434 0.2071555492103471 0.680772828629966 | 3.858619237000893E-10 -2.4900000078059508 -2.9735270545246557E-9
0.5514269323977021 0.20773298674382126 0.2697909858702853 | -9.566387129324623E-6 -2.4900151557845893 3.0930910394842613E-6
0.5517644212426535 0.2040414590886512 0.33978886600785774 | -8.15032055224682E-6 -2.490026985803881 4.805845562331632E-6
0.5521577863225967 0.2015840495093939 0.3978840477184451 | -1.6809563869164344E-5 -2.49003691733842 3.396460707593964E-6
0.5525112732893271 0.20070137932585932 0.44975222558911987 | -4.775109465156135E-5 -2.4900379765072067 -7.915562070860105E-6
0.5524900868449998 0.2006995092994997 0.5002516635997576 | -1.7638894076692554E-5 -2.4900206947004175 -5.0261272748658325E-6
0.5521175072714224 0.2015791025808079 0.5521175072366916 | -6.385088334702608E-7 -2.4900039216365695 -6.383011002507721E-7
0.5517246588751868 0.2040385295670308 0.6102091805865054 | -7.275837508986771E-8 -2.4899997012722097 2.6268718262615076E-8
0.551417106526582 0.20773065568360918 0.6801976797363039 | 3.363307015386639E-10 -2.4900000054202005 -1.0098652710223708E-9
0.6067907721935248 0.2100580833515272 0.27212861031678437 | -1.1632303924709244E-7 -2.490000021931829 3.9995521892693124E-8
0.6086795134943237 0.20647501665808654 0.34131978301961297 | -1.7800038446150846E-7 -2.490000064628903 1.2530600881957185E-7
0.6102097680894 0.20404006136965622 0.39827573167208774 | -5.71400685605772E-7 -2.4900000971354053 1.3736021530918645E-7
0.6108043208700811 0.20325736009578174 0.4497561811618119 | -1.0195571271619914E-6 -2.4899996865184324 1.591983314764103E-8
0.6108042024444531 0.20325655805313153 0.5002456805289055 | -2.5668306320876094E-7 -2.489999373213239 -2.365180013862505E-7
0.6102091805824581 0.20403852955332621 0.5517246588693334 | 2.6207945868252024E-8 -2.4899997013145967 -7.268497666468192E-8
0.6086791177441249 0.20647363482725295 0.6086791177441823 | -3.154294826818358E-9 -2.4899999670159993 -3.154967002999459E-9
0.6067902543052679 0.2100576280798059 0.6778706481104387 | 1.79730497818946E-10 -2.490000001409565 -1.9829965745066403E-10
0.6739755002630845 0.21395281508813235 0.276024540161671 | 2.762710466043151E-10 -2.489999999159776 -6.595127778478179E-11
0.6778706598435795 0.21005759149201095 0.34320976043405604 | 2.481097085997413E-10 -2.489999998495953 -5.64881721284777E-10
0.6801976422057276 0.2077306220963038 0.39858290061485213 | -7.248304135580517E-10 -2.489999999695507 2.5266226077514477E-10
0.680772804859235 0.20715553347933305 0.4498127221447578 | -3.1426885502983525E-9 -2.4900000034328755 5.16835533368166E-10
0.6807728286305278 0.20715554920999538 0.5001872782404626 | -2.973571461867686E-9 -2.4900000078057727 3.8473534501068857E-10
0.6801976797362964 0.20773065568369473 0.5514171065266149 | -1.0097386908988298E-9 -2.4900000054198475 3.3568887834969396E-10
0.6778706481103675 0.21005762807981596 0.6067902543052182 | -1.9824773673157164E-10 -2.4900000014095225 1.796435044015911E-10
0.6739754586944542 0.21395282984521857 0.6739754586944535 | 6.67459821245309E-13 -2.4900000000355096 6.678236681861127E-13
