512
0.27124594649775835 0.03564434794723978 0.2712459464977583
0.2592673590139876 0.09210213072430846 0.3005079401483437
0.2595988907884407 0.03154287937575347 0.35244810285095435
0.2726031444770105 0.05034531691062299 0.43453803944345826
0.2664243497742487 0.052338496295049414 0.5151867121181858
0.2578525507002669 0.01943707910388345 0.5949593517302333
0.2965274225039249 0.067677491561757 0.6600909560137006
0.2740556667140644 0.0537109906201681 0.7032490521642605
0.3005079401483443 0.09210213072431016 0.25926735901398307
0.29555674232693285 0.1518879560649296 0.2955567423269333
0.3213058071820625 0.08509633567915205 0.3549201810156027
0.3184837450065764 0.11291303163661098 0.4281378258008148
0.3095272633846193 0.12076904288891473 0.5190644892924461
0.3212155026815983 0.08141679362380919 0.5892517754153531
0.2983798510712356 0.14415298901134288 0.6522237891954147
0.30619729491624254 0.13609786320812528 0.7226474377800834
0.3524481028509557 0.0315428793757597 0.25959889078843956
0.35492018101560235 0.08509633567915172 0.32130580718206236
0.3560722543776354 0.17112349838184904 0.356072254377635
0.3546703741460144 0.1370973088390892 0.4429375609035273
0.3563119187682999 0.13587652681596474 0.5076399900591558
0.35440806593713015 0.16481002888029375 0.5909290031925739
0.35323379281686484 0.0794202012966845 0.63572452754356
0.36631537851031215 0.15305356957204463 0.7404362885312937
0.4345380394434584 0.05034531691062479 0.27260314447700956
0.4281378258008159 0.1129130316366121 0.31848374500657434
0.4429375609035272 0.13709730883908744 0.35467037414601654
0.4390794526729993 0.07877915910559598 0.43907945267299975
0.4391225056669885 0.08408625095562222 0.5125536465095077
0.43607048122273434 0.09981334062288783 0.5985945468737398
0.43449099513933687 0.04560737576130311 0.6317975969498053
0.43819352352169494 0.10561131826804385 0.7383696669731634
0.5151867121181856 0.05233849629504559 0.2664243497742517
0.5190644892924475 0.12076904288891642 0.3095272633846229
0.5076399900591563 0.13587652681596632 0.35631191876829804
0.5125536465095073 0.08408625095562364 0.439122505666988
0.5107876267219379 0.09841250427904387 0.5107876267219372
0.510610606334278 0.10629564775437318 0.5960459007327958
0.5198631428666166 0.05791102216759574 0.6318046873108751
0.511254010923543 0.11137458550515451 0.7427462861959481
0.5949593517302342 0.01943707910387951 0.25785255070026897
0.5892517754153532 0.08141679362381149 0.32121550268159865
0.5909290031925757 0.16481002888029436 0.3544080659371335
0.598594546873738 0.09981334062288205 0.43607048122273384
0.5960459007327993 0.10629564775438054 0.510610606334277
0.590125367903217 0.16146071276718185 0.5901253679032177
0.5936949120817377 0.09212851147462169 0.6415016153623564
0.5855649724042505 0.1449740132166006 0.7378126648479783
0.6600909560137016 0.06767749156175602 0.29652742250392483
0.6522237891954147 0.1441529890113461 0.29837985107123577
0.6357245275435585 0.07942020129668878 0.35323379281686323
0.631797596949809 0.04560737576130084 0.43449099513934125
0.6318046873108643 0.05791102216760644 0.5198631428666207
0.6415016153623587 0.09212851147462417 0.5936949120817353
0.645582201813665 0.05384385474392784 0.6455822018136675
0.6414644082913091 0.08810375007663908 0.7140165410426774
0.7032490521642574 0.0537109906201663 0.27405566671406667
0.722647437780083 0.13609786320812256 0.3061972949162426
0.7404362885312916 0.153053569572046 0.3663153785103129
0.7383696669731666 0.10561131826804825 0.4381935235216942
0.7427462861959466 0.1113745855051477 0.511254010923544
0.737812664847978 0.14497401321660172 0.5855649724042531
0.7140165410426773 0.08810375007663843 0.6414644082913099
0.7139532893829134 0.087658475049463 0.7139532893829134
0.20777238352561658 0.040693260635333614 0.20777238352561864
0.18618370786687433 0.05764339549130604 0.29928703990425776
0.18089935669318694 0.04138834367469026 0.39321247530794406
0.3132669349278981 0.0020232558592688764 0.42688082285659734
0.31707476326100653 0.00158406301821055 0.52051535679009
0.1812582920263966 0.03771808774913764 0.5567189103262545
0.20362637208296602 0.03054121729046901 0.6539644710616989
0.22385502888096173 0.023510474162672584 0.72855036232824
0.29928703990425715 0.05764339549130572 0.18618370786687408
0.2952745668514474 0.12590906467966162 0.29527456685144776
0.3211760504647395 0.05435766334585235 0.3509062819597884
0.3099308440950379 0.06336893421957943 0.42585195475107324
0.30726666508723577 0.08177951175598144 0.518542300507682
0.31983107473166633 0.054514861746369436 0.5906177814900099
0.2991794460608449 0.12063925063645595 0.6546259930047837
0.28922021793450053 0.11228167669958376 0.7697299583953562
0.39321247530794423 0.04138834367468878 0.1808993566931878
0.3509062819597881 0.054357663345852104 0.32117605046473885
0.3567469970819964 0.14346501221717997 0.35674699708199575
0.35189200216981137 0.07492102749572634 0.43166225147780074
0.3506816334309648 0.07244219942759 0.5188571330306229
0.356178401840677 0.13653384415136807 0.5909192512906632
0.346792379749388 0.042285153907350916 0.6341156995418271
0.3849188459267759 0.07732469804426649 0.780090263291933
0.4268808228565967 0.00202325585926759 0.31326693492789826
0.4258519547510748 0.06336893421958104 0.309930844095037
0.4316622514778006 0.07492102749572448 0.3518920021698123
0.43767563999739734 0.038066622804454754 0.4376756399973982
0.4388556004547239 0.055963192498056195 0.5132128095466392
0.4197525518739679 0.051497307739942565 0.6034861603570534
0.4279330883834707 0.0025361069755350453 0.6442996030776874
0.43305942885647397 0.02143690373112723 0.700463435251149
0.5205153567900901 0.0015840630182114076 0.31707476326100764
0.5185423005076832 0.08177951175598268 0.3072666650872398
0.5188571330306239 0.07244219942759209 0.3506816334309627
0.513212809546639 0.055963192498056424 0.43885560045472294
0.51045687370458 0.08127833817553409 0.5104568737045794
0.5292933621831666 0.055055439077369754 0.6007334827913045
0.5283992698181109 0.017672448129232868 0.6444881688315627
0.516098900030587 0.03080574527410587 0.7101075576913366
0.5567189103262555 0.037718087749137104 0.18125829202639684
0.5906177814900104 0.054514861746371185 0.3198310747316672
0.5909192512906624 0.13653384415137207 0.35617840184068106
0.6034861603570489 0.05149730773993692 0.41975255187396504
0.6007334827913138 0.05505543907737322 0.5292933621831661
0.5866935631973307 0.14073065529634887 0.5866935631973315
0.5958266104439052 0.06134200813917051 0.6353514278522727
0.5649878726908317 0.06991327935406984 0.7841971428487404
0.653964471061699 0.03054121729046932 0.20362637208296577
0.6546259930047843 0.12063925063645994 0.29917944606084446
0.6341156995418262 0.04228515390735885 0.3467923797493891
0.6442996030776877 0.002536106975529321 0.42793308838347516
0.6444881688315552 0.017672448129241847 0.528399269818115
0.6353514278522696 0.061342008139159014 0.595826610443904
0.6629438372335008 0.12982944323919543 0.6629438372335018
0.6582035743903416 0.11529761269585907 0.7705958598124896
0.7285503623282444 0.02351047416267855 0.22385502888095718
0.7697299583953552 0.11228167669958508 0.28922021793450026
0.7800902632919352 0.07732469804426793 0.3849188459267739
0.7004634352511583 0.021436903731128002 0.4330594288564736
0.7101075576913229 0.03080574527410508 0.5160989000305891
0.7841971428487378 0.06991327935407264 0.5649878726908313
0.7705958598124899 0.11529761269585886 0.6582035743903418
0.715486907657412 0.0033507747919108693 0.7154869076574114
0.1888003503198192 0.07865639231406656 0.1888003503198196
0.1843560732634945 0.04463326596531867 0.2991923169733977
0.19119042338806852 0.005287142689839316 0.3858422928616105
0.25947056620196446 3.318142497567357E-4 0.4360641117758574
0.26483211043871735 7.005517140081877E-5 0.516889020773057
0.19252757108688723 0.0032638164918272596 0.5655127968488254
0.18769654743230554 0.03486996341809553 0.6511359074974165
0.19021513576584922 0.08189479922188278 0.7582549985212229
0.29919231697339704 0.04463326596531786 0.18435607326349465
0.29280720331583115 0.08472084429313152 0.29280720331583227
0.26557438759883706 0.14092281876420842 0.37169968920745855
0.2598359406831784 0.1112036177538098 0.4430300242067554
0.26290878058229483 0.11061290409708538 0.5086972051984959
0.2591239875984307 0.12205996557640965 0.5841032552953058
0.29312898415538163 0.062074430891548335 0.6596862274929186
0.2979674331625209 0.05376969577108225 0.7716272838514593
0.38584229286161 0.005287142689839522 0.19119042338806885
0.37169968920745805 0.14092281876420842 0.2655743875988366
0.3617965831555484 0.13623124216724752 0.3617965831555478
0.34420575008794685 0.018327235140727125 0.4233458950872008
0.34305820315154045 0.022807845223336586 0.5248669264030161
0.3623537639450378 0.12759393296608607 0.5877546777054463
0.37710608778216215 0.13777471414678788 0.6731494120154727
0.3793795092357834 0.008851940846332168 0.7614605944718716
0.4360641117758576 3.318142497575829E-4 0.259470566201963
0.4430300242067553 0.11120361775380941 0.25983594068318144
0.42334589508720044 0.018327235140725893 0.34420575008794646
0.4319346177583662 0.005913662015855645 0.4319346177583666
0.433844788518844 7.146416880656138E-4 0.5166081729936509
0.40839324467442434 7.644279780956712E-4 0.6146376328745492
0.4396788847620488 0.08770478769943028 0.6685516370419957
0.43548899942051644 2.1078498265130548E-4 0.6934809548210833
0.5168890207730563 7.00551713985539E-5 0.2648321104387166
0.5086972051984949 0.11061290409708861 0.2629087805822876
0.5248669264030152 0.02280784522333848 0.34305820315153995
0.5166081729936498 7.146416880677987E-4 0.4338447885188431
0.5156213149034075 0.009634993653918646 0.5156213149034061
0.5469538109793002 0.0014751873102245932 0.6173909549461023
0.5102309212572421 0.09162365430367769 0.6701450282496583
0.5169722658931711 3.578289073868327E-5 0.6850273453332626
0.565512796848825 0.003263816491827564 0.1925275710868876
0.5841032552953069 0.12205996557640492 0.2591239875984298
0.5877546777054445 0.12759393296609678 0.36235376394504276
0.6146376328745503 7.644279780912374E-4 0.40839324467441956
0.6173909549461083 0.0014751873102237822 0.5469538109792997
0.5819383412146948 0.13085914750565855 0.5819383412146955
0.5948890649579135 0.08033661828446108 0.6474016197726503
0.5736080749969265 0.00131780159124843 0.7593811752294203
0.6511359074974165 0.03486996341809547 0.18769654743230607
0.6596862274929197 0.062074430891549764 0.29312898415538263
0.6731494120154751 0.1377747141467816 0.3771060877821625
0.6685516370419922 0.08770478769942298 0.4396788847620463
0.6701450282496629 0.09162365430368294 0.5102309212572378
0.6474016197726618 0.08033661828447583 0.5948890649579099
0.6639558693087666 0.02041380888574697 0.6639558693087675
0.6522349648586497 0.04996138349849065 0.7764411304729179
0.7582549985212228 0.08189479922188402 0.19021513576584875
0.7716272838514587 0.053769695771082995 0.29796743316252033
0.761460594471875 0.008851940846337978 0.37937950923578684
0.6934809548210877 2.1078498265561881E-4 0.4354889994205174
0.6850273453332533 3.5782890743668756E-5 0.5169722658931726
0.7593811752294211 0.0013178015912555644 0.5736080749969252
0.7764411304729169 0.04996138349848806 0.6522349648586505
0.7583652136514792 0.07635156434513697 0.7583652136514792
0.1931580202763283 0.02968396368858264 0.1931580202763289
0.17873581358555507 0.023344905734893843 0.29649657767572923
0.19320404787314657 0.008949718234960059 0.37506674841899673
0.1468587018109745 0.014016703785868868 0.44118656720328797
0.1464640152052332 0.014642947370977068 0.5087923208010358
0.19208060894512932 0.008726808757849822 0.5744401560876217
0.17758769385720838 0.02421963538507158 0.6519113907334994
0.18416010652964096 0.04142400676103815 0.7626140341810874
0.29649657767572857 0.02334490573489435 0.1787358135855552
0.2883468559159605 0.058778981874910624 0.28834685591596165
0.2591639371334183 0.11908238400810098 0.371624135615338
0.25229758383306844 0.09097510352773713 0.4407019557437203
0.2572589177439163 0.08421871586055998 0.5112501480403083
0.25295789072856073 0.10410731789509835 0.5855126442347269
0.28879808913496446 0.04440769903024264 0.6624996769442022
0.2937902507183172 0.01346276807768852 0.7787354538722157
0.3750667484189956 0.008949718234960484 0.19320404787314652
0.37162413561533786 0.11908238400810175 0.2591639371334179
0.3766569359845817 0.14803738115402337 0.3766569359845819
0.3956622427056654 0.10166451911363743 0.4532694892534848
0.3914351827165227 0.1084277624522474 0.49435603941770756
0.383379108874984 0.1481424051187328 0.5737068781872477
0.37991970199563163 0.12571737165557406 0.6742031984809574
0.3715451136699984 0.01220744346887553 0.7582681194025083
0.4411865672032919 0.014016703785867458 0.14685870181098357
0.4407019557437199 0.09097510352773612 0.25229758383307266
0.4532694892534849 0.10166451911363823 0.3956622427056656
0.4300850463128694 4.372428018675513E-4 0.4300850463128697
0.430326999239708 0.004148977909469405 0.5179538803068748
0.4529636665915596 0.09314303263077099 0.572571087795792
0.4389691867841139 0.07509274348057998 0.6719010032101111
0.43833450504180654 0.014593092149796755 0.805178193733589
0.5087923208010394 0.014642947370979579 0.14646401520522406
0.5112501480403072 0.08421871586056275 0.25725891774390824
0.49435603941770667 0.10842776245224743 0.3914351827165207
0.5179538803068743 0.0041489779094695395 0.4303269992397068
0.5173566018337403 0.008411163039234422 0.517356601833739
0.491928085737749 0.10097133685375956 0.5773427396415789
0.5101799582328971 0.08159470609750337 0.6726134547098894
0.5104222279453975 0.015009680119514167 0.8032234536908066
0.5744401560876207 0.008726808757850849 0.1920806089451299
0.585512644234727 0.10410731789509643 0.25295789072856095
0.5737068781872519 0.14814240511872473 0.3833791088749792
0.5725710877957927 0.09314303263076844 0.4529636665915601
0.5773427396415792 0.10097133685375884 0.4919280857377477
0.577055831596169 0.13741029665034554 0.5770558315961696
0.5779487573806392 0.12347808698199389 0.682682644569833
0.5786248521798203 0.010556377040121854 0.7590647651214094
0.6519113907334999 0.024219635385070735 0.17758769385720916
0.6624996769442026 0.04440769903024581 0.2887980891349653
0.6742031984809589 0.12571737165557273 0.3799197019956333
0.671901003210107 0.07509274348057067 0.4389691867841118
0.6726134547098961 0.08159470609750756 0.5101799582328939
0.6826826445698304 0.12347808698199651 0.577948757380639
0.6667122254112168 0.009403045345047385 0.6667122254112171
0.6549303635591787 0.01798350258474441 0.7810011403128382
0.7626140341810855 0.04142400676103602 0.1841601065296424
0.7787354538722154 0.013462768077687908 0.2937902507183169
0.75826811940251 0.012207443468868259 0.3715451136699981
0.8051781937335952 0.014593092149789644 0.4383345050418047
0.8032234536907921 0.015009680119500754 0.5104222279453935
0.7590647651214067 0.01055637704012302 0.5786248521798204
0.7810011403128385 0.017983502584743842 0.6549303635591791
0.7661869676810442 0.044094986059937155 0.7661869676810439
0.1866021379371597 0.009048014293206551 0.18660213793715985
0.17752634624864655 0.01200337655761739 0.2810110532285186
0.19879374505400174 1.159407435994709E-4 0.3677863576616244
0.1297569941359238 0.005205885508764452 0.431411266091148
0.13215451929107555 0.00436702174342336 0.51723181955931
0.19897918556588398 4.715443586659953E-5 0.5822073502890163
0.168436927169233 0.012692925034163026 0.6676907500142991
0.17971257269160237 0.006039928803596041 0.7682088281973926
0.2810110532285176 0.012003376557618758 0.1775263462486464
0.24515670397596617 0.11649119537820095 0.24515670397596678
0.24332703781771348 0.07997878366678442 0.36701377333309876
0.24758418115634584 0.06838751776531807 0.4373510178398031
0.25451869545983064 0.05962920851832742 0.5141095764790937
0.24227240513119067 0.07754080630682428 0.588882908948222
0.23794358363693607 0.11020528841364187 0.6852873039199822
0.27955245553570374 0.010128801007883888 0.7691515358986404
0.3677863576616231 1.1594074359969682E-4 0.1987937450540008
0.3670137733330988 0.07997878366678512 0.24332703781771264
0.37548699809864244 0.12053377782087456 0.37548699809864194
0.3755841241670742 0.04034920851840176 0.44540208964055367
0.38236016339333484 0.050837315998867316 0.5002087166508998
0.37835319108215976 0.11907699331028036 0.5772541667922723
0.37383646831403855 0.08577985018126959 0.6854204722718239
0.36900210367171377 0.009613514163995349 0.7536360182907735
0.43141126609115 0.0052058855087613355 0.12975699413592864
0.4373510178398025 0.06838751776531594 0.24758418115635097
0.4454020896405554 0.040349208518401625 0.37558412416707626
0.4293929451487676 1.375906555389143E-4 0.42939294514876764
0.4298629376048903 2.8926027206307384E-5 0.5180747383086387
0.4500461997240283 0.03424029292130466 0.5750492696067843
0.4382276346560698 0.062323603817757166 0.6760094245077697
0.43194101887711733 0.00416836086337725 0.8171780682441118
0.5172318195593125 0.004367021743428868 0.13215451929106944
0.5141095764790935 0.05962920851832643 0.254518695459825
0.5002087166508998 0.05083731599886722 0.3823601633933346
0.5180747383086383 2.8926027206099624E-5 0.4298629376048896
0.5177197600619999 0.00212061696009697 0.5177197600619977
0.4974170603405478 0.039581688229769575 0.574903399576689
0.5107948219147181 0.0712371562054442 0.6760280709901519
0.5160680496635037 0.0010387377336495331 0.8130767644916272
0.5822073502890157 4.715443586692266E-5 0.19897918556588426
0.588882908948222 0.07754080630682435 0.24227240513119228
0.5772541667922753 0.11907699331027619 0.378353191082158
0.5750492696067845 0.03424029292130275 0.45004619972402826
0.5749033995766887 0.03958168822976816 0.49741706034054745
0.5753711252956509 0.11703340333953732 0.5753711252956514
0.5811245131307066 0.09071139953471817 0.6959156198809076
0.5808400423158389 0.00554003227765038 0.7526020006089011
0.6676907500142976 0.012692925034162581 0.16843692716923322
0.6852873039199829 0.11020528841363764 0.23794358363693052
0.6854204722718247 0.08577985018127243 0.37383646831404027
0.6760094245077657 0.06232360381775004 0.43822763465606784
0.67602807099016 0.07123715620544628 0.5107948219147158
0.6959156198809064 0.09071139953471104 0.5811245131307086
0.6786373567106486 0.10791197550246268 0.6786373567106485
0.6684832219892035 0.013779652378748872 0.7764918361631167
0.7682088281973909 0.006039928803594861 0.17971257269160382
0.7691515358986399 0.010128801007882373 0.2795524555357025
0.7536360182907772 0.009613514164005837 0.36900210367171415
0.8171780682441185 0.004168360863376183 0.4319410188771169
0.8130767644916085 0.0010387377336331834 0.5160680496634997
0.7526020006088987 0.005540032277651271 0.5808400423158409
0.7764918361631171 0.013779652378745726 0.6684832219892038
0.7738268993227446 0.0018403095679241114 0.7738268993227445
0.1870624591621276 0.012353730153203039 0.18706245916212783
0.17696136872344537 0.01015022342824987 0.2801429256773041
0.19738532708066567 2.2138683686411426E-4 0.36729203051828185
0.12296899239641287 0.01749088484939943 0.42885555206055714
0.12073222090284455 0.020973601514425316 0.5208328972741212
0.19705968776769411 8.308239542301236E-5 0.5829589671810725
0.16880981232543582 0.011817061691820348 0.6686456225978431
0.18156870767138739 0.012623758437004744 0.7666581058536217
0.280142925677303 0.010150223428250907 0.17696136872344562
0.2326098363467869 0.08717698502684433 0.23260983634678714
0.24180573587632237 0.05664668207924237 0.36284322986679507
0.25703938554932615 0.04209939078271566 0.4351249600857631
0.2603732305111894 0.03845190392587435 0.5150570101986993
0.2386163649832605 0.05792842231427169 0.591003332372894
0.22438185904697877 0.08843202470166042 0.6941463132671342
0.2791245746145633 0.009226127836120064 0.7727995250076891
0.36729203051828074 2.2138683686449075E-4 0.19738532708066447
0.3628432298667952 0.056646682079243005 0.2418057358763214
0.3764849932675132 0.08503880826024177 0.37648499326751217
0.3520479024941341 0.007359021149414771 0.4357126153015694
0.35243000243879813 0.0031142672657113934 0.5136948272180606
0.377664835242849 0.07928782961415938 0.5774336658243312
0.36273594066550346 0.03141484923080608 0.6937886580791721
0.36889893572328725 0.008668418970304705 0.7540762168971773
0.4288555520605567 0.01749088484940125 0.12296899239641206
0.43512496008576285 0.0420993907827139 0.2570393855493311
0.43571261530157035 0.007359021149416615 0.35204790249413465
0.4276994116041177 1.4225551696372184E-4 0.42769941160411756
0.42883575121580025 6.116569365520558E-5 0.5191671416019424
0.4371393956558524 0.008587024319915076 0.594676508190788
0.4368912408649501 0.04518479576431019 0.6812039585135475
0.42822270997250544 0.018169257954613213 0.828090212119845
0.5208328972741206 0.02097360151441965 0.12073222090284706
0.5150570101986994 0.03845190392587295 0.26037323051118644
0.5136948272180618 0.0031142672657089995 0.3524300024387961
0.519167141601942 6.11656936542575E-5 0.4288357512157995
0.5190616650746732 2.1181093999076195E-6 0.5190616650746731
0.5116195409161154 0.007896705483978262 0.593320347332551
0.5132059431182567 0.046716885998859294 0.6801843278735169
0.5213791142750785 0.020692286622391108 0.8341135186403048
0.582958967181072 8.308239542351267E-5 0.19705968776769475
0.5910033323728943 0.0579284223142725 0.23861636498326144
0.577433665824331 0.07928782961416098 0.3776648352428516
0.5946765081907864 0.00858702431991543 0.4371393956558538
0.593320347332552 0.00789670548397829 0.5116195409161154
0.5685036391094449 0.07388128779811173 0.5685036391094455
0.5884269778331592 0.040134101451765235 0.705588551795216
0.5810487356850282 0.004191622952158042 0.7531799853965091
0.6686456225978425 0.011817061691819508 0.168809812325436
0.6941463132671336 0.08843202470166114 0.22438185904697902
0.6937886580791736 0.03141484923080244 0.362735940665503
0.6812039585135401 0.045184795764309 0.43689124086494885
0.6801843278735289 0.04671688599885716 0.5132059431182548
0.7055885517952105 0.04013410145176104 0.5884269778331617
0.6893771529490634 0.0932957942258566 0.6893771529490631
0.669340176455889 0.013850433389007308 0.7759930789735835
0.7666581058536209 0.012623758437004412 0.18156870767138814
0.772799525007689 0.009226127836119594 0.2791245746145625
0.7540762168971811 0.008668418970317943 0.3688989357232885
0.8280902121198456 0.0181692579545935 0.42822270997250794
0.8341135186403164 0.020692286622420474 0.5213791142750813
0.7531799853965062 0.004191622952158659 0.5810487356850306
0.7759930789735825 0.013850433389003984 0.6693401764558892
0.7735491052923223 0.014619201737554374 0.7735491052923222
0.1885053275673976 0.011990694563124306 0.188505327567398
0.17141815856249476 0.01572278819125874 0.28283026344046824
0.1931967632386874 0.012772209226899412 0.3716961554191559
0.1284809639161684 0.00488661280178332 0.43093452233889573
0.12852494749524324 0.007848179524382501 0.5186380300341362
0.18998565922571128 0.011932105290215716 0.576919641247306
0.16436472188273388 0.016019621688332528 0.6672019873656992
0.18499853300327251 0.012640828110405636 0.7628162108847739
0.2828302634404668 0.015722788191257112 0.17141815856249562
0.23041051012595803 0.07667648231844663 0.23041051012595856
0.2480218870793181 0.03972622348781461 0.35886382112602855
0.26515235689163513 0.027726698140794728 0.4340688138293952
0.2650961931876498 0.028665759274848664 0.5157292442923498
0.24192991250611934 0.04182283637500453 0.5932757765746679
0.22215213766326955 0.08023490750959641 0.6965633070360696
0.2881741727435101 0.008947393417499885 0.7836493572777781
0.3716961554191546 0.012772209226899202 0.19319676323868717
0.35886382112602844 0.03972622348781493 0.24802188707931777
0.3660625985224067 0.032582844754473414 0.3660625985224059
0.34356907861237235 0.01125152637451853 0.42707332853316476
0.3436241536621796 0.010411381968725451 0.5245349487731916
0.36668274444499876 0.0323531043151599 0.5819490814184993
0.3597713347629319 0.013032498774842903 0.6906949052532247
0.3691585702284458 0.016356779688842693 0.757180397509764
0.43093452233889645 0.004886612801781444 0.12848096391617048
0.43406881382939516 0.02772669814079527 0.265152356891638
0.4270733285331647 0.011251526374518329 0.34356907861237207
0.43356840210087866 0.011903398134162357 0.4335684021008791
0.4334555613561917 0.011228935340898145 0.5167214431420613
0.42790687815825346 0.009236519642201237 0.6018779902730543
0.4360038883941521 0.021047606598769114 0.688095744264471
0.43033371149068955 0.005032300486271843 0.8204669211296297
0.5186380300341374 0.00784817952438486 0.12852494749524035
0.5157292442923502 0.02866575927484897 0.2650961931876478
0.5245349487731915 0.010411381968726499 0.34362415366217897
0.5167214431420604 0.011228935340898792 0.4334555613561906
0.5170118234802252 0.010435474851076187 0.5170118234802239
0.5206788008636354 0.01011554471577763 0.6010343090229193
0.5147494537645254 0.018613640002523628 0.6867887693670522
0.5196378923363537 0.007958090075430796 0.8221301194700346
0.5769196412473055 0.011932105290214464 0.18998565922571278
0.5932757765746686 0.04182283637500662 0.2419299125061198
0.5819490814185003 0.03235310431515828 0.3666827444449986
0.6018779902730524 0.009236519642203667 0.42790687815825457
0.6010343090229218 0.010115544715776052 0.520678800863636
0.5783760979986583 0.03107122727147133 0.5783760979986584
0.5918135745643767 0.022648549418902295 0.7038828723688892
0.5804847296427732 0.013238602200408626 0.7629794350172098
0.6672019873656986 0.01601962168833332 0.16436472188273288
0.6965633070360687 0.08023490750959746 0.22215213766327024
0.690694905253226 0.013032498774837744 0.3597713347629315
0.6880957442644605 0.021047606598772313 0.43600388839415144
0.6867887693670658 0.018613640002525383 0.5147494537645246
0.7038828723688842 0.02264854941890137 0.5918135745643782
0.6925354598824178 0.08246474368142769 0.6925354598824176
0.6673748614269065 0.016011889203858133 0.7824374890473077
0.7628162108847728 0.012640828110405488 0.1849985330032727
0.7836493572777782 0.008947393417505625 0.28817417274351087
0.7571803975097648 0.016356779688823323 0.36915857022844545
0.8204669211296339 0.005032300486269098 0.4303337114906897
0.8221301194700399 0.007958090075436988 0.519637892336357
0.762979435017206 0.013238602200413459 0.5804847296427731
0.7824374890473091 0.016011889203860923 0.6673748614269056
0.7674856830987863 0.01586729089728607 0.7674856830987862
0.19999956416238412 9.069779374298469E-5 0.19999956416238526
0.18481609094104914 0.014090534198781049 0.2803017316305501
0.2026937374820315 2.0596072673467346E-7 0.3681939548730052
0.21017692604411883 0.04381842873153027 0.4592009827822723
0.2082066314800557 0.0452321042255291 0.4901695959212247
0.20417149378333943 1.8261103824921638E-4 0.5815710716088122
0.18085878621256973 0.010896061661887066 0.6693388233219093
0.20218454599381055 1.2087039092558669E-4 0.7456270267102094
0.28030173163054867 0.014090534198781035 0.1848160909410492
0.269917812593407 0.008609360863822699 0.26991781259340714
0.2691641479669569 0.006025443524043715 0.35090315556136836
0.26910343714496254 0.004065784742162113 0.43161402092504486
0.2701626335979739 0.004397378000641288 0.5181936423368703
0.2642618954727055 8.491852151170671E-4 0.5966844846218009
0.2765044483363374 2.944564440084236E-4 0.6770636732271603
0.27961450177544334 0.015138158197163284 0.7678191794029834
0.3681939548730043 2.0596072711291094E-7 0.20269373748203132
0.3509031555613683 0.006025443524045064 0.2691641479669566
0.3612315718172685 0.003695408291224066 0.36123157181726817
0.3462611954515226 0.016582220728522 0.4325340618129728
0.34928275156732647 0.0165176893805086 0.5148334002724089
0.35527892220138746 0.005961154263287645 0.589992485013786
0.34953664164796333 0.014624724295758743 0.6707263997684967
0.3687407404702535 0.007545752805472663 0.7534015026574377
0.4592009827822718 0.04381842873153183 0.21017692604411883
0.4316140209250445 0.00406578474216047 0.26910343714496243
0.4325340618129739 0.01658222072852346 0.3462611954515232
0.43090017916189227 0.00947315816966787 0.43090017916189255
0.43026470012095774 0.008814340351313206 0.518091034140552
0.4318738697422735 0.013632608774287206 0.6008128109540917
0.43032293170699987 0.0045970762059655 0.6857604591115526
0.4571519919473779 0.039113296634632276 0.7392137197419169
0.49016959592122544 0.045232104225529556 0.2082066314800549
0.5181936423368703 0.004397378000643102 0.27016263359797316
0.5148334002724099 0.01651768938050764 0.34928275156732524
0.5180910341405512 0.008814340351313937 0.43026470012095674
0.517632352269176 0.014885065073309596 0.5176323522691747
0.5158406131712178 0.01425765046689677 0.5994514871989332
0.519776518345142 0.0039318143787601244 0.6804796930325547
0.49385911689337775 0.04488287551362777 0.7411807471367188
0.5815710716088114 1.8261103824931106E-4 0.20417149378333843
0.5966844846218012 8.491852151184609E-4 0.2642618954727065
0.5899924850137864 0.0059611542632891715 0.355278922201387
0.6008128109540901 0.013632608774286386 0.43187386974227415
0.5994514871989355 0.01425765046689613 0.5158406131712198
0.5999277987852216 0.00986714954852783 0.5999277987852226
0.5967645896978393 0.010864302562142648 0.6724041218335112
0.5811204570660862 0.004093755671569309 0.753609982733871
0.6693388233219091 0.010896061661887033 0.18085878621256965
0.6770636732271608 2.944564440051545E-4 0.2765044483363368
0.6707263997684975 0.01462472429575717 0.3495366416479633
0.6857604591115496 0.004597076205957629 0.43032293170699853
0.6804796930325607 0.003931814378766336 0.5197765183451417
0.6724041218335101 0.010864302562141187 0.59676458969784
0.6738225571923054 0.00704916176496191 0.6738225571923055
0.6695321947034003 0.013738646530513092 0.7725384059280764
0.7456270267102085 1.2087039092523259E-4 0.2021845459938106
0.7678191794029825 0.015138158197163779 0.2796145017754424
0.7534015026574415 0.007545752805479016 0.3687407404702549
0.7392137197419186 0.03911329663464097 0.45715199194737616
0.741180747136723 0.04488287551361671 0.49385911689336975
0.7536099827338693 0.004093755671571082 0.5811204570660871
0.7725384059280771 0.013738646530511338 0.6695321947034006
0.7441461586588289 6.695055293940491E-4 0.7441461586588293
