512
0.27497479048485646 0.5701046510540406 0.274974790483577 | -9.928610972510367E-7 -2.65599989347215 -9.928610212586415E-7
0.2709894563348429 0.5740902291141828 0.34264010392341343 | -9.071436541118396E-7 -2.6559998382034857 -5.258071038521613E-8
0.26854086316322806 0.5765391497431632 0.39836636076206167 | -1.2130172343042264E-7 -2.6560000791651235 -1.1898805053469716E-8
0.2678887804280278 0.577190864410129 0.44977220296604437 | 8.512768812907365E-9 -2.655999798887318 -1.2151164568650932E-8
0.26788878364374713 0.5771903499544526 0.5002282914103908 | 1.511835730212348E-8 -2.656000049470596 8.483550681171443E-8
0.26854091803728375 0.5765379391965262 0.5516339929053184 | 4.2751796247145975E-10 -2.656000000126906 -4.791388948993118E-10
0.2709897801566789 0.5740889712170848 0.6073597350640273 | 4.9745967508352377E-11 -2.65599999927833 -7.470284445423535E-10
0.2749748203460025 0.5701039022859065 0.6750251820534182 | -1.3891873538231595E-12 -2.6560000000209034 2.0311860771610926E-11
0.3426401039230076 0.5740902291130612 0.270989456332225 | -5.2583404207468926E-8 -2.6559998382032655 -9.071427301243827E-7
0.34060440049268714 0.5777450203333565 0.3406044004859852 | 7.208973087206675E-8 -2.65599993478773 7.209997325461671E-8
0.3389684198739119 0.5802838553843314 0.39800943264316013 | -6.357440911828505E-9 -2.6560000886937174 3.707901357817134E-8
0.33829704761812057 0.5811550549620372 0.4497047640562858 | -9.024845766038562E-9 -2.6559997449876716 7.430944271905667E-8
0.338297061775851 0.5811545471548867 0.5002957582435575 | -2.077501421295605E-8 -2.6560000611315098 1.1820360205460151E-7
0.3389684569844112 0.5802824873554698 0.5519910595387622 | -7.932238994703515E-10 -2.6560000029672612 3.838101945452934E-9
0.34060453014063924 0.5777431238459454 0.6093955011727559 | 1.0491721454771727E-10 -2.6559999992111525 -8.646209786247841E-10
0.342640284424899 0.5740889451914984 0.67901022452889 | -7.713720158929126E-13 -2.656000000014298 1.3267427263067666E-11
0.3983663607606474 0.5765391497354198 0.2685408631682338 | -1.1907898181886605E-8 -2.656000079160667 -1.2130184855878736E-7
0.3980094326403359 0.5802838553784604 0.33896841986802184 | 3.706710209363061E-8 -2.6560000886874664 -6.365478478132919E-9
0.3975567276482465 0.582833884627367 0.3975567276496151 | 4.316172558728919E-8 -2.655999846315535 4.316026862849606E-8
0.3971271433569171 0.583800879725765 0.4496831713668402 | -7.922809876174654E-9 -2.6560000453424175 1.3981261450844395E-7
0.3971271390773148 0.5838006290002303 0.5003170436828499 | -2.0622229840072892E-8 -2.656000011588774 3.1626251631688133E-8
0.39755670384094416 0.582833285105319 0.5524433608893067 | -3.714397395536741E-9 -2.656000005315114 6.592782295141906E-9
0.39800904671026477 0.5802822995919394 0.6110315636579937 | 5.508781074371937E-11 -2.6559999992863323 -7.887567091233959E-10
0.39836607392888407 0.5765378047354782 0.6814590837426425 | -7.333214359022507E-13 -2.656000000009762 8.805468855411554E-12
0.44977220296579734 0.5771908644155783 0.26788878042336933 | -1.2160492674397495E-8 -2.655999798891224 8.510634603616409E-9
0.4497047640520095 0.5811550549491515 0.33829704762671814 | 7.433064419970253E-8 -2.6559997449947383 -9.037081395774357E-9
0.4496831713712424 0.583800879701498 0.3971271433603722 | 1.3987761632200157E-7 -2.656000045346896 -7.924333110492717E-9
0.44960418258207946 0.5848227089879158 0.44960418257290236 | 2.4904722889920562E-8 -2.6560000226379317 2.4883690336829587E-8
0.44960415009237414 0.5848225279703875 0.5003959236735606 | 7.659683129318375E-9 -2.656000007437073 1.1108954094189168E-8
0.4496830642533304 0.5838003748183148 0.5528729073142883 | -1.3619415869924747E-9 -2.655999999017903 -2.821514545884935E-9
0.44970444274402577 0.5811539991113096 0.6117029344666169 | -1.1430829837222253E-10 -2.6559999997406307 -2.9653226422846674E-10
0.44977188421391784 0.5771899265128395 0.6821112053922893 | 5.630371549596369E-13 -2.6560000000049038 4.366678088500878E-12
0.5002282914110276 0.5771903499575637 0.26788878364209345 | 8.483515017341641E-8 -2.656000049470444 1.5118263890839047E-8
0.5002957582406812 0.5811545471650659 0.33829706176932006 | 1.1819905522572126E-7 -2.656000061129357 -2.0780420887225266E-8
0.5003170436661596 0.5838006290048355 0.3971271390757895 | 3.164136807815114E-8 -2.6560000116000797 -2.0614864898197422E-8
0.5003959236673665 0.5848225279790358 0.4496041500995458 | 1.1112779822147014E-8 -2.6560000074378167 7.657962214040692E-9
0.5003958979722337 0.5848224358475915 0.5003958979753952 | -3.1941310667509615E-9 -2.655999998705424 -3.1942608175740724E-9
0.5003169506133974 0.5838003324773735 0.5528728920311218 | -1.0809074808368885E-9 -2.655999999351606 -1.2399111250614927E-9
0.5002955596600949 0.581153986734859 0.6117029275962892 | -8.969105277629953E-12 -2.655999999986527 -7.456841364588616E-12
0.5002281161965267 0.5771899256266233 0.6821112047244564 | 2.0512671916369752E-13 -2.656000000000682 5.584426993888211E-13
0.5516339929054672 0.5765379391969516 0.2685409180369304 | -4.790948640273563E-10 -2.6560000001269044 4.27512839683678E-10
0.5519910595397242 0.5802824873606625 0.3389684569840641 | 3.837473353356454E-9 -2.656000002966736 -7.941877626417645E-10
0.5524433609042839 0.5828332851322167 0.3975567038409181 | 6.595330770482156E-9 -2.6560000053160184 -3.7135109183845612E-9
0.5528729073160822 0.5838003748255919 0.44968306425374915 | -2.821420405681657E-9 -2.6559999990179066 -1.3621310581445083E-9
0.5528728920301691 0.5838003324784569 0.5003169506139681 | -1.2397867392439125E-9 -2.655999999351624 -1.081076216051197E-9
0.5524433059351598 0.5828331515092221 0.5524433059356885 | -1.0143619041144815E-10 -2.6559999999530883 -1.0144980738676738E-10
0.5519909555748238 0.5802822644062045 0.6110315429822007 | 7.776927976245488E-12 -2.656000000004752 6.648641421655626E-12
0.5516339263767536 0.5765378018425213 0.6814590813684508 | -2.2551852711322843E-13 -2.6559999999999238 -2.542266431801051E-13
0.6073597350639465 0.5740889712169223 0.2709897801567363 | -7.47009589540115E-10 -2.6559999992783436 4.974202040063896E-11
0.6093955011740945 0.5777431238469818 0.34060453014095077 | -8.645886876942583E-10 -2.6559999992111796 1.0499590552702931E-10
0.6110315636601588 0.5802822995935953 0.39800904671044124 | -7.886294952675041E-10 -2.655999999286437 5.489689776030702E-11
0.6117029344682914 0.581153999112472 0.44970444274393373 | -2.965285814748625E-10 -2.655999999740644 -1.1434909428686248E-10
0.6117029275969027 0.5811539867351289 0.5002955596599211 | -7.466547550215623E-12 -2.655999999986524 -8.966009101081355E-12
0.6110315429822621 0.5802822644060946 0.5519909555747199 | 6.644800757274643E-12 -2.6560000000047532 7.779648575529408E-12
0.6093954713988878 0.5777430756888459 0.6093954713988627 | -6.233307681528598E-16 -2.6559999999999433 -5.778736051920555E-17
0.6073597156574871 0.574088941146925 0.6790102210215995 | -1.3636071974045673E-14 -2.655999999999982 -5.434296642480955E-15
0.6750251820534264 0.5701039022859099 0.2749748203460019 | 2.031177184685189E-11 -2.6560000000209034 -1.3892444427897643E-12
0.6790102245287988 0.5740889451913601 0.3426402844248771 | 1.326626106712361E-11 -2.6560000000142967 -7.717138195465624E-13
0.6814590837424893 0.5765378047352577 0.3983660739288768 | 8.802973057546429E-12 -2.65600000000976 -7.324060329731157E-13
0.6821112053921693 0.5771899265126444 0.4497718842139325 | 4.365095411127333E-12 -2.6560000000049016 5.645260688054845E-13
0.6821112047243963 0.5771899256265092 0.5002281161965334 | 5.579002026705017E-13 -2.6560000000006814 2.0576570884581053E-13
0.6814590813684513 0.5765378018425013 0.5516339263767511 | -2.543413369179943E-13 -2.6559999999999238 -2.2548693490590327E-13
0.6790102210216025 0.5740889411469257 0.6073597156574849 | -5.43280678480791E-15 -2.655999999999982 -1.3641673202817271E-14
0.6750251797344088 0.5701038997390275 0.6750251797344089 | 1.9312166522336924E-16 -2.6559999999999935 1.9287103363878385E-16
0.27098288048940694 0.5026898858414972 0.27098288052796 | 0.001353693321090897 -2.6553488099834586 0.0013536933242798668
0.2673308826248923 0.5047696620169544 0.34064015959093824 | 0.0011292309668793118 -2.654942859455225 1.097246048957268E-4
0.2647789785562425 0.5061717874903077 0.39804923930428254 | 1.036378633222897E-5 -2.656148949174418 -5.0057613676062134E-5
0.2639204165754692 0.506819953018567 0.4497283873400204 | -1.8212425050838403E-5 -2.6558898728876477 -1.1753961831018246E-4
0.26392439804583967 0.5067926504523739 0.5003035365419938 | 2.806173831720025E-7 -2.6559896579642617 -2.8877910192637634E-6
0.2647964726072381 0.5061120183817184 0.5519924059184433 | -6.172757589476099E-8 -2.6560004169155453 9.465353633720571E-7
0.2673356444471578 0.5044743601366967 0.6093956434755172 | 3.233175777322563E-9 -2.65599996255055 -2.5819375483089808E-8
0.2709897794665566 0.5024384472852658 0.6790102405224009 | -3.4477359539764625E-11 -2.656000000847979 5.72414058846024E-10
0.3406401596557557 0.5047696614623924 0.267330882645359 | 1.097253139247565E-4 -2.654942862796736 0.0011292285079832773
0.3378803943234339 0.5076786425583211 0.3378803952245884 | 8.488475544379036E-6 -2.6550469927246194 8.482274557773751E-6
0.3361239774190083 0.5090258518475507 0.3971693855607563 | 4.276361001105889E-6 -2.656163611156594 8.741156260115851E-5
0.3352667063698607 0.5098572975581037 0.4495838596376422 | 2.257579130780448E-5 -2.6558730699788526 -1.5316755285730953E-4
0.335266704739669 0.509828202950068 0.5004530900105788 | 3.164449014597662E-6 -2.6559826696836626 -8.780654831614096E-6
0.33613107529454883 0.5089503835433395 0.5528728315790824 | -9.22271717602425E-8 -2.656000778545211 1.2659251048123607E-6
0.3378604264989297 0.5072186019076999 0.6121398896034603 | 1.020285616274156E-9 -2.6559999597654347 -3.17178363333713E-8
0.3406045296407932 0.5044742127746052 0.6826643907087252 | -1.8529292797740383E-11 -2.6560000009969467 6.572016271693962E-10
0.39804923932453995 0.506171788178049 0.2647789779189919 | -5.0053873959316344E-5 -2.656148949590636 1.0363395001897475E-5
0.3971693859914468 0.5090258506157957 0.33612397941113925 | 8.742450836079261E-5 -2.6561636131989657 4.286184102308019E-6
0.39636775340903685 0.5109163335534056 0.3963677533847215 | -9.041483307677459E-5 -2.6559394876174514 -9.037476732149315E-5
0.39576300531992237 0.5118892048892221 0.4494731344813695 | 9.294173569687561E-6 -2.656052196779516 -7.859134281906665E-5
0.39575794202586906 0.5118759058162833 0.5005496045107223 | 6.097858433106934E-6 -2.6559700776563986 -2.087825011283802E-5
0.3963546225456322 0.5108684025101349 0.5536472770058729 | -7.909790006361347E-9 -2.6560010428217153 1.5093521982066048E-6
0.3971294519653949 0.5089478058232377 0.6138690884508918 | 6.404258089264137E-10 -2.655999953690093 -3.8083575574124754E-8
0.39800904664593034 0.5061102795358937 0.6852035697473269 | 8.450417498820806E-13 -2.6560000009594185 6.304539894997745E-10
0.4497283873612929 0.5068199531925911 0.26392041644126546 | -1.1753909942030611E-4 -2.6558898726492606 -1.8212508295668327E-5
0.44958385932559614 0.5098572984597872 0.3352667049792347 | -1.531643864935291E-4 -2.6558730721546806 2.2578727838999295E-5
0.4494731321860696 0.5118892044131216 0.39576300505687306 | -7.861404707429444E-5 -2.6560521803074595 9.28535279991317E-6
0.4493086236631115 0.5130233095775965 0.4493086260398447 | -2.9259458754754317E-5 -2.655972823683327 -2.925141782674185E-5
0.44930527679792903 0.5130146482070108 0.5007015862287698 | -3.469130335129977E-6 -2.655994116512261 -4.226522471049101E-6
0.4494600119465328 0.5118631804127384 0.5542434628474752 | 1.862926594677624E-7 -2.6560005918055674 6.698363811909022E-7
0.449559140267961 0.5098110929453085 0.6147323671818599 | -3.0897445312292887E-9 -2.655999974267719 -2.252604442592033E-8
0.4497044428619607 0.5067816565275519 0.6860752763142259 | 3.2120730727617505E-11 -2.6560000005986906 3.860937002235428E-10
0.5003035365492439 0.5067926504455842 0.26392439803946843 | -2.887684887730437E-6 -2.6559896580755082 2.805649438499485E-7
0.5004530903549432 0.5098282034534138 0.33526670429711836 | -8.780476293565026E-6 -2.6559826696851223 3.166816881380175E-6
0.500549607172773 0.511875908960795 0.3957579421517285 | -2.087513946126043E-5 -2.655970073926797 6.092791919801137E-6
0.5007015865949067 0.5130146487973332 0.44930527737752846 | -4.2255620786781826E-6 -2.655994116778373 -3.4704729770300415E-6
0.5006991822445607 0.5130107468971944 0.5006991823438344 | 3.497529856542513E-7 -2.6560000507491517 3.497341072840652E-7
0.5005406673159937 0.5118624597772278 0.5542428684051413 | 6.082386594516259E-8 -2.656000111929791 8.903183323529308E-8
0.500440889966638 0.5098110343281848 0.614732305124838 | -2.004713353247302E-9 -2.6559999928353166 -5.702100939870058E-9
0.5002955597224398 0.5067816518832352 0.6860752676431378 | 2.315665600149463E-11 -2.656000000206215 1.3222286277391964E-10
0.5519924059147143 0.5061120183702726 0.26479647261100053 | 9.465168899024781E-7 -2.6560004168980837 -6.172574718879454E-8
0.5528728316968522 0.5089503836292063 0.3361310752840228 | 1.2659240893051244E-6 -2.656000778505457 -9.234289687417056E-8
0.5536472771712364 0.5108684026475572 0.396354622545038 | 1.5091414178431286E-6 -2.656001042547897 -7.645085967936618E-9
0.5542434629963431 0.5118631805175805 0.4494600119432312 | 6.697866316028177E-7 -2.656000591766231 1.8637119244162813E-7
0.5542428684737183 0.5118624598076378 0.5005406673427798 | 8.902332055483674E-8 -2.656000111928151 6.083804052763612E-8
0.5536454877938232 0.5108662100726015 0.5536454877778717 | -1.0109429648156228E-9 -2.655999998858369 -1.012252486813275E-9
0.5528705766575899 0.508947590931537 0.6138688625696912 | -1.5114540665658584E-10 -2.655999999714454 -1.428435646359465E-10
0.5519909554160592 0.5061102663589961 0.6852035458841158 | 3.51242681807329E-12 -2.6560000000213977 1.2612351861565566E-11
0.6093956434765864 0.5044743601369889 0.26733564444667546 | -2.581930395965906E-8 -2.6559999625507564 3.233341515202963E-9
0.6121398895824857 0.5072186018823012 0.33786042649647563 | -3.171160304136829E-8 -2.655999959773489 1.0215017308131728E-9
0.6138690884098955 0.5089478057757267 0.39712945196754307 | -3.8073154607389144E-8 -2.6559999537031587 6.395666959539195E-10
0.614732367148791 0.5098110929064816 0.44955914027237137 | -2.252096303104983E-8 -2.6559999742738714 -3.0941031975492463E-9
0.6147323051078855 0.5098110343066607 0.5004408899641977 | -5.699985604419636E-9 -2.6559999928367652 -2.0069107757245013E-9
0.6138688625687843 0.5089475909280953 0.5528705766551584 | -1.424491342411634E-10 -2.65599999971457 -1.5161414544424894E-10
0.6121395855713784 0.5072183101647298 0.6121395855707245 | -7.97658333838861E-12 -2.655999999921367 -7.977717251668322E-12
0.6093954712054342 0.5044741920876541 0.6826643554563766 | -4.196906041250491E-13 -2.6560000000001875 3.688968490605518E-13
0.6790102405223949 0.5024384472852998 0.27098977946657127 | 5.724155924045986E-10 -2.6560000008479783 -3.447964157060445E-11
0.6826643907071405 0.5044742127738789 0.34060452964082694 | 6.571904253783906E-10 -2.656000000996921 -1.8566250062290142E-11
0.685203569746702 0.5061102795362742 0.39800904664597675 | 6.306643748607496E-10 -2.656000000959651 7.258459250582679E-13
0.6860752763123973 0.5067816565268863 0.4497044428618493 | 3.8618944569479206E-10 -2.656000000598794 3.2041759988994215E-11
0.6860752676413688 0.5067816518822533 0.500295559722401 | 1.322417895423135E-10 -2.6560000002062347 2.313801882940888E-11
0.6852035458834941 0.5061102663586217 0.5519909554160639 | 1.2612090326705937E-11 -2.656000000021397 3.516733586089672E-12
0.682664355456391 0.5044741920876625 0.6093954712054321 | 3.685086197846227E-13 -2.6560000000001875 -4.1913446290801623E-13
0.6790102209896426 0.50243843567976 0.6790102209896398 | 2.101907031216415E-15 -2.6560000000000006 2.103963221885244E-15
0.26865616845828877 0.4527235258010003 0.2686561680218296 | -0.003517379764927216 -2.6052504577553393 -0.0035173728533819926
0.2644894413006407 0.45258158796697906 0.33926655394165245 | -0.007394719467690302 -2.608990022576808 0.0062862132501175436
0.2623319155420263 0.44992179983941605 0.399547101931663 | 0.005385884688684035 -2.683787546651258 0.05142919834175895
0.2612437758944393 0.4487050069425994 0.45024142102840226 | -1.540350424979945E-4 -2.654399177583072 0.00786974791480141
0.26127501671919323 0.4480326050632239 0.5003831856064457 | 3.686120664557998E-5 -2.655667045273767 -4.9285016298330456E-5
0.26224512693899865 0.4475278470470842 0.5524507306505184 | -2.3356331022836715E-7 -2.656003890724065 5.595248573227969E-6
0.26479638754759943 0.4470700584467412 0.6110321208359885 | 5.424578500990155E-9 -2.6559997276706317 -1.4062160337008298E-7
0.26854091604381636 0.44671265609948 0.6814591294303689 | -3.3866628021803867E-12 -2.6560000058058146 2.6812847048548E-9
0.3392665525262271 0.4525815942095101 0.26448943037009975 | 0.006286195382397864 -2.6089899863356534 -0.0073949063499217016
0.3363687927295745 0.4528850429254799 0.3363687802438161 | 0.004070231237705773 -2.604887039651716 0.004069958708113345
0.3337818437415688 0.45129704619426314 0.3983977677136227 | -0.015309813772634694 -2.6813957163377924 0.0566418458132888
0.33317100603341326 0.4502403300339072 0.45021447413668053 | -0.002205593616740247 -2.655745337852036 0.012707926723148438
0.33319575135859686 0.4494321556155374 0.5006311408224124 | 8.46130479286989E-6 -2.6555276273784885 -9.131797305494298E-5
0.3342120719500854 0.4487336064268203 0.5536568406777214 | 5.568467447735482E-7 -2.6560067208602893 6.513542822036422E-6
0.3361310700364483 0.4479499100769887 0.6138698595778499 | -4.659021741827854E-9 -2.655999606788239 -2.4748845961892975E-7
0.3389684541157346 0.44706968961842286 0.6852036321023299 | 2.4299015801655313E-10 -2.6560000084381854 3.696547706074587E-9
0.39954710366250973 0.44992178906878294 0.2623319261687465 | 0.05142898603451849 -2.6837879022069897 0.005386330465270408
0.3983977070166904 0.4512971531826109 0.33378167409949894 | 0.05664030421272557 -2.6813929221494748 -0.015315057873245295
0.3957004958322706 0.4521043969764455 0.39570072734034856 | 0.0030133761045056835 -2.6475687986864975 0.00301728801517672
0.3947771541264387 0.45132849258073093 0.45039818628803174 | -0.0024351955941730166 -2.657344460682601 0.029101738812146893
0.39476157591782995 0.4504475503462065 0.5007217269811796 | 1.1141842840472603E-5 -2.6553277936142203 -3.081785880330074E-4
0.3954752595381008 0.44961089099938517 0.5545345740616889 | 2.5564339788116315E-7 -2.656012341820911 1.4093978459359978E-5
0.39635472134734656 0.44872451680645464 0.6157880501105027 | -4.589458654358611E-9 -2.6559995022406797 -3.142296034658456E-7
0.3975566979216246 0.4475220335959135 0.6877545003448075 | 3.2692597609640075E-10 -2.6560000094816822 4.174081347921539E-9
0.4502414168903346 0.44870500955470577 0.2612437677117375 | 0.007869678020517999 -2.6543990290255404 -1.5397017813709415E-4
0.45021448927125485 0.45024036550716007 0.33317094718303447 | 0.012707710892857164 -2.655747606167031 -0.0022079921538821767
0.45039834678651447 0.4513288246478464 0.3947772378708103 | 0.0291062347681828 -2.657334148586034 -0.0024313519553068735
0.449480542800484 0.45147138310754836 0.4494805917341088 | 0.005620686484313571 -2.663647394037959 0.005622235482039998
0.4492215322491213 0.45123727720494683 0.5008751741264197 | -3.74283364915713E-5 -2.6557117415006313 -2.694902529946358E-4
0.44936056684894055 0.45034373142745826 0.5552670352381737 | 1.0417169062955173E-6 -2.6560103403881614 8.17202490022217E-6
0.4494598860417072 0.4493212578402198 0.6167834243816886 | -1.8292028581036866E-8 -2.6559996606395035 -2.2671687350643575E-7
0.44968305805770054 0.44795161443209575 0.6887216449077677 | 1.7864308813406087E-10 -2.6560000072438124 3.2325011494800393E-9
0.5003831861735194 0.4480326041343558 0.26127501787246726 | -4.928101164847189E-5 -2.655667051175104 3.686233420493499E-5
0.5006311438804305 0.44943215622385746 0.33319575768647597 | -9.13242714350356E-5 -2.6555276572824553 8.516839237609292E-6
0.5007217278580445 0.4504475455884681 0.39476157263769024 | -3.0804480229472685E-4 -2.6553279725233905 1.1052921997001945E-5
0.5008751787903415 0.45123727581630885 0.44922153307383134 | -2.694434317669925E-4 -2.6557117758561133 -3.746775262495126E-5
0.5008465870879938 0.45119557516369063 0.5008465845538069 | -2.976265299148014E-5 -2.655941163386991 -2.977067886051815E-5
0.5006459707431526 0.4503414899728313 0.5552637970027441 | 7.555152770215508E-7 -2.6560034713813296 2.3296439916902663E-6
0.5005404381689877 0.4493211533865095 0.6167832475995823 | -1.437998391771673E-8 -2.655999863644469 -8.525662799792552E-8
0.5003169476981066 0.44795161649392423 0.6887216276248057 | 1.0287034290811633E-10 -2.6560000032198148 1.3977223773027647E-9
0.5524507306581656 0.44752784705200205 0.26224512689671836 | 5.59527361441538E-6 -2.656003890750336 -2.3361573875581358E-7
0.5536568388971558 0.448733604766794 0.33421207214428117 | 6.507504503806463E-6 -2.6560067165552046 5.563767384424503E-7
0.5545345710421482 0.4496108882679144 0.39547525993328775 | 1.408317752679426E-5 -2.6560123381548886 2.557604883027107E-7
0.555267032579032 0.4503437287170943 0.44936056627944404 | 8.168651100707302E-6 -2.656010338902273 1.0430735123570363E-6
0.5552637959614987 0.4503414887753546 0.5006459697089529 | 2.3287004074917125E-6 -2.656003471011726 7.562533037900761E-7
0.5545263925682339 0.4496048620338643 0.5545263924787209 | 9.826172104996342E-8 -2.6560002607058895 9.841500554711944E-8
0.5536454122831747 0.448724178864129 0.6157874453382105 | -3.9524991488960455E-9 -2.6559999803054932 -9.687575363222078E-9
0.5524433063140168 0.4475220343634652 0.687754449769144 | 2.720432683100755E-11 -2.656000000615291 2.0586612841365498E-10
0.611032120832078 0.4470700584506014 0.2647963875492361 | -1.4062113549323688E-7 -2.6559997276715515 5.4271879647867475E-9
0.6138698594824532 0.44794991003719553 0.3361310700401872 | -2.4747998642249595E-7 -2.6559996068180705 -4.618204710920051E-9
0.6157880501040285 0.4487245168872764 0.3963547213795824 | -3.1440053047269407E-7 -2.6559995020130094 -4.462655841934902E-9
0.6167834242766626 0.449321257817157 0.4494598860446805 | -2.2680697103781634E-7 -2.6559996605438294 -1.820926041866442E-8
0.6167832474712991 0.44932115332088307 0.5005404381583426 | -8.528055954001002E-8 -2.655999863630021 -1.4356038598186413E-8
0.6157874452871975 0.44872417883763366 0.5536454122420524 | -9.686916884968098E-9 -2.655999980306051 -3.953723067000675E-9
0.6138688780976255 0.44794931437555 0.6138688780968329 | -3.216821072026891E-10 -2.6559999999764377 -3.2186376895936326E-10
0.611031544439407 0.44706967771577155 0.6852035491648243 | 1.3887669863418757E-12 -2.656000000013557 -3.8955239764605215E-13
0.6814591294287903 0.44671265609851163 0.268540916044152 | 2.681209661751E-9 -2.6560000058057027 -3.376220330308878E-12
0.6852036321092986 0.4470696896248364 0.3389684541167273 | 3.696373773411465E-9 -2.656000008438257 2.429373386588841E-10
0.6877545003519898 0.4475220336019065 0.397556697922235 | 4.1743687282894305E-9 -2.6560000094835026 3.2572172566828896E-10
0.6887216449140466 0.4479516144386619 0.4496830580583268 | 3.2334422237105733E-9 -2.6560000072458436 1.7650831796185513E-10
0.6887216276255129 0.44795161649692533 0.5003169476972205 | 1.3980874237607938E-9 -2.6560000032205555 1.0189171595157428E-10
0.6877544497668228 0.44752203436340815 0.5524433063133242 | 2.0591726345517392E-10 -2.656000000615376 2.7045709964179704E-11
0.6852035491642466 0.44706967771583384 0.6110315444389421 | -3.894414699917601E-13 -2.6560000000135573 1.3881182171514088E-12
0.6814590819507997 0.4467126466190649 0.6814590819507866 | -2.667464615764326E-13 -2.6559999999999087 -2.666415963853636E-13
0.26492357719914617 0.4021515613275211 0.2649235768637209 | -0.01642548931629153 -2.448604407907652 -0.016425509420572526
0.2604929961387886 0.40214564443169715 0.33999707137508 | -0.016259274516148416 -2.436192453347758 0.0045788408277098805
0.2605565245650609 0.39793615020826223 0.40415453311404226 | 0.0022806367262823953 -2.7480672368611567 0.03693190955395877
0.2598096277493265 0.39714259361667814 0.45288672132617774 | -0.007498955734137722 -2.6584474153621933 0.05580859933622739
0.26021201715876735 0.3956977758898484 0.5006384729144016 | 2.7525713799880458E-5 -2.6565978475192793 1.3395373608626664E-4
0.2612760144442291 0.3953995075010432 0.5528873012587133 | 9.088609367945612E-7 -2.656016779978773 1.5924713957131556E-5
0.2639245010382949 0.39537428664695956 0.6117034438844233 | -4.708107671963417E-8 -2.655999159231552 -3.474591038150505E-7
0.26788877961183766 0.3953067691887036 0.6821111662510925 | 7.94392470761381E-10 -2.6560000111698714 -1.8739875083232544E-9
0.33999706637636234 0.4021456465721232 0.26049296901417524 | 0.004578898844125958 -2.4361921288565673 -0.016259217927494934
0.3366115384581045 0.4016988739351305 0.33661137379517864 | -0.003699656247194806 -2.4553268458740236 -0.003700197267839649
0.33212764435812875 0.3985706965638848 0.40238814028390485 | 0.005433109113472428 -2.7140132745052203 0.024145099980612247
0.3317702093532599 0.3972106176145251 0.4532380586560802 | -0.010819573143598432 -2.684702701016151 0.06740611100589387
0.33200242621065196 0.3960399199299264 0.5010055660846437 | -2.782641944842106E-4 -2.656915495750758 5.567518218453514E-5
0.3332186387364234 0.3956240478748314 0.5542592290359678 | 4.129353254130959E-7 -2.656034237581492 2.261373646982908E-5
0.335267599859745 0.3955192030618955 0.6147328561958778 | -1.1841874137830983E-7 -2.655998623847919 -6.131685390091187E-7
0.3382970557298553 0.3953741740517686 0.6860752033489609 | 3.1648839788267774E-9 -2.6560000179007917 -1.9204387340083902E-9
0.40415450787018553 0.39793605082213335 0.26055669271074944 | 0.03693164165754845 -2.7480683439890323 0.0022803625481250278
0.40238795170025227 0.3985708000388863 0.33212738315557355 | 0.024142586305177013 -2.713981203970789 0.005422919323343685
0.39747669261437774 0.40198714213884923 0.39747586811750124 | 0.049580373302581644 1.3302444855067848 0.04949322070489232
0.39453857026690403 0.3966386810118399 0.45399606673835363 | 0.0038812961719505794 -2.6991138831126955 0.10208315252542076
0.3940192740885592 0.3961640719147607 0.5009713786428958 | 8.912400889976634E-5 -2.6543731542651128 -3.42091258493687E-5
0.39474246107449906 0.39572471549713417 0.5552734819066291 | 6.016495379134088E-7 -2.6560607625585098 4.133712118322586E-5
0.3957579975212876 0.3956184871230121 0.6167831286114545 | -9.166984516236319E-8 -2.6559980982471876 -8.97689067368721E-7
0.3971271114586846 0.3953955576214706 0.6887215121136314 | 2.8751471397610424E-9 -2.6560000197441815 -5.701310159734311E-9
0.4528867155240999 0.3971425989613353 0.25980963137939606 | 0.055808824523413486 -2.6584458148391863 -0.007498971287327899
0.45323829182453246 0.39721059130011643 0.3317696232213861 | 0.06740081917380722 -2.6847118902804654 -0.010829447450443043
0.45399489914535457 0.39663750305942574 0.39453894401302086 | 0.10200098331378625 -2.6991231120001724 0.0038880952367452634
0.45072240432765714 0.3959500634859485 0.4507224935087583 | 0.011190694349682277 -2.719431186064748 0.011194980352982874
0.4491143200235705 0.39627942544751926 0.5011601958332738 | 1.508289756944818E-4 -2.6548050446441835 -0.001070505418174869
0.44918704367985396 0.3959051113232131 0.5561021481875676 | 3.989132706447953E-6 -2.6560537180373545 2.7296386882530784E-5
0.449302743508424 0.39577608911950596 0.6179290266059843 | -4.1627820594892053E-8 -2.6559983141930954 -8.502252800710927E-7
0.4496041320896809 0.3954745435508362 0.689743630140261 | -9.588222200930545E-10 -2.6560000152065326 -6.498089961241773E-9
0.5006384738021833 0.3956977705839058 0.26021201610117883 | 1.3396933964837925E-4 -2.656597863365897 2.7545885585982074E-5
0.5010055235834278 0.396039805132777 0.33200249002066196 | 5.525080384300507E-5 -2.656917857274466 -2.7809519041138914E-4
0.5009713185316765 0.3961638801185419 0.3940192488989788 | -3.399811022756752E-5 -2.6543764133377787 8.9112087054187E-5
0.5011601105939391 0.3962793265932958 0.44911420119556866 | -0.0010704783443260474 -2.6548054662328706 1.5057051859635286E-4
0.5011224047561328 0.3961793310209741 0.5011224003868886 | -1.2994679325929558E-4 -2.6555317487485373 -1.3001499369518274E-4
0.5008264414072041 0.39590535821769657 0.5560983277853706 | 1.1974747624836455E-6 -2.656020127472741 1.1174540805268365E-5
0.5006975128576514 0.39577639976606477 0.6179292778347834 | -3.025899116948295E-8 -2.6559991861429513 -3.8916839266414824E-7
0.5003958855007372 0.3954745965131181 0.689743695363098 | -1.2994104179977967E-9 -2.656000012984088 2.463787235565055E-9
0.5528873006972767 0.3953995079353025 0.2612760156156756 | 1.5924239230565708E-5 -2.6560167775262253 9.087408848344484E-7
0.5542592258132037 0.39562404757416286 0.3332186377015768 | 2.2613852410586755E-5 -2.65603423266012 4.0154666615900933E-7
0.5552734888765718 0.3957247191138091 0.3947424607450386 | 4.139239057956321E-5 -2.6560607988334586 5.676174090337041E-7
0.5561021464625219 0.3959051100919765 0.44918704675853877 | 2.7330695902730573E-5 -2.656053724317406 3.965938615245174E-6
0.5560983229562034 0.39590535563512663 0.5008264372668092 | 1.1181665616036967E-5 -2.656020127531297 1.1920635969300537E-6
0.5552635072304821 0.3957244724945661 0.5552635072357215 | 6.372177124121907E-7 -2.65600236843375 6.37462135109598E-7
0.5542423784091274 0.3956192981957587 0.616783420584152 | -9.986454893583279E-9 -2.6559998457555847 -6.676019368905634E-8
0.5528728924922526 0.39539567952167526 0.6887216532829992 | -2.1631801308013554E-10 -2.656000003851852 6.1531655766006E-10
0.6117034437840093 0.39537428657827134 0.26392450107122706 | -3.473721365278974E-7 -2.6559991592915537 -4.70885240830106E-8
0.6147328566913679 0.3955192034403969 0.3352675997617037 | -6.131568720164792E-7 -2.655998623846873 -1.1842271182138349E-7
0.6167831291091134 0.3956184875677328 0.39575799746466633 | -8.980789771543785E-7 -2.6559980978404525 -9.127148552494051E-8
0.6179290270941614 0.3957760895703676 0.44930274359588396 | -8.507159731792206E-7 -2.655998313381431 -4.059100303544187E-8
0.6179292779892207 0.3957763999704563 0.5006975130000869 | -3.8949979202164495E-7 -2.655999185933332 -2.978946639745985E-8
0.6167834205045963 0.3956192982210375 0.5542423783379542 | -6.681980503418892E-8 -2.6559998457450638 -9.91864267585526E-9
0.614732382260367 0.3955196406503515 0.6147323822590045 | -2.3252500014285813E-10 -2.655999998506794 -2.338827364312585E-10
0.6117029329417856 0.3953742826243466 0.686075283630239 | -3.4438616660632955E-11 -2.656000000232116 1.754527619408272E-11
0.6821111662534315 0.39530676918969493 0.2678887796089264 | -1.874484235748366E-9 -2.6560000111692132 7.943724013323985E-10
0.6860752033406105 0.3953741740354667 0.33829705572652 | -1.9198837094208E-9 -2.656000017900977 3.164790666490597E-9
0.6887215121261749 0.3953955576180593 0.3971271114567335 | -5.705166120541869E-9 -2.656000019744301 2.87214808213008E-9
0.6897436301443818 0.39547454354224043 0.4496041320913188 | -6.4927086880354086E-9 -2.6560000152156436 -9.650572168923798E-10
0.6897436953706257 0.3954745965112206 0.5003958855041849 | 2.4669125948095067E-9 -2.6560000129888275 -1.3052094310254827E-9
0.6887216532846095 0.39539567952123067 0.5528728924947373 | 6.159469379110337E-10 -2.656000003852565 -2.1799536503492535E-10
0.6860752836293285 0.3953742826243352 0.61170293294111 | 1.761394187198076E-11 -2.6560000002321393 -3.45475900376856E-11
0.68211120741119 0.39530683656169846 0.6821112074111758 | -3.075379860518926E-12 -2.655999999998151 -3.0747888235589995E-12
0.2615866834344432 0.41698273818048515 0.2615866838437127 | -0.10835238053184394 0.8311046683783923 -0.1083523660442521
0.2579342397637296 0.41811059214584084 0.3400119591257282 | -0.0749280596862898 0.8851478513003653 -0.014478021352353787
0.25920786842723514 0.34636142894288463 0.4028447450116938 | 0.02554128480364549 -2.6071667442477504 -0.04822724390811191
0.25961437845706975 0.3442059722999016 0.45717423971032095 | -0.006551378816512212 -2.7471593939429098 0.07197613028679109
0.2601010421744648 0.3449106982660139 0.500481129260284 | -1.423599247353715E-4 -2.6558049360332694 1.2743566328843488E-4
0.26128076388261673 0.3447441442862327 0.5528878205625288 | 6.4444714102986555E-6 -2.6560236541074658 7.46845140458169E-6
0.26392447157097537 0.34478181351333503 0.6117015570610002 | -1.2471558677128112E-7 -2.6559995971816863 5.962285804287172E-7
0.26788882382039286 0.34485063254066106 0.6821111445470335 | 1.864366149507033E-9 -2.656000007046292 -1.3212581968647928E-9
0.34001196124583993 0.41811057883758085 0.2579342219111896 | -0.01447801676165287 0.8851471915948876 -0.07492814330839671
0.3367791341837103 0.41814149801400957 0.3367790295796056 | 0.00867525335665663 0.9790412704544278 0.008677669921377605
0.3341698139724294 0.34526196781672097 0.400458414976956 | 0.030574327584545643 -2.61446707956558 -0.044138571140437455
0.3319513414630838 0.34295079499184516 0.4575452081619805 | -0.004564450890625308 -2.787696155828858 0.07080585525873366
0.33202656638575523 0.34460894906052786 0.5007556654339966 | -1.0160827371319955E-6 -2.656425648132315 -0.0011839274791243422
0.33322742188601645 0.3445146345058325 0.5542378961707591 | 1.0963467794682141E-5 -2.656040356368382 3.95714686253656E-6
0.335267560408534 0.34463522414930875 0.6147297906304607 | -4.5815339435809767E-7 -2.655999097688537 1.0229735979604043E-6
0.3382971271909224 0.34478317167293066 0.6860750787743009 | 2.4459436236368447E-9 -2.656000012326104 -2.2689780743050748E-9
0.4028447787237791 0.34636121384780194 0.25920819496622843 | -0.04822555050463956 -2.6071742450150714 0.025535899837154444
0.40046044620903204 0.3452562580667773 0.3341739506719393 | -0.044057170679826015 -2.614445900060183 0.03047535135500258
0.4002999308749589 0.4242142344239912 0.4002947863029882 | 0.05233744433501387 0.9618226705285416 0.052242138405309516
0.39515130062372233 0.34254338464313383 0.45563383358208837 | 0.004591521647247134 -2.792413119495538 0.02944823174906942
0.39412224747428193 0.3445294698280918 0.5007870587603456 | 1.4357137109439165E-4 -2.6550286385140054 -0.002765080535903471
0.39473794304758686 0.34440860309232757 0.5552411253056977 | 1.3292225107788256E-5 -2.656105955200519 6.26998323475445E-6
0.3957581094232619 0.3445357815693203 0.6167802208316631 | -4.53687206078969E-7 -2.6559984735019673 2.385405850836738E-6
0.3971271058843294 0.34476179564734527 0.6887213987530307 | -1.596111470284948E-10 -2.6560000149871885 2.332860493567906E-9
0.45717421115389373 0.3442059214843483 0.25961454566215636 | 0.07197305283793008 -2.7471586478238086 -0.006550133078407799
0.45754045550566447 0.34295023854183426 0.3319544901185287 | 0.07063945425778444 -2.7875849605977585 -0.004558852525211444
0.4556279122881559 0.34253567871231755 0.3951483605600603 | 0.029498516374494386 -2.792554166922253 0.004484762521964568
0.4507080681867971 0.3423508916847801 0.4507061507635427 | 7.076227158976121E-4 -2.7433953071635395 6.352323643386508E-4
0.4492036495274316 0.34422843918126533 0.5011539711297095 | -3.5941963759621203E-4 -2.653508318244741 -0.002798515969715212
0.4491750789551889 0.34425360340824374 0.5560920279610518 | 5.133909620979115E-7 -2.6561248805455713 4.0442269235621804E-5
0.44930221314505514 0.34438057517734005 0.6179276726444476 | 2.2455449761656832E-7 -2.6559990427271707 1.994397598541521E-6
0.4496040741415629 0.34468281454475447 0.6897434646098948 | -1.1083301519650135E-9 -2.656000013057324 3.4703017417124316E-9
0.5004811053907301 0.3449107056631416 0.2601010661013278 | 1.2729706905453925E-4 -2.6558060754035 -1.4227642511824287E-4
0.5007556751910206 0.34460887337007595 0.3320265189759881 | -0.001187399002134199 -2.6564188923419154 5.887288303142142E-7
0.5007870582156927 0.34452986126797813 0.39412232399513025 | -0.00277265082989846 -2.6550187169456256 1.4731595992978239E-4
0.5011537686934702 0.344228541537483 0.44920350524000896 | -0.0028011075835802307 -2.6535068820310395 -3.568938609614545E-4
0.5011834558021077 0.3441241137813753 0.5011834981172925 | -2.3611795276359663E-4 -2.654851320329872 -2.3563434134087841E-4
0.5008257161925277 0.3442671712515998 0.556103883199955 | -9.769445333973707E-7 -2.6560539171603392 2.9855358541851168E-5
0.5006971249147583 0.34438167903941286 0.617929140351292 | 3.159232781503448E-7 -2.6559980759785935 1.5312208156823583E-7
0.5003958389694959 0.3446828258046241 0.6897436050182002 | -6.912799612461195E-11 -2.6560000225391454 6.02233360928172E-9
0.5528878174310201 0.34474413950090743 0.2612807617043998 | 7.46763548798847E-6 -2.656023633094925 6.447410168693777E-6
0.5542378982523665 0.3445146558314899 0.33322742557405843 | 3.949680253957333E-6 -2.6560404190875335 1.0964364107468014E-5
0.5552411448790484 0.3444086138655361 0.3947379425175426 | 6.151346728711859E-6 -2.6561063067218864 1.3276618862383478E-5
0.556092044840221 0.3442536111573355 0.4491750858506836 | 4.062610572278813E-5 -2.6561249882382034 3.4858401136216445E-7
0.5561038828377166 0.3442671747891706 0.5008257136863734 | 2.9907320151444885E-5 -2.6560539347827983 -1.0342808173543208E-6
0.5552680548797416 0.3444400316205931 0.5552680543193479 | 1.7810838146213155E-6 -2.65600851440418 1.7759492462275371E-6
0.5542424441569346 0.34453878564477014 0.6167837863990543 | 3.213317746239454E-8 -2.65599952766808 -1.4605002999416714E-7
0.5528728823833247 0.34476178606814434 0.6887216710332261 | 7.426286271235253E-11 -2.656000010391506 1.6460863528426646E-9
0.6117015570888554 0.3447818136223613 0.2639244716304354 | 5.958497233659239E-7 -2.6559995973018276 -1.2474091352884464E-7
0.6147297898699678 0.3446352226686853 0.3352675600496569 | 1.0240756805732193E-6 -2.655999097288265 -4.583035185033026E-7
0.6167802210998101 0.34453578106756005 0.39575810950278867 | 2.3866097619961055E-6 -2.655998473389891 -4.535094611850391E-7
0.6179276724089096 0.34438057437250374 0.4493022132564202 | 1.9950466299457534E-6 -2.6559990406740885 2.2545385069774287E-7
0.6179291404341544 0.3443816788072582 0.500697125157889 | 1.5181302419783467E-7 -2.655998074896672 3.175829678879243E-7
0.6167837863691082 0.34453878564489215 0.5542424441369052 | -1.4637232250585518E-7 -2.6559995275733095 3.252520009952355E-8
0.6147325317135828 0.34463784127141156 0.6147325317145341 | 1.1456896655629734E-9 -2.655999980937304 1.1603830455352834E-9
0.6117029388994218 0.3447831662955068 0.686075309179942 | -1.5599553279863343E-10 -2.6560000010455385 1.2439123078658587E-10
0.6821111445492236 0.34485063254241183 0.2678888238200916 | -1.3216279268111548E-9 -2.656000007043215 1.86376994143657E-9
0.6860750787518274 0.34478317167097944 0.3382971271910618 | -2.2704052053231342E-9 -2.6560000123264746 2.445241840530484E-9
0.6887213987401591 0.3447617956418846 0.3971271058832034 | 2.3362756035284675E-9 -2.656000014987354 -1.633857940036933E-10
0.6897434646112335 0.34468281454996397 0.4496040741434416 | 3.4738538734743497E-9 -2.6560000130745087 -1.1130522242611034E-9
0.6897436050202473 0.3446828258078334 0.5003958389666691 | 6.023102978246498E-9 -2.6560000225513067 -7.759938774515357E-11
0.6887216710353006 0.34476178606925656 0.5528728823851838 | 1.6484517789591858E-9 -2.6560000103943855 6.817966373739464E-11
0.6860753091797323 0.34478316629542866 0.6117029388992997 | 1.2479330759129514E-10 -2.65600000104567 -1.5663862026167274E-10
0.6821112105585039 0.3448506041253796 0.682111210558498 | -7.411959001410005E-12 -2.6559999999949113 -7.412658688419816E-12
0.2581770539848463 0.4281463557185152 0.25817705422247184 | -0.1424356017337975 0.3892666690241322 -0.1424355884231474
0.25538251097914433 0.43038880922174116 0.3403842677300938 | -0.08041988243497385 0.4582328229787218 -0.023289366768592792
0.26042989565356656 0.32179855747716063 0.4000459367373833 | -0.037899451002676124 -0.0769594069919517 0.02799080792681195
0.2609737100823695 0.2866217253055921 0.45499106443226817 | 0.004579790528873983 -2.775479326597613 -0.0405757672597305
0.2610444827751968 0.29208325394694945 0.5001355665432266 | 2.51593595535997E-4 -2.6583449848379748 -0.0014261854600721897
0.2622619578653677 0.29260458063382216 0.5524327592062616 | 9.33215231973781E-6 -2.6559177902193887 -7.082426042038632E-6
0.26479755281075845 0.29308866852648635 0.6110311707567391 | -1.5552566272132715E-7 -2.6560007094281737 4.770776887904205E-7
0.26854092981383926 0.2934447807552591 0.6814590316538355 | 6.653129176950847E-10 -2.6559999977454556 -2.6938770205733695E-9
0.34038426339477207 0.43038878138218484 0.25538248817846704 | -0.023289574988353767 0.45823216978401127 -0.08042004297524512
0.3376105319397473 0.4349141810099128 0.33761041426980853 | 0.012700523943391103 0.6898416687393936 0.012700979439354545
0.3346818746475092 0.3385455736717823 0.4000651339735207 | 2.2386080620975544E-4 -0.006849169546899527 0.00874225372209046
0.33290720091849996 0.2833911289738842 0.4548858530405511 | 0.0025163094828343996 -2.817459924734 -0.03702487069304437
0.3331592670331905 0.2906146268489221 0.5003778466666866 | 3.523448237149414E-4 -2.661667932106341 -0.0028626565110836987
0.3342283913517698 0.29140794417243315 0.5535899372618566 | 2.1835806786463608E-5 -2.655835748911601 -1.9873292500035936E-5
0.33613211166206347 0.2922087271736495 0.6138668514967884 | -3.3073359890101594E-8 -2.6560010331401296 1.355615796897286E-6
0.3389684626868709 0.2930877636483806 0.685203458895091 | -5.031138173805182E-10 -2.655999995632817 -3.9809089662490385E-9
0.40004597352669313 0.321798601550286 0.2604301741253178 | 0.027991431237222423 -0.0769592965456598 -0.03789716992338434
0.4000615423016188 0.3385440480987919 0.3346885648158726 | 0.008724076030535094 -0.006857136268382804 2.5521055258662106E-4
0.39984540475061864 0.30448147359301375 0.4000110990570035 | -0.044556435791209235 -0.3184221640272717 0.020318070272633052
0.39548978820268726 0.28409500954950256 0.4551047561850891 | -0.0014227802624836164 -2.796819055574286 -0.022190527290677026
0.3949861124550603 0.28963086875250493 0.5003045699809564 | -2.3944174441330853E-5 -2.660319764929387 -0.0019609181971173787
0.39546455828346755 0.29053071441615075 0.5544623738943213 | 1.1948937035399197E-5 -2.655919646657669 -2.287404497651583E-5
0.39635387396403254 0.291434343550128 0.6157855322064295 | 2.2266293851743043E-7 -2.656000616686738 4.1050487284651585E-7
0.39755672247795837 0.2926354050397783 0.6877543077465125 | -6.611729301941201E-10 -2.6559999994412222 -6.170293022774693E-10
0.45499102179081485 0.28662173146144604 0.2609742672262153 | -0.0405769812788251 -2.775476943307867 0.004581255147176316
0.4548771917622884 0.28339613983473766 0.33291297297631134 | -0.0369877524829882 -2.8172255125588808 0.0023664593119585194
0.4551102728976363 0.2840902732670226 0.39547748207072303 | -0.02179532750012353 -2.796873890703926 -0.001765129472327612
0.4511382250907855 0.2855376247463101 0.4511298181623819 | -0.0041246755610517966 -2.74043928451308 -0.0044560968481682246
0.44946438971441627 0.2890405088894863 0.5009137302445487 | -9.126229848169347E-5 -2.650767682237524 -0.0015386417175129099
0.44933118461852245 0.289826895551633 0.5552471743161195 | 1.2298025433322276E-5 -2.656028359791399 -1.2075647917096584E-4
0.44945791402633944 0.29083609770628027 0.6167804661962669 | 3.370383387331414E-8 -2.655999288816457 -6.878165694163931E-7
0.4496830384220788 0.2922058173386862 0.688721383309437 | 3.2710819724253284E-9 -2.6560000075454426 -2.258081686031433E-9
0.500135333275427 0.29208316023844844 0.26104484215086327 | -0.0014257498465380595 -2.6583493750174614 2.50578455957759E-4
0.5003787155088096 0.2906148378177358 0.33315859841391965 | -0.0028531599385178915 -2.6616550797812972 3.5198636100336505E-4
0.5003049128143925 0.2896316940268666 0.394986000939818 | -0.0019869312690309806 -2.660291225245057 -3.281649956933008E-5
0.5009136540193092 0.2890411379255748 0.4494649300199057 | -0.0015412279463727326 -2.650760562951084 -7.849285610039714E-5
0.5010288875540408 0.28905423226286003 0.5010290488703373 | -1.0394547408874295E-4 -2.653943601208731 -1.0053757457229116E-4
0.5006455833900046 0.289826523040051 0.5552812451700393 | -2.11305669141467E-5 -2.6561029037102273 1.0190876157802105E-5
0.5005391580900866 0.2908364603485429 0.6167823516807929 | -4.515033148613523E-7 -2.6559981989893964 -1.1347293219223626E-6
0.5003168708369318 0.29220581018084635 0.6887214549351284 | 2.9700136192995387E-9 -2.6560000211328982 -6.909913891504494E-9
0.5524327690008617 0.29260457657443917 0.2622619259325022 | -7.084819566558669E-6 -2.65591771775373 9.323828594390689E-6
0.5535898759185729 0.2914079421781439 0.33422840285531114 | -1.9860221195315295E-5 -2.6558360429475796 2.2001517402281865E-5
0.5544623664807725 0.29053070175059276 0.39546457272393976 | -2.2981220551009644E-5 -2.655919716468062 1.1961054549016115E-5
0.5552471452284898 0.28982685862445634 0.4493311873910233 | -1.21213183568657E-4 -2.6560285543295428 1.216256119889818E-5
0.5552812461035294 0.289826512232755 0.5006455767533078 | 1.02994496871697E-5 -2.6561030052972776 -2.1288271240997043E-5
0.554537992401719 0.2905539418899165 0.5545379907619877 | 4.4494101662127076E-7 -2.6560214587280604 4.1628854436226825E-7
0.5536455897538684 0.2914335613808127 0.6157885632986771 | 1.0020667377422006E-7 -2.655998922384556 -2.0289754328002529E-7
0.552443271321959 0.2926354110872751 0.687754473355377 | -1.8541445797163992E-9 -2.6560000152302603 1.0570500596153112E-9
0.6110311706289421 0.29308866901171277 0.26479755429976704 | 4.776156838748741E-7 -2.6560007094812175 -1.5544517622332972E-7
0.6138668500865418 0.2922087275710823 0.3361321114499305 | 1.3570509486881182E-6 -2.656001031419134 -3.352984114600175E-8
0.6157855311872614 0.2914343436580627 0.39635387330471816 | 4.0896233673829264E-7 -2.6560006153763496 2.234169279124492E-7
0.6167804661916336 0.29083609803189103 0.4494579139330999 | -6.889610365388051E-7 -2.6559992867140103 3.4876837137834594E-8
0.6167823516327756 0.2908364606872043 0.500539157930524 | -1.1350120666957642E-6 -2.6559981965087722 -4.507812596175313E-7
0.6157885632661125 0.2914335614726904 0.5536455897382154 | -2.035396438962259E-7 -2.6559989218425053 1.0131634972786374E-7
0.613869411012297 0.29220812034702653 0.6138694110155377 | 6.002261497662402E-9 -2.655999914049041 6.092774443197571E-9
0.6110315561969595 0.2930877720229794 0.6852036188485102 | -4.111073878499066E-10 -2.6560000028869366 4.407335341417905E-10
0.681459031648436 0.2934447807531113 0.2685409298081689 | -2.694695094761886E-9 -2.655999997743633 6.653311025191771E-10
0.6852034588676924 0.293087763637581 0.33896846269165776 | -3.980149124581747E-9 -2.6559999956338265 -5.013878909892158E-10
0.6877543077186195 0.29263540502756236 0.3975567224749802 | -6.135251349387744E-10 -2.6559999994431482 -6.650123462386675E-10
0.6887213833001201 0.2922058173330651 0.4496830384106194 | -2.2701784108601932E-9 -2.6560000075630112 3.2670647971113633E-9
0.6887214549386164 0.29220581017692193 0.5003168708373849 | -6.915690957283952E-9 -2.6560000211502013 2.96280947596142E-9
0.6877544733526327 0.2926354110855525 0.5524432713213447 | 1.058219485750708E-9 -2.656000015237029 -1.861669978214902E-9
0.6852036188481185 0.29308777202288183 0.611031556196756 | 4.4176226800718724E-10 -2.656000002887596 -4.128248049263449E-10
0.681459091282828 0.29344479321239264 0.6814590912828163 | -7.453123809890031E-13 -2.6559999999963058 -7.632454800963801E-13
0.25710215225245053 0.4268128661579561 0.25710215242142037 | -0.14777420799062335 -0.010919521662259592 -0.1477741931516773
0.2551723662053954 0.4297784471197017 0.34023077409772773 | -0.06692271686464846 0.09847472475739075 -0.0317984201734771
0.26658661547096063 0.3482721979474568 0.40005503304808704 | -0.012464887910726532 -0.014797348957629233 0.00818621670164473
0.2640816666495901 0.22789395545990263 0.44764795878082314 | 0.0035288153236265165 -2.7183509582406353 -0.04503262246104678
0.2637929008606719 0.23272935785378807 0.5002648736818754 | -3.9298565088760693E-4 -2.65592888324669 0.0026123091583088666
0.2648176859030522 0.23406576270991433 0.55197171517266 | -1.5497230554704506E-5 -2.655931387088474 4.178163316105568E-5
0.26733611723765577 0.23568228499005214 0.6093957007363948 | -1.0252028126118487E-7 -2.6560022656122 7.194271189003731E-8
0.2709897576001485 0.23771904868453578 0.6790102057278143 | 1.0524492965754843E-9 -2.655999968763647 3.232155604375425E-9
0.3402307709590548 0.42977843833648416 0.255172342721543 | -0.03179852849730075 0.09847455039941014 -0.06692278789439028
0.33792275122984555 0.4415248165662715 0.3379226306478881 | 0.008675827678675536 0.32355324797202634 0.008675742118219055
0.33811204316825555 0.3542513176161978 0.4000749148596865 | -0.0025379073487020315 -0.010277215213659496 0.004824687909115361
0.3355511558898559 0.22373159895902747 0.446694007675198 | 0.004794213314493055 -2.7460929207642564 -0.045834671709662156
0.33522899037597564 0.22958454595699937 0.5005792496087005 | -6.300312066278023E-4 -2.6576940370541347 0.0058246951001435345
0.33613792495491673 0.23124288741447466 0.5528283209667754 | -3.650137459284021E-5 -2.6558546614993928 1.6463933581651672E-4
0.3378608674306468 0.23293902364494984 0.612139637923349 | -3.227118700580431E-8 -2.6560052078239424 1.0542671868066652E-6
0.3406045109086567 0.23568331159771852 0.6826643511931594 | -3.975888896034594E-9 -2.6559999267357783 6.926758257013672E-9
0.40005503296477796 0.3482721979377337 0.26658661345250506 | 0.008186366420752074 -0.014797967693385412 -0.012464582554992283
0.4000749148596865 0.3542513176161978 0.3381120431682556 | 0.004809745993957279 -0.010281634062570311 -0.002515958662262573
0.40040806793561917 0.3403901346958534 0.40055707528869333 | 0.027949266080980896 -0.19069615564510548 0.029331135663715577
0.3955006969638562 0.2222790507475084 0.44736147423558104 | -0.004219370246913814 -2.734848234816524 -0.04411490388415589
0.3958866936106495 0.22771752976755205 0.5006160344627876 | 4.3218568283270284E-4 -2.656582190999988 0.005716926103593942
0.3963347683734506 0.2293303772661291 0.5536117782564983 | 3.7070525881902467E-5 -2.655864056848049 1.1266894974728184E-4
0.39712911342339663 0.2312096840357002 0.6138681343569237 | 1.5258535353828565E-7 -2.6560036004713945 1.5078662845819606E-6
0.39800910535482203 0.23404723398764843 0.6852034726559312 | -4.458797855577499E-9 -2.6559999500692997 8.843463793750769E-9
0.4476480815968936 0.2278939903294666 0.2640820295848 | -0.045032574363695115 -2.7183505828061136 0.0035304041612595123
0.4466904259250587 0.22373747778904676 0.33555117992744127 | -0.04581940721883327 -2.7459543732428213 0.004711016882633936
0.44736407434991005 0.22228780639637297 0.395482068989704 | -0.0439037624843283 -2.734677498770784 -0.004651306147833131
0.4492323327814263 0.22364498501723015 0.4492176931556803 | -0.005742141753939158 -2.7098611735817153 -0.0060766642534663
0.4496264045721526 0.22712379997623752 0.5010973430055099 | 0.0010968404960408822 -2.6510483616452887 0.003277429677774939
0.4494304332145961 0.22829251432350928 0.554230295404 | -2.3214105396330984E-5 -2.656059302528373 1.1447877411383157E-4
0.4495579500998204 0.23034652333254818 0.6147294769290882 | 9.25987059620145E-8 -2.6559989360049556 8.131154692450891E-7
0.4497044832153254 0.23337583114074625 0.6860750922015764 | -5.494583358767123E-9 -2.6559999959149376 3.5076412548975748E-9
0.5002647270799089 0.23272926042851966 0.2637931575082851 | 0.0026152337651455327 -2.6559336545274266 -3.928014799242388E-4
0.5005799661970786 0.22958432777540244 0.3352279991375226 | 0.005823127014760455 -2.6576978683509873 -6.295136148699387E-4
0.5006173624647827 0.22771617238084987 0.39588664921132594 | 0.00572119212491535 -2.656610384944265 4.393552829752915E-4
0.5010967415385086 0.22712332414822226 0.44962703289348616 | 0.003271413169732737 -2.651055819070273 0.0011136776399282339
0.5009201944392663 0.22716059308477235 0.5009205654627256 | 3.3069881915359384E-4 -2.6540028692079214 3.384574793455747E-4
0.5005563381741093 0.22828187240066317 0.5542695197806342 | 2.4665249688411106E-5 -2.6561379738055644 1.917880476713174E-5
0.500438653416279 0.23034631223210758 0.614730553861555 | 3.038801211503426E-7 -2.6559971240759266 2.1440426168835097E-6
0.5002955088195413 0.23337579670628722 0.6860750791854849 | -1.7384225339066518E-9 -2.6560000317095827 6.8839703671897944E-9
0.5519717388275072 0.2340657713704088 0.26481764220564535 | 4.190308158074662E-5 -2.655931348271129 -1.5494283832982743E-5
0.5528283479915379 0.23124289985460264 0.3361379298381126 | 1.6467695585797477E-4 -2.6558544318697805 -3.665794648870376E-5
0.5536117451750461 0.22933041934727516 0.39633479629674534 | 1.1355579162241412E-4 -2.6558637852643328 3.744944847181294E-5
0.5542302631105743 0.2282925427074462 0.4494304549759713 | 1.1384826198322702E-4 -2.6560592195126422 -2.337439982301985E-5
0.5542695201554486 0.2282818807508416 0.5005563169590271 | 1.9320587391188523E-5 -2.6561378852810327 2.4387985246702625E-5
0.5536650033983205 0.22928859942112992 0.5536649992638548 | 9.073682522952698E-7 -2.6560356161260534 8.266194165444012E-7
0.5528709510951286 0.2312096919500759 0.6138704106366676 | 1.913627177875921E-7 -2.6559980990667365 3.375234579443598E-7
0.5519908738259288 0.2340471593195719 0.6852035104887889 | 1.357670303828729E-9 -2.6560000293430193 9.511552881476433E-11
0.6093957012242659 0.23568228470625097 0.2673361179329742 | 7.240427771123734E-8 -2.656002266707885 -1.0238263934442494E-7
0.6121396360505702 0.23293902424321042 0.3378608678036097 | 1.0567480720157816E-6 -2.656005210748063 -3.4166795620152123E-8
0.6138681334752955 0.23120968305090042 0.3971291139457538 | 1.5105458736567686E-6 -2.656003602715109 1.5433887932688108E-7
0.6147294771997182 0.23034652271960077 0.4495579493500573 | 8.122616222597699E-7 -2.655998937841839 9.669067824000856E-8
0.6147305542574595 0.23034631188746005 0.5004386534164486 | 2.142952773075555E-6 -2.6559971250074645 3.048874490027434E-7
0.6138704104375632 0.2312096918754575 0.5528709510291073 | 3.363029124969335E-7 -2.6559980994833823 1.9326583264237187E-7
0.6121406392475002 0.23293919152898587 0.6121406392600908 | 7.936704300540111E-9 -2.6559997421006227 8.247136447415308E-9
0.609395475687829 0.23568324519960882 0.6826644416305777 | -5.147415897651051E-11 -2.656000007817907 -1.145452093722085E-11
0.6790102057170329 0.2377190486889296 0.2709897576047234 | 3.2323367487720655E-9 -2.6559999687554394 1.051942340062825E-9
0.6826643511271122 0.23568331160351358 0.3406045109133693 | 6.932760824482889E-9 -2.655999926710929 -3.967674480675625E-9
0.6852034726292013 0.23404723400257932 0.3980091053370512 | 8.849940800027748E-9 -2.655999950039283 -4.471472087246894E-9
0.6860750922041385 0.23337583114807695 0.4497044832109844 | 3.5124520049477023E-9 -2.655999995879185 -5.5127898370969224E-9
0.6860750791853547 0.23337579671143682 0.5002955088190387 | 6.87508353202433E-9 -2.6560000316984964 -1.750427440058013E-9
0.6852035104890332 0.2340471593212071 0.5519908738300027 | 9.641573235578707E-11 -2.6560000293393258 1.3445630421095166E-9
0.6826644416282758 0.23568324519954964 0.6093954756860612 | -9.121201611839931E-12 -2.656000007817356 -5.5539634755215846E-11
0.6790102443259071 0.23771900631110188 0.6790102443258736 | 2.2026874833688306E-13 -2.6560000001365207 1.1128218480015063E-13
0.2589432529009383 0.40921460150449146 0.2589432533511967 | -0.10722139180122443 -0.42147667094669283 -0.10722138034238729
0.2563516761078808 0.4127931142169955 0.34049928943499685 | -0.06228350134599884 -0.26090805322042393 -0.016113850370826067
0.26048674489439533 0.40296440668373595 0.41036833460614375 | -0.005008523935011323 -0.7886959182050031 0.04349730753765863
0.26988617106855267 0.16184677965055602 0.43865764360909143 | 0.00253099346587673 -2.6645064700510064 -0.030589038597409048
0.2684830058704821 0.16260213091312947 0.4998869525245799 | 2.747382315680351E-5 -2.654894666790594 1.72269855855731E-4
0.2685246882477592 0.16362134464466654 0.5516490072635892 | 5.154112252537559E-6 -2.6560324547374536 -2.0272480526393834E-5
0.27098835289896483 0.16606945823540636 0.6073606334871767 | 1.0749103417610274E-7 -2.6560001015986225 -3.840183681327163E-7
0.27497483840516646 0.17005350804278446 0.6750252543641623 | -7.203044927122559E-10 -2.655999997554138 3.6538218760898824E-10
0.3404992860751728 0.4127931028703105 0.25635165524911696 | -0.016114022713469515 -0.2609083043723907 -0.062283463923003914
0.3378498927973746 0.41894056344641045 0.3378497412150782 | 0.002374637421954352 -0.13238058691899332 0.002374789987555207
0.33536892922644634 0.4129552244406297 0.4117382085380274 | 0.03093582505302238 -0.618461633445398 0.10916969094656676
0.3398401092254502 0.1578161971116031 0.436015999422267 | 0.0028598902339788115 -2.6646929110368274 -0.03301173411635255
0.338416671668107 0.15862473556590032 0.4998860946688696 | 9.594350521355965E-5 -2.654515111226862 1.9085048935362596E-4
0.3389682156481972 0.15987603436497708 0.552056323482889 | 8.85829604294245E-6 -2.6560565134682506 -2.674327439563233E-5
0.3406033260055667 0.1624168241421125 0.6093955903817787 | 2.505840796854113E-7 -2.656000294615751 -5.865949238663382E-7
0.3426403200404964 0.16606842496875399 0.6790102009045617 | -1.2050287720297189E-9 -2.6559999953979654 1.6749494285075165E-10
0.410368282882616 0.4029643664295976 0.26048695216985496 | 0.04349739967761359 -0.7886945957170765 -0.005009926768779484
0.411739964188691 0.412954311812736 0.33537008580119093 | 0.10922202314836861 -0.6184548992540807 0.03096152896812381
0.40637324451628287 0.4067924294269725 0.4063633506137625 | 0.11627632588809633 -0.5906246309374421 0.11609429241376973
0.39338891957708777 0.15527334662320516 0.4383020012499834 | -0.0055216460483448904 -2.66394083143035 -0.025764459839289516
0.39669447707290717 0.15609146417466635 0.5000887034696295 | -1.8225242541385404E-4 -2.6544966796576333 2.1235422385455332E-4
0.39757729935700176 0.15732800506776318 0.5524881956477664 | 4.679885468613309E-6 -2.6560690265820894 -4.029205020247751E-5
0.39801060742380034 0.1598774061710907 0.6110319296360969 | 2.5609567084008266E-7 -2.6560003412872875 -1.462412385633926E-6
0.398366014068704 0.1636195826363039 0.6814590812538319 | 4.147501792398734E-10 -2.655999998827485 -2.254441836160464E-9
0.4386576654593767 0.1618469423465354 0.26988633834194264 | -0.03058911733414653 -2.6645064932809794 0.002531409751041745
0.4360160044585918 0.1578160465732338 0.3398399611743122 | -0.03301907565978536 -2.664692996424463 0.0028635923305160276
0.43830253571156436 0.15527586151940453 0.39338717614186797 | -0.025752870143412602 -2.6638950765666456 -0.0055644055746979625
0.44668271146868394 0.15391844162244214 0.4466826669896576 | -0.0024657059664232083 -2.6624286736006697 -0.0024556922230379785
0.4489264030313281 0.1552495492257831 0.4998614281040654 | -2.2037184845868912E-4 -2.655017053805068 2.0971091355158152E-4
0.44970682484693 0.15635199887043633 0.5528707467724366 | -1.1478952342552604E-5 -2.6560649227564377 -7.383361457411173E-5
0.44970645541410414 0.15900432216875224 0.6117049218570242 | -6.698459264221437E-8 -2.6559992945301247 -2.0776026954737357E-6
0.44977185115928253 0.16296752212950222 0.682111309206997 | 8.403344660860202E-10 -2.6560000111288806 -8.493907363170002E-9
0.4998869626336928 0.1626021027706162 0.2684829775636806 | 1.7223456997019092E-4 -2.65489469215818 2.746542747367516E-5
0.4998858756762339 0.15862502827349528 0.3384165956735887 | 1.8935469361857447E-4 -2.6545163525916755 9.711870261059565E-5
0.5000884380109953 0.1560915337052761 0.3966947196388697 | 2.1015117896162124E-4 -2.6545001293338792 -1.7702989821332535E-4
0.4998615079559307 0.15524910671291955 0.44892649705327276 | 2.071605078003828E-4 -2.6550187523972197 -2.1768694145097163E-4
0.5000806832833979 0.1553455566757097 0.5000806901825101 | -4.1320849625122614E-5 -2.6558096579805666 -4.1417667824532165E-5
0.5002932685180709 0.1563488922692814 0.5528370160940638 | -7.191769119270751E-6 -2.6560317971963823 -2.593579772709599E-5
0.5002972393152787 0.15900294309199015 0.6117043734097192 | -4.499813520042898E-7 -2.6559986684335675 -3.169602160644631E-7
0.5002281692264384 0.16296754556247403 0.6821113522507378 | 7.693600616049283E-10 -2.6560000209575625 -6.516284784875095E-9
0.5516490075941997 0.16362134542546164 0.268524689730608 | -2.0263918276349727E-5 -2.656032453215999 5.154334988552032E-6
0.5520563268267137 0.15987600814128886 0.33896823037348073 | -2.675216136575105E-5 -2.6560564642707516 8.82269432748521E-6
0.5524882255066378 0.15732795961989263 0.3975772880252604 | -4.014811472314131E-5 -2.656068942230564 4.584601963348922E-6
0.5528707504662075 0.1563520097297216 0.44970681780823474 | -7.378080062998053E-5 -2.6560648512163625 -1.1586698711521904E-5
0.5528370148565639 0.15634890232369741 0.5002932680884675 | -2.5900927912478184E-5 -2.6560317696439752 -7.2423331403821495E-6
0.5524226000692791 0.15732187726814592 0.5524225998275946 | -8.473303447765409E-7 -2.6560050458321247 -8.46071205023505E-7
0.5519901705292916 0.1598747185619547 0.611030164550462 | -1.3411036636932273E-7 -2.6559994613449103 4.8411284933289324E-8
0.5516340014671384 0.1636196333907137 0.681459143964273 | 1.2776932016614722E-9 -2.6560000128020067 -2.168945345455128E-9
0.6073606333932164 0.1660694581396304 0.2709883531010747 | -3.836516273580644E-7 -2.656000101773925 1.0742577238703274E-7
0.609395590931824 0.1624168247977394 0.3406033252808707 | -5.854198883473025E-7 -2.6560002941342535 2.500749713478171E-7
0.6110319298257512 0.15987740764485803 0.39801060765008356 | -1.4587624483789814E-6 -2.6560003424220486 2.5543271053496784E-7
0.6117049216522569 0.1590043228438909 0.4497064558815284 | -2.0749788726035326E-6 -2.655999290120722 -6.452973562970899E-8
0.611704373281878 0.1590029429646918 0.5002972393822771 | -3.1791179108801435E-7 -2.655998669282938 -4.48669554757069E-7
0.6110301645498524 0.15987471846297968 0.551990170512663 | 4.814386311247358E-8 -2.6559994615382156 -1.3377272187386918E-7
0.609394414189576 0.1624142697709542 0.6093944141900102 | -5.7568447466123554E-9 -2.6559999517630675 -5.763396418226317E-9
0.6073597040370126 0.16606848544469982 0.6790101577077996 | 4.1786719867173127E-10 -2.6560000029318376 -4.203069680853903E-10
0.6750252543752459 0.1700535080395501 0.2749748383964728 | 3.6651918966600344E-10 -2.6559999975531894 -7.19885564041938E-10
0.6790102008992845 0.16606842497563268 0.34264032004394024 | 1.6913933926118803E-10 -2.6559999953999562 -1.2052304323693704E-9
0.6814590812492711 0.1636195826248667 0.3983660140705126 | -2.2488902670392173E-9 -2.6559999988286163 4.1169478729673637E-10
0.6821113092099856 0.16296752211941434 0.4497718511604259 | -8.503382219083619E-9 -2.656000011147854 8.279141651351579E-10
0.6821113522546768 0.16296754555910345 0.5002281692265752 | -6.516615163177439E-9 -2.6560000209587202 7.598422549059229E-10
0.6814591439630417 0.16361963339200838 0.5516340014666226 | -2.1677242477748136E-9 -2.656000012799256 1.2724771208479506E-9
0.6790101577072938 0.1660684854448213 0.6073597040366854 | -4.199076496788821E-10 -2.6560000029315023 4.1720720688277186E-10
0.6750251528775862 0.17005353768713072 0.6750251528775708 | 7.938941348886084E-13 -2.656000000046411 7.997502171007464E-13
