512
0.28151147779358277 0.4000030197381564 0.28150180648858686 | -0.0019601736819879058 0.005182610171881105 -0.001959799739028969
0.2248782501352054 0.024995886077085007 0.40001574629261355 | -0.0010273941479418216 -0.01607570566036062 0.006522040782257004
0.2591136244002619 0.06501925368814286 0.4000001571703201 | -0.0038335695764967178 0.006322791775721059 0.004959880386369743
0.05921721610734489 0.004779118579803839 0.4093116301545177 | -0.09791375837005016 0.014248780974593804 -0.07935518594581557
0.21422478879121556 7.640005716893009E-5 0.46994119306583054 | -7.505244456407333E-4 0.004636355882009589 0.00257362794840471
0.29275532873996846 4.938892564570776E-6 0.6020573221287536 | -0.007461270742479759 0.0024461803488621753 3.1065132763560615E-4
0.3689880861456205 7.211709696990732E-7 0.6492311696086625 | -0.0037998955801820796 0.0020317218039687546 0.006694034434397373
0.2790853238797243 5.24599534159657E-6 0.7184093516613584 | -7.498135296043598E-4 0.00520079702427567 0.0016454564726222887
0.40000658300692477 0.015629283690281073 0.22255963719558491 | 0.009141265293649918 -0.010899204237192832 8.29215888364293E-4
0.3439022857921188 0.4000093623358199 0.3438965147977949 | 0.004728965299237504 0.003284784894764526 0.004732939681685695
0.4075652654917621 7.30401995745134E-5 0.40745534751335133 | 0.002139119743205829 0.005655174756224364 0.00117203088769898
0.1624074090966499 0.020743726978157028 0.4757459108915703 | -0.11230777393755495 0.003908840791411367 -0.026728613472015425
0.2769088138408157 0.03151831582932313 0.4706091405050386 | -0.03450863295571996 -0.9444894642439421 -0.006212311147626423
0.21841399369361092 0.044235917559687955 0.5330146326197324 | -0.06647782296942563 -0.06549387800922328 -0.030895348087289876
0.28542007201132585 0.026835411864518204 0.6737529939218087 | 0.020912166220958074 0.26458248058776845 0.04751615859060624
0.27887266171581965 0.03535867351036986 0.7224209143235156 | 6.94968688363926E-4 -3.600141232880383E-5 -0.025727432453801963
0.4000004492860806 0.0650601427776213 0.25912792652188527 | 0.009911221915067141 -6.015595203334247E-4 0.0069669572736496006
0.40001882993917987 0.0015156919527157353 0.3515503920857312 | 0.004101198193810661 -0.0024300290957208577 -0.009575978433109412
0.4144902841651922 0.0036385057107436933 0.41386672597586743 | -0.047349929021896414 0.7802119572427215 -0.05739716206508714
0.36185517548226015 0.04605316899685449 0.5032496010088398 | -0.034823953695903555 0.17469008559128207 -0.06957545395423542
0.3700719513692778 0.017119281948564262 0.4823493773690486 | -0.04732236626220692 0.27150244547034835 -0.1010570777002107
0.34821997470761257 2.6238808863695216E-5 0.5760935844351847 | -0.00335024199106019 0.0033573406137659477 -0.005548312242168718
0.36462717259017724 0.002260662305055228 0.6573921514598267 | 0.01735632806151471 0.04394816051933194 -0.016593923451315343
0.36624229362818916 0.022819732164819133 0.6657963652023131 | -9.867607651607097E-4 0.22833997141764642 -0.07240334960587608
0.40965197146278837 0.004201844760539203 0.05798743745608604 | -0.07904252349047253 0.06432930799504871 -0.09732960885225303
0.4758819538723631 0.017824969615046315 0.16236239603585081 | -0.02396745019049714 0.009002994251303577 -0.12340524586765267
0.48378282780302045 0.02364112044062333 0.3695211846876534 | -0.16324679909404236 0.1315523559983123 0.011326194510746493
0.42518688991891 1.5880178985309235E-4 0.4250740420676215 | -0.0033082974549391735 0.004390859305768373 -0.004067291720163172
0.463370587700681 1.359236050974826E-4 0.4634513544468135 | 1.0567854398796259E-4 0.005225293605408283 2.78387173134184E-4
0.43743643900693124 0.021377632348809912 0.6360447301732771 | 0.06449332968220463 -0.1571734189176614 0.10331624487375617
0.4380321473812633 6.708505062724771E-5 0.6387210625352706 | 0.0022210778282579615 0.005340593667347231 4.324470779514163E-4
0.4567886616739446 0.051540063725973174 0.6779045972900825 | 0.029152369249199 -0.08128230348377102 0.003551295912121109
0.47056625145456243 1.359981554853883E-4 0.21420925811224611 | 0.002574691429661857 0.004712420647124603 4.635010156579369E-4
0.4672918598269182 0.03622241214507821 0.27627121204841854 | -0.019790824753963505 -0.9242854273151333 -0.03843402419994233
0.48429099605378095 0.018354876500601705 0.3692528803974631 | -0.11077394860662325 0.19760038785065767 -0.023468864770595965
0.4624796177176609 2.131040576521982E-4 0.4642456648801289 | 6.341903548016966E-4 0.005203916181256315 -1.1621228408216676E-4
0.5178688111067085 1.8125491047621238E-4 0.5165620484082759 | -0.004091820071814669 0.004680194304858299 -0.003587761668797834
0.500431733270499 0.02202555271009489 0.5800894970780397 | -0.05277700173857536 -0.5794334740504103 -0.06028952794737595
0.5178955785693785 1.3280465148739562E-5 0.6549730770294492 | 0.0031452700917887623 0.003807496081986189 0.004488262380207688
0.5236070749565769 0.028345354133498077 0.6626499749090299 | 0.05876387019670485 -0.17782756030423053 -0.027057908981486974
0.6012060509722025 1.806927995196667E-5 0.2920098947115258 | -5.06568307603278E-5 0.002164443312955326 -0.007816108966701542
0.5310255539286551 0.044702328145824345 0.2201194320017033 | -0.03738936658766854 -0.06169493828945907 -0.06412959610898637
0.5755996606789313 7.9753984566772E-6 0.34821467082899804 | -0.0018842986490180094 0.0038493077606093226 -0.004474562689248488
0.6355766572768964 0.019512239751613574 0.4367147383010738 | 0.1021268316251817 -0.13063747599428804 0.06001895186863859
0.5853850690296307 0.03020106216834644 0.5013932511521924 | -3.3954401916113936E-5 -0.5332110195073729 -0.04209279833428997
0.5896681125663602 1.1985219935639465E-5 0.589756911165231 | -0.004073816611024178 0.003867337850236985 -0.00398400585676641
0.5953929625088967 1.9275226658595322E-5 0.6802993732018475 | 0.023435556203902436 -0.024331588410841754 -0.022730256272970165
0.5965610763692919 0.008304824533140933 0.6813494156902322 | 0.04666863899277496 -0.5474649704979074 -0.014501766525792747
0.6504876319909616 1.6652519747006382E-6 0.36937040653847575 | 0.006288355238783958 0.002038103964006714 -0.004497265693618112
0.6752495883889329 0.027280725306424693 0.28514278691581213 | 0.05013471105077841 0.2599682695779496 0.019669035141429505
0.6575918724532338 0.0018455262374879949 0.3646898195867049 | -0.018750351433154986 -0.01157427883783357 0.014145458500520378
0.6389561757687403 2.422531000497775E-5 0.4385168201809247 | 3.607531093720142E-4 0.005445390537893354 0.0016062263185784562
0.653891774365932 1.6490699824383637E-5 0.5173114526355811 | 0.004558316212192884 0.0038366263274486148 0.003037541400273143
0.6810183431440556 3.822042338018313E-5 0.5941995129648603 | -0.019313983593711948 -0.011788758457374936 0.019212845201653818
0.6832049508368434 5.252420115046429E-5 0.6828014919576875 | 0.0031220113269371935 0.004460266004015286 0.002853539266643523
0.6835611782463149 1.2109152801267747E-4 0.6831416160874227 | 0.01112836860937921 -0.006197371252824841 0.009820676894741627
0.7190962048890055 3.1204593240600532E-6 0.2796936305183246 | 0.0014991254267045083 0.005219162464967919 -5.911276207483887E-4
0.72266032547508 0.03550357694862797 0.2793950472869899 | -0.02639389105161307 0.003356252440049147 0.00562891454174127
0.6639092106698927 0.02269923755742473 0.36551733094107136 | -0.07941482670079607 0.26189672153750243 -5.008401617938568E-4
0.6785350936276087 0.05363146572314872 0.4568901772191434 | 0.0011075212215664362 -0.07637477640137996 0.03210424126710224
0.6667358375100246 0.030834052491798835 0.5222046694563698 | -0.012406434100095518 -0.17204250834829837 0.053730793743445644
0.6812034677566224 0.008732664516189481 0.5959676590690881 | -0.014141040307256287 -0.5486301437358959 0.04517678689525441
0.6835650860938912 1.2271264916915506E-4 0.6831375992322273 | 0.011042079210726669 -0.0061936626706971185 0.009907344240462138
0.7401323747036888 5.122223679644078E-6 0.7401621008324046 | 0.0012598720846922532 0.005602308930000887 0.0012937183391478254
0.2809784801992638 0.4000044860753599 0.28096827759643067 | 0.003547578067994601 0.004328497905704663 0.0035533394355625665
0.1917268181466903 0.12399292438572927 0.49818535003970293 | -0.048022597194174454 0.04532880805607685 0.14509847085102018
0.2601906215291758 0.14167515205524622 0.40000000750880454 | -3.306435372303175E-4 0.005899026499920909 1.692077355051136E-6
0.2290298265176045 0.011614865659757482 0.4000447861371314 | -0.0024272717907211664 -0.012297732604766298 0.008401302402263083
0.2232125266033332 9.510259404423843E-5 0.46896155694461317 | -0.0018874665168891146 0.004781354996615722 0.00234189851311477
0.2705429271115326 5.179111177680264E-6 0.5903247386335073 | -0.0036612136614161466 0.0035658294661280766 -0.0036407218552156964
0.30916970733967875 3.545723672794383E-5 0.6544749202856317 | -0.007303475798033241 0.0023291686804810105 0.002029966932994795
0.25475302225148544 5.910347989393475E-6 0.7043735668962 | 0.0032072503341238597 0.0033151687386497077 0.00496537910927843
0.4960885957916286 0.11949710028621449 0.1900167495147984 | 0.1299039412824078 0.053616321658528386 -0.05656652673935744
0.3437227636690865 0.4000050056401913 0.34371698798490674 | 0.005069373804668221 0.0028964288257577425 0.00507273330498398
0.396208157874164 0.05246422699834571 0.4276398726883059 | 0.1374711211084734 -1.2658904989578303 0.030823221638513698
0.1939790159861449 1.089601587045267E-5 0.48219264699687475 | -0.0037682951342272075 0.00467327603779678 -0.0027900807774544306
0.2767680415358248 0.03354896002822649 0.47070104072927743 | -0.03949078788025978 -0.936486523401955 -0.007305527911932416
0.21689099895628974 0.02609917777381187 0.5352671382838984 | -0.05774524986861766 -0.6703208492289267 -0.01219855861470616
0.21317362882244678 0.007491540081223336 0.6429125424256072 | -0.002767449623460989 -0.2679952684688354 -0.00835903171516911
0.2910041420678642 0.007361220988696564 0.8944670558295406 | -0.030830089346019073 -0.08509424078413948 0.1325399574079023
0.4000000924987839 0.10549217860217888 0.25617803522288646 | 7.313294990710641E-5 0.005779665905589058 -0.005355608438871029
0.41400116071384907 0.052030447779397734 0.40354917867254914 | 0.034326781018227906 -1.237917756343088 0.10542626976800415
0.46623121004405704 0.05519351669651603 0.4664401886889127 | 0.035248017768577514 -0.3352219686888591 0.01472410762778492
0.3314901415905129 0.0032672480777460444 0.4000644038042483 | -0.007410222396895105 0.002196526353028946 0.0026527315484277557
0.371795045776813 5.726279144448366E-6 0.48261919270090925 | -0.00371205895352906 0.004539248073983899 0.001809000057162681
0.3482683947893957 2.3435187060636026E-5 0.5760584255634345 | -0.003688308409441081 0.003360520092034021 -0.005321894063884951
0.36327048623995434 2.7699875416347438E-8 0.6577053997103783 | 0.0058193769097989985 0.0034364660398252594 -0.0018367231763173086
0.3799883081056112 0.0024503800700769935 0.8314538796353863 | 0.030144343383507195 -0.2483954797409166 0.040065767853825915
0.40005920879969925 0.01148355638710696 0.22692164564399628 | 0.009752130179193984 -0.008508551525564649 -0.00255306209561696
0.4780838079672167 6.448245249752451E-5 0.17965872763316323 | -0.0011378517411690032 0.0026803897585854315 -0.006851422955258031
0.40008460711805544 0.010311524263908845 0.33645640077827055 | 0.0028366988331201166 2.9809476303040546E-4 -0.008921450275390692
0.43894524496259185 2.2916595770584156E-4 0.43920693670678135 | 0.004174689830315404 0.00416488050340329 0.0037945938954923757
0.46255407314304836 9.942440466850181E-5 0.46317519148335856 | 7.017790288876812E-4 0.005167219854558564 5.423692677200535E-4
0.42678833660812027 0.04339287534215178 0.6222427464043123 | 0.03241406180934033 -0.6366115158208006 0.08084195114342262
0.4372985878487971 3.267007052605781E-5 0.6385781703785653 | 0.0029268852647993324 0.005182094366155544 3.9211442521352817E-4
0.43772239790712963 1.4877850475932138E-5 0.6350248182522431 | 0.0017616321081801384 0.0050063541155776735 0.0030090905544822035
0.46820903354786453 6.170400682128035E-5 0.2225076458355843 | 0.0027891185194502096 0.0048021744944552296 -9.942919821118532E-4
0.467216232096746 0.0373350828489771 0.2760617892757379 | -0.022055968112851095 -0.9028268185883479 -0.040919805876516335
0.48570830715540925 1.1633218383153384E-4 0.36922381999174564 | 5.958931276770204E-4 -0.03000271111399528 -0.019173490302372975
0.4627477280311141 1.259877171402039E-4 0.46405476411799684 | 4.704240940346572E-4 0.005216382576607237 -2.9677114436292115E-5
0.5895905379329279 4.752527592853277E-6 0.5896817062192415 | -0.003643187476722869 0.00420632292912612 -0.003568046367585414
0.5020981618839108 0.01902501408503488 0.5831815998929536 | 0.004587540980574466 -0.6385435039738641 0.033787976840233803
0.5154566228503241 1.0434062294976E-4 0.6494376906315522 | 0.003950365184251698 0.0026414162844735994 0.005758188995140185
0.5192210744881606 7.61760965109215E-5 0.6451656261608604 | 0.0012121574522610562 0.0024548425800203113 0.0071120277981201125
0.5903091089121223 2.7730019097962233E-6 0.2706286360138392 | -0.003982239704996577 0.0032668714297652856 -0.004060391896738089
0.5331678469202649 0.028084510241199668 0.21930969385860596 | -0.013930502300564643 -0.6575135561757415 -0.054377804770363684
0.5755719985835615 1.9711135950455434E-5 0.3481670036955174 | -0.0029006537702739345 0.0064170870143356986 -0.0061294874368915744
0.6219340303822731 0.04480894049674149 0.4256754908543319 | 0.08120678246035329 -0.5826429666322082 0.031835214357686506
0.5853759262864949 0.02099436060013501 0.5025894238131519 | 0.04216847352829775 -0.6199713494959647 0.00964003464837081
0.5896503691840942 1.8422729666667983E-5 0.5897430139603727 | -0.003954902412548276 0.003951590650188673 -0.003904160273942105
0.5976618186554222 0.002009675798848499 0.6794238027138002 | 0.05413543057348288 -0.6621157722912959 -0.005294234235903186
0.5946338175901087 2.3073181546827377E-8 0.8091600853147114 | -0.001457246873469594 0.003977935858735756 0.005558383120827345
0.6546485318085418 1.1167521806937825E-6 0.3086823763303669 | 0.0021530643399942442 0.0025259897980044223 -0.0071030380556740425
0.6428517256180608 0.007985929088431798 0.2131715136345225 | -0.008695493624440429 -0.24520714245954067 -0.002637184159730851
0.658450334408227 6.842777775873112E-7 0.363708256360198 | -0.003814971375536454 0.0034628067587810464 0.004782629365708423
0.6383877119865613 1.7126476975128405E-5 0.43676714325724086 | 4.2388216653002403E-4 0.0050757803515349975 0.0032796850195308497
0.6481046083904763 1.9722642605484407E-5 0.5148879107701242 | 0.005709294402310344 0.002910063203928448 0.0038036688507469578
0.6793852957547878 0.0042849698434406745 0.5970299193820777 | -0.003698813781741607 -0.6790327174235925 0.053108079434757455
0.6827925302398943 8.388973840505867E-6 0.6824307395168314 | 0.004469356891585911 0.003793012116611988 0.004106056103144504
0.6560382349365126 3.023827007807452E-7 0.8898931653052746 | 0.0071611981990020715 0.002635296151803143 0.0021376718181807205
0.7043533171068791 4.2486142737958076E-7 0.25474518850527306 | 0.004911241008239152 0.003412091009917792 0.003097205275110806
0.8944704058465897 0.007357950616038955 0.2910374222618363 | 0.13249847290746894 -0.08522958416176049 -0.030804455824068325
0.8306923739161846 0.0018354097063646934 0.37953368953003136 | 0.03883281563325061 -0.2503780240291191 0.029773003329898334
0.634782804173303 5.917295015972192E-5 0.43766452083453744 | 0.0031775870047786306 0.004980140898242663 0.0016198141056537802
0.6451187459843902 4.3553618982990265E-5 0.5191816832878187 | 0.0068555414836147365 0.002867430107332776 0.001146158989594617
0.8093429529920939 7.344885901538005E-6 0.5947152903733287 | 0.005588410171743751 0.003961023890690687 -0.001451477966749335
0.8899102870935888 4.583800574930591E-6 0.6560213750332196 | 0.0021270416980274267 0.0026405382165660845 0.007158268775079045
0.6814957298132115 5.4486426438044564E-6 0.6812252593894841 | 0.005804777669162629 0.0022448713023964857 0.00541531828047368
0.17348883906394627 0.40000173494126046 0.17348892167062982 | -0.006381573986195435 8.74430986034782E-4 -0.006381562654125141
0.223567179433235 0.4000045133371587 0.3464327864315845 | -0.0044665922527099815 0.0034376426984282626 0.004715171244059366
0.23489427649230568 0.0772372173528077 0.4000272099215663 | -0.0012755551973204597 -1.6346863477549922 3.7675701439491394E-4
0.20349193688994027 0.10653372945507146 0.40000005385424864 | -0.0074212241098904 0.004532400674267923 6.266133261503896E-6
0.2643879005339651 1.0603285336112313E-4 0.4550085923037501 | -0.0022610238985188665 0.006638632304136308 -1.7087519482421627E-4
0.2675709226017187 6.022643850270832E-6 0.5823589895952951 | -0.002784558562178089 0.00451552256590465 0.001627050033812546
0.28414741122905596 1.4394448612253795E-6 0.6455556024904783 | 0.0024090837403042352 0.0029301747956460753 0.005511728058984327
0.14874765909144066 5.10443095525194E-6 0.7927996122337446 | -0.006399094047209643 0.0010327569358914966 0.006198059843571627
0.3465404444866517 0.40000080530260607 0.22359285397942383 | 0.00457624370154713 0.0034704906961793174 -0.0045446042714588865
0.3435883744063473 0.4000159403219293 0.34358258596317864 | 0.005232376330977854 0.002693774944818928 0.00523542865160635
0.3246756894337607 0.017789514232146142 0.40006108151025316 | -0.0053572904117875275 -0.008092072135585136 0.008740173665508992
0.22515354490212164 0.013310809244658725 0.4000388543207027 | -2.4436424542045306E-4 -0.013234603987638142 0.008375162021090123
0.27702945026947295 0.027985854040333744 0.4706549684626216 | -0.032617941982546486 -0.9997467301271974 -0.00357606979677277
0.26387060075804686 0.004341286041213926 0.5798310404477113 | 0.01883956331311796 0.1342070281690126 0.037687130558193366
0.21316159474478152 0.007503630571543174 0.6429448395402595 | -0.003424749075130707 -0.2585729286658197 -0.007765364288050486
0.33111097284051527 1.6170425060758946E-5 0.8460604820377323 | -0.003480507616633053 0.004287548115887354 0.0028114679083211607
0.40011060820348127 0.08687449708478748 0.2352119661773916 | 0.019441267032756403 -0.22473735174584003 -0.0038284468744494244
0.40008244824449585 0.02167238682336368 0.3254852110311707 | 0.006522172344915441 -0.010178644798726582 -0.006559889748888696
0.46783901059923066 0.05579803399758423 0.4653786433903323 | 0.055987379949973895 -0.3883499233393001 0.003030446553515097
0.4084408369435802 9.6312776306736E-5 0.40929871417475094 | -0.06123738676672387 -0.19738083487717858 0.045528178372250705
0.3726069217979274 1.437925498374498E-7 0.48547224315533205 | -0.003956898325464403 0.0034356429610706567 -0.004711457817444687
0.2700503588949858 0.04455798392266902 0.5988500206892606 | -0.21605376996397008 0.25454128962952915 0.05661616884821803
0.282551989162245 6.331252380688218E-6 0.6560383740044008 | 0.003800236277310325 0.00344297018435833 0.0037900388117780644
0.3651406199027185 4.083558148597505E-7 0.644691225825735 | -2.4119767256954993E-4 0.001755547361026624 0.007963984461551207
0.40000005706474967 0.10679918547354969 0.20322035879594036 | 2.1396295120096082E-5 0.0031889897044437006 -0.008631408282608426
0.40000306618936043 0.014754036025177508 0.22310274570199004 | 0.009370002442331707 -0.010492799540478102 4.892798011061524E-4
0.40886202237357 8.518472015513114E-5 0.4081268843171871 | 0.007864744431502434 0.021407096691656406 0.00659669382221897
0.4092065145506078 1.4510119820994256E-4 0.40765157433315335 | 2.6104485159452834E-4 0.005867316108236059 0.0013739425387422613
0.4255051115274571 7.0520431035064035E-6 0.550952715209486 | 0.0026005850113051997 0.002053765522759365 -0.007215199444973894
0.4143490908977324 0.06540431322849034 0.6135311601642354 | 0.0292913027415189 -0.4171705620728239 0.0920955748541968
0.46448393487019707 0.06237515347979522 0.6876928016705228 | 0.033121259568772196 -0.40332876297928183 -0.028323903524110183
0.4404051219072851 2.3334822190006145E-5 0.6327170787308392 | -0.0012906626468800458 0.004503445062499141 0.004497938622921887
0.4553119771652968 2.475543940739551E-5 0.26419246026134124 | 2.235807833518066E-4 0.006360091667941132 -0.0025153007208098084
0.4675033631892987 0.032727295179937 0.2765921917853895 | -0.013666301796658611 -0.9858878252349788 -0.03415123466540714
0.4857234196185014 5.393632833590594E-5 0.36949428552215136 | -0.009552334780555026 0.0190447064045044 -0.020892012187440002
0.5506824426651966 1.0466947798088126E-6 0.4259018423162632 | -0.007200029759285605 0.002018314436286288 0.0030985712885890945
0.5896950882863002 1.6340217685586607E-6 0.5897865674173997 | -0.004221328865823706 0.003723021729533719 -0.004163179407848361
0.5030835497971413 0.04192833125503142 0.5839675613688583 | 0.02783981333029435 -0.33166610788064166 0.053270582547776925
0.517648689240517 1.1532087902819621E-4 0.6564277097415021 | 0.003474554882068657 0.004127108249487367 0.0035444403730773765
0.5154874786881641 3.190698816093893E-5 0.6339595915587165 | 0.00238869818910957 0.0025929944382343958 0.007605660537741198
0.583386454084728 2.0803949741938134E-5 0.267979117458948 | 8.051183169419628E-4 0.004407310631917129 -0.0034781652529544804
0.5797859859982794 0.004016476856204931 0.26382677422028517 | 0.03192864461892607 0.14872070462568868 0.014970179600473485
0.6030785611547038 0.03804797556926631 0.273763454100219 | 0.04804357981356909 0.2813149888956729 -0.19528402607147324
0.6138980931034018 0.06466419895288036 0.4150524939208104 | 0.0923567361690495 -0.41316226766650965 0.03184913504581876
0.5871428019480214 0.042870076502757044 0.5040608958527923 | 0.07511206912446876 -0.31720967995812555 0.03814031325032303
0.589890994925424 2.762268399473426E-5 0.5899801540531255 | -0.0048470490430307395 0.0030980290009555247 -0.004787127140568539
0.5956523050800027 4.9667087393228366E-5 0.6796496188635773 | 0.024811279124129657 -0.006481104751370292 -0.018736580828048563
0.6054683544344875 1.1338650636769402E-5 0.6624917069214111 | -0.00125346977207368 5.615286412691022E-4 0.009789401096230017
0.6455391220560698 1.292069090130702E-5 0.28416379180766427 | 0.0054903394779232 0.0029864889011903427 0.002297362708651979
0.6428853333918084 0.007907062297372463 0.213164531558149 | -0.008152493941080426 -0.2357049046186111 -0.0032408634918014508
0.6566870632937601 1.7938393791052348E-6 0.28244399939676545 | 0.0037693592799304585 0.003566482631520433 0.0035796455027060324
0.6868677426544244 0.06147147326962545 0.4639246068968477 | -0.028091793692869696 -0.3832491992066474 0.0345934559102464
0.6559646114039515 7.172845883157301E-5 0.5176157498444256 | 0.0035998840120205684 0.0043252246045027195 0.0028620742010998126
0.6798921598649985 4.797741663800084E-5 0.5947922753903883 | -0.019911356077548487 -0.0046224767141531675 0.02594192086771187
0.7401003895497833 6.927925901128307E-8 0.7401259243007499 | 0.0014092178170267463 0.005717185899863924 0.001461540796892815
0.6488772714442838 4.693366919849036E-6 0.8841945536730493 | 0.007559001359787985 0.0018909045794523508 0.0032575622387028998
0.7931048896765003 1.4755925614342345E-5 0.14844605205371153 | 0.006205840755393531 0.0010168745322302224 -0.006407708476113377
0.8460636431162624 1.1921928154932465E-5 0.3311069194016112 | 0.002240204833551967 0.004729545517266775 -0.0028741922964624434
0.644785391822569 1.1472381962203648E-7 0.3651711456989015 | 0.008022054811527546 0.0017174172300347362 -3.348279542268823E-4
0.6326977459239352 1.0667785238953361E-4 0.4403944215016082 | 0.0044984574869636005 0.004497616000921615 -0.0014280920756042017
0.6339334494707444 7.27901461046801E-6 0.5155047918778548 | 0.00759426829868441 0.002964237284895203 0.0023875625445359846
0.6624327218589025 3.8111906273650975E-6 0.6053899560950228 | 0.009759366158512028 5.407733436118836E-4 -0.0014392870442714934
0.8841960757245906 5.222419333738567E-6 0.6488704899666455 | 0.0032690815746840404 0.0018913574017360632 0.007553268444424497
0.8060655610134106 9.163733873239583E-7 0.806065577119326 | 0.006048496151796425 0.0014176055788650186 0.006047853289969249
0.1921562308686619 0.4000048307831806 0.19215625642786707 | -0.00642833210405791 7.691170983043637E-4 -0.006428331631674532
0.21850705937882262 0.40000314847830115 0.34560721607482175 | -0.005642300630740189 0.0027028641285376446 0.004783506503889525
0.23896650415767484 0.07482108262541226 0.400005105399074 | 0.0030350806392413603 0.006046402706786585 0.0017054790340913087
0.1345724099895683 0.029891544306410184 0.40005334408858834 | -0.004188321889262097 2.3764239761026027E-4 0.008463997873191045
0.15503315892557556 3.2958362384735316E-5 0.47336067477801924 | -0.0029894976061077077 0.004421722046504415 -3.217813305380674E-4
0.19254099359110777 1.0802404099015652E-5 0.5690235847750164 | -0.006409450941014879 0.0035434027449469576 -0.0027597865053888586
0.1286690190081818 2.368473425844018E-5 0.6571443800117248 | -0.0032368015421561577 0.0026716714700034294 0.0063212515388280715
0.1553112935438506 2.880030357329924E-7 0.7868345292779456 | -0.006146615721343716 0.0012856348389348085 0.006178063518893098
0.34561192578814676 0.40000292827972456 0.21850639704140914 | 0.004821768812370843 0.0026966278203616615 -0.005618720010479936
0.34351551705705113 0.4000026586348156 0.34350986298114244 | 0.005341227643047764 0.0025524179167403615 0.005343526345325006
0.3235526908422731 0.020485098844202868 0.4000358797884779 | -9.78591099882684E-4 -0.011803982193411501 0.0082022710294986
0.28037967665205143 0.11055356342929946 0.40000008487392313 | 0.004765108627095074 0.004377489641102846 4.463111348292639E-6
0.2985145925822886 4.902064049985979E-6 0.5133198137923365 | -0.004298873392978135 0.00469999705522573 0.002090152161152255
0.10622080292679771 0.019730925313496284 0.5059527002689088 | -0.16787322677543207 -0.8146230863764758 -0.02708864775433394
0.21329167083862333 5.56822937891714E-4 0.6427549815242116 | -0.0031377724258311963 -0.44086836104212174 -0.014496123888037242
0.2574482818901663 1.895708407700377E-5 0.7972279733604674 | 3.894766136836462E-4 0.00320245843327434 0.00648672848218414
0.4001001079001116 0.08196286243111073 0.2276195723530144 | 7.123477826227948E-4 -1.6509668330705287 -0.011004642562610153
0.40002527258684173 0.014142144444064631 0.31996712961062906 | 0.00969268853508091 -0.006787010369719718 0.002976100100334092
0.4679331665019153 0.05511601487133743 0.46566855969084237 | 0.058444233562528806 -0.43065230577798286 0.008303193226079232
0.329541550889457 0.008901505935272292 0.40003217211521686 | -0.007452854321593465 0.001946087266826128 0.0030759704867637442
0.3706705019550281 6.431130293469607E-6 0.4815673017743091 | -8.828881436152499E-4 0.004392039029143802 0.004432375507837183
0.3469590711500715 3.289588845450019E-6 0.5751083312846472 | 0.005491083562890254 0.004075100884691332 1.1456395926892134E-4
0.3660231191028453 4.8485061154568654E-5 0.6556215980168274 | -0.0029157258333692955 0.003937135644150386 0.004487646426121166
0.348449884537413 3.248119806732128E-5 0.7290776738821186 | -0.002402868168252278 0.0021821808273609355 0.006497843686763311
0.400000399479179 0.029604916819303273 0.1342483388165472 | 0.007513823610719897 0.0011060395058207105 -0.004716710970563793
0.4000002011400847 0.11092048548522046 0.2898265623847881 | 4.686708696238903E-6 0.0022123149944575653 0.006666393450013561
0.400132532755552 0.0048865816153733045 0.33483525431278344 | 0.0027922234605391397 0.0013707070022835408 -0.008089778637162355
0.42167414932924135 5.792567215917356E-6 0.40483662722892366 | -0.006573043345898995 0.002844320500038384 0.003464903592011798
0.42114782894048947 1.715846462240171E-6 0.5582204458987754 | 0.003970169332528605 0.0013517513058718884 -0.007318409103515964
0.4266672340144094 1.5529495111610537E-6 0.5459616439113272 | 0.003369052989637324 0.0038894407474611282 0.004046093761143916
0.43256297760419565 9.156237852747201E-6 0.732496594337782 | 0.0013463817028223446 0.0033417095225710225 0.006412263245710003
0.4370829369554635 6.369401990617385E-6 0.7392608657216335 | -0.007760166849372943 0.0022997101583114034 8.736186805326849E-5
0.47314745002020303 7.966950138525066E-5 0.15488348537716884 | 4.4351522793648345E-4 0.00490831345279416 -0.0010482662892837367
0.5133503734311464 5.4128377601282064E-5 0.2989729590690403 | 0.0021983094203662616 0.0037348550770011247 -0.005277026147838913
0.48571036406414336 8.822043581077814E-5 0.3693014652233927 | 0.013733623401673506 -0.03333543566791519 -0.0147732005133008
0.558815919877368 5.2611634776932856E-6 0.42100585107094873 | -0.007282163196508933 0.0012808837932912274 0.00430338730302356
0.5896744193815457 1.207972157813088E-5 0.589765208483844 | -0.004099227035288765 0.003835947539618633 -0.004031426145692613
0.5021985480324535 0.029339328306447695 0.5837339991964381 | 0.005852554034194619 -0.6229903778898462 0.04751438598841314
0.5077426717829858 3.628088992490321E-6 0.8377459415440343 | 0.0049595723514099955 0.003998297681073799 0.0026533573293186876
0.513300231297191 3.431937138028245E-7 0.7312143078008299 | 0.005356005353246032 0.0032861079220892144 0.004853482671931291
0.5690109028574782 2.998174740931583E-5 0.1924938410856389 | -0.003077729014404055 0.0034224369731855084 -0.0064171380063101436
0.5084039014107465 0.021413957907157475 0.10580053223664226 | -0.027317001058270313 -0.7937699783433915 -0.16751067891461643
0.5755235387206762 8.142663837614291E-6 0.34700603235403354 | -0.0014896065964144151 0.0034978267288884556 0.006301449590472374
0.545957770670766 3.481945452229206E-5 0.42699537528656817 | 0.004190471283049559 0.003678662438072471 0.0040403404019954065
0.5864567019030139 0.03146093430341439 0.5029776251567761 | 0.061641936874625027 -0.5836835113904085 0.014114153793482775
0.5896126721756456 3.2191175748601494E-5 0.5897049069225958 | -0.003703848032218953 0.004155496941890061 -0.003644283907652941
0.5976950521279605 0.0012068840344507223 0.6790905219793716 | 0.029175588760436036 0.31941729009840697 -0.027271327005475125
0.5979637039165018 5.982006554368149E-5 0.7168393036465469 | -3.6496928310231864E-4 0.002311294385960283 0.008741022945452922
0.6570513637936161 1.4248575821164916E-5 0.1286731030836223 | 0.006582700692471649 0.002584031577902183 -0.0029621698405723675
0.6427007469826004 0.001305556958766213 0.2132174720131732 | -0.01512963605189563 -0.4415074736379378 -0.004539105392103561
0.6559189559807599 6.702095356255503E-7 0.36604650176522724 | 0.004277041159125478 0.00393540174593011 -0.003330986000922762
0.7326659214243246 1.46483003587387E-6 0.4325703990966069 | 0.006243535929881895 0.0034363708637583086 0.001495240079698143
0.83785429880945 5.164390061365091E-6 0.5078466589709691 | 0.002509788595376851 0.004196732475544369 0.004773262196785782
0.6790239534832716 0.0011577344371738435 0.5970966178764073 | -0.02578726129505678 0.3195166229798577 0.027872412711994844
0.6813514262345964 1.1103561358550774E-6 0.6810936239190504 | 0.005872492625371525 0.002141130704554845 0.005476631483420166
0.6851259882930394 4.939227292930686E-5 0.7928380499065293 | -0.003451496843528884 0.0017150427308511656 0.0070533298331409535
0.7867338055553547 1.1029341372717236E-6 0.1553856783665232 | 0.006172781049368645 0.001298522124976517 -0.006137612649642349
0.7972528071463828 1.714153492153016E-5 0.2574341304249697 | 0.006282750650285456 0.0033719022900226274 1.0298103852345478E-4
0.729100066855529 3.8532249764030045E-5 0.3484528242933976 | 0.006573554934800556 0.002294214122971598 -0.002140454607871148
0.739266486746706 6.8378814961844965E-6 0.4370840737782869 | -9.381898690891936E-6 0.0023076492426915562 -0.007747775742220579
0.7312129280561637 2.5962741292783423E-6 0.5132987291794789 | 0.004721722320290756 0.003519720519876486 0.005019148561870503
0.7168391927097757 5.850901496312657E-5 0.5979629773071475 | 0.008698155646055807 0.002411958815853957 -3.723297870112535E-4
0.7928346077503938 5.2350817337555735E-5 0.6851248329640839 | 0.007052354308337612 0.0017166085618219278 -0.003452955910789845
0.7988240301739596 6.403574516737072E-6 0.7988240159895251 | 0.005961539534206934 0.001246380075859007 0.005958879389681244
0.2140629248530909 0.4000048197214068 0.21406293638446477 | -0.0038643937301944984 0.004092412148722029 -0.003864169801501378
0.23210855685321455 0.4000073546479893 0.3431599007755431 | -0.004622028253340355 0.001642142948915136 0.007040768504118902
0.24143599954343017 0.07803004698342315 0.4000001403297553 | -0.0019659166733648494 0.004928210734283225 0.005304751847876871
0.14327130955619374 0.030316210203735 0.40007505993906545 | -0.008787293811825098 -0.0011593173626080323 0.005091048666209895
0.07010329317645064 2.5225322369263042E-5 0.49284100581386425 | -0.0068053402104662946 0.004052696491300667 -0.002230310336137295
0.20011270755101906 6.06851922824683E-5 0.5661508827840237 | -0.007189522125695693 0.003019532524214733 -0.0016484151362135275
0.14374458903254214 9.180905820624201E-7 0.6543798742831259 | -0.00810911544528126 9.967143612864178E-4 9.827105808440893E-4
0.16581142613410052 7.007381545818197E-6 0.7755695062928569 | -0.0062793827702813535 8.820173452229955E-4 0.006468568407007401
0.34316243617854403 0.4000072344800633 0.2321086600234608 | 0.007051506878598106 0.0016398867814924098 -0.00460906677868665
0.3435082821909901 0.4000016534490282 0.3435028930839878 | 0.005351255986864242 0.002539874051948367 0.0053523591480864495
0.32246907074921244 0.02008502462953893 0.40002219461702043 | 0.002053369387927081 -0.011343266080662703 0.00824526046570097
0.2985380252647852 0.10814131454285998 0.40000000667708746 | 0.00401324955042336 -0.011837693332210457 -1.0763224443439334E-5
0.300161167782936 5.570277700757161E-5 0.5132524033632995 | -0.0051745847086036405 0.0041088817476868725 0.001821772315332953
0.1062157393995696 0.02089914162066297 0.5049669497077808 | -0.16436296477430679 -0.7844812720742194 -0.02366371778500952
0.21322868709329834 2.732067887640068E-4 0.642517870489079 | 0.004849561580360906 0.23789268130748642 0.003485902949995758
0.25730544743426453 8.993329332961659E-7 0.7944005439610066 | 0.0012200887183240715 0.0020280903090704573 0.0077024357695604515
0.4000000391867322 0.10047815533883042 0.2428535683834677 | 3.7960068193633956E-5 0.00562161652731684 -0.004903536863193322
0.4000386190782134 0.01411264250230414 0.31856602345292945 | 0.008594818544711759 -0.00582262608620931 0.005513160400293951
0.5238825165678214 0.04763278151732774 0.5041013106660559 | 0.11303332310510342 -1.0634243077456422 -0.00971087147996477
0.3234426616642817 0.01284669887632778 0.4000446373686398 | -0.0023212780342430636 1.6801813941560865E-4 0.008728453968686998
0.3713270480901011 7.810225547035684E-6 0.4821358266852434 | -0.0025622620533719167 0.004567256315570526 0.003141635807950104
0.3427766351954669 5.239201265472033E-6 0.5788050848694907 | 0.00723784110306272 0.0010250257958588044 -0.005203432912364026
0.4327673607007148 3.575469732658472E-5 0.744111779661189 | 0.003177395052438496 0.0028378147260863036 -0.006412925419242753
0.35178725486084494 7.382543621244406E-7 0.7305608266788157 | -0.004930770305858506 0.0018452924990466186 0.005396009784645648
0.4000320790104578 0.030579945281581297 0.1430329623000609 | 0.004749548743490443 -3.579420376866351E-4 -0.008549595287686342
0.4000000102210465 0.14905681460793532 0.2986355335092788 | 3.0452184647211033E-7 0.005464945159216859 0.0010454479455518485
0.40005340884219054 0.008304444262940146 0.3286253241751531 | 0.0036374423814837286 0.0013473638080283823 -0.00757343044473228
0.41835975789182317 8.152996040026818E-5 0.38783249528536373 | -0.0033660563028733046 0.0030650361437708135 0.0060018190405431255
0.4234853675202486 1.5462301539358013E-7 0.5543701795423857 | 0.0035709288299159664 0.0014850073215603272 -0.007371829806181899
0.42635779729501583 5.905471824867745E-5 0.5425002934037296 | 0.002841323482572615 0.0015043660412783213 0.007597786588886834
0.4326654201642717 3.3023156082803704E-5 0.7332537831601882 | 0.0013101127791194408 0.003527715196952099 0.006160105185653356
0.43738029481492374 3.774636254387536E-7 0.7442996310012704 | -0.007653499685946936 0.0018263582953774887 -0.002969382448882347
0.4925644507846743 1.0489743187501544E-5 0.07033684935767652 | -0.0024521702614261932 0.004165804765147623 -0.006458409528100172
0.5123593309481185 1.084413583469685E-4 0.30063375768259853 | 0.0025395800134671905 0.0032724720904794904 -0.005788796383907205
0.48572541797073254 1.0358481962643111E-4 0.3692831148397459 | 0.004871138969732958 6.804433801652077E-4 -0.017529227748203934
0.5541416134201673 1.3708207359082597E-5 0.4237214977079959 | -0.007281813871085644 0.0014036669195147415 0.0041148627864040855
0.5896713800571952 2.388617532882321E-5 0.5897633136333612 | -0.0040506307105819695 0.0038732378576920422 -0.003994488513251403
0.5018554362618812 1.828665032633183E-5 0.5823791728608665 | 4.87919977081798E-5 0.00601671692067816 2.7157000164725195E-4
0.5078459316673153 1.5130015089598253E-5 0.8378767857362613 | 0.004739709187346443 0.004255445148535903 0.0020664259585535063
0.5125780703380964 9.549971471206328E-6 0.7415875324720516 | 0.007149623313653709 0.003179606426797443 0.0014359749472834693
0.5661329204870649 9.931200033290813E-5 0.20008112762972827 | -0.0018426338848722885 0.0029440523848890342 -0.007203093086444304
0.5076424891044938 0.022633674259511894 0.10577345656361052 | -0.02317842955991075 -0.7784515153857069 -0.16396805212098403
0.5787182496894752 3.571906568303744E-6 0.3427942244320894 | -0.005060603556841264 9.963070839771404E-4 0.007385330124793546
0.5425722448241529 1.643547456116253E-5 0.4266422948757272 | 0.00770218696577172 0.0014150925916142922 0.0032367787849377845
0.5833063978745368 3.371409366286407E-5 0.5020472489207461 | 1.2187237004346859E-4 0.005970628760919753 -2.136925426647175E-4
0.5895488702257363 1.2783646010098582E-5 0.5896399454279557 | -0.0033235575948648544 0.004434538246320369 -0.0032407868232789956
0.5263825509682731 0.036878249001896714 0.7399070383190444 | 0.0783395894693453 -0.7383724693544886 0.06371069059533717
0.5938996897393439 6.0384320816307734E-5 0.7264657160144979 | 0.0015317743952015168 0.0023834818113373205 0.008440259462722368
0.6543522103996309 3.860818972763586E-5 0.1441036140594872 | 0.0010210548748875558 0.0010452393248636448 -0.00810035973309666
0.6425001107813195 6.585683810894844E-4 0.2132121755755957 | 0.0049077356841068865 0.22730090819602217 0.002148232481308126
0.744180134627864 9.008486106795962E-6 0.43284407785485524 | -0.006495352683422843 0.002832974033765335 0.0030066736987238918
0.7328588302725068 1.4516473375029179E-5 0.43261488053111247 | 0.00617939358729625 0.0034913371445205958 0.0014385087197656646
0.8378843794012114 5.0201646455000935E-6 0.5078709776312659 | 0.0023712452910416085 0.004197641210924748 0.0047099072073014695
0.7379695421910962 0.04128019829346018 0.5268067337045178 | 0.06814047095333542 -0.7654897780307742 0.08047309397401918
0.7389781732257303 0.03164056005469237 0.7389956787552793 | -0.016437816077784606 -0.5970247741768987 -0.01641658651186509
0.6863594395928329 1.923733287528099E-5 0.7936476698298007 | -0.004044977971156659 0.0016489581917600838 0.006784991481430743
0.7755541782602668 1.1479985447637645E-5 0.16581275463516873 | 0.006453205787641158 8.894621828726223E-4 -0.00628760018598979
0.7944259654653775 6.425700419292668E-7 0.25729476265022627 | 0.007591324787892038 0.0021780775115393795 0.00102860815788219
0.7305859373889841 2.7327223163783884E-7 0.35179253384957665 | 0.0056678800333459945 0.001997320220153784 -0.004523852413224346
0.744308615110117 6.835269755981887E-7 0.4373871115612239 | -0.002972479869677419 0.0018229319986346 -0.007653954556578146
0.741587953357087 1.0559873447019947E-5 0.5125775180699086 | 0.0015695842883312995 0.0034515815099095746 0.006737834832981255
0.7264652706178534 6.012129526081049E-5 0.5938989729655092 | 0.008399662722785925 0.00247680237743417 0.0015812844215472711
0.7936460746985547 1.98468524450765E-5 0.6863608314215558 | 0.0067820619343382585 0.0016492812662578006 -0.004051413091040472
0.7896547180742174 3.3462028921727534E-7 0.7896547403606216 | 0.005909164312305817 9.079043244816741E-4 0.005905960804752994
0.2252411249884605 0.4000002772006596 0.22524113243400132 | -0.0035771873975985673 0.004312709830593996 -0.003572738616489657
0.23617535161799136 0.40000151306119375 0.3417757589287807 | -0.004935107638059936 0.0012467910811858277 0.007214184372735117
0.2304690941919622 0.07454974667865913 0.4001510598416205 | -0.0023099270347193795 -1.6361717878106217 6.291462649059893E-4
0.15698005395813494 0.023368391597449464 0.40002219130863664 | -0.009189150572118965 -7.2763136935818E-4 0.003593749218982057
0.07383820665782587 7.776516265711741E-6 0.4929270361711914 | -0.007163543510523973 0.003991994475215584 -0.0023153455234435553
0.1958512080144662 2.2950840422027722E-5 0.566170780261137 | -0.006893298000504514 0.003408588563510452 -0.001398594780620689
0.14533161919146603 1.7071662525860345E-6 0.6541914435898009 | -0.008143922129398327 9.225628374539121E-4 8.274828576260894E-4
0.16796308735972254 2.2232537758213576E-5 0.7734557483124345 | -0.006520830232428631 8.137245828336139E-4 0.006293807402432666
0.3417752611880985 0.40000161049353294 0.23617502387087874 | 0.007220939107433191 0.0012457842437435683 -0.004926521205355423
0.3434911296506791 0.4000071549112912 0.3434856740530108 | 0.0053596802967827125 0.0025284464501713743 0.005361063059266249
0.32308051939316385 0.02137734877384887 0.40005112938374143 | 5.20172161353923E-4 -0.012263358683006728 0.007794933703323236
0.3157306885101661 0.10932405878547802 0.4000000208846354 | 0.0079530045071846 0.0016085135272363535 1.92858255600976E-6
0.30104654427935496 8.791624505663288E-5 0.5121186102217661 | -0.005448615303569288 0.003877412898355706 0.0025129027708225586
0.10799183037487495 5.340977584697448E-5 0.5700715749200983 | 0.003629441671961672 0.0031938332546377086 0.005073905971286102
0.2066127838328461 6.124853449002236E-6 0.7163318388800656 | 0.0016113418999316098 0.004980716149979674 4.1102984222692924E-4
0.25736179776768553 3.275665371712407E-6 0.7941432903599162 | 0.0011518723089520913 0.0019755095570476015 0.0077610740748432095
0.4000000811606528 0.10094793133832125 0.2429722112912426 | 2.7891553124430133E-5 0.00556956855428762 -0.005068434782435309
0.40004435228217994 0.014007856636144046 0.3179109137569317 | 0.008066282177806881 -0.0052646812041196485 0.006274280361247369
0.5097977291625425 4.5420133716179794E-5 0.5088872965019655 | -0.0010996060411938404 0.005338819225053563 -5.326419828248927E-4
0.3244251744215106 0.011468726885118238 0.4000710345839161 | -0.00428251949954417 0.0018248061914192403 0.006586520814833795
0.37068840890812177 6.443322434519015E-6 0.4819736992608878 | -9.46533432200509E-4 0.004691208098269232 0.003607066244182411
0.34713359041869674 8.100434782701592E-6 0.5763244378067971 | 0.003201639377798259 0.0029703424611297836 -0.00625812145949416
0.33785744407368856 0.008301473717322575 0.7842955340151588 | -0.024693253316825765 -0.8778841537949772 0.07472306442645191
0.35700616337511504 7.4145301731308005E-6 0.7516223616943728 | -0.008994406744367932 0.0014822242798852223 0.002109621851692968
0.40002692765447667 0.024108478037030787 0.15717257208441662 | 0.0036388513206965464 -3.498531345124858E-5 -0.008802121983675285
0.4000000159266015 0.11144098135684428 0.31102773910493475 | 2.553246599488289E-6 -2.2540734577586704E-4 0.009337852012404514
0.4000673796827386 0.010695120411129126 0.3244519920915291 | 0.006424376876890379 -1.6512447442189955E-4 -0.006564577753735504
0.394190807283515 5.731408034459221E-6 0.4038523407472753 | 0.0060085618622379485 0.003915391556909601 0.001232269981610713
0.4274142026737747 4.284480390055848E-8 0.5451983665926461 | -5.840309965457126E-4 0.0033342731286739387 0.006086910711077682
0.42628687280220995 1.3295398523676774E-5 0.5429542968646885 | 0.0031204255620821894 0.0015957985149737256 0.007396196329538545
0.43268043535682704 1.5463177917001672E-5 0.7332991877876873 | 0.0012884994087456203 0.0035291702989348707 0.006162833927279084
0.43691130095095415 1.961597915096788E-6 0.752734087771628 | -0.006797820368585681 0.0015768307029756024 -0.005044306308287649
0.4926103253827054 6.030892281880471E-6 0.07381290204429695 | -0.0025050248771430516 0.004111193147716491 -0.006812527676042361
0.5113228258185358 7.827215417737997E-6 0.30086285629701875 | 0.003121455468466708 0.003238966158756604 -0.00573999465415255
0.48575413548537105 1.418517655090756E-4 0.3693410442574338 | 0.007462340688658323 0.0014131458856031995 -0.008450663381210663
0.5450951233255098 5.760239565039222E-5 0.42743597988527166 | 0.006472276424466586 0.0030702731853331396 0.0015316547113332344
0.5112834035417795 5.787722150364453E-6 0.5114551349446671 | -0.0016443170007709113 0.005119472468204239 -0.0023569159604998904
0.501996505472215 2.41113278307504E-6 0.5824174793215363 | -3.559381231278256E-4 0.006009281558538262 1.5057356752356797E-4
0.5077617595698879 3.5026369599760234E-7 0.8374627259743568 | 0.004262661818998936 0.0038045298359083352 0.004136535103283304
0.5131122157226582 5.1719506624286126E-5 0.7514903684259172 | 0.0064540726132654375 0.0033463112358029265 -0.002717799435432332
0.5661536815789993 5.721859649460861E-5 0.19582139919714917 | -0.001642451971337598 0.0033202783136457234 -0.006914874890053484
0.5720212549063604 1.1985982344575125E-5 0.1060782043560819 | 0.009513728408041915 0.0051894986926381195 0.00479121685629336
0.5766992653352854 7.336994628156176E-7 0.3471105239768642 | -0.006702745804132308 0.0024404290530333213 0.0038209678456047873
0.5433194415705626 2.006148475259977E-6 0.4267791717382035 | 0.007483472080510491 0.0016568876079391178 0.0032012069674034064
0.5829498531631058 4.5702552301504536E-5 0.5020560516072412 | 5.813493435041652E-4 0.005960700755840527 -1.7899258298103028E-4
0.5896076951070887 5.602565259392675E-6 0.5896989642955113 | -0.003749452786808521 0.004124250473206336 -0.003678026701701647
0.5994245135533711 0.011322706859765915 0.8462203396386618 | -0.011258038860168327 -0.037951364329473616 0.07347906260323922
0.5888400869163034 2.8073029977311215E-6 0.7617824882613953 | 0.0019898303207903346 0.0028072560825911043 0.006764045181052693
0.6541680267803136 4.069077074358106E-5 0.14574413827770955 | 8.522227835272258E-4 9.693719907105103E-4 -0.008141038892034689
0.71639716621879 2.1877661236008433E-5 0.20666344675830797 | 4.0971542599236064E-4 0.004967956997681835 0.0018049806478479232
0.7840920233936588 0.016161920680742882 0.3359219894807854 | 0.09828477916731718 -0.873880023100158 -0.0300983460080908
0.7332639367695889 5.245030762306441E-7 0.432745346867637 | 0.0060807804862889996 0.003593203349773842 0.0012152671048851506
0.837583326311085 7.4615826321873505E-6 0.5078082570382125 | 0.0038672616943702916 0.0038859549684722937 0.004338069689073207
0.846145595343383 0.011391800971319208 0.5993973948417793 | 0.07324136980522084 -0.038075744338990664 -0.011376377467027217
0.7398521988038386 5.721247800079155E-4 0.7398812672908287 | 0.004465476087631114 0.3954560893553133 0.004672921235604005
0.6867514534686331 5.227694162528143E-5 0.7941107142207166 | -0.004232855599485498 0.0016523176629293817 0.006665433576676335
0.7735925814317509 3.8033062131482173E-6 0.16777383599136497 | 0.0063038080903579045 8.216300292435893E-4 -0.006503458841280599
0.794167934090622 1.714688044946329E-6 0.2573509003211367 | 0.007652423962632762 0.002121858455657992 9.695072950614588E-4
0.7516446898088837 5.233789507682303E-6 0.357011673919892 | 0.0022700651264219154 0.0018361234044759831 -0.008289208281663078
0.7527365103987042 1.374213393020184E-6 0.4369070391621088 | -0.004836642063492833 0.0015999373986080871 -0.006921350992234502
0.751490668205769 5.284212924314976E-5 0.513112080260772 | -0.0023146002878442705 0.003608342006922049 0.0061864814255689175
0.7617808201707355 2.2503452688063912E-6 0.5888389749859689 | 0.006822604201844735 0.002807029891873462 0.001790563278366572
0.7941092982623829 5.268303879117632E-5 0.6867529014428977 | 0.006661637887801515 0.0016525277446105726 -0.004240435125092054
0.7860554770408335 2.2564323165831466E-7 0.7860555174245097 | 0.005889415093182055 8.889877210830002E-4 0.005886042620098365
0.2393892278999267 0.40000018324521935 0.23938924631536512 | -0.004824448901072668 0.0031802553520879416 -0.004816689631969595
0.2422307416645387 0.4000016262909018 0.34188467932271305 | -0.005362241870077781 0.0011337058367447107 0.007008286351768498
0.23951959242381704 0.009752685167656079 0.4000422830025912 | -0.007221857082295849 -0.009382473607082779 0.0066474989373535
0.19127799960510147 0.09362923606567713 0.4000005150391438 | -0.0045767117895506105 0.003769645252045784 5.53598543264971E-6
0.17299256508253275 3.794011934275273E-5 0.4744076158696507 | -0.006343580252182181 0.00285673992796477 -3.694621715988184E-6
0.07923898284870387 5.11269271584872E-6 0.5823521985801908 | -0.005294071174185066 0.0018360715158892561 0.00589840068991168
0.14641192996084107 1.1591101741758605E-6 0.6542830962401859 | -0.008166001501590785 8.808293234588065E-4 6.67633228001772E-4
0.16996988155755244 2.5479178007102068E-5 0.7715597396365139 | -0.00675272520129997 7.665678425468099E-4 0.006092366980166658
0.3418846628590171 0.40000157416690624 0.24223061678701943 | 0.007010800814052876 0.0011330986165360387 -0.005359616292472238
0.34356941898490995 0.4000016311002601 0.3435651625503755 | 0.005284652182028922 0.002631012871153566 0.005280468395174521
0.32246788369618573 0.020823299950372996 0.4000064781084047 | 0.002070089772579087 -0.011800551011919612 0.007877608858922991
0.31061426444162016 0.1048042954340287 0.40000000030756133 | 0.005968762777286001 0.0030043400086036437 2.520823093993994E-6
0.2967009151116409 7.779772486753117E-6 0.5095676320638081 | -0.0023282903084545802 0.005051771412790386 0.005585169904101528
0.07306147325471629 1.7249617163527003E-5 0.5878477430009603 | -0.0073328433644149855 0.0018455311887919754 0.0034792344952749004
0.20795635128386314 3.740740696899355E-6 0.7165564392918764 | -0.0012841060965103099 0.00505204044548891 -5.387242496526267E-4
0.25770471993668687 2.2068838870153134E-5 0.7933826362120642 | 7.348645470252936E-4 0.0018610977605696111 0.00790851199521481
0.4000384105442985 0.009385734299908887 0.2391835719049642 | 0.006616746446583487 -0.005399530421457631 -0.007871827904571372
0.40002679717474043 0.01103769107100662 0.31541497942226937 | 0.0062332236788212245 -0.0015530884206524686 0.00728860204791994
0.5040771643774702 7.318854155960957E-6 0.5034016414957238 | 0.0023225156845742556 0.004732824854503038 0.00275141920034194
0.3199997557873648 0.013617960502566986 0.4001148919356643 | 0.006566908310114303 -0.0013333917203864065 0.007096846658003146
0.3720846777752196 8.532972242250936E-6 0.48520348877187536 | -0.00328256748054136 0.003735324201664388 -0.0046333423345747676
0.34702038044405337 9.218194430493158E-6 0.575965837295166 | 0.004236135775840478 0.003324683116013038 -0.005038146606972576
0.35164509134397104 7.973560912991367E-7 0.7144179965273584 | -0.0025280108740572405 0.0015298876246225544 0.00714280474357908
0.3621894223044689 1.7970192963687146E-5 0.9114021624246703 | 0.0017122407774552303 0.0019295647810788998 0.007920572951925683
0.40000027136123717 0.09517571386674287 0.1916938533163187 | 9.133571940204384E-6 0.003743446909629503 -0.007784445025804957
0.4000000242103419 0.10458776940771057 0.3106064839018286 | 3.3443913664840665E-6 7.023230549941443E-4 0.00868009324182923
0.40010171260801136 0.01321574306437152 0.323842108105904 | 0.008054505684047189 -0.003853870502762173 -0.006488786960646102
0.4075848051760186 3.5352943094453494E-5 0.4086527412394962 | 0.0024066661848246257 0.005640113256759217 -3.3714024449773986E-4
0.42846577579635026 4.199161587637617E-6 0.5409964081881025 | -0.0013417052772952676 0.0012677684669835688 0.00820134195778946
0.42591027749343197 9.685190953449402E-7 0.5445862621074156 | 0.0047354866149259605 0.002116188254916628 0.005855718160908903
0.43264846781196964 2.955578441588168E-6 0.7334852877745202 | 0.0014459983152779127 0.003560406848303892 0.0060895105329039825
0.4343467491744055 9.860772874817897E-6 0.9279855378641969 | -9.750700625883795E-4 0.0029861627044934424 0.006995329761774727
0.4744557310169351 2.105100531354367E-6 0.17294581087765795 | 6.319018412341281E-4 0.0026886335856040533 -0.006626727047512362
0.5096948002803741 4.38204881889739E-6 0.2961394893987545 | 0.005516910291433033 0.004446188357072858 -0.0028229436858458446
0.4856156607388442 5.157795957831684E-5 0.3692843692141081 | -0.011036133668499704 -0.04931393537577945 -0.023031097611608386
0.5410180090033757 4.052367347336965E-5 0.428565782273376 | 0.008424393271074842 0.0012772980135794924 -7.834272798644147E-4
0.5083939422468725 1.07777560202692E-4 0.5085807245903563 | 9.847597354863859E-5 0.005365970575740013 -6.122221152778807E-4
0.5018267399112829 3.324539197595651E-5 0.5826678346250047 | 6.370825177593482E-5 0.006008890071753526 -3.891589192406722E-4
0.5074782700773148 5.144488456099037E-6 0.8367512569407809 | 0.004003812472961817 0.0030461426873758892 0.0057243794043875165
0.5070378972914792 6.223873947178316E-7 0.9288220651051893 | -7.862667262879767E-4 0.002142621782655902 0.007933657240941076
0.5821638070487325 9.743101451858746E-6 0.07951825057407494 | 0.0060881985486268345 0.002079211835757373 -0.004656529110720442
0.587672798490378 1.754391729148517E-5 0.07374177008061576 | 0.0036250277899657563 0.0020895178074075843 -0.006943648136046358
0.5767932452458153 1.7578779569255856E-5 0.34722282916096703 | -0.007021836006235023 0.002419042456996512 0.0032512945688083104
0.5448596204640477 5.8282098537241025E-5 0.4254554626253115 | 0.004742529849910946 0.0017491327446557561 0.00652625584520262
0.5821471096838394 9.644279015865618E-6 0.502371329662716 | 0.0015227414525635528 0.005862993957758638 -5.45060448779373E-4
0.5898656503515507 2.2737013604558417E-5 0.5899562278918156 | -0.004784131942697233 0.003161511217894359 -0.004733563405528076
0.6403245922812989 0.023644697561532355 0.7519571163440588 | -0.031024793437163835 -0.06298216077365318 0.018869433791013725
0.5760221869900171 6.029829802502752E-6 0.9144600206683774 | -0.002051291427261549 0.002520727611548635 0.0073086273089818295
0.6542960722089592 4.732565267566853E-7 0.14646427534059026 | 7.1866841296649E-4 9.343676412429047E-4 -0.00816626008587326
0.7166275866957869 2.6947031521757167E-5 0.20805306002602547 | -5.490601742758292E-4 0.005088056475532491 -0.0011713090271348763
0.7095646493889748 4.2752537600202555E-6 0.3536843580723861 | 0.007242305096403089 0.001616850290992875 -0.0026195347325019248
0.7328546195092547 3.917014758639748E-5 0.43265173048044037 | 0.006173813374303298 0.00351234324169395 0.0013307480651944099
0.8368996723230997 1.3525897993789224E-5 0.507568756978613 | 0.005602974935572891 0.0031523240529669466 0.003947451981710395
0.7520611007099568 0.023731612675300627 0.6399683775354879 | 0.01884796875796201 -0.06335741713641606 -0.03197952224350114
0.7402828958053183 0.0013775707595507544 0.7403161820406454 | 0.006082816097350805 -0.23785795004897953 0.006293370928383457
0.6868205299852469 6.3192304526911555E-6 0.7938661003745879 | -0.004249924293751986 0.0016158542553042685 0.0066861484939634225
0.7717508044161708 2.585389320303673E-7 0.16974346742940138 | 0.006104159632489701 7.73535608887531E-4 -0.006735586516494354
0.7934061318376642 1.7490127120886473E-5 0.25769305684693117 | 0.007799968770566706 0.001999826375185948 5.803087928715424E-4
0.9113934226877716 2.2785118947999958E-5 0.3621964593241436 | 0.007898729865427084 0.0019320742897322488 0.0018009931107835048
0.9279869666374027 4.250936375135607E-6 0.43435100167944996 | 0.0070040994347359865 0.002979173047364626 -9.731031045323071E-4
0.9288071846723568 1.5810225995730586E-6 0.5070365279908844 | 0.007954555896931044 0.0021214971386800544 -7.812946269646823E-4
0.9144627639211115 4.497365613203612E-6 0.576018166835132 | 0.007303687096407226 0.002526318567039785 -0.0020467146416979004
0.7938646948091735 6.655385290485582E-6 0.6868219395876414 | 0.0066825583571483585 0.0016158594738598692 -0.004257486052869162
0.7819680391913703 1.1863498482709908E-6 0.7819681357709999 | 0.005934782905186335 9.287537964231339E-4 0.005931184179864124
0.25213007088753747 0.40000718712305305 0.2521300802829471 | -0.005277194784833908 0.002631658979931091 -0.005279169893931972
0.2498498871448597 0.4000012233897605 0.33922821154863536 | -0.004605073459260507 9.461448057535445E-4 0.007686902014342124
0.22447106609113476 0.036279925627676235 0.40002392698141576 | -0.0017102690824380505 -0.01781589856863085 0.005560534375984216
0.2083189953231465 0.1054895714248809 0.40000013558415726 | -0.007671954198774442 0.00472596541892399 5.743968816806212E-6
0.23327847568022828 1.8718987489044193E-4 0.47950157542565075 | -0.00452586809506288 0.005194741639434059 -3.1943204678081444E-4
0.19636832841082616 9.894749267071371E-5 0.5663767454517299 | -0.006942076757973981 0.0033404174528961017 -0.0015296226918765888
0.14933298995757707 1.4709061305156777E-6 0.653856133786227 | -0.00817397092018922 8.0560229537554E-4 5.382149203047456E-4
0.1871550320669699 3.6796810991771356E-6 0.7575307876622696 | -0.008860348916123398 0.0010256241855455934 9.702759546048008E-4
0.33922818798137083 0.4000012065294853 0.24984966577103243 | 0.0076843388794814935 9.459975370119693E-4 -0.00460941847996332
0.3436430936977415 0.40000239507411595 0.3436374705888695 | 0.0051886655720552455 0.002749728766412371 0.005191041619184157
0.3155671594336643 3.101728600534738E-5 0.4473060335161748 | -0.0027938615340806165 0.005260689794516532 0.0011925843423511865
0.32453173443567884 0.09394467513155105 0.40000004741487893 | 0.0033419616246867963 0.00503124896284308 8.592305123320584E-5
0.3014191546380288 6.250959860160899E-5 0.5111086735585343 | -0.005492274081072539 0.00379803763263802 0.0031189790025313714
0.26633290753696925 4.993122087162778E-5 0.5915906635167367 | 9.588512648877049E-4 0.00348955280596383 -0.005071835424537084
0.21552537608681296 5.985948633848913E-6 0.7170747420644855 | -0.006288690366365926 0.002912106400995143 -0.0010998223095311274
0.2590417315869733 3.7986621992752047E-6 0.791025852507135 | -3.883100031017732E-4 0.0015932431002120705 0.008136031719634836
0.400003851577182 0.03643984819583155 0.22430512094691094 | 0.004962221448617315 -0.014891989956677983 -0.0018697694012957259
0.45771200004243257 9.132165406207078E-5 0.3057923003159465 | 0.0012565584953297705 0.005440706112668692 -0.005009405734586543
0.49879091967319883 5.3208438555669356E-6 0.49888350035452644 | 0.003851161845688239 0.004169192179165461 0.0037361790068507817
0.31791003227685094 4.1378798213262765E-4 0.4000403170127112 | 0.004121430416083995 0.0033064620825422864 0.004600111788525893
0.3735275519790896 1.179783800799194E-6 0.4843761980418473 | -0.005817143993406865 0.003431073520578058 -0.002163130068220924
0.34440753475015823 2.513691107498894E-6 0.5751016607056184 | 0.00837284238190002 0.0016771839785454333 -3.051151174247324E-4
0.36534115928733213 3.412001310488177E-6 0.649789840173531 | -5.800710523072123E-4 0.002104932146450484 0.007612484335707207
0.3498514454841719 2.1111282667957754E-6 0.7433066440663195 | -0.0065422205592242065 0.003415041660962661 0.002503022451735628
0.4000002749833236 0.10410683658557185 0.20780713545047383 | 8.287039042712423E-6 0.0034667756613958587 -0.008375792720769033
0.4000008373471201 0.09332127075255157 0.32439641060917285 | 4.0133312906600184E-5 0.003975001124255972 0.005795701023375567
0.4000849567894462 1.9770106877162934E-4 0.31205791091387225 | 0.005741163018395917 0.0015579376357231275 0.005450479425787677
0.4248608146128011 1.7254233748687143E-4 0.4260172178847697 | -0.0027257070312851277 0.004426162025240884 -0.004378950780378819
0.428854075726197 4.662777838337452E-7 0.5399527091987091 | -0.001604686180652419 0.0011041738256965944 0.008293794571699277
0.4448830548905805 6.690779548984023E-5 0.6413607430157499 | -0.003939446415197173 0.004767784237032616 9.49526071725651E-5
0.43193899257742924 3.8882715235770334E-5 0.7278687042876494 | 0.001349664765843931 0.0027773191945937572 0.007114909572674767
0.427278090236816 1.6679669932938349E-6 0.8404157360018067 | -0.007515609415962508 0.0021192601396209155 0.002595859726070704
0.4795015119474629 1.949646072032398E-4 0.2332804489945515 | 2.1489802913378373E-4 0.005213672617124203 -0.004209576583676479
0.5105562667012554 3.441802862990557E-6 0.3010470839605544 | 0.003511992443184256 0.003208076474390644 -0.005697530270066628
0.48575151178650705 6.512103040949526E-5 0.36958773418562474 | -0.008266795508389154 0.0054302668160825 -0.024653240533311763
0.5397224174452131 1.4285666554095904E-6 0.429042619615321 | 0.008530903905505791 0.0010910608713986106 -0.0012190200823597337
0.5344864026165003 7.872713841860204E-6 0.5346634581227684 | -0.003199518256506037 0.004946594201396124 -0.0034663792289369518
0.5017912042922756 2.5880294973939557E-5 0.5831995698581609 | 4.5009025393091074E-5 0.005896461532686507 -0.0015623516731186225
0.5145467619750319 6.512959772887733E-6 0.7321090918252116 | 0.004585982229565271 0.0035285123648274566 0.005159464460821587
0.5107996849702265 5.799392727484908E-6 0.8337735720027316 | -0.004741762019963771 0.0014903198982341088 0.007094870192021099
0.5664411600149534 1.3175351986811505E-5 0.19599196690243217 | -0.0017962402511113881 0.0032772860900439162 -0.006935392169709446
0.5916555166368405 8.220532653992982E-5 0.2662986542467843 | -0.005542079849469894 0.0032061860836104343 9.821191262477762E-4
0.5755531383207215 1.1406122436503419E-7 0.344493983003014 | -9.875148661063914E-4 0.0014781227850542088 0.008523759616908535
0.6412687284919193 1.1428423886563352E-4 0.445095820002972 | 2.011885531686546E-4 0.004690458533035258 -0.0041725708634600366
0.5850099735065256 6.217472022465712E-6 0.5014950528905 | -0.0019656786062227584 0.0057964893349430596 4.362284898821408E-4
0.5896687490155892 2.667120422026167E-5 0.5897620778972946 | -0.004026541763117422 0.0038877865245152514 -0.003984766154797882
0.6035273862705279 2.1191547967131957E-6 0.6668336652560404 | -0.002024298517427103 4.800203945750746E-4 0.00970917804605225
0.58473452064231 4.950980420608395E-6 0.7949387181928382 | 0.002603973832674699 0.003361217874231803 0.006014537898592334
0.6538699406777032 6.399890183007166E-7 0.1493343340802689 | 5.811073849534707E-4 8.58151592321761E-4 -0.008181720140583203
0.7171318855559878 3.9222027172945776E-7 0.21556626398244877 | -0.0011020465944137905 0.002959950341219064 -0.006274918534273753
0.6498986999473528 4.195329780766721E-5 0.3653191497000329 | 0.007705242248827598 0.00203736441438643 -6.410513736503088E-4
0.7270338088680106 1.133963917163784E-5 0.43184169015427326 | 0.007131921108659753 0.0027451715341086005 0.0014262053393794309
0.7321494270864868 2.3220597970458168E-6 0.5145494293055952 | 0.0049777822728177944 0.003776225771342657 0.004223192837303841
0.6667484383450795 9.97745957873526E-7 0.6034581443682007 | 0.009665048744626465 3.944514034828153E-4 -0.0023930950128997104
0.6979070154695667 3.4090037499737413E-6 0.6978961267887843 | -0.005569507083770684 0.0010928516691094269 -0.005597983458339543
0.6845873050085686 8.76714800477607E-6 0.7900146173373267 | -0.0032489333775709596 0.0015579323246360307 0.007260918841193069
0.7575272874415229 3.5522181371723937E-6 0.1871561124456033 | 8.90573723062935E-4 0.0010359389708510106 -0.00886116280090697
0.7910485506546248 6.401319418613238E-7 0.25903068390415546 | 0.008028326466228173 0.0017229012126396502 -4.844302500892982E-4
0.7433598272626595 8.872058021329775E-6 0.3498568288061868 | 0.003330285740463585 0.0036093520699798758 -0.005357097933743361
0.8404772738779821 1.0000170610394276E-5 0.4273359647787492 | 0.002722378642404071 0.002011860602536014 -0.007553892448281392
0.8337789171407595 7.996825525299716E-6 0.510692477356106 | 0.007209140301117521 0.0015003326552701104 -0.004551777790786755
0.7949393381819183 2.509567504380568E-6 0.5847268494825159 | 0.00606603745975177 0.0034073820000436027 0.00240447514288986
0.7900134649013624 9.087243775810013E-6 0.6845884312150187 | 0.007261431335829266 0.0015581608389411109 -0.003250137959867479
0.739072476256323 3.193716382335837E-5 0.7390854517523788 | 0.004194990644352654 0.004379302721377654 0.004280499476947114
