512
0.28438835963615616 0.847134980363844 0.2843883596361562
0.28134169545303245 0.8501816445469675 0.34728295102935985
0.2801712333833975 0.851352106616603 0.3997077908979971
0.280040663049085 0.8514826769509154 0.4499782614456544
0.28004066304908504 0.8514826769509154 0.5000217385543457
0.2801712333833975 0.851352106616603 0.550292209102003
0.28134169545303245 0.8501816445469675 0.6027170489706403
0.2843883596361563 0.847134980363844 0.6656116403638438
0.34728295102935985 0.8501816445469675 0.28134169545303245
0.3463890723513743 0.8531122019431293 0.3463890723513743
0.3456798560013736 0.854455920666501 0.399640714026288
0.3455194407809837 0.8546729918367691 0.4499691695172177
0.3455194407809837 0.8546729918367691 0.5000308304827823
0.3456798560013737 0.854455920666501 0.550359285973712
0.34638907235137445 0.8531122019431293 0.6036109276486253
0.3472829510293597 0.8501816445469675 0.6686583045469673
0.3997077908979971 0.851352106616603 0.2801712333833975
0.399640714026288 0.854455920666501 0.3456798560013736
0.39952983098200456 0.855909659341062 0.39952983098200456
0.3994180961920949 0.8561809924036176 0.4499692246118058
0.3994180961920949 0.8561809924036174 0.5000307753881946
0.39952983098200456 0.855909659341062 0.5504701690179956
0.399640714026288 0.854455920666501 0.6043201439986268
0.3997077908979971 0.851352106616603 0.6698287666166027
0.4499782614456544 0.8514826769509154 0.280040663049085
0.4499691695172177 0.8546729918367691 0.3455194407809837
0.4499692246118058 0.8561809924036176 0.3994180961920949
0.44995640368968304 0.8564932236932895 0.44995640368968304
0.4499564036896831 0.8564932236932895 0.5000435963103171
0.4499692246118057 0.8561809924036176 0.5505819038079055
0.44996916951721766 0.8546729918367691 0.6044805592190167
0.44997826144565445 0.8514826769509156 0.6699593369509154
0.5000217385543457 0.8514826769509154 0.28004066304908504
0.5000308304827823 0.8546729918367691 0.3455194407809837
0.5000307753881946 0.8561809924036174 0.3994180961920949
0.5000435963103171 0.8564932236932895 0.4499564036896831
0.5000435963103171 0.8564932236932895 0.5000435963103171
0.5000307753881946 0.8561809924036171 0.5505819038079055
0.5000308304827823 0.8546729918367691 0.6044805592190167
0.5000217385543457 0.8514826769509154 0.6699593369509153
0.550292209102003 0.851352106616603 0.2801712333833975
0.550359285973712 0.854455920666501 0.3456798560013737
0.5504701690179956 0.855909659341062 0.39952983098200456
0.5505819038079055 0.8561809924036176 0.4499692246118057
0.5505819038079055 0.8561809924036171 0.5000307753881946
0.5504701690179957 0.855909659341062 0.5504701690179957
0.550359285973712 0.854455920666501 0.6043201439986267
0.550292209102003 0.851352106616603 0.6698287666166027
0.6027170489706403 0.8501816445469675 0.28134169545303245
0.6036109276486253 0.8531122019431293 0.34638907235137445
0.6043201439986268 0.854455920666501 0.399640714026288
0.6044805592190166 0.8546729918367691 0.44996916951721766
0.6044805592190167 0.8546729918367691 0.5000308304827823
0.6043201439986267 0.854455920666501 0.550359285973712
0.6036109276486253 0.8531122019431293 0.6036109276486253
0.6027170489706404 0.8501816445469675 0.6686583045469673
0.6656116403638438 0.847134980363844 0.2843883596361563
0.6686583045469673 0.8501816445469675 0.3472829510293597
0.6698287666166027 0.851352106616603 0.3997077908979971
0.6699593369509154 0.8514826769509156 0.44997826144565445
0.6699593369509151 0.8514826769509154 0.5000217385543457
0.6698287666166027 0.851352106616603 0.550292209102003
0.6686583045469673 0.8501816445469675 0.6027170489706404
0.6656116403638438 0.847134980363844 0.6656116403638438
0.28134169545303245 0.7842403889706404 0.28134169545303245
0.2784111380568704 0.7851342676486256 0.3463890723513745
0.27706741933349965 0.7858434839986269 0.399640714026288
0.27685034816323084 0.7860038992190168 0.44996916951721766
0.27685034816323084 0.7860038992190168 0.5000308304827823
0.2770674193334997 0.7858434839986269 0.550359285973712
0.2784111380568704 0.7851342676486256 0.6036109276486253
0.28134169545303245 0.7842403889706405 0.6686583045469673
0.3463890723513745 0.7851342676486256 0.2784111380568704
0.3449753671757226 0.7865479728242775 0.3449753671757226
0.3440444154983555 0.7874789245016444 0.3994971565492512
0.34376086351601837 0.787762476483982 0.44996371656001005
0.3437608635160183 0.787762476483982 0.50003628343999
0.3440444154983555 0.7874789245016444 0.5505028434507486
0.34497536717572264 0.7865479728242775 0.6050246328242773
0.34638907235137445 0.7851342676486256 0.6715888619431291
0.399640714026288 0.7858434839986269 0.27706741933349965
0.3994971565492512 0.7874789245016444 0.3440444154983555
0.39931332826336147 0.7886081973125464 0.39931332826336147
0.399138091081083 0.7889705838498132 0.44996919097089655
0.399138091081083 0.7889705838498133 0.5000308090291037
0.3993133282633616 0.7886081973125464 0.5506866717366385
0.39949715654925116 0.7874789245016445 0.6059555845016442
0.399640714026288 0.7858434839986269 0.6729325806665007
0.44996916951721766 0.7860038992190168 0.27685034816323084
0.44996371656001005 0.787762476483982 0.34376086351601837
0.44996919097089655 0.7889705838498132 0.399138091081083
0.44994941303514613 0.7893867272190213 0.44994941303514613
0.4499494130351462 0.7893867272190213 0.5000505869648537
0.4499691909708965 0.7889705838498132 0.5508619089189173
0.44996371656001 0.7877624764839819 0.6062391364839816
0.44996916951721766 0.7860038992190168 0.673149651836769
0.5000308304827823 0.7860038992190168 0.27685034816323084
0.50003628343999 0.787762476483982 0.3437608635160183
0.5000308090291036 0.7889705838498133 0.399138091081083
0.5000505869648537 0.7893867272190213 0.44994941303514613
0.5000505869648537 0.7893867272190213 0.5000505869648537
0.5000308090291036 0.7889705838498132 0.5508619089189173
0.50003628343999 0.7877624764839819 0.6062391364839818
0.5000308304827823 0.7860038992190168 0.6731496518367689
0.550359285973712 0.7858434839986269 0.2770674193334997
0.5505028434507486 0.7874789245016444 0.3440444154983555
0.5506866717366385 0.7886081973125464 0.3993133282633616
0.5508619089189173 0.7889705838498132 0.4499691909708965
0.5508619089189173 0.7889705838498132 0.5000308090291036
0.5506866717366385 0.7886081973125464 0.5506866717366385
0.5505028434507486 0.7874789245016444 0.6059555845016441
0.550359285973712 0.7858434839986269 0.6729325806665007
0.6036109276486253 0.7851342676486256 0.2784111380568704
0.6050246328242773 0.7865479728242775 0.34497536717572264
0.6059555845016442 0.7874789245016445 0.39949715654925116
0.6062391364839816 0.7877624764839819 0.44996371656001
0.6062391364839818 0.7877624764839819 0.50003628343999
0.6059555845016441 0.7874789245016444 0.5505028434507486
0.6050246328242773 0.7865479728242775 0.6050246328242773
0.6036109276486253 0.7851342676486255 0.6715888619431292
0.6686583045469673 0.7842403889706405 0.28134169545303245
0.6715888619431291 0.7851342676486256 0.34638907235137445
0.6729325806665007 0.7858434839986269 0.399640714026288
0.673149651836769 0.7860038992190168 0.44996916951721766
0.6731496518367689 0.7860038992190168 0.5000308304827823
0.6729325806665007 0.7858434839986269 0.550359285973712
0.6715888619431292 0.7851342676486255 0.6036109276486253
0.6686583045469673 0.7842403889706407 0.6686583045469673
0.2801712333833975 0.7318155491020033 0.2801712333833975
0.2770674193334997 0.7318826259737122 0.3456798560013737
0.27561368065893715 0.7319935090179959 0.39952983098200456
0.27534234759638315 0.7321052438079056 0.4499692246118057
0.27534234759638315 0.7321052438079058 0.5000307753881946
0.27561368065893715 0.731993509017996 0.5504701690179957
0.2770674193334997 0.7318826259737122 0.6043201439986267
0.28017123338339756 0.7318155491020033 0.6698287666166027
0.3456798560013737 0.7318826259737122 0.2770674193334997
0.3440444154983555 0.732026183450749 0.3440444154983555
0.34291514268745366 0.7322100117366388 0.3993133282633616
0.34255275615018704 0.7323852489189177 0.44996919097089644
0.34255275615018715 0.7323852489189177 0.5000308090291038
0.34291514268745366 0.7322100117366389 0.5506866717366387
0.34404441549835546 0.7320261834507488 0.605955584501644
0.34567985600137374 0.7318826259737122 0.6729325806665007
0.39952983098200456 0.7319935090179959 0.27561368065893715
0.3993133282633616 0.7322100117366388 0.34291514268745366
0.3990995386436801 0.73242380135632 0.3990995386436801
0.39887803738268496 0.7326453026173152 0.44998707770177987
0.39887803738268485 0.7326453026173152 0.5000129222982198
0.39909953864368014 0.73242380135632 0.5509004613563198
0.3993133282633616 0.7322100117366387 0.6070848573125462
0.39952983098200456 0.7319935090179959 0.6743863193410617
0.4499692246118057 0.7321052438079056 0.27534234759638315
0.44996919097089644 0.7323852489189177 0.34255275615018704
0.44998707770177987 0.7326453026173151 0.39887803738268496
0.44996355177123054 0.7328988827324164 0.44996355177123054
0.44996355177123054 0.7328988827324164 0.5000364482287696
0.44998707770177987 0.7326453026173151 0.5511219626173148
0.44996919097089655 0.7323852489189175 0.607447243849813
0.4499692246118057 0.7321052438079056 0.674657652403617
0.5000307753881946 0.7321052438079058 0.27534234759638315
0.5000308090291038 0.7323852489189177 0.34255275615018715
0.5000129222982198 0.7326453026173152 0.3988780373826848
0.5000364482287696 0.7328988827324164 0.44996355177123054
0.5000364482287696 0.7328988827324164 0.5000364482287696
0.50001292229822 0.7326453026173151 0.5511219626173149
0.5000308090291036 0.7323852489189175 0.607447243849813
0.5000307753881946 0.7321052438079056 0.6746576524036171
0.5504701690179957 0.731993509017996 0.27561368065893715
0.5506866717366387 0.7322100117366389 0.34291514268745366
0.5509004613563198 0.73242380135632 0.39909953864368014
0.5511219626173148 0.7326453026173151 0.44998707770177987
0.5511219626173149 0.7326453026173151 0.5000129222982199
0.5509004613563198 0.73242380135632 0.5509004613563198
0.5506866717366385 0.7322100117366387 0.6070848573125462
0.5504701690179957 0.731993509017996 0.6743863193410617
0.6043201439986267 0.7318826259737122 0.2770674193334997
0.605955584501644 0.7320261834507488 0.34404441549835546
0.6070848573125462 0.7322100117366387 0.3993133282633616
0.607447243849813 0.7323852489189175 0.44996919097089655
0.607447243849813 0.7323852489189175 0.5000308090291036
0.6070848573125462 0.7322100117366387 0.5506866717366385
0.6059555845016441 0.7320261834507489 0.6059555845016441
0.6043201439986267 0.7318826259737122 0.6729325806665007
0.6698287666166027 0.7318155491020033 0.2801712333833975
0.6729325806665007 0.7318826259737122 0.34567985600137374
0.6743863193410617 0.7319935090179959 0.39952983098200456
0.674657652403617 0.7321052438079056 0.4499692246118057
0.6746576524036171 0.7321052438079056 0.5000307753881946
0.6743863193410617 0.731993509017996 0.5504701690179957
0.6729325806665007 0.7318826259737122 0.6043201439986267
0.6698287666166027 0.7318155491020033 0.6698287666166027
0.280040663049085 0.6815450785543465 0.280040663049085
0.27685034816323095 0.6815541704827822 0.3455194407809836
0.2753423475963831 0.6815541153881947 0.3994180961920949
0.27503011630671087 0.6815669363103173 0.4499564036896831
0.27503011630671104 0.6815669363103173 0.5000435963103171
0.27534234759638315 0.6815541153881947 0.5505819038079055
0.27685034816323084 0.6815541704827823 0.6044805592190167
0.280040663049085 0.6815450785543464 0.6699593369509153
0.3455194407809836 0.6815541704827822 0.27685034816323095
0.3437608635160183 0.6815596234399903 0.3437608635160183
0.34255275615018704 0.6815541490291042 0.39913809108108284
0.342136612780979 0.6815739269648539 0.44994941303514613
0.342136612780979 0.6815739269648539 0.5000505869648537
0.3425527561501871 0.6815541490291042 0.5508619089189174
0.34376086351601837 0.6815596234399903 0.6062391364839816
0.3455194407809836 0.6815541704827823 0.6731496518367689
0.3994180961920949 0.6815541153881947 0.2753423475963831
0.39913809108108284 0.6815541490291042 0.34255275615018704
0.3988780373826848 0.6815362622982204 0.39887803738268485
0.3986244572675838 0.6815597882287698 0.44996355177123043
0.3986244572675837 0.6815597882287698 0.5000364482287696
0.3988780373826849 0.6815362622982204 0.5511219626173148
0.3991380910810829 0.681554149029104 0.607447243849813
0.39941809619209495 0.6815541153881945 0.6746576524036173
0.4499564036896831 0.6815669363103173 0.2750301163067109
0.44994941303514613 0.6815739269648539 0.342136612780979
0.44996355177123043 0.6815597882287698 0.3986244572675838
0.44993405568531886 0.6815892843146812 0.44993405568531886
0.44993405568531886 0.6815892843146812 0.500065944314681
0.44996355177123043 0.6815597882287697 0.5513755427324163
0.44994941303514613 0.6815739269648539 0.607863387219021
0.4499564036896831 0.6815669363103173 0.6749698836932893
0.5000435963103171 0.6815669363103173 0.27503011630671104
0.5000505869648537 0.6815739269648539 0.342136612780979
0.5000364482287696 0.6815597882287698 0.3986244572675837
0.500065944314681 0.6815892843146812 0.44993405568531886
0.500065944314681 0.6815892843146812 0.500065944314681
0.5000364482287696 0.6815597882287698 0.5513755427324163
0.5000505869648537 0.6815739269648539 0.607863387219021
0.5000435963103171 0.6815669363103173 0.6749698836932893
0.5505819038079055 0.6815541153881947 0.27534234759638315
0.5508619089189174 0.6815541490291042 0.34255275615018715
0.5511219626173148 0.6815362622982204 0.39887803738268485
0.5513755427324163 0.6815597882287697 0.44996355177123043
0.5513755427324163 0.6815597882287697 0.5000364482287696
0.5511219626173148 0.6815362622982204 0.5511219626173148
0.5508619089189173 0.681554149029104 0.607447243849813
0.5505819038079054 0.6815541153881947 0.6746576524036171
0.6044805592190167 0.6815541704827823 0.2768503481632309
0.6062391364839818 0.6815596234399903 0.34376086351601837
0.6074472438498131 0.681554149029104 0.3991380910810829
0.607863387219021 0.6815739269648539 0.44994941303514613
0.607863387219021 0.6815739269648539 0.5000505869648537
0.607447243849813 0.681554149029104 0.5508619089189173
0.6062391364839816 0.6815596234399903 0.6062391364839816
0.6044805592190167 0.6815541704827823 0.6731496518367689
0.6699593369509153 0.6815450785543464 0.28004066304908504
0.673149651836769 0.6815541704827823 0.3455194407809836
0.6746576524036173 0.6815541153881947 0.39941809619209495
0.6749698836932893 0.6815669363103173 0.4499564036896831
0.6749698836932893 0.6815669363103173 0.5000435963103171
0.6746576524036171 0.6815541153881947 0.5505819038079055
0.673149651836769 0.6815541704827823 0.6044805592190167
0.6699593369509154 0.6815450785543463 0.6699593369509154
0.280040663049085 0.6315016014456539 0.280040663049085
0.27685034816323095 0.6314925095172182 0.3455194407809836
0.2753423475963831 0.6314925646118059 0.3994180961920949
0.27503011630671087 0.6314797436896832 0.44995640368968304
0.275030116306711 0.6314797436896832 0.5000435963103171
0.27534234759638315 0.6314925646118058 0.5505819038079055
0.27685034816323084 0.6314925095172181 0.6044805592190167
0.2800406630490849 0.631501601445654 0.6699593369509153
0.3455194407809836 0.6314925095172182 0.27685034816323095
0.34376086351601837 0.6314870565600101 0.34376086351601837
0.34255275615018704 0.6314925309708963 0.39913809108108284
0.342136612780979 0.6314727530351466 0.44994941303514613
0.342136612780979 0.6314727530351466 0.5000505869648537
0.34255275615018715 0.6314925309708963 0.5508619089189174
0.34376086351601837 0.6314870565600101 0.6062391364839816
0.3455194407809836 0.6314925095172181 0.6731496518367689
0.3994180961920949 0.6314925646118059 0.2753423475963831
0.39913809108108284 0.6314925309708963 0.34255275615018704
0.39887803738268485 0.6315104177017801 0.39887803738268485
0.3986244572675838 0.6314868917712307 0.44996355177123043
0.3986244572675838 0.6314868917712306 0.5000364482287696
0.3988780373826849 0.6315104177017801 0.5511219626173148
0.39913809108108295 0.6314925309708965 0.607447243849813
0.39941809619209495 0.6314925646118059 0.6746576524036171
0.44995640368968304 0.6314797436896832 0.2750301163067109
0.44994941303514613 0.6314727530351466 0.34213661278097907
0.44996355177123043 0.6314868917712307 0.3986244572675838
0.44993405568531886 0.6314573956853192 0.44993405568531886
0.4499340556853189 0.6314573956853192 0.500065944314681
0.44996355177123043 0.6314868917712307 0.5513755427324163
0.44994941303514613 0.6314727530351466 0.607863387219021
0.4499564036896831 0.6314797436896832 0.6749698836932893
0.5000435963103171 0.6314797436896832 0.2750301163067109
0.5000505869648537 0.6314727530351466 0.342136612780979
0.5000364482287696 0.6314868917712306 0.3986244572675838
0.500065944314681 0.6314573956853192 0.44993405568531886
0.5000659443146809 0.6314573956853192 0.5000659443146809
0.5000364482287696 0.6314868917712307 0.5513755427324163
0.5000505869648537 0.6314727530351466 0.607863387219021
0.5000435963103171 0.6314797436896832 0.6749698836932893
0.5505819038079055 0.6314925646118058 0.27534234759638315
0.5508619089189174 0.6314925309708964 0.34255275615018715
0.5511219626173148 0.6315104177017801 0.3988780373826849
0.5513755427324163 0.6314868917712307 0.44996355177123043
0.5513755427324163 0.6314868917712307 0.5000364482287696
0.5511219626173148 0.6315104177017801 0.5511219626173148
0.5508619089189173 0.6314925309708964 0.6074472438498129
0.5505819038079054 0.6314925646118058 0.6746576524036171
0.6044805592190167 0.6314925095172181 0.2768503481632308
0.6062391364839816 0.6314870565600101 0.34376086351601837
0.6074472438498131 0.6314925309708965 0.3991380910810829
0.607863387219021 0.6314727530351466 0.44994941303514613
0.607863387219021 0.6314727530351466 0.5000505869648537
0.607447243849813 0.6314925309708964 0.5508619089189173
0.6062391364839816 0.6314870565600101 0.6062391364839816
0.6044805592190167 0.6314925095172181 0.6731496518367689
0.6699593369509153 0.631501601445654 0.2800406630490849
0.673149651836769 0.6314925095172181 0.3455194407809836
0.6746576524036171 0.6314925646118058 0.39941809619209495
0.6749698836932893 0.6314797436896832 0.4499564036896831
0.6749698836932893 0.6314797436896832 0.5000435963103171
0.6746576524036171 0.6314925646118058 0.5505819038079055
0.673149651836769 0.6314925095172181 0.6044805592190167
0.6699593369509154 0.6315016014456541 0.6699593369509154
0.2801712333833975 0.5812311308979972 0.2801712333833975
0.2770674193334997 0.5811640540262883 0.34567985600137374
0.27561368065893715 0.5810531709820046 0.39952983098200456
0.27534234759638315 0.5809414361920949 0.4499692246118058
0.27534234759638315 0.5809414361920948 0.5000307753881946
0.27561368065893715 0.5810531709820045 0.5504701690179957
0.2770674193334997 0.5811640540262883 0.6043201439986267
0.28017123338339756 0.5812311308979973 0.6698287666166027
0.34567985600137374 0.5811640540262883 0.2770674193334997
0.3440444154983555 0.5810204965492517 0.3440444154983555
0.34291514268745366 0.5808366682633616 0.3993133282633616
0.34255275615018704 0.5806614310810829 0.44996919097089644
0.3425527561501871 0.5806614310810829 0.5000308090291038
0.34291514268745366 0.5808366682633617 0.5506866717366387
0.3440444154983555 0.5810204965492517 0.605955584501644
0.3456798560013738 0.5811640540262883 0.6729325806665007
0.3995298309820046 0.5810531709820046 0.27561368065893715
0.3993133282633616 0.5808366682633616 0.34291514268745366
0.39909953864368014 0.5806228786436806 0.39909953864368014
0.3988780373826849 0.5804013773826854 0.4499870777017798
0.39887803738268485 0.5804013773826854 0.5000129222982198
0.39909953864368014 0.5806228786436805 0.5509004613563198
0.3993133282633616 0.5808366682633617 0.6070848573125462
0.3995298309820046 0.5810531709820047 0.6743863193410617
0.4499692246118057 0.5809414361920949 0.27534234759638315
0.44996919097089644 0.5806614310810829 0.34255275615018704
0.44998707770177987 0.5804013773826854 0.3988780373826849
0.4499635517712305 0.580147797267584 0.4499635517712305
0.4499635517712305 0.580147797267584 0.5000364482287696
0.44998707770177987 0.5804013773826855 0.5511219626173149
0.44996919097089655 0.580661431081083 0.607447243849813
0.4499692246118057 0.5809414361920948 0.674657652403617
0.5000307753881946 0.5809414361920948 0.27534234759638315
0.5000308090291038 0.5806614310810829 0.34255275615018704
0.5000129222982198 0.5804013773826853 0.39887803738268485
0.5000364482287696 0.580147797267584 0.4499635517712305
0.5000364482287696 0.580147797267584 0.5000364482287696
0.5000129222982199 0.5804013773826854 0.5511219626173149
0.5000308090291036 0.580661431081083 0.607447243849813
0.5000307753881946 0.5809414361920948 0.674657652403617
0.5504701690179957 0.5810531709820046 0.27561368065893715
0.5506866717366387 0.5808366682633617 0.3429151426874537
0.5509004613563198 0.5806228786436805 0.39909953864368014
0.5511219626173149 0.5804013773826855 0.44998707770177987
0.5511219626173149 0.5804013773826855 0.5000129222982199
0.5509004613563198 0.5806228786436805 0.5509004613563198
0.5506866717366385 0.5808366682633618 0.6070848573125462
0.5504701690179957 0.5810531709820046 0.6743863193410617
0.6043201439986267 0.5811640540262883 0.2770674193334997
0.605955584501644 0.5810204965492518 0.34404441549835546
0.6070848573125462 0.5808366682633617 0.3993133282633616
0.607447243849813 0.580661431081083 0.44996919097089655
0.607447243849813 0.580661431081083 0.5000308090291036
0.6070848573125462 0.5808366682633618 0.5506866717366385
0.6059555845016441 0.5810204965492516 0.6059555845016441
0.6043201439986267 0.5811640540262883 0.6729325806665007
0.6698287666166027 0.5812311308979973 0.28017123338339756
0.6729325806665007 0.5811640540262883 0.3456798560013738
0.6743863193410617 0.5810531709820047 0.3995298309820046
0.6746576524036172 0.5809414361920949 0.4499692246118057
0.674657652403617 0.5809414361920948 0.5000307753881946
0.6743863193410617 0.5810531709820046 0.5504701690179957
0.6729325806665007 0.5811640540262883 0.6043201439986267
0.6698287666166027 0.5812311308979973 0.6698287666166027
0.28134169545303245 0.5288062910293602 0.28134169545303245
0.2784111380568704 0.527912412351375 0.3463890723513745
0.27706741933349965 0.5272031960013736 0.399640714026288
0.27685034816323084 0.5270427807809839 0.44996916951721766
0.27685034816323084 0.5270427807809837 0.5000308304827823
0.2770674193334997 0.5272031960013737 0.550359285973712
0.2784111380568704 0.527912412351375 0.6036109276486253
0.28134169545303245 0.52880629102936 0.6686583045469673
0.3463890723513745 0.527912412351375 0.2784111380568704
0.3449753671757226 0.526498707175723 0.3449753671757226
0.3440444154983555 0.5255677554983562 0.3994971565492512
0.3437608635160183 0.5252842035160185 0.44996371656001005
0.3437608635160183 0.5252842035160185 0.50003628343999
0.3440444154983555 0.5255677554983562 0.5505028434507487
0.3449753671757226 0.526498707175723 0.6050246328242773
0.34638907235137445 0.527912412351375 0.6715888619431291
0.399640714026288 0.5272031960013736 0.27706741933349965
0.3994971565492512 0.5255677554983562 0.3440444154983555
0.39931332826336147 0.5244384826874541 0.39931332826336147
0.399138091081083 0.5240760961501872 0.44996919097089655
0.39913809108108295 0.5240760961501874 0.5000308090291037
0.3993133282633616 0.5244384826874541 0.5506866717366385
0.3994971565492512 0.5255677554983561 0.6059555845016442
0.399640714026288 0.5272031960013736 0.6729325806665007
0.44996916951721766 0.5270427807809838 0.27685034816323084
0.44996371656001005 0.5252842035160185 0.3437608635160183
0.44996919097089655 0.5240760961501872 0.39913809108108295
0.44994941303514613 0.5236599527809793 0.44994941303514613
0.44994941303514613 0.5236599527809792 0.5000505869648537
0.44996919097089655 0.5240760961501874 0.5508619089189173
0.44996371656001 0.5252842035160186 0.6062391364839816
0.44996916951721766 0.5270427807809838 0.673149651836769
0.5000308304827823 0.5270427807809838 0.27685034816323084
0.50003628343999 0.5252842035160185 0.3437608635160183
0.5000308090291037 0.5240760961501874 0.39913809108108295
0.5000505869648537 0.5236599527809792 0.44994941303514613
0.5000505869648537 0.5236599527809792 0.5000505869648537
0.5000308090291037 0.5240760961501874 0.5508619089189173
0.50003628343999 0.5252842035160186 0.6062391364839816
0.5000308304827823 0.5270427807809837 0.6731496518367689
0.550359285973712 0.5272031960013737 0.2770674193334997
0.5505028434507487 0.5255677554983562 0.3440444154983555
0.5506866717366385 0.5244384826874541 0.3993133282633616
0.5508619089189173 0.5240760961501874 0.44996919097089655
0.5508619089189173 0.5240760961501874 0.5000308090291037
0.5506866717366385 0.5244384826874541 0.5506866717366385
0.5505028434507487 0.5255677554983561 0.6059555845016442
0.550359285973712 0.5272031960013737 0.6729325806665007
0.6036109276486253 0.527912412351375 0.2784111380568704
0.6050246328242773 0.526498707175723 0.3449753671757226
0.6059555845016442 0.5255677554983561 0.3994971565492512
0.6062391364839818 0.5252842035160187 0.44996371656001
0.6062391364839816 0.5252842035160187 0.50003628343999
0.6059555845016442 0.5255677554983561 0.5505028434507487
0.6050246328242773 0.526498707175723 0.6050246328242773
0.6036109276486253 0.527912412351375 0.6715888619431292
0.6686583045469673 0.52880629102936 0.28134169545303245
0.6715888619431291 0.527912412351375 0.34638907235137445
0.6729325806665007 0.5272031960013736 0.399640714026288
0.673149651836769 0.5270427807809837 0.44996916951721766
0.6731496518367689 0.5270427807809837 0.5000308304827823
0.6729325806665007 0.5272031960013737 0.550359285973712
0.6715888619431292 0.527912412351375 0.6036109276486253
0.6686583045469673 0.5288062910293599 0.6686583045469673
0.2843883596361562 0.4659116996361564 0.2843883596361562
0.28134169545303245 0.4628650354530329 0.34728295102935985
0.2801712333833975 0.46169457338339737 0.3997077908979971
0.2800406630490849 0.46156400304908524 0.4499782614456544
0.2800406630490849 0.46156400304908535 0.5000217385543457
0.2801712333833975 0.46169457338339737 0.550292209102003
0.28134169545303245 0.4628650354530329 0.6027170489706403
0.2843883596361562 0.4659116996361564 0.6656116403638438
0.34728295102935985 0.4628650354530329 0.28134169545303245
0.3463890723513743 0.45993447805687093 0.3463890723513743
0.3456798560013736 0.4585907593334997 0.399640714026288
0.3455194407809837 0.4583736881632313 0.4499691695172177
0.3455194407809837 0.45837368816323143 0.5000308304827823
0.34567985600137363 0.4585907593334997 0.550359285973712
0.34638907235137445 0.45993447805687093 0.6036109276486253
0.34728295102935963 0.4628650354530329 0.6686583045469673
0.3997077908979971 0.46169457338339737 0.2801712333833975
0.399640714026288 0.4585907593334997 0.3456798560013736
0.39952983098200456 0.457137020658938 0.39952983098200456
0.3994180961920949 0.456865687596383 0.4499692246118058
0.3994180961920949 0.456865687596383 0.5000307753881946
0.3995298309820046 0.457137020658938 0.5504701690179956
0.399640714026288 0.4585907593334997 0.6043201439986268
0.3997077908979971 0.46169457338339737 0.6698287666166027
0.4499782614456544 0.46156400304908524 0.2800406630490849
0.4499691695172177 0.4583736881632313 0.3455194407809837
0.4499692246118058 0.456865687596383 0.3994180961920949
0.4499564036896831 0.456553456306711 0.4499564036896831
0.4499564036896831 0.456553456306711 0.5000435963103171
0.4499692246118057 0.45686568759638313 0.5505819038079055
0.44996916951721766 0.4583736881632313 0.6044805592190167
0.44997826144565445 0.4615640030490851 0.6699593369509154
0.5000217385543457 0.46156400304908535 0.2800406630490849
0.5000308304827823 0.45837368816323143 0.3455194407809837
0.5000307753881946 0.456865687596383 0.3994180961920949
0.5000435963103171 0.456553456306711 0.4499564036896831
0.5000435963103171 0.456553456306711 0.5000435963103171
0.5000307753881946 0.45686568759638313 0.5505819038079055
0.5000308304827823 0.45837368816323143 0.6044805592190167
0.5000217385543457 0.46156400304908524 0.6699593369509153
0.550292209102003 0.46169457338339737 0.2801712333833975
0.550359285973712 0.4585907593334997 0.34567985600137363
0.5504701690179956 0.457137020658938 0.3995298309820046
0.5505819038079055 0.45686568759638313 0.4499692246118057
0.5505819038079055 0.45686568759638313 0.5000307753881946
0.5504701690179957 0.457137020658938 0.5504701690179957
0.550359285973712 0.4585907593334997 0.6043201439986267
0.550292209102003 0.46169457338339737 0.6698287666166027
0.6027170489706403 0.4628650354530329 0.28134169545303245
0.6036109276486253 0.45993447805687093 0.34638907235137445
0.6043201439986268 0.4585907593334997 0.399640714026288
0.6044805592190167 0.4583736881632313 0.44996916951721766
0.6044805592190167 0.45837368816323143 0.5000308304827823
0.6043201439986267 0.4585907593334997 0.550359285973712
0.6036109276486253 0.45993447805687077 0.6036109276486253
0.6027170489706404 0.4628650354530329 0.6686583045469673
0.6656116403638438 0.4659116996361564 0.2843883596361563
0.6686583045469673 0.4628650354530329 0.3472829510293597
0.6698287666166027 0.46169457338339737 0.3997077908979971
0.6699593369509154 0.4615640030490851 0.44997826144565445
0.6699593369509153 0.46156400304908524 0.5000217385543457
0.6698287666166027 0.46169457338339737 0.550292209102003
0.6686583045469673 0.4628650354530329 0.6027170489706404
0.6656116403638438 0.4659116996361564 0.6656116403638438
