512
0.28130037488829535 0.8058578051117047 0.2813003748882954
0.27790941787917883 0.8092487621208213 0.34593890351256823
0.2763061080285359 0.8108520719714646 0.3994290136581722
0.2760562981487405 0.8111018818512598 0.44994698429180313
0.27605629814874055 0.8111018818512598 0.5000530157081972
0.2763061080285359 0.8108520719714646 0.5505709863418278
0.27790941787917883 0.8092487621208213 0.6040610964874319
0.28130037488829546 0.8058578051117047 0.6686996251117044
0.34593890351256823 0.8092487621208213 0.27790941787917883
0.3447067745232224 0.812410415153313 0.3447067745232224
0.34371903360318246 0.8141784492185482 0.3993070652375365
0.3434472426216198 0.8145541751551699 0.449926617928347
0.3434472426216198 0.8145541751551699 0.500073382071653
0.34371903360318257 0.8141784492185482 0.5506929347624637
0.3447067745232225 0.812410415153313 0.6052932254767771
0.3459389035125681 0.8092487621208213 0.6720905821208211
0.3994290136581722 0.8108520719714646 0.2763061080285359
0.3993070652375365 0.8141784492185482 0.34371903360318246
0.39911460337506033 0.8160348545325289 0.39911460337506033
0.39893481836739336 0.8164809822593878 0.4499213850742085
0.39893481836739336 0.8164809822593877 0.500078614925792
0.3991146033750604 0.8160348545325289 0.5508853966249398
0.3993070652375365 0.8141784492185482 0.6062809663968176
0.3994290136581722 0.8108520719714645 0.6736938919714643
0.44994698429180313 0.8111018818512598 0.2760562981487405
0.449926617928347 0.8145541751551699 0.3434472426216198
0.4499213850742085 0.8164809822593878 0.39893481836739336
0.44989636180321885 0.8169752786915032 0.44989636180321885
0.44989636180321896 0.8169752786915032 0.5001036381967813
0.4499213850742085 0.8164809822593878 0.5510651816326072
0.44992661792834693 0.8145541751551698 0.6065527573783807
0.4499469842918032 0.81110188185126 0.6739437018512597
0.5000530157081972 0.8111018818512598 0.27605629814874055
0.500073382071653 0.8145541751551699 0.3434472426216198
0.500078614925792 0.8164809822593877 0.39893481836739336
0.5001036381967813 0.8169752786915032 0.44989636180321896
0.5001036381967813 0.8169752786915032 0.5001036381967813
0.500078614925792 0.8164809822593874 0.5510651816326072
0.500073382071653 0.8145541751551699 0.6065527573783807
0.5000530157081972 0.8111018818512598 0.6739437018512596
0.5505709863418278 0.8108520719714646 0.2763061080285359
0.5506929347624637 0.8141784492185482 0.34371903360318257
0.5508853966249398 0.8160348545325289 0.3991146033750604
0.5510651816326072 0.8164809822593878 0.4499213850742085
0.5510651816326071 0.8164809822593874 0.500078614925792
0.55088539662494 0.816034854532529 0.55088539662494
0.5506929347624637 0.8141784492185482 0.6062809663968175
0.5505709863418278 0.8108520719714646 0.6736938919714643
0.6040610964874319 0.8092487621208213 0.27790941787917883
0.6052932254767771 0.812410415153313 0.3447067745232225
0.6062809663968176 0.8141784492185482 0.3993070652375365
0.6065527573783805 0.8145541751551698 0.44992661792834693
0.6065527573783807 0.8145541751551699 0.500073382071653
0.6062809663968175 0.8141784492185482 0.5506929347624637
0.6052932254767771 0.812410415153313 0.6052932254767771
0.604061096487432 0.8092487621208213 0.6720905821208211
0.6686996251117044 0.8058578051117047 0.28130037488829546
0.6720905821208211 0.8092487621208213 0.3459389035125681
0.6736938919714643 0.8108520719714645 0.3994290136581722
0.6739437018512597 0.81110188185126 0.4499469842918032
0.6739437018512595 0.8111018818512598 0.5000530157081972
0.6736938919714643 0.8108520719714646 0.5505709863418278
0.6720905821208211 0.8092487621208213 0.604061096487432
0.6686996251117044 0.8058578051117047 0.6686996251117044
0.27790941787917883 0.741219276487432 0.27790941787917883
0.27474776484668656 0.7424514054767773 0.34470677452322257
0.2729797307814526 0.7434391463968177 0.3993070652375365
0.27260400484483016 0.7437109373783808 0.44992661792834693
0.2726040048448302 0.7437109373783808 0.500073382071653
0.27297973078145266 0.7434391463968177 0.5506929347624637
0.27474776484668656 0.7424514054767773 0.6052932254767771
0.27790941787917883 0.7412192764874321 0.6720905821208211
0.34470677452322257 0.7424514054767773 0.27474776484668656
0.34284931180574096 0.7443088681942591 0.34284931180574096
0.3416680508769224 0.7454901291230777 0.39897308314428787
0.34121045637169967 0.7459477236283008 0.44989458980279934
0.3412104563716996 0.7459477236283008 0.5001054101972005
0.3416680508769224 0.7454901291230777 0.5510269168557121
0.342849311805741 0.7443088681942591 0.607150688194259
0.3447067745232225 0.7424514054767773 0.6752522351533128
0.3993070652375365 0.7434391463968177 0.2729797307814526
0.39897308314428787 0.7454901291230777 0.3416680508769224
0.39863424133626063 0.7469065171287562 0.39863424133626063
0.3983335609789346 0.7474882248072352 0.44988938279881846
0.3983335609789346 0.7474882248072353 0.5001106172011819
0.39863424133626074 0.7469065171287561 0.5513657586637396
0.3989730831442878 0.7454901291230777 0.6083319491230775
0.3993070652375365 0.7434391463968177 0.677020269218548
0.44992661792834693 0.7437109373783808 0.27260400484483016
0.44989458980279934 0.7459477236283008 0.34121045637169967
0.44988938279881846 0.7474882248072352 0.3983335609789346
0.44984236558611657 0.7481595228466589 0.44984236558611657
0.4498423655861166 0.7481595228466589 0.5001576344138835
0.4498893827988184 0.7474882248072352 0.5516664390210656
0.4498945898027993 0.7459477236283006 0.6087895436283004
0.44992661792834693 0.7437109373783808 0.6773959951551698
0.500073382071653 0.7437109373783808 0.2726040048448302
0.5001054101972005 0.7459477236283008 0.3412104563716996
0.5001106172011818 0.7474882248072353 0.3983335609789346
0.5001576344138835 0.7481595228466589 0.44984236558611657
0.5001576344138835 0.7481595228466589 0.5001576344138835
0.5001106172011816 0.7474882248072352 0.5516664390210655
0.5001054101972006 0.7459477236283005 0.6087895436283004
0.500073382071653 0.7437109373783808 0.6773959951551697
0.5506929347624637 0.7434391463968177 0.27297973078145266
0.5510269168557121 0.7454901291230777 0.3416680508769225
0.5513657586637396 0.7469065171287561 0.39863424133626074
0.5516664390210655 0.7474882248072352 0.4498893827988184
0.5516664390210655 0.7474882248072352 0.5001106172011816
0.5513657586637396 0.7469065171287561 0.5513657586637396
0.5510269168557119 0.7454901291230777 0.6083319491230774
0.5506929347624637 0.7434391463968177 0.677020269218548
0.6052932254767771 0.7424514054767773 0.27474776484668656
0.607150688194259 0.7443088681942591 0.342849311805741
0.6083319491230775 0.7454901291230777 0.3989730831442878
0.6087895436283004 0.7459477236283006 0.4498945898027993
0.6087895436283004 0.7459477236283005 0.5001054101972006
0.6083319491230774 0.7454901291230777 0.5510269168557119
0.607150688194259 0.7443088681942591 0.607150688194259
0.6052932254767771 0.7424514054767772 0.6752522351533129
0.6720905821208211 0.7412192764874321 0.27790941787917883
0.6752522351533128 0.7424514054767773 0.3447067745232225
0.677020269218548 0.7434391463968177 0.3993070652375365
0.6773959951551698 0.7437109373783808 0.44992661792834693
0.6773959951551697 0.7437109373783808 0.500073382071653
0.677020269218548 0.7434391463968177 0.5506929347624637
0.6752522351533129 0.7424514054767772 0.6052932254767771
0.6720905821208211 0.7412192764874324 0.6720905821208211
0.2763061080285359 0.687729166341828 0.2763061080285359
0.27297973078145266 0.6878511147624639 0.34371903360318257
0.2711233254674699 0.6880435766249401 0.3991146033750604
0.2706771977406127 0.6882233616326072 0.44992138507420854
0.2706771977406127 0.6882233616326073 0.500078614925792
0.2711233254674699 0.6880435766249402 0.55088539662494
0.27297973078145266 0.687851114762464 0.6062809663968175
0.27630610802853595 0.687729166341828 0.6736938919714643
0.34371903360318257 0.6878511147624639 0.27297973078145266
0.34166805087692237 0.6881850968557125 0.34166805087692237
0.34025166287124387 0.6885239386637398 0.3986342413362608
0.3396699551927651 0.688824619021066 0.44988938279881835
0.3396699551927652 0.688824619021066 0.500110617201182
0.34025166287124387 0.6885239386637398 0.5513657586637396
0.3416680508769223 0.6881850968557123 0.6083319491230773
0.3437190336031827 0.6878511147624639 0.677020269218548
0.3991146033750604 0.6880435766249401 0.2711233254674699
0.3986342413362608 0.6885239386637398 0.34025166287124387
0.39824992685475896 0.6889082531452412 0.39824992685475896
0.39787526785953004 0.6892829121404702 0.449903810532394
0.3978752678595299 0.6892829121404702 0.5000961894676056
0.3982499268547591 0.6889082531452411 0.5517500731452408
0.3986342413362608 0.6885239386637397 0.609748337128756
0.3991146033750604 0.6880435766249401 0.6788766745325286
0.44992138507420854 0.6882233616326072 0.2706771977406127
0.44988938279881835 0.688824619021066 0.3396699551927651
0.449903810532394 0.6892829121404701 0.39787526785953004
0.4498490522693639 0.6897178453657997 0.4498490522693639
0.4498490522693639 0.6897178453657998 0.5001509477306364
0.449903810532394 0.6892829121404701 0.5521247321404699
0.44988938279881846 0.6888246190210658 0.610330044807235
0.4499213850742085 0.6882233616326073 0.6793228022593872
0.500078614925792 0.6882233616326073 0.2706771977406127
0.500110617201182 0.688824619021066 0.3396699551927652
0.5000961894676056 0.6892829121404702 0.39787526785952987
0.5001509477306364 0.6897178453657997 0.4498490522693639
0.5001509477306364 0.6897178453657998 0.5001509477306364
0.5000961894676058 0.6892829121404701 0.55212473214047
0.5001106172011816 0.6888246190210657 0.610330044807235
0.500078614925792 0.6882233616326072 0.6793228022593873
0.55088539662494 0.6880435766249402 0.2711233254674699
0.5513657586637396 0.6885239386637398 0.34025166287124387
0.5517500731452408 0.6889082531452411 0.3982499268547591
0.5521247321404699 0.6892829121404701 0.449903810532394
0.55212473214047 0.6892829121404701 0.5000961894676057
0.5517500731452408 0.6889082531452411 0.5517500731452408
0.5513657586637395 0.6885239386637397 0.609748337128756
0.55088539662494 0.6880435766249402 0.6788766745325288
0.6062809663968175 0.687851114762464 0.27297973078145266
0.6083319491230773 0.6881850968557123 0.3416680508769223
0.609748337128756 0.6885239386637397 0.3986342413362608
0.610330044807235 0.6888246190210658 0.44988938279881846
0.610330044807235 0.6888246190210657 0.5001106172011816
0.609748337128756 0.6885239386637397 0.5513657586637395
0.6083319491230774 0.6881850968557123 0.6083319491230774
0.6062809663968175 0.6878511147624639 0.677020269218548
0.6736938919714643 0.687729166341828 0.2763061080285359
0.677020269218548 0.687851114762464 0.3437190336031826
0.6788766745325286 0.6880435766249401 0.3991146033750604
0.6793228022593872 0.6882233616326073 0.4499213850742085
0.6793228022593873 0.6882233616326072 0.500078614925792
0.6788766745325288 0.6880435766249402 0.55088539662494
0.677020269218548 0.6878511147624639 0.6062809663968175
0.6736938919714642 0.687729166341828 0.6736938919714642
0.2760562981487405 0.637211195708198 0.2760562981487405
0.27260400484483027 0.6372315620716528 0.34344724262161974
0.27067719774061266 0.637236794925792 0.39893481836739336
0.2701829013084971 0.6372618181967814 0.44989636180321896
0.2701829013084973 0.6372618181967814 0.5001036381967813
0.2706771977406127 0.637236794925792 0.5510651816326071
0.27260400484483016 0.6372315620716529 0.6065527573783807
0.2760562981487405 0.6372111957081978 0.6739437018512596
0.34344724262161974 0.6372315620716528 0.27260400484483027
0.3412104563716996 0.6372635901972008 0.3412104563716996
0.3396699551927651 0.6372687972011823 0.39833356097893435
0.3389986571533415 0.6373158144138836 0.44984236558611657
0.3389986571533415 0.6373158144138836 0.5001576344138835
0.33966995519276516 0.6372687972011823 0.5516664390210657
0.34121045637169967 0.6372635901972008 0.6087895436283004
0.34344724262161974 0.637231562071653 0.6773959951551696
0.39893481836739336 0.637236794925792 0.27067719774061266
0.39833356097893435 0.6372687972011823 0.3396699551927651
0.39787526785952987 0.6372543694676062 0.3978752678595299
0.3974403346342001 0.6373091277306366 0.4498490522693638
0.39744033463420003 0.6373091277306366 0.5001509477306364
0.39787526785953 0.6372543694676062 0.5521247321404699
0.39833356097893446 0.6372687972011822 0.610330044807235
0.3989348183673934 0.6372367949257919 0.6793228022593876
0.44989636180321896 0.6372618181967814 0.27018290130849715
0.44984236558611657 0.6373158144138836 0.3389986571533415
0.4498490522693638 0.6373091277306366 0.3974403346342001
0.4497812886959918 0.6373768913040082 0.4497812886959918
0.4497812886959918 0.6373768913040082 0.500218711304008
0.4498490522693638 0.6373091277306365 0.5525596653657996
0.44984236558611657 0.6373158144138836 0.6110013428466586
0.44989636180321896 0.6372618181967814 0.679817098691503
0.5001036381967813 0.6372618181967814 0.2701829013084973
0.5001576344138835 0.6373158144138836 0.3389986571533415
0.5001509477306364 0.6373091277306366 0.39744033463420003
0.5002187113040081 0.6373768913040082 0.4497812886959918
0.5002187113040081 0.6373768913040082 0.5002187113040081
0.5001509477306364 0.6373091277306366 0.5525596653657996
0.5001576344138835 0.6373158144138836 0.6110013428466586
0.5001036381967813 0.6372618181967814 0.679817098691503
0.5510651816326071 0.637236794925792 0.2706771977406127
0.5516664390210657 0.6372687972011823 0.3396699551927652
0.5521247321404699 0.6372543694676062 0.3978752678595299
0.5525596653657996 0.6373091277306365 0.4498490522693638
0.5525596653657996 0.6373091277306365 0.5001509477306364
0.5521247321404699 0.6372543694676062 0.5521247321404699
0.5516664390210656 0.637268797201182 0.610330044807235
0.551065181632607 0.637236794925792 0.6793228022593873
0.6065527573783807 0.6372315620716529 0.27260400484483027
0.6087895436283005 0.6372635901972008 0.34121045637169967
0.6103300448072351 0.6372687972011822 0.39833356097893446
0.6110013428466586 0.6373158144138836 0.44984236558611657
0.6110013428466586 0.6373158144138836 0.5001576344138835
0.610330044807235 0.6372687972011821 0.5516664390210656
0.6087895436283003 0.6372635901972009 0.6087895436283003
0.6065527573783807 0.637231562071653 0.6773959951551696
0.6739437018512596 0.6372111957081978 0.27605629814874055
0.6773959951551698 0.637231562071653 0.34344724262161974
0.6793228022593876 0.637236794925792 0.3989348183673934
0.679817098691503 0.6372618181967814 0.44989636180321896
0.679817098691503 0.6372618181967814 0.5001036381967813
0.6793228022593873 0.637236794925792 0.5510651816326071
0.6773959951551697 0.637231562071653 0.6065527573783807
0.6739437018512597 0.6372111957081977 0.6739437018512597
0.2760562981487405 0.5871051642918025 0.2760562981487405
0.27260400484483027 0.5870847979283477 0.34344724262161974
0.27067719774061266 0.5870795650742086 0.39893481836739336
0.2701829013084971 0.587054541803219 0.44989636180321885
0.2701829013084972 0.587054541803219 0.5001036381967813
0.2706771977406127 0.5870795650742084 0.5510651816326071
0.27260400484483016 0.5870847979283476 0.6065527573783807
0.27605629814874044 0.5871051642918026 0.6739437018512596
0.34344724262161974 0.5870847979283477 0.27260400484483027
0.34121045637169967 0.5870527698027996 0.34121045637169967
0.3396699551927651 0.5870475627988181 0.39833356097893435
0.3389986571533415 0.5870005455861168 0.44984236558611657
0.3389986571533415 0.5870005455861168 0.5001576344138835
0.3396699551927652 0.5870475627988181 0.5516664390210657
0.34121045637169967 0.5870527698027996 0.6087895436283003
0.34344724262161974 0.5870847979283474 0.6773959951551696
0.39893481836739336 0.5870795650742086 0.27067719774061266
0.39833356097893435 0.5870475627988181 0.3396699551927651
0.3978752678595299 0.5870619905323943 0.3978752678595299
0.3974403346342001 0.5870072322693639 0.4498490522693638
0.3974403346342001 0.5870072322693638 0.5001509477306364
0.39787526785953 0.5870619905323943 0.5521247321404699
0.3983335609789345 0.5870475627988183 0.610330044807235
0.3989348183673934 0.5870795650742086 0.6793228022593873
0.44989636180321885 0.587054541803219 0.27018290130849715
0.44984236558611657 0.5870005455861168 0.33899865715334154
0.4498490522693638 0.5870072322693639 0.3974403346342001
0.4497812886959918 0.5869394686959922 0.4497812886959918
0.449781288695992 0.5869394686959922 0.500218711304008
0.4498490522693638 0.5870072322693639 0.5525596653657996
0.44984236558611657 0.5870005455861168 0.6110013428466586
0.44989636180321896 0.587054541803219 0.679817098691503
0.5001036381967813 0.587054541803219 0.27018290130849715
0.5001576344138835 0.5870005455861168 0.3389986571533415
0.5001509477306364 0.5870072322693638 0.3974403346342001
0.500218711304008 0.5869394686959922 0.4497812886959918
0.500218711304008 0.5869394686959922 0.500218711304008
0.5001509477306364 0.5870072322693639 0.5525596653657996
0.5001576344138835 0.5870005455861168 0.6110013428466586
0.5001036381967813 0.587054541803219 0.679817098691503
0.5510651816326071 0.5870795650742084 0.2706771977406127
0.5516664390210657 0.5870475627988182 0.3396699551927652
0.5521247321404699 0.5870619905323943 0.39787526785953
0.5525596653657996 0.5870072322693639 0.4498490522693638
0.5525596653657996 0.5870072322693639 0.5001509477306364
0.5521247321404699 0.5870619905323943 0.5521247321404699
0.5516664390210656 0.5870475627988184 0.6103300448072349
0.551065181632607 0.5870795650742084 0.6793228022593873
0.6065527573783807 0.5870847979283476 0.2726040048448301
0.6087895436283004 0.5870527698027996 0.34121045637169967
0.6103300448072351 0.5870475627988184 0.39833356097893446
0.6110013428466586 0.5870005455861168 0.44984236558611657
0.6110013428466586 0.5870005455861168 0.5001576344138835
0.610330044807235 0.5870475627988184 0.5516664390210656
0.6087895436283003 0.5870527698027995 0.6087895436283003
0.6065527573783807 0.5870847979283474 0.6773959951551696
0.6739437018512596 0.5871051642918026 0.27605629814874044
0.6773959951551698 0.5870847979283474 0.34344724262161974
0.6793228022593873 0.5870795650742084 0.3989348183673934
0.679817098691503 0.587054541803219 0.44989636180321896
0.679817098691503 0.587054541803219 0.5001036381967813
0.6793228022593873 0.5870795650742084 0.5510651816326071
0.6773959951551697 0.5870847979283474 0.6065527573783807
0.6739437018512597 0.5871051642918027 0.6739437018512597
0.2763061080285359 0.5365871936581724 0.2763061080285359
0.27297973078145266 0.5364652452375367 0.3437190336031826
0.2711233254674699 0.5362727833750603 0.3991146033750604
0.2706771977406127 0.5360929983673933 0.4499213850742086
0.2706771977406127 0.5360929983673932 0.500078614925792
0.2711233254674699 0.5362727833750602 0.55088539662494
0.27297973078145266 0.5364652452375366 0.6062809663968175
0.27630610802853595 0.5365871936581725 0.6736938919714643
0.3437190336031826 0.5364652452375367 0.27297973078145266
0.34166805087692237 0.5361312631442882 0.34166805087692237
0.34025166287124387 0.5357924213362605 0.3986342413362608
0.3396699551927651 0.5354917409789346 0.44988938279881835
0.33966995519276516 0.5354917409789346 0.500110617201182
0.34025166287124387 0.5357924213362606 0.5513657586637396
0.34166805087692237 0.5361312631442883 0.6083319491230773
0.3437190336031827 0.5364652452375366 0.677020269218548
0.39911460337506044 0.5362727833750603 0.2711233254674699
0.3986342413362608 0.5357924213362605 0.34025166287124387
0.398249926854759 0.5354081068547594 0.398249926854759
0.39787526785953 0.5350334478595303 0.4499038105323939
0.3978752678595299 0.5350334478595303 0.5000961894676056
0.3982499268547591 0.5354081068547594 0.5517500731452408
0.39863424133626074 0.5357924213362606 0.609748337128756
0.39911460337506044 0.5362727833750605 0.6788766745325288
0.44992138507420854 0.5360929983673933 0.2706771977406127
0.44988938279881835 0.5354917409789346 0.3396699551927651
0.449903810532394 0.5350334478595303 0.39787526785953
0.44984905226936384 0.5345985146342007 0.44984905226936384
0.44984905226936384 0.5345985146342007 0.5001509477306364
0.449903810532394 0.5350334478595304 0.55212473214047
0.44988938279881846 0.5354917409789348 0.610330044807235
0.4499213850742085 0.5360929983673931 0.6793228022593872
0.500078614925792 0.5360929983673932 0.2706771977406127
0.500110617201182 0.5354917409789346 0.3396699551927651
0.5000961894676056 0.5350334478595302 0.3978752678595299
0.5001509477306364 0.5345985146342006 0.44984905226936384
0.5001509477306364 0.5345985146342006 0.5001509477306364
0.5000961894676057 0.5350334478595303 0.55212473214047
0.5001106172011818 0.5354917409789347 0.610330044807235
0.500078614925792 0.5360929983673932 0.6793228022593872
0.55088539662494 0.5362727833750603 0.2711233254674699
0.5513657586637396 0.5357924213362606 0.3402516628712439
0.5517500731452408 0.5354081068547594 0.3982499268547591
0.55212473214047 0.5350334478595304 0.449903810532394
0.55212473214047 0.5350334478595304 0.5000961894676057
0.5517500731452408 0.5354081068547594 0.5517500731452408
0.5513657586637395 0.5357924213362607 0.609748337128756
0.55088539662494 0.5362727833750603 0.6788766745325288
0.6062809663968175 0.5364652452375366 0.27297973078145266
0.6083319491230773 0.5361312631442884 0.3416680508769223
0.609748337128756 0.5357924213362606 0.39863424133626074
0.610330044807235 0.5354917409789348 0.44988938279881846
0.610330044807235 0.5354917409789348 0.5001106172011817
0.609748337128756 0.5357924213362607 0.5513657586637395
0.6083319491230774 0.5361312631442883 0.6083319491230774
0.6062809663968175 0.5364652452375367 0.677020269218548
0.6736938919714643 0.5365871936581725 0.27630610802853595
0.677020269218548 0.5364652452375366 0.3437190336031827
0.6788766745325286 0.5362727833750605 0.39911460337506044
0.6793228022593875 0.5360929983673932 0.4499213850742085
0.6793228022593872 0.5360929983673931 0.500078614925792
0.6788766745325288 0.5362727833750603 0.55088539662494
0.677020269218548 0.5364652452375366 0.6062809663968175
0.6736938919714642 0.5365871936581725 0.6736938919714642
0.27790941787917883 0.4830970835125685 0.27790941787917883
0.27474776484668656 0.48186495452322303 0.34470677452322257
0.2729797307814526 0.4808772136031827 0.3993070652375365
0.27260400484483016 0.4806054226216199 0.44992661792834693
0.2726040048448302 0.4806054226216197 0.500073382071653
0.27297973078145266 0.4808772136031828 0.5506929347624636
0.27474776484668656 0.48186495452322303 0.6052932254767771
0.27790941787917883 0.4830970835125684 0.6720905821208211
0.34470677452322257 0.48186495452322303 0.27474776484668656
0.34284931180574096 0.4800074918057414 0.34284931180574096
0.3416680508769225 0.4788262308769231 0.3989730831442878
0.3412104563716996 0.4783686363716999 0.44989458980279934
0.3412104563716996 0.47836863637169996 0.5001054101972005
0.3416680508769225 0.4788262308769231 0.5510269168557123
0.34284931180574096 0.4800074918057414 0.607150688194259
0.34470677452322257 0.48186495452322303 0.6752522351533128
0.3993070652375365 0.4808772136031827 0.2729797307814526
0.3989730831442878 0.4788262308769231 0.3416680508769225
0.39863424133626063 0.4774098428712443 0.39863424133626063
0.3983335609789346 0.4768281351927654 0.44988938279881846
0.3983335609789345 0.4768281351927655 0.5001106172011819
0.39863424133626074 0.4774098428712443 0.5513657586637396
0.39897308314428787 0.478826230876923 0.6083319491230775
0.3993070652375365 0.4808772136031827 0.677020269218548
0.44992661792834693 0.4806054226216198 0.27260400484483016
0.44989458980279934 0.4783686363716999 0.3412104563716996
0.44988938279881846 0.4768281351927654 0.3983335609789345
0.44984236558611657 0.4761568371533418 0.44984236558611657
0.44984236558611657 0.4761568371533418 0.5001576344138835
0.44988938279881846 0.4768281351927655 0.5516664390210655
0.4498945898027993 0.4783686363717001 0.6087895436283003
0.44992661792834693 0.4806054226216198 0.6773959951551698
0.500073382071653 0.4806054226216198 0.2726040048448302
0.5001054101972005 0.47836863637169996 0.3412104563716996
0.5001106172011819 0.4768281351927655 0.3983335609789345
0.5001576344138835 0.4761568371533418 0.44984236558611657
0.5001576344138835 0.4761568371533418 0.5001576344138835
0.5001106172011819 0.4768281351927655 0.5516664390210655
0.5001054101972005 0.4783686363717001 0.6087895436283003
0.500073382071653 0.4806054226216197 0.6773959951551697
0.5506929347624636 0.4808772136031828 0.27297973078145266
0.5510269168557123 0.4788262308769231 0.3416680508769225
0.5513657586637396 0.4774098428712443 0.3986342413362608
0.5516664390210656 0.4768281351927655 0.44988938279881846
0.5516664390210655 0.4768281351927655 0.5001106172011819
0.5513657586637395 0.4774098428712444 0.5513657586637395
0.5510269168557123 0.478826230876923 0.6083319491230775
0.5506929347624636 0.4808772136031828 0.677020269218548
0.6052932254767771 0.48186495452322303 0.27474776484668656
0.607150688194259 0.4800074918057414 0.34284931180574096
0.6083319491230775 0.478826230876923 0.39897308314428787
0.6087895436283004 0.47836863637170013 0.4498945898027993
0.6087895436283003 0.47836863637170013 0.5001054101972005
0.6083319491230775 0.478826230876923 0.5510269168557123
0.607150688194259 0.4800074918057414 0.607150688194259
0.6052932254767771 0.48186495452322303 0.6752522351533129
0.6720905821208211 0.4830970835125684 0.27790941787917883
0.6752522351533128 0.48186495452322303 0.34470677452322257
0.677020269218548 0.4808772136031827 0.3993070652375365
0.6773959951551698 0.4806054226216197 0.44992661792834693
0.6773959951551697 0.4806054226216197 0.500073382071653
0.677020269218548 0.4808772136031828 0.5506929347624636
0.6752522351533129 0.48186495452322303 0.6052932254767771
0.6720905821208211 0.4830970835125683 0.6720905821208211
0.2813003748882954 0.41845855488829575 0.2813003748882954
0.27790941787917883 0.41506759787917946 0.34593890351256823
0.2763061080285359 0.4134642880285358 0.39942901365817224
0.27605629814874044 0.4132144781487409 0.44994698429180313
0.27605629814874044 0.413214478148741 0.5000530157081972
0.2763061080285359 0.4134642880285358 0.5505709863418278
0.27790941787917883 0.41506759787917946 0.6040610964874319
0.2813003748882954 0.41845855488829575 0.6686996251117044
0.34593890351256823 0.41506759787917946 0.27790941787917883
0.34470677452322246 0.4119059448466874 0.34470677452322246
0.34371903360318246 0.4101379107814528 0.3993070652375365
0.3434472426216198 0.40976218484483085 0.449926617928347
0.3434472426216198 0.409762184844831 0.500073382071653
0.34371903360318246 0.4101379107814528 0.5506929347624636
0.34470677452322257 0.41190594484668736 0.6052932254767771
0.34593890351256806 0.41506759787917946 0.6720905821208211
0.39942901365817224 0.4134642880285358 0.2763061080285359
0.3993070652375365 0.4101379107814528 0.34371903360318246
0.39911460337506033 0.408281505467471 0.39911460337506033
0.39893481836739336 0.4078353777406126 0.4499213850742085
0.39893481836739336 0.4078353777406126 0.500078614925792
0.39911460337506044 0.408281505467471 0.5508853966249398
0.3993070652375365 0.4101379107814528 0.6062809663968176
0.3994290136581722 0.41346428802853585 0.6736938919714643
0.44994698429180313 0.4132144781487409 0.27605629814874044
0.449926617928347 0.40976218484483085 0.3434472426216198
0.4499213850742085 0.4078353777406126 0.39893481836739336
0.4498963618032189 0.4073410813084974 0.4498963618032189
0.44989636180321896 0.4073410813084974 0.5001036381967813
0.4499213850742085 0.40783537774061274 0.5510651816326072
0.44992661792834693 0.4097621848448309 0.6065527573783807
0.4499469842918032 0.4132144781487408 0.6739437018512597
0.5000530157081972 0.413214478148741 0.27605629814874044
0.500073382071653 0.409762184844831 0.3434472426216198
0.500078614925792 0.4078353777406126 0.39893481836739336
0.5001036381967813 0.4073410813084974 0.44989636180321896
0.5001036381967813 0.4073410813084974 0.5001036381967813
0.500078614925792 0.40783537774061274 0.5510651816326071
0.500073382071653 0.409762184844831 0.6065527573783807
0.5000530157081972 0.4132144781487409 0.6739437018512596
0.5505709863418278 0.4134642880285358 0.2763061080285359
0.5506929347624636 0.4101379107814528 0.34371903360318246
0.5508853966249398 0.408281505467471 0.39911460337506044
0.5510651816326072 0.40783537774061274 0.44992138507420854
0.5510651816326071 0.40783537774061274 0.500078614925792
0.55088539662494 0.408281505467471 0.55088539662494
0.5506929347624636 0.4101379107814528 0.6062809663968175
0.5505709863418278 0.4134642880285358 0.6736938919714643
0.6040610964874319 0.41506759787917946 0.27790941787917883
0.6052932254767771 0.41190594484668736 0.34470677452322257
0.6062809663968176 0.4101379107814528 0.3993070652375365
0.6065527573783807 0.4097621848448309 0.44992661792834693
0.6065527573783807 0.409762184844831 0.500073382071653
0.6062809663968175 0.4101379107814528 0.5506929347624636
0.6052932254767771 0.41190594484668713 0.6052932254767771
0.604061096487432 0.4150675978791795 0.6720905821208211
0.6686996251117044 0.41845855488829575 0.28130037488829546
0.6720905821208211 0.41506759787917946 0.3459389035125681
0.6736938919714643 0.4134642880285358 0.3994290136581722
0.6739437018512597 0.4132144781487408 0.4499469842918032
0.6739437018512596 0.4132144781487409 0.5000530157081972
0.6736938919714643 0.4134642880285358 0.5505709863418278
0.6720905821208211 0.4150675978791795 0.604061096487432
0.6686996251117044 0.41845855488829575 0.6686996251117044
