512
0.27344124559912547 2.581145976629013E-6 0.27344124559912464
0.21622317013173237 0.0409174664136598 0.2910472636909619
0.27003637627073623 2.084779233951571E-4 0.35104624123484085
0.23944822631306978 2.1390388984560257E-5 0.43673361515344095
0.23806131342372222 0.001155409395962319 0.5191230782017008
0.2724986703525638 7.033951049452956E-5 0.6030519775801392
0.27571603407296763 3.573853432454974E-4 0.6859251709031476
0.29513496647736454 1.5753676534323425E-5 0.7165806052120208
0.29104726369096334 0.04091746641367274 0.21622317013172765
0.26830973823102994 0.01829957205391874 0.2683097382310308
0.3352474903122387 0.007060262743726196 0.3347884934011312
0.3176831505604917 0.021253911848084495 0.42475643741233554
0.28853288971202085 0.025869214771943722 0.5358465414856035
0.32617988703725115 0.008228799504454081 0.6070047566594577
0.27309583446658237 0.02009746994385744 0.6781681609875079
0.295187874433767 0.024369216922744012 0.7355018417598334
0.35104624123484174 2.0847792341667707E-4 0.2700363762707335
0.3347884934011312 0.007060262743724834 0.3352474903122394
0.3408917828587386 0.0030070965269121605 0.34089178285873933
0.3444069491238213 0.007338030401707662 0.43788097403787796
0.3425561385848725 0.0082178984579135 0.5163110691866069
0.3364860203722652 0.007814130852266996 0.6057523360695306
0.3334670111390813 0.00805610671249167 0.6165794350589742
0.3649830412323562 0.012104955786739018 0.764353094352638
0.4367336151534404 2.1390388996551967E-5 0.23944822631306265
0.4247564374123388 0.021253911848077754 0.31768315056049834
0.4378809740378783 0.007338030401701766 0.34440694912382325
0.42928560023511164 0.004883165486393115 0.42928560023511325
0.42809480966240526 0.006908319091402662 0.5185831079547428
0.429309766899206 0.017968938544411804 0.6206726327466868
0.4262253506234201 1.0029468607572017E-4 0.6168898034831511
0.4450822866444955 0.04311272041214386 0.7826718719808474
0.5191230782017014 0.001155409395960418 0.2380613134237249
0.5358465414856117 0.02586921477197169 0.288532889712039
0.5163110691866064 0.008217898457917538 0.3425561385848718
0.5185831079547379 0.00690831909140969 0.42809480966240593
0.5176078284882258 0.015979393506763463 0.5176078284882246
0.5119109067259724 0.015658720270372142 0.6126265901321215
0.51562022524063 2.724005289219987E-4 0.6138032582637759
0.5032769554624008 0.033445961692323854 0.770853216858427
0.603051977580139 7.033951048108109E-5 0.2724986703525677
0.6070047566594642 0.008228799504461506 0.32617988703724665
0.6057523360695406 0.00781413085226566 0.3364860203722594
0.6206726327466838 0.017968938544394852 0.42930976689921085
0.6126265901321379 0.0156587202703943 0.5119109067259757
0.6057619602862179 0.009988411847194782 0.6057619602862186
0.5956770068402812 0.01748381046917335 0.65861268172284
0.589695334447232 0.016849086557123402 0.7642442855097514
0.6859251709031521 3.5738534324376847E-4 0.27571603407296885
0.6781681609875091 0.020097469943862314 0.27309583446658164
0.6165794350589703 0.008056106712515824 0.3334670111390751
0.6168898034831547 1.0029468608048489E-4 0.4262253506234268
0.6138032582637897 2.7240052893939294E-4 0.515620225240636
0.6586126817228489 0.017483810469184586 0.5956770068402738
0.6486555333059444 2.0632285280866762E-4 0.6486555333059542
0.6538071557130376 0.03140136870766433 0.7360160621388661
0.7165806052120088 1.575367651555636E-5 0.29513496647736076
0.7355018417598355 0.02436921692274033 0.29518787443376926
0.7643530943526387 0.012104955786741726 0.36498304123235614
0.7826718719808409 0.04311272041216312 0.4450822866445047
0.7708532168584551 0.033445961692318595 0.5032769554624091
0.7642442855097501 0.01684908655713314 0.5896953344472373
0.7360160621388666 0.03140136870766372 0.653807155713042
0.7374737563880615 0.02746503551008048 0.7374737563880613
0.20410195853432925 3.349533490564372E-5 0.2041019585343311
0.15084246225459672 0.010731090365640746 0.2752655429299626
0.14995994202291976 0.056390209815563995 0.3898965888485078
0.3193060526882806 4.0255581639616E-5 0.4254399044502794
0.3306169858703569 6.573059111917564E-5 0.5209362254587283
0.15318350962569013 0.04853353569172831 0.5607297012115539
0.20601761498914348 0.02514420348281001 0.6598384046523675
0.2141048785601397 1.735589593575214E-4 0.7275531602460678
0.27526554292996097 0.010731090365632768 0.15084246225459647
0.26749019401045204 0.022096220430401346 0.26749019401045326
0.3344242576391989 4.731173073854621E-6 0.33634451848164576
0.3285803848992243 3.210452679722512E-5 0.4290090055994236
0.33513370472629317 0.007233432444199811 0.5178215540282403
0.3259958232524173 1.8447392406645705E-5 0.6049648449809258
0.27228973205763884 0.022498190593769833 0.6810491522226481
0.27287114209101904 0.03473383709080641 0.8050650464045136
0.38989658884851236 0.056390209815561164 0.1499599420229215
0.33634451848164654 4.7311730728739706E-6 0.33442425763919764
0.3433781891644099 0.016636236885226384 0.3433781891644101
0.32641447235534143 7.569800019361601E-4 0.42891185195254217
0.3332643228398901 0.0017324197035938915 0.5175102957464713
0.3402453921885419 0.01838579790711579 0.6045254109445469
0.3382344820975744 2.010457639631033E-4 0.62462336106957
0.3494188502305514 0.03013410560193249 0.8581524153015733
0.4254399044502784 4.025558163792345E-5 0.31930605268828105
0.42900900559942423 3.2104526794628105E-5 0.32858038489922425
0.4289118519525422 7.569800019329E-4 0.3264144723553401
0.43016401349791417 6.163726837243462E-5 0.43016401349791494
0.4290143976043014 5.401349623354167E-5 0.5181840902179231
0.4248504281992132 1.2491822639349088E-4 0.6182353517991716
0.42728898769077966 9.485717594201113E-5 0.6424230050586196
0.4349923424348354 1.7884418427384667E-7 0.7061046233623551
0.5209362254587284 6.573059112082721E-5 0.33061698587035854
0.517821554028241 0.007233432444208954 0.335133704726289
0.5175102957464728 0.0017324197035964901 0.3332643228398854
0.5181840902179198 5.40134962361031E-5 0.4290143976043014
0.5174881363292886 0.010388671533188997 0.5174881363292875
0.5204177431351202 1.0825076797490863E-4 0.614814744385538
0.5361328089972136 3.0445335513062927E-6 0.6418507764741203
0.5091862924993317 5.861030546275057E-6 0.7349084619500237
0.5607297012115564 0.04853353569172538 0.1531835096256918
0.604964844980929 1.844739241395745E-5 0.32599582325241716
0.604525410944554 0.018385797907125287 0.3402453921885393
0.6182353517991699 1.2491822638590353E-4 0.42485042819921215
0.6148147443855525 1.082507679953871E-4 0.5204177431351232
0.5813451125383864 0.024732448734416653 0.5813451125383886
0.6005763961611542 9.468064597023838E-5 0.6510595132271775
0.6002025897124191 0.027669557714761293 0.8615732023537827
0.6598384046523638 0.02514420348281002 0.20601761498914237
0.6810491522226502 0.022498190593779034 0.27228973205763796
0.6246233610695682 2.0104576398873427E-4 0.3382344820975767
0.6424230050586209 9.485717593479403E-5 0.4272889876907851
0.6418507764741058 3.0445335675162095E-6 0.5361328089972194
0.6510595132271636 9.468064583902189E-5 0.600576396161166
0.681220772387213 0.04219283668211771 0.681220772387218
0.6759974652865384 0.030303203570905237 0.8070836696195058
0.72755316024607 1.7355895938452078E-4 0.2141048785601383
0.8050650464045118 0.03473383709080883 0.2728711420910193
0.8581524153015808 0.0301341056019331 0.3494188502305503
0.7061046233623628 1.7884418257378378E-7 0.43499234243483437
0.734908461949918 5.8610305435380495E-6 0.5091862924993655
0.8615732023537768 0.02766955771476389 0.6002025897124094
0.8070836696195088 0.030303203570904748 0.6759974652865369
0.7221315712298477 6.190139541237734E-5 0.7221315712298476
0.14485038630736233 0.029137215853565535 0.14485038630736177
0.1515744733682578 0.003201312885878069 0.276243883395068
0.1516138419101581 0.002095721601082839 0.36627033116428637
0.25926392126293063 5.319431540298126E-7 0.4359628490832859
0.26483211043871735 7.005517140081877E-5 0.516889020773057
0.14788657582497755 0.001597916184797478 0.5766245867198548
0.16402387540941354 0.03646061132040279 0.6515081112727428
0.15525106836476574 0.04003360313589198 0.8013185413082116
0.2762438833950662 0.003201312885872115 0.1515744733682576
0.2664220131297245 3.8593079491306526E-4 0.2664220131297235
0.2613508133904267 0.038968805218303204 0.35652331895720957
0.23123531412520965 0.04932570617846367 0.4343703917488923
0.23487673732832373 0.04116931580372169 0.5215099525188104
0.24731639928838461 0.051492630191780714 0.608062115338426
0.27781550430512064 3.7058725880977413E-6 0.6835853503980226
0.2708354978826153 0.005773278765268694 0.8044152874978308
0.36627033116428476 0.0020957216010811823 0.1516138419101568
0.35652331895720585 0.03896880521829682 0.26135081339042865
0.3665092971506855 0.030855439051307294 0.3665092971506847
0.33520055985410546 4.267652218300881E-5 0.42776444406953734
0.3355263211984897 1.223363600217069E-5 0.5197664631874295
0.363966376912823 0.02534492474582523 0.5862151028873968
0.3580797208444369 0.041384858101120366 0.6818529681607038
0.3659820579789029 9.694839511375306E-6 0.7664560894812503
0.4359628490832861 5.319431549041098E-7 0.2592639212629292
0.4343703917488894 0.049325706178454776 0.2312353141252153
0.4277644440695368 4.267652218173577E-5 0.3352005598541043
0.42981237040107007 1.9924843564153196E-5 0.42981237040107056
0.4298162250902088 2.4021589894309804E-6 0.5186281897315417
0.40427631935980196 1.3859702452566068E-4 0.6145904847303305
0.43642502666054617 0.030581923081487623 0.7085556470108578
0.43533964295810723 7.002375548849622E-6 0.69390606135477
0.5168890207730563 7.00551713985539E-5 0.2648321104387166
0.5215099525188094 0.04116931580372997 0.23487673732832273
0.5197664631874301 1.2233636003996867E-5 0.335526321198488
0.5186281897315399 2.402158990915382E-6 0.42981622509020784
0.5164886472078081 2.539394228626161E-7 0.5164886472078065
0.5517559511045624 2.743693663157219E-4 0.6185322339880455
0.517531227439796 0.05820971300336033 0.6982361779466726
0.5169722658931711 3.578289073868327E-5 0.6850273453332626
0.5766245867198541 0.0015979161847978628 0.14788657582498285
0.6080621153384244 0.051492630191760085 0.24731639928838164
0.5862151028873326 0.02534492474590886 0.36396637691291034
0.614590484730332 1.3859702451850568E-4 0.40427631935979
0.6185322339880531 2.7436936631467537E-4 0.5517559511045605
0.5728003794972807 0.043774402894622366 0.5728003794972825
0.5957281081650992 0.017250911535369076 0.6571919566531434
0.5817849017684839 3.052969009277125E-5 0.7712631681491977
0.6515081112727437 0.03646061132040107 0.1640238754094187
0.6835853503980254 3.7058725914690578E-6 0.277815504305121
0.6818529681607054 0.04138485810110891 0.3580797208444377
0.7085556470108472 0.030581923081424565 0.43642502666054145
0.698236177946689 0.058209713003383415 0.5175312274397865
0.6571919566531402 0.0172509115354887 0.5957281081650838
0.6734672236652068 5.98706270189676E-5 0.6734672236652101
0.6762065961920606 0.002461384646964366 0.8052322714707776
0.8013185413082133 0.040033603135899015 0.15525106836476377
0.8044152874978329 0.005773278765275064 0.2708354978826166
0.7664560894812547 9.694839515438296E-6 0.3659820579789037
0.6939060613547741 7.002375553165431E-6 0.43533964295810806
0.6850273453332533 3.5782890743668756E-5 0.5169722658931726
0.7712631681491987 3.052969010481924E-5 0.5817849017684855
0.8052322714707799 0.0024613846469622416 0.6762065961920607
0.789168038189507 0.04696205682168641 0.7891680381895069
0.15033256564602324 0.003045593967821626 0.15033256564602412
0.1522117799216599 0.0038045600127432754 0.2771496775261571
0.17048227716261494 1.0202610679101867E-4 0.3695151126798679
0.1147861347952946 0.0010326777489847634 0.4328821684608506
0.11910407479728931 7.735894134046788E-5 0.5114384737235844
0.15602306928406887 2.913403864627781E-5 0.5799768421532133
0.12919236046955299 0.026141595002906623 0.6595066898285546
0.149015966698304 0.008709154587636853 0.7986892519919532
0.27714967752615466 0.0038045600127428743 0.15221177992165932
0.27109697999117266 8.798456685097026E-7 0.27109697999117227
0.2598815744821744 0.0528171274140569 0.3530114885921255
0.22840727742147307 0.04290844219287287 0.4356304303799266
0.2360095378737521 0.026194091361191274 0.5203702156395222
0.24879333686756938 0.058852195761036355 0.6091687200702809
0.2796287700754742 1.6753352925067077E-5 0.68141361433111
0.2734840419592517 0.001240682473269791 0.8009683838652354
0.3695151126798661 1.0202610679013826E-4 0.1704822771626158
0.3530114885921227 0.05281712741405989 0.2598815744821748
0.38649115486438496 0.05910559802371351 0.3864911548643833
0.38316367355706427 0.07496341473168454 0.4766286782075894
0.38390725834660683 0.0760873750957915 0.4741960492460547
0.39078711325218257 0.059991251792610514 0.5622148852602965
0.35713507735678096 0.05713648381065675 0.6822370046795093
0.3664952547101256 1.2888770382737315E-5 0.7643853846674747
0.43288216846086824 0.001032677748980311 0.11478613479533917
0.43563043037992344 0.04290844219285785 0.2284072774214888
0.476628678207588 0.07496341473168172 0.38316367355706066
0.4300799445219498 2.87903362513776E-5 0.4300799445219501
0.42987333332734823 3.1637244457274E-5 0.5181314472504139
0.4775564677539299 0.07372350560131383 0.5758579347833304
0.43566835562650125 0.023991601583646688 0.7107745063813986
0.4299300697653095 2.5069770858073544E-5 0.8393292389252314
0.5114384737236015 7.73589413549863E-5 0.11910407479724341
0.5203702156395225 0.026194091361217475 0.23600953787375079
0.47419604924605324 0.0760873750957873 0.38390725834660283
0.5181314472504134 3.1637244457442484E-5 0.4298733333273468
0.5172717508524133 2.0502670021101245E-6 0.5172717508524116
0.47359951278395784 0.07379619958490949 0.5759681364343007
0.517466506176916 0.05587198677325543 0.6987179240581233
0.5140858889162956 2.0974696437189784E-5 0.8242335552732986
0.5799768421532105 2.9134038648737737E-5 0.15602306928407353
0.6091687200702812 0.058852195761034266 0.24879333686756966
0.562214885260302 0.0599912517925596 0.3907871132521777
0.5758579347833286 0.07372350560131434 0.4775564677539276
0.5759681364342958 0.0737961995849095 0.47359951278395407
0.5684124600403943 0.06379421971486325 0.5684124600403956
0.5951631517089726 0.05788500377416191 0.6975789286555975
0.5811187081012196 7.709649615800839E-7 0.7680036687189861
0.6595066898285566 0.02614159500290023 0.1291923604695519
0.6814136143311118 1.675335293129088E-5 0.27962877007547376
0.6822370046795126 0.05713648381066058 0.35713507735678485
0.7107745063813836 0.023991601583560795 0.4356683556264981
0.6987179240581444 0.05587198677327646 0.5174665061769061
0.6975789286555829 0.057885003774184325 0.5951631517089927
0.6735655877193123 2.5402853046664327E-4 0.6735655877193164
0.6753173236676587 0.0016858408905020314 0.8048429411205497
0.7986892519919531 0.008709154587628875 0.149015966698304
0.8009683838652342 0.0012406824732712823 0.27348404195925197
0.7643853846674782 1.288877038043592E-5 0.3664952547101274
0.839329238925242 2.5069770848787166E-5 0.4299300697653066
0.8242335552732506 2.0974696385376095E-5 0.5140858889162793
0.7680036687189844 7.709649677683542E-7 0.5811187081012205
0.8048429411205505 0.001685840890500539 0.6753173236676588
0.7984755321511415 0.01960656524256642 0.7984755321511412
0.15574365465702833 1.701896599933064E-5 0.15574365465702808
0.15673555853291532 6.000354159659814E-7 0.28046370056265185
0.19879374505400174 1.159407435994709E-4 0.3677863576616244
0.11721154937791992 5.0162317796436646E-5 0.430452263437174
0.1216449580195554 4.126049961051004E-5 0.517276699844686
0.19897918556588398 4.715443586659953E-5 0.5822073502890163
0.14502362862192963 1.1590822682270736E-4 0.6709829030058944
0.15340388574306885 6.175149478175972E-5 0.7945957922741789
0.2804637005626497 6.000354178911077E-7 0.15673555853291463
0.21619810410252172 0.0726293251413908 0.21619810410252305
0.257904665893464 0.060305783474152976 0.3462735428198993
0.22905624845260456 0.019809178255881223 0.43637898196099784
0.23754252634394452 0.005560876113466475 0.5193753321286668
0.24965173255210188 0.05126273429294958 0.6106457610531133
0.21118161146033787 0.06971465594455091 0.7249588748540897
0.2781906159901536 3.2464911250963704E-6 0.7822717237456206
0.3677863576616231 1.1594074359969682E-4 0.1987937450540008
0.34627354281989986 0.060305783474150595 0.25790466589346445
0.38605761677981054 0.06434813377400514 0.3860576167798095
0.36123951900174717 0.03054344520561024 0.4593291790840194
0.3784702343401314 0.06515783217773347 0.4780902310269543
0.3858578273389244 0.07079399868116847 0.5639512403178579
0.35141936264037144 0.05972112482621975 0.6843104046445225
0.3691691467149138 2.890500684525186E-6 0.7622411226382756
0.4304522634371759 5.016231779165927E-5 0.11721154937792379
0.4363789819609952 0.01980917825584473 0.22905624845262826
0.4593291790840429 0.030543445205642315 0.361239519001775
0.42945566035305366 8.643206712358102E-6 0.42945566035305377
0.4298629376048903 2.8926027206307384E-5 0.5180747383086387
0.47403630287918674 0.03751120514828482 0.5777905113334545
0.43534977530344005 0.0040118044026765535 0.7090351872134472
0.4312557408557676 2.4374185506751447E-5 0.8268386862004222
0.5172766998446895 4.126049961979914E-5 0.12164495801954738
0.5193753321286673 0.005560876113474462 0.23754252634394565
0.47809023102695414 0.0651578321777324 0.37847023434012966
0.5180747383086383 2.8926027206099624E-5 0.4298629376048896
0.5173664042759747 8.227838454357465E-7 0.5173664042759728
0.4753779503933524 0.05711372052043523 0.5781836439643672
0.5177000312470239 0.0515438421764375 0.6995333328960407
0.5156415033303665 4.546535532049399E-5 0.8173558473359751
0.5822073502890157 4.715443586692266E-5 0.19897918556588426
0.6106457610531139 0.05126273429295289 0.24965173255210243
0.563951240317859 0.07079399868116665 0.3858578273389242
0.577790511333456 0.03751120514826044 0.47403630287918463
0.5781836439643635 0.05711372052043425 0.47537795039335023
0.5664710270343689 0.06898143145639647 0.5664710270343712
0.6045581607460234 0.06187826496657346 0.7017144288120593
0.5800402281512886 5.6612308453751845E-5 0.7588581715690548
0.6709829030058908 1.1590822682239069E-4 0.14502362862193058
0.7249588748540922 0.0697146559445437 0.21118161146033707
0.6843104046445283 0.059721124826229995 0.3514193626403688
0.7090351872134416 0.004011804402642824 0.43534977530343777
0.6995333328960658 0.05154384217644966 0.5177000312470174
0.7017144288120429 0.06187826496654424 0.6045581607460215
0.6844343835472777 0.06349268007194162 0.6844343835472787
0.6734283641110516 3.740642802255893E-5 0.8015559198378776
0.7945957922741775 6.175149477850628E-5 0.15340388574306943
0.7822717237456183 3.2464911230869304E-6 0.27819061599015293
0.7622411226382791 2.8905006935976643E-6 0.3691691467149148
0.8268386862004302 2.437418550841132E-5 0.43125574085576657
0.8173558473359497 4.546535529917818E-5 0.5156415033303599
0.7588581715690522 5.6612308455373744E-5 0.580040228151291
0.8015559198378782 3.740642802042268E-5 0.6734283641110516
0.7999338335524947 1.504656628307438E-4 0.7999338335524946
0.16061901894679584 6.648158169232724E-6 0.16061901894679564
0.1592652918182084 1.4592351098798206E-5 0.2813866144831264
0.19694793597284904 1.3057211710678865E-5 0.36752795906863095
0.1005668812388998 4.744670880943167E-5 0.42581195057056637
0.07636384232943376 5.146522748161999E-8 0.5284172411290127
0.19705968776769411 8.308239542301236E-5 0.5829589671810725
0.14694546588535026 4.857631574899932E-5 0.6702756284562692
0.15752808490555664 8.912246617029786E-5 0.791235624780016
0.2813866144831241 1.459235110032229E-5 0.15926529181820775
0.21907760388129585 0.07777289549921287 0.2190776038812972
0.2667340389365793 0.059873692671484756 0.34643847340492734
0.23815682621839018 4.648126459606286E-4 0.4362721521098188
0.2384724370026353 0.0021343415345578052 0.5188779975218772
0.2532536561535203 0.04936242688226373 0.6096859808498964
0.21424670934012918 0.06842333818790085 0.7327070379665273
0.2783763079037866 2.2583546499095656E-6 0.7837573525337838
0.3675279590686299 1.305721171105986E-5 0.19694793597284788
0.34643847340492834 0.05987369267148347 0.26673403893657927
0.383967704442475 0.05352740260773103 0.38396770444247336
0.33116446235449637 4.974586107195643E-5 0.4302302907426019
0.33283051689409243 2.1632603632068916E-7 0.5175544951352296
0.38352732549665614 0.056766974632923496 0.5661730288680618
0.35556634416777194 0.03625699567188816 0.6822737405019523
0.3694903129500806 9.226970374132565E-6 0.7617769981717564
0.42581195057056354 4.7446708810584255E-5 0.10056688123889349
0.43627215210981884 4.648126459623152E-4 0.2381568262183867
0.43023029074260194 4.974586107424968E-5 0.3311644623544951
0.42788371015769866 9.89950575385096E-6 0.4278837101576986
0.42883575121580025 6.116569365520558E-5 0.5191671416019424
0.4284237538000837 1.3992535576491164E-4 0.6116800344633961
0.4350432325299196 7.052785499905225E-4 0.7062650167012107
0.4292137297679639 2.383208530664966E-5 0.8454650812230056
0.5284172411289912 5.14652028496681E-8 0.0763638423294771
0.5188779975218779 0.0021343415345613116 0.238472437002637
0.5175544951352316 2.163260327345414E-7 0.3328305168940903
0.519167141601942 6.11656936542575E-5 0.4288357512157995
0.5190616650746732 2.1181093999076195E-6 0.5190616650746731
0.5146562245528455 2.974320081131727E-5 0.6071288689197889
0.5206040512799193 4.342806609535917E-4 0.6999318827861919
0.5248702321500305 2.873524441212361E-5 0.8884726361870711
0.582958967181072 8.308239542351267E-5 0.19705968776769475
0.6096859808498974 0.049362426882268516 0.2532536561535192
0.566173028868064 0.05676697463292458 0.3835273254966558
0.6116800344633909 1.3992535576867182E-4 0.42842375380008985
0.6071288689197976 2.9743200810688868E-5 0.5146562245528514
0.5686370371434759 0.05667030035909472 0.5686370371434788
0.6078184974728021 0.054612966518283894 0.6984762545314632
0.5800611395232596 1.773294390960042E-5 0.7588787501136858
0.6702756284562679 4.857631574813466E-5 0.14694546588535048
0.7327070379665283 0.0684233381879035 0.21424670934012988
0.6822737405019561 0.03625699567188358 0.35556634416777416
0.7062650167012128 7.052785499959864E-4 0.4350432325299175
0.69993188278622 4.3428066093529206E-4 0.5206040512799163
0.6984762545314528 0.05461296651826111 0.607818497472799
0.7321777135086296 0.05031939589729286 0.7321777135086288
0.6728983826822612 1.4838527793283666E-5 0.8000661346618226
0.7912356247800149 8.912246616830536E-5 0.157528084905557
0.783757352533782 2.2583546487374956E-6 0.2783763079037865
0.7617769981717601 9.226970385428498E-6 0.369490312950082
0.8454650812229939 2.3832085289052806E-5 0.4292137297679684
0.8884726361871423 2.8735244502479442E-5 0.5248702321500438
0.7588787501136831 1.7732943910937404E-5 0.5800611395232622
0.8000661346618225 1.4838527790738173E-5 0.6728983826822608
0.7953341960487672 3.050951523945682E-5 0.795334196048767
0.16948859659731777 1.4955021397895386E-5 0.16948859659731794
0.15308162462819447 1.110415481913764E-4 0.2788446182919816
0.17717685886362314 5.40862157112166E-5 0.37120118645990446
0.11539398789120518 4.9673414460456213E-5 0.43000711816731024
0.11390638880267351 2.47436163063377E-5 0.5189867190566246
0.16266482166187082 9.047220834240803E-5 0.5780239032432172
0.13698401185016135 6.916498634594497E-5 0.6745845776724493
0.16246767845241758 3.218812589068436E-5 0.7865304917895218
0.27884461829197943 1.1104154819192536E-4 0.15308162462819402
0.2192629532013364 0.07494584053832816 0.2192629532013378
0.2684887129715559 0.05629599683639761 0.346830781764749
0.2378214465248478 5.049015169313704E-5 0.4366754532381602
0.2383770662735431 0.001359585707089948 0.5188375727453977
0.2619661449446471 0.05985765787570118 0.6082081845107654
0.2153397543387294 0.06686819122603978 0.7331937827784913
0.2739405989961159 6.334033605591734E-4 0.8006731949396716
0.3712011864599031 5.4086215710418905E-5 0.1771768588636236
0.34683078176474963 0.05629599683639624 0.26848871297155597
0.3500029893382879 6.452579958913408E-6 0.3500029893382875
0.3396763654011436 1.0434739304697447E-4 0.42813213222199986
0.34031483378905003 1.5446240915359895E-4 0.5229226738373676
0.34456915522401765 1.3377397081293587E-5 0.5971853901259098
0.3555983990165355 0.032997600537549014 0.6822500348572854
0.3676502970267559 2.4847851702895156E-6 0.7631202797853693
0.4300071181673106 4.967341445711019E-5 0.11539398789120663
0.43667545323816004 5.0490151698067125E-5 0.23782144652484455
0.4281321322219998 1.0434739304644977E-4 0.33967636540114304
0.4303162381828203 6.618624239528739E-5 0.430316238182821
0.42991132143621075 2.0301059052499985E-5 0.5178619327659385
0.4266579698936224 9.00629841658881E-5 0.6060799551989111
0.43595342949217913 2.7630196616150747E-5 0.7067401662046731
0.43011868411207277 1.8105353142067716E-7 0.8309422362418876
0.5189867190566262 2.474361631275503E-5 0.1139063888026698
0.5188375727453989 0.0013595857070935469 0.238377066273545
0.5229226738373679 1.5446240915488585E-4 0.34031483378904903
0.5178619327659362 2.0301059055387128E-5 0.42991132143621
0.5178399967191627 4.400726755702047E-4 0.5178399967191609
0.518718045228632 2.0033242970599814E-4 0.6033817048002119
0.5188282527485798 1.3317349107069799E-5 0.6994309259907591
0.5186637770384384 4.15726050786564E-5 0.8327895194964089
0.5780239032432162 9.047220833873056E-5 0.1626648216618752
0.6082081845107659 0.05985765787570989 0.26196614494464754
0.597185390125918 1.33773970697505E-5 0.3445691552240109
0.6060799551989063 9.006298416849983E-5 0.4266579698936239
0.603381704800217 2.003324297036551E-4 0.5187180452286327
0.5812820519079263 2.8820785260640997E-4 0.5812820519079294
0.6081511176308203 0.051330827704286555 0.6986911291911604
0.5811171587675278 3.4142290277036375E-5 0.7678600284937
0.6745845776724478 6.91649863469721E-5 0.13698401185015938
0.7331937827784918 0.06686819122604279 0.21533975433872948
0.6822500348572885 0.032997600537542596 0.3555983990165374
0.7067401662046745 2.763019661684238E-5 0.43595342949217697
0.6994309259907857 1.3317349112507344E-5 0.5188282527485752
0.6986911291911473 0.051330827704263386 0.6081511176308164
0.7332183004644708 0.044767703273933195 0.7332183004644699
0.674318361824572 5.532701485234345E-5 0.8031668916330319
0.7865304917895205 3.218812588911296E-5 0.1624676784524174
0.8006731949396706 6.334033605642348E-4 0.2739405989961161
0.7631202797853714 2.484785163124945E-6 0.3676502970267578
0.8309422362418925 1.8105353104009848E-7 0.4301186841120731
0.8327895194964108 4.1572605078716374E-5 0.5186637770384432
0.767860028493698 3.414229028340618E-5 0.5811171587675287
0.8031668916330328 5.5327014851828264E-5 0.674318361824572
0.7895703192361962 2.9051747603856944E-5 0.789570319236196
0.19999956416238412 9.069779374298469E-5 0.19999956416238526
0.15916146042822032 2.0776716327411845E-5 0.2812574739226342
0.2026937374820315 2.0596072673467346E-7 0.3681939548730052
0.16629393281602775 0.013068808516232535 0.4783372510097249
0.16738677599193963 0.024255802809923645 0.47856391757092354
0.20417149378333943 1.8261103824921638E-4 0.5815710716088122
0.1594571208596881 1.2820538008268705E-4 0.6658676133011083
0.20218454599381055 1.2087039092558669E-4 0.7456270267102094
0.28125747392263223 2.077671632824583E-5 0.1591614604282197
0.2680248235287465 3.9919333829291266E-6 0.2680248235287452
0.2731494979550517 2.2518055365975276E-5 0.35320485063288604
0.2572300635790091 9.019031243980566E-5 0.4333203830186726
0.2569003771376116 3.0721211370559625E-5 0.5184637400079132
0.2755793689985713 2.407279001609325E-4 0.5991530397473573
0.27826339552460916 1.9344112965027886E-5 0.6842895244223656
0.2773442277637847 1.8655065136700656E-5 0.7890117496434104
0.3681939548730043 2.0596072711291094E-7 0.20269373748203132
0.3532048506328861 2.2518055376549717E-5 0.27314949795505006
0.3488097882621319 7.528873578645283E-5 0.3488097882621315
0.33501580150050914 1.0377583634185616E-6 0.4300693417692325
0.33517104111550294 4.506132849403679E-5 0.5184063981728302
0.34206197191305376 2.088025283620825E-5 0.5994562242349135
0.3511573124130065 1.0573153476501403E-4 0.6783737708276046
0.3696376115078343 1.1808771194611649E-5 0.7612752514561301
0.4783372510097251 0.01306880851623836 0.16629393281602997
0.4333203830186724 9.019031243918997E-5 0.2572300635790068
0.43006934176923295 1.037758365482537E-6 0.33501580150050825
0.4303772076569423 7.695661431490517E-5 0.43037720765694276
0.42960858295296733 5.311267408291044E-6 0.5182940499659545
0.42777735000047284 3.863368876305749E-5 0.6081965051314844
0.4313684757881327 1.082253486046198E-5 0.6918916443290175
0.4630165712808944 0.0042477745925890405 0.7777099236302297
0.47856391757092387 0.024255802809922226 0.16738677599194118
0.518463740007913 3.0721211371416836E-5 0.256900377137612
0.5184063981728316 4.5061328491386674E-5 0.33517104111550117
0.5182940499659536 5.311267409013204E-6 0.4296085829529663
0.5173476495049236 2.7928342530312803E-6 0.517347649504922
0.515956325630785 7.973814271843989E-5 0.6036931666971794
0.5192736078279051 1.9012261324081915E-5 0.6840127621613415
0.4899980521724261 4.011808784479178E-5 0.7734097819798893
0.5815710716088114 1.8261103824931106E-4 0.20417149378333843
0.5991530397473559 2.4072790015248905E-4 0.2755793689985748
0.5994562242349164 2.0880252837375636E-5 0.34206197191305204
0.6081965051314795 3.863368876210225E-5 0.4277773500004756
0.6036931666971856 7.97381427177669E-5 0.5159563256307889
0.6091827753020931 2.2586293761157024E-4 0.6091827753020945
0.6017757474789184 1.8988296628429682E-4 0.6782520861362736
0.5800370001264274 5.438361527965185E-5 0.7597396946356155
0.665867613301108 1.282053800820391E-4 0.15945712085968858
0.6842895244223662 1.9344112961717386E-5 0.2782633955246085
0.6783737708276062 1.0573153476129478E-4 0.3511573124130054
0.6918916443290154 1.082253485295123E-5 0.43136847578813114
0.6840127621613483 1.901226133167181E-5 0.519273607827904
0.6782520861362729 1.8988296628368544E-4 0.6017757474789172
0.6753370145529259 4.8275946061228565E-6 0.6753370145529286
0.672594590655245 2.261639937791369E-5 0.7988489126284408
0.7456270267102085 1.2087039092523259E-4 0.2021845459938106
0.7890117496434075 1.8655065135887654E-5 0.2773442277637846
0.7612752514561334 1.1808771202231219E-5 0.36963761150783575
0.7777099236302243 0.004247774592628335 0.4630165712809071
0.7734097819799067 4.0118087815225155E-5 0.48999805217238473
0.7597396946356136 5.438361528208087E-5 0.5800370001264287
0.7988489126284413 2.2616399375890162E-5 0.6725945906552451
0.7435764475672866 2.2922533919157498E-5 0.7435764475672869
