512
0.29697393637917163 0.9015104836208284 0.29697393637917163
0.29621007569522817 0.9022743443047717 0.3499585239328771
0.2961652322502279 0.9023191877497723 0.40000183857939947
0.296166019053624 0.9023184009463762 0.4500000686210187
0.29616601905362405 0.9023184009463762 0.49999993137898124
0.2961652322502279 0.9023191877497723 0.5499981614206005
0.29621007569522817 0.9022743443047717 0.600041476067123
0.29697393637917163 0.9015104836208284 0.6530260636208284
0.3499585239328771 0.9022743443047717 0.29621007569522817
0.34994260595672144 0.9031541513031097 0.34994260595672144
0.3499195393981442 0.9032149315617481 0.40000347646966244
0.34991949859035 0.9032135443703762 0.450000091880173
0.34991949859035 0.9032135443703762 0.499999908119827
0.3499195393981442 0.9032149315617481 0.5499965235303377
0.3499426059567215 0.9031541513031097 0.6000573940432785
0.3499585239328771 0.9022743443047717 0.6537899243047717
0.40000183857939947 0.9023191877497723 0.2961652322502279
0.40000347646966244 0.9032149315617481 0.3499195393981442
0.40000369099893024 0.9032852373260001 0.40000369099893024
0.4000033682633012 0.9032838819725756 0.4500001323046126
0.4000033682633012 0.9032838819725756 0.49999986769538746
0.40000369099893024 0.9032852373260001 0.5499963090010698
0.40000347646966244 0.9032149315617481 0.6000804606018559
0.40000183857939947 0.9023191877497723 0.6538347677497722
0.4500000686210187 0.9023184009463762 0.296166019053624
0.450000091880173 0.9032135443703762 0.34991949859035
0.4500001323046126 0.9032838819725756 0.4000033682633012
0.4500001466694654 0.9032826684298824 0.4500001466694654
0.4500001466694654 0.9032826684298824 0.4999998533305347
0.4500001323046126 0.9032838819725756 0.5499966317366989
0.450000091880173 0.9032135443703762 0.6000805014096501
0.4500000686210187 0.9023184009463762 0.6538339809463761
0.49999993137898124 0.9023184009463762 0.29616601905362405
0.499999908119827 0.9032135443703762 0.34991949859035
0.49999986769538746 0.9032838819725756 0.4000033682633012
0.4999998533305347 0.9032826684298824 0.4500001466694654
0.4999998533305347 0.9032826684298824 0.4999998533305347
0.49999986769538746 0.9032838819725756 0.5499966317366989
0.499999908119827 0.9032135443703762 0.6000805014096501
0.49999993137898124 0.9023184009463762 0.6538339809463761
0.5499981614206005 0.9023191877497723 0.2961652322502279
0.5499965235303377 0.9032149315617481 0.3499195393981442
0.5499963090010698 0.9032852373260001 0.40000369099893024
0.5499966317366989 0.9032838819725756 0.4500001323046126
0.5499966317366989 0.9032838819725756 0.49999986769538746
0.5499963090010698 0.9032852373260001 0.5499963090010698
0.5499965235303377 0.9032149315617481 0.6000804606018559
0.5499981614206005 0.9023191877497723 0.6538347677497722
0.600041476067123 0.9022743443047717 0.29621007569522817
0.6000573940432785 0.9031541513031097 0.3499426059567215
0.6000804606018559 0.9032149315617481 0.40000347646966244
0.6000805014096501 0.9032135443703762 0.450000091880173
0.6000805014096501 0.9032135443703762 0.499999908119827
0.6000804606018559 0.9032149315617481 0.5499965235303377
0.6000573940432785 0.9031541513031097 0.6000573940432785
0.600041476067123 0.9022743443047717 0.6537899243047717
0.6530260636208284 0.9015104836208284 0.29697393637917163
0.6537899243047717 0.9022743443047717 0.3499585239328771
0.6538347677497722 0.9023191877497723 0.40000183857939947
0.6538339809463761 0.9023184009463762 0.4500000686210187
0.6538339809463761 0.9023184009463762 0.49999993137898124
0.6538347677497722 0.9023191877497723 0.5499981614206005
0.6537899243047717 0.9022743443047717 0.600041476067123
0.6530260636208284 0.9015104836208284 0.6530260636208284
0.29621007569522817 0.8485258960671229 0.29621007569522817
0.2953302686968904 0.8485418140432784 0.3499426059567215
0.2952694884382519 0.8485648806018559 0.40000347646966244
0.2952708756296238 0.84856492140965 0.450000091880173
0.2952708756296238 0.84856492140965 0.499999908119827
0.29526948843825196 0.8485648806018559 0.5499965235303377
0.2953302686968904 0.8485418140432784 0.6000573940432785
0.29621007569522817 0.8485258960671229 0.6537899243047717
0.3499426059567215 0.8485418140432784 0.2953302686968904
0.3499188076231624 0.8485656123768376 0.3499188076231624
0.34988715060415 0.8485972693958502 0.40000648708540654
0.34988714645415 0.8485972735458501 0.45000011706799753
0.34988714645415 0.8485972735458501 0.49999988293200237
0.34988715060415 0.8485972693958502 0.5499935129145934
0.3499188076231624 0.8485656123768376 0.6000811923768377
0.3499426059567215 0.8485418140432784 0.6546697313031097
0.40000347646966244 0.8485648806018559 0.2952694884382519
0.40000648708540654 0.8485972693958502 0.34988715060415
0.40000697644272515 0.8486319655857989 0.40000697644272515
0.4000065039452248 0.848632070776683 0.45000018022353705
0.40000650394522475 0.8486320707766831 0.499999819776463
0.40000697644272515 0.8486319655857989 0.5499930235572749
0.40000648708540654 0.8485972693958502 0.6001128493958503
0.40000347646966244 0.8485648806018559 0.6547305115617481
0.450000091880173 0.84856492140965 0.2952708756296238
0.45000011706799753 0.8485972735458501 0.34988714645415
0.45000018022353705 0.848632070776683 0.4000065039452248
0.4500002044089193 0.8486322633101399 0.4500002044089193
0.4500002044089193 0.8486322633101399 0.4999997955910808
0.450000180223537 0.848632070776683 0.5499934960547752
0.45000011706799753 0.8485972735458501 0.6001128535458502
0.450000091880173 0.84856492140965 0.6547291243703761
0.499999908119827 0.84856492140965 0.2952708756296238
0.49999988293200237 0.8485972735458501 0.34988714645415
0.499999819776463 0.8486320707766831 0.40000650394522475
0.4999997955910808 0.8486322633101399 0.4500002044089193
0.4999997955910808 0.8486322633101399 0.4999997955910808
0.4999998197764631 0.848632070776683 0.5499934960547752
0.49999988293200237 0.8485972735458501 0.6001128535458502
0.499999908119827 0.84856492140965 0.6547291243703761
0.5499965235303377 0.8485648806018559 0.29526948843825196
0.5499935129145934 0.8485972693958502 0.34988715060415
0.5499930235572749 0.8486319655857989 0.40000697644272515
0.5499934960547752 0.848632070776683 0.450000180223537
0.5499934960547752 0.848632070776683 0.4999998197764631
0.5499930235572749 0.8486319655857989 0.5499930235572749
0.5499935129145934 0.8485972693958502 0.6001128493958503
0.5499965235303377 0.8485648806018559 0.6547305115617481
0.6000573940432785 0.8485418140432784 0.2953302686968904
0.6000811923768377 0.8485656123768376 0.3499188076231624
0.6001128493958503 0.8485972693958502 0.40000648708540654
0.6001128535458502 0.8485972735458501 0.45000011706799753
0.6001128535458502 0.8485972735458501 0.49999988293200237
0.6001128493958503 0.8485972693958502 0.5499935129145934
0.6000811923768377 0.8485656123768376 0.6000811923768377
0.6000573940432785 0.8485418140432784 0.6546697313031097
0.6537899243047717 0.8485258960671229 0.29621007569522817
0.6546697313031097 0.8485418140432784 0.3499426059567215
0.6547305115617481 0.8485648806018559 0.40000347646966244
0.6547291243703761 0.84856492140965 0.450000091880173
0.6547291243703761 0.84856492140965 0.499999908119827
0.6547305115617481 0.8485648806018559 0.5499965235303377
0.6546697313031097 0.8485418140432784 0.6000573940432785
0.6537899243047717 0.8485258960671229 0.6537899243047717
0.2961652322502279 0.7984825814206006 0.2961652322502279
0.29526948843825196 0.7984809435303377 0.3499195393981442
0.2951991826739999 0.7984807290010698 0.40000369099893024
0.2952005380274245 0.7984810517366989 0.4500001323046126
0.2952005380274245 0.7984810517366989 0.49999986769538746
0.2951991826739999 0.7984807290010698 0.5499963090010698
0.29526948843825196 0.7984809435303377 0.6000804606018559
0.2961652322502279 0.7984825814206006 0.6538347677497722
0.3499195393981442 0.7984809435303377 0.29526948843825196
0.34988715060415 0.7984779329145935 0.34988715060415
0.3498524544142011 0.7984774435572749 0.40000697644272515
0.34985234922331687 0.7984779160547752 0.450000180223537
0.34985234922331687 0.7984779160547752 0.4999998197764631
0.3498524544142011 0.7984774435572749 0.5499930235572749
0.34988715060415 0.7984779329145935 0.6001128493958503
0.3499195393981442 0.7984809435303377 0.6547305115617481
0.40000369099893024 0.7984807290010698 0.2951991826739999
0.40000697644272515 0.7984774435572749 0.3498524544142011
0.4000074215014955 0.7984769984985046 0.4000074215014955
0.4000068619434706 0.7984775580565293 0.4500002620928328
0.4000068619434706 0.7984775580565293 0.4999997379071671
0.4000074215014955 0.7984769984985046 0.5499925784985046
0.40000697644272515 0.7984774435572749 0.600147545585799
0.40000369099893024 0.7984807290010698 0.654800817326
0.4500001323046126 0.7984810517366989 0.2952005380274245
0.450000180223537 0.7984779160547752 0.34985234922331687
0.4500002620928328 0.7984775580565293 0.4000068619434706
0.4500002910733798 0.79847813589774 0.4500002910733798
0.4500002910733798 0.79847813589774 0.4999997089266202
0.4500002620928328 0.7984775580565293 0.5499931380565293
0.450000180223537 0.7984779160547752 0.6001476507766831
0.4500001323046126 0.7984810517366989 0.6547994619725755
0.49999986769538746 0.7984810517366989 0.2952005380274245
0.4999998197764631 0.7984779160547752 0.34985234922331687
0.4999997379071671 0.7984775580565293 0.4000068619434706
0.4999997089266202 0.79847813589774 0.4500002910733798
0.4999997089266202 0.79847813589774 0.4999997089266202
0.4999997379071671 0.7984775580565293 0.5499931380565294
0.4999998197764631 0.7984779160547752 0.6001476507766831
0.49999986769538746 0.7984810517366989 0.6547994619725755
0.5499963090010698 0.7984807290010698 0.2951991826739999
0.5499930235572749 0.7984774435572749 0.3498524544142011
0.5499925784985046 0.7984769984985046 0.4000074215014955
0.5499931380565293 0.7984775580565293 0.4500002620928328
0.5499931380565294 0.7984775580565293 0.4999997379071671
0.5499925784985046 0.7984769984985046 0.5499925784985046
0.5499930235572749 0.7984774435572749 0.600147545585799
0.5499963090010698 0.7984807290010698 0.654800817326
0.6000804606018559 0.7984809435303377 0.29526948843825196
0.6001128493958503 0.7984779329145935 0.34988715060415
0.600147545585799 0.7984774435572749 0.40000697644272515
0.6001476507766831 0.7984779160547752 0.450000180223537
0.6001476507766831 0.7984779160547752 0.4999998197764631
0.600147545585799 0.7984774435572749 0.5499930235572749
0.6001128493958503 0.7984779329145935 0.6001128493958503
0.6000804606018559 0.7984809435303377 0.6547305115617481
0.6538347677497722 0.7984825814206006 0.2961652322502279
0.6547305115617481 0.7984809435303377 0.3499195393981442
0.654800817326 0.7984807290010698 0.40000369099893024
0.6547994619725755 0.7984810517366989 0.4500001323046126
0.6547994619725755 0.7984810517366989 0.49999986769538746
0.654800817326 0.7984807290010698 0.5499963090010698
0.6547305115617481 0.7984809435303377 0.6000804606018559
0.6538347677497722 0.7984825814206006 0.6538347677497722
0.296166019053624 0.7484843513789814 0.296166019053624
0.2952708756296238 0.7484843281198269 0.34991949859035
0.2952005380274245 0.7484842876953874 0.4000033682633012
0.2952017515701177 0.7484842733305347 0.4500001466694654
0.2952017515701177 0.7484842733305347 0.4999998533305347
0.2952005380274245 0.7484842876953874 0.5499966317366989
0.2952708756296238 0.7484843281198269 0.6000805014096501
0.296166019053624 0.7484843513789814 0.6538339809463761
0.34991949859035 0.7484843281198269 0.2952708756296238
0.34988714645415 0.7484843029320025 0.34988714645415
0.34985234922331687 0.748484239776463 0.40000650394522475
0.3498521566898603 0.7484842155910807 0.4500002044089193
0.3498521566898603 0.7484842155910807 0.4999997955910808
0.34985234922331687 0.748484239776463 0.5499934960547752
0.34988714645415 0.7484843029320025 0.6001128535458502
0.34991949859035 0.7484843281198269 0.6547291243703761
0.4000033682633012 0.7484842876953874 0.2952005380274245
0.40000650394522475 0.748484239776463 0.34985234922331687
0.4000068619434706 0.748484157907167 0.4000068619434706
0.40000628410225986 0.7484841289266202 0.4500002910733798
0.40000628410225986 0.7484841289266202 0.4999997089266202
0.4000068619434706 0.748484157907167 0.5499931380565293
0.40000650394522475 0.748484239776463 0.6001476507766831
0.4000033682633012 0.7484842876953874 0.6547994619725755
0.4500001466694654 0.7484842733305347 0.2952017515701177
0.4500002044089193 0.7484842155910807 0.3498521566898603
0.4500002910733798 0.7484841289266202 0.40000628410225986
0.4500003201898883 0.7484840998101117 0.4500003201898883
0.4500003201898883 0.7484840998101117 0.4999996798101116
0.4500002910733798 0.7484841289266202 0.54999371589774
0.4500002044089193 0.7484842155910807 0.6001478433101398
0.4500001466694654 0.7484842733305347 0.6547982484298823
0.4999998533305347 0.7484842733305347 0.2952017515701177
0.4999997955910808 0.7484842155910807 0.3498521566898603
0.4999997089266202 0.7484841289266202 0.40000628410225986
0.4999996798101116 0.7484840998101117 0.4500003201898883
0.4999996798101116 0.7484840998101117 0.4999996798101116
0.4999997089266202 0.7484841289266202 0.54999371589774
0.4999997955910808 0.7484842155910807 0.6001478433101398
0.4999998533305347 0.7484842733305347 0.6547982484298823
0.5499966317366989 0.7484842876953874 0.2952005380274245
0.5499934960547752 0.748484239776463 0.34985234922331687
0.5499931380565293 0.748484157907167 0.4000068619434706
0.54999371589774 0.7484841289266202 0.4500002910733798
0.54999371589774 0.7484841289266202 0.4999997089266202
0.5499931380565293 0.748484157907167 0.5499931380565293
0.5499934960547752 0.748484239776463 0.6001476507766831
0.5499966317366989 0.7484842876953874 0.6547994619725755
0.6000805014096501 0.7484843281198269 0.2952708756296238
0.6001128535458502 0.7484843029320025 0.34988714645415
0.6001476507766831 0.748484239776463 0.40000650394522475
0.6001478433101398 0.7484842155910807 0.4500002044089193
0.6001478433101398 0.7484842155910807 0.4999997955910808
0.6001476507766831 0.748484239776463 0.5499934960547752
0.6001128535458502 0.7484843029320025 0.6001128535458502
0.6000805014096501 0.7484843281198269 0.6547291243703761
0.6538339809463761 0.7484843513789814 0.29616601905362405
0.6547291243703761 0.7484843281198269 0.34991949859035
0.6547994619725755 0.7484842876953874 0.4000033682633012
0.6547982484298823 0.7484842733305347 0.4500001466694654
0.6547982484298823 0.7484842733305347 0.4999998533305347
0.6547994619725755 0.7484842876953874 0.5499966317366989
0.6547291243703761 0.7484843281198269 0.6000805014096501
0.6538339809463761 0.7484843513789814 0.6538339809463761
0.296166019053624 0.6984844886210186 0.296166019053624
0.2952708756296238 0.6984845118801731 0.34991949859035
0.2952005380274245 0.6984845523046126 0.4000033682633012
0.2952017515701177 0.6984845666694653 0.4500001466694654
0.29520175157011763 0.6984845666694653 0.4999998533305347
0.2952005380274245 0.6984845523046126 0.5499966317366989
0.2952708756296238 0.6984845118801731 0.6000805014096501
0.29616601905362394 0.6984844886210186 0.6538339809463761
0.34991949859035 0.6984845118801731 0.2952708756296238
0.34988714645415 0.6984845370679975 0.34988714645415
0.34985234922331687 0.6984846002235371 0.40000650394522475
0.3498521566898603 0.6984846244089193 0.4500002044089193
0.3498521566898603 0.6984846244089193 0.4999997955910808
0.34985234922331687 0.6984846002235371 0.5499934960547752
0.34988714645415 0.6984845370679975 0.6001128535458502
0.34991949859035 0.6984845118801731 0.6547291243703761
0.4000033682633012 0.6984845523046126 0.2952005380274245
0.40000650394522475 0.6984846002235371 0.34985234922331687
0.4000068619434706 0.698484682092833 0.4000068619434706
0.40000628410225986 0.6984847110733798 0.4500002910733798
0.40000628410225986 0.6984847110733798 0.4999997089266202
0.4000068619434706 0.698484682092833 0.5499931380565293
0.4000065039452248 0.6984846002235371 0.6001476507766831
0.4000033682633012 0.6984845523046126 0.6547994619725755
0.4500001466694654 0.6984845666694653 0.2952017515701177
0.4500002044089193 0.6984846244089193 0.3498521566898603
0.4500002910733798 0.6984847110733798 0.40000628410225986
0.4500003201898883 0.6984847401898884 0.4500003201898883
0.4500003201898883 0.6984847401898884 0.4999996798101116
0.4500002910733798 0.6984847110733798 0.54999371589774
0.4500002044089193 0.6984846244089193 0.6001478433101398
0.4500001466694654 0.6984845666694653 0.6547982484298823
0.4999998533305347 0.6984845666694653 0.29520175157011763
0.4999997955910808 0.6984846244089193 0.3498521566898603
0.4999997089266202 0.6984847110733798 0.40000628410225986
0.4999996798101116 0.6984847401898884 0.4500003201898883
0.4999996798101116 0.6984847401898884 0.4999996798101116
0.4999997089266202 0.6984847110733798 0.54999371589774
0.4999997955910808 0.6984846244089193 0.6001478433101398
0.4999998533305347 0.6984845666694653 0.6547982484298823
0.5499966317366989 0.6984845523046126 0.2952005380274245
0.5499934960547752 0.6984846002235371 0.34985234922331687
0.5499931380565293 0.698484682092833 0.4000068619434706
0.54999371589774 0.6984847110733798 0.4500002910733798
0.54999371589774 0.6984847110733798 0.4999997089266202
0.5499931380565293 0.698484682092833 0.5499931380565293
0.5499934960547752 0.6984846002235371 0.6001476507766831
0.5499966317366989 0.6984845523046126 0.6547994619725755
0.6000805014096501 0.6984845118801731 0.2952708756296238
0.6001128535458502 0.6984845370679975 0.34988714645415
0.6001476507766831 0.6984846002235371 0.40000650394522475
0.6001478433101398 0.6984846244089193 0.4500002044089193
0.6001478433101398 0.6984846244089193 0.4999997955910808
0.6001476507766831 0.6984846002235371 0.5499934960547752
0.6001128535458502 0.6984845370679975 0.6001128535458502
0.6000805014096501 0.6984845118801731 0.6547291243703761
0.6538339809463761 0.6984844886210186 0.29616601905362394
0.6547291243703761 0.6984845118801731 0.34991949859035
0.6547994619725755 0.6984845523046126 0.4000033682633012
0.6547982484298823 0.6984845666694653 0.4500001466694654
0.6547982484298823 0.6984845666694653 0.4999998533305347
0.6547994619725755 0.6984845523046126 0.5499966317366989
0.6547291243703761 0.6984845118801731 0.6000805014096501
0.6538339809463761 0.6984844886210186 0.6538339809463761
0.2961652322502279 0.6484862585793996 0.2961652322502279
0.29526948843825196 0.6484878964696624 0.3499195393981442
0.2951991826739999 0.6484881109989303 0.40000369099893024
0.2952005380274245 0.6484877882633012 0.4500001323046126
0.2952005380274245 0.6484877882633012 0.49999986769538746
0.2951991826739999 0.6484881109989303 0.5499963090010698
0.29526948843825196 0.6484878964696624 0.6000804606018559
0.2961652322502279 0.6484862585793996 0.6538347677497722
0.3499195393981442 0.6484878964696624 0.29526948843825196
0.34988715060415 0.6484909070854067 0.34988715060415
0.3498524544142011 0.6484913964427252 0.40000697644272515
0.34985234922331687 0.6484909239452249 0.450000180223537
0.34985234922331687 0.6484909239452249 0.4999998197764631
0.3498524544142011 0.6484913964427252 0.5499930235572749
0.34988715060415 0.6484909070854067 0.6001128493958503
0.3499195393981442 0.6484878964696624 0.6547305115617481
0.40000369099893024 0.6484881109989303 0.2951991826739999
0.40000697644272515 0.6484913964427252 0.3498524544142011
0.4000074215014955 0.6484918415014955 0.4000074215014955
0.4000068619434706 0.6484912819434707 0.4500002620928328
0.4000068619434706 0.6484912819434707 0.4999997379071671
0.4000074215014955 0.6484918415014954 0.5499925784985046
0.40000697644272515 0.6484913964427252 0.600147545585799
0.40000369099893024 0.6484881109989303 0.654800817326
0.4500001323046126 0.6484877882633012 0.2952005380274245
0.450000180223537 0.6484909239452249 0.34985234922331687
0.4500002620928328 0.6484912819434707 0.4000068619434706
0.4500002910733798 0.6484907041022601 0.4500002910733798
0.4500002910733798 0.6484907041022601 0.4999997089266202
0.4500002620928328 0.6484912819434708 0.5499931380565294
0.450000180223537 0.6484909239452249 0.6001476507766831
0.4500001323046126 0.6484877882633012 0.6547994619725755
0.49999986769538746 0.6484877882633012 0.2952005380274245
0.4999998197764631 0.6484909239452249 0.34985234922331687
0.4999997379071671 0.6484912819434707 0.4000068619434706
0.4999997089266202 0.6484907041022601 0.4500002910733798
0.4999997089266202 0.6484907041022601 0.4999997089266202
0.4999997379071671 0.6484912819434708 0.5499931380565294
0.4999998197764631 0.6484909239452249 0.6001476507766831
0.49999986769538746 0.6484877882633012 0.6547994619725755
0.5499963090010698 0.6484881109989303 0.2951991826739999
0.5499930235572749 0.6484913964427252 0.3498524544142011
0.5499925784985046 0.6484918415014954 0.4000074215014955
0.5499931380565294 0.6484912819434708 0.4500002620928328
0.5499931380565294 0.6484912819434708 0.4999997379071671
0.5499925784985046 0.6484918415014954 0.5499925784985046
0.5499930235572749 0.6484913964427252 0.600147545585799
0.5499963090010698 0.6484881109989303 0.654800817326
0.6000804606018559 0.6484878964696624 0.29526948843825196
0.6001128493958503 0.6484909070854067 0.34988715060415
0.600147545585799 0.6484913964427252 0.40000697644272515
0.6001476507766831 0.6484909239452249 0.450000180223537
0.6001476507766831 0.6484909239452249 0.4999998197764631
0.600147545585799 0.6484913964427252 0.5499930235572749
0.6001128493958503 0.6484909070854067 0.6001128493958503
0.6000804606018559 0.6484878964696624 0.6547305115617481
0.6538347677497722 0.6484862585793996 0.2961652322502279
0.6547305115617481 0.6484878964696624 0.3499195393981442
0.654800817326 0.6484881109989303 0.40000369099893024
0.6547994619725755 0.6484877882633012 0.4500001323046126
0.6547994619725755 0.6484877882633012 0.49999986769538746
0.654800817326 0.6484881109989303 0.5499963090010698
0.6547305115617481 0.6484878964696624 0.6000804606018559
0.6538347677497722 0.6484862585793996 0.6538347677497722
0.29621007569522817 0.5984429439328771 0.29621007569522817
0.2953302686968904 0.5984270259567216 0.3499426059567215
0.2952694884382519 0.5984039593981442 0.40000347646966244
0.2952708756296238 0.59840391859035 0.450000091880173
0.2952708756296238 0.59840391859035 0.499999908119827
0.29526948843825196 0.5984039593981442 0.5499965235303377
0.2953302686968904 0.5984270259567216 0.6000573940432785
0.29621007569522817 0.5984429439328771 0.6537899243047717
0.3499426059567215 0.5984270259567216 0.2953302686968904
0.3499188076231624 0.5984032276231624 0.3499188076231624
0.34988715060415 0.5983715706041498 0.40000648708540654
0.34988714645415 0.5983715664541499 0.45000011706799753
0.34988714645415 0.5983715664541499 0.49999988293200237
0.34988715060415 0.5983715706041498 0.5499935129145934
0.3499188076231624 0.5984032276231624 0.6000811923768377
0.3499426059567215 0.5984270259567216 0.6546697313031097
0.40000347646966244 0.5984039593981442 0.2952694884382519
0.40000648708540654 0.5983715706041498 0.34988715060415
0.40000697644272515 0.5983368744142011 0.40000697644272515
0.4000065039452248 0.598336769223317 0.45000018022353705
0.40000650394522475 0.598336769223317 0.499999819776463
0.40000697644272515 0.5983368744142011 0.5499930235572749
0.40000648708540654 0.5983715706041498 0.6001128493958503
0.40000347646966244 0.5984039593981442 0.6547305115617481
0.450000091880173 0.59840391859035 0.2952708756296238
0.45000011706799753 0.5983715664541499 0.34988714645415
0.45000018022353705 0.598336769223317 0.40000650394522475
0.4500002044089193 0.5983365766898603 0.4500002044089193
0.4500002044089193 0.5983365766898603 0.4999997955910808
0.45000018022353705 0.598336769223317 0.5499934960547752
0.45000011706799753 0.5983715664541499 0.6001128535458502
0.450000091880173 0.59840391859035 0.6547291243703761
0.499999908119827 0.59840391859035 0.2952708756296238
0.49999988293200237 0.5983715664541499 0.34988714645415
0.499999819776463 0.598336769223317 0.40000650394522475
0.4999997955910808 0.5983365766898603 0.4500002044089193
0.4999997955910808 0.5983365766898603 0.4999997955910808
0.4999998197764631 0.598336769223317 0.5499934960547752
0.49999988293200237 0.5983715664541499 0.6001128535458502
0.499999908119827 0.59840391859035 0.6547291243703761
0.5499965235303377 0.5984039593981442 0.29526948843825196
0.5499935129145934 0.5983715706041498 0.34988715060415
0.5499930235572749 0.5983368744142011 0.40000697644272515
0.5499934960547752 0.598336769223317 0.45000018022353705
0.5499934960547752 0.598336769223317 0.4999998197764631
0.5499930235572749 0.5983368744142011 0.5499930235572749
0.5499935129145934 0.5983715706041498 0.6001128493958503
0.5499965235303377 0.5984039593981442 0.6547305115617481
0.6000573940432785 0.5984270259567216 0.2953302686968904
0.6000811923768377 0.5984032276231624 0.3499188076231624
0.6001128493958503 0.5983715706041498 0.40000648708540654
0.6001128535458502 0.5983715664541499 0.45000011706799753
0.6001128535458502 0.5983715664541499 0.49999988293200237
0.6001128493958503 0.5983715706041498 0.5499935129145934
0.6000811923768377 0.5984032276231624 0.6000811923768377
0.6000573940432785 0.5984270259567216 0.6546697313031097
0.6537899243047717 0.5984429439328771 0.29621007569522817
0.6546697313031097 0.5984270259567216 0.3499426059567215
0.6547305115617481 0.5984039593981442 0.40000347646966244
0.6547291243703761 0.59840391859035 0.450000091880173
0.6547291243703761 0.59840391859035 0.499999908119827
0.6547305115617481 0.5984039593981442 0.5499965235303377
0.6546697313031097 0.5984270259567216 0.6000573940432785
0.6537899243047717 0.5984429439328771 0.6537899243047717
0.29697393637917163 0.5454583563791717 0.29697393637917163
0.29621007569522817 0.5446944956952284 0.3499585239328771
0.2961652322502279 0.5446496522502279 0.40000183857939947
0.29616601905362394 0.544650439053624 0.4500000686210187
0.29616601905362394 0.544650439053624 0.49999993137898124
0.2961652322502279 0.5446496522502279 0.5499981614206005
0.29621007569522817 0.5446944956952284 0.600041476067123
0.29697393637917163 0.5454583563791717 0.6530260636208284
0.3499585239328771 0.5446944956952284 0.29621007569522817
0.34994260595672144 0.5438146886968904 0.34994260595672144
0.3499195393981442 0.543753908438252 0.40000347646966244
0.34991949859035 0.543755295629624 0.450000091880173
0.34991949859035 0.543755295629624 0.499999908119827
0.3499195393981442 0.543753908438252 0.5499965235303377
0.3499426059567215 0.5438146886968904 0.6000573940432785
0.3499585239328771 0.5446944956952284 0.6537899243047717
0.40000183857939947 0.5446496522502279 0.2961652322502279
0.40000347646966244 0.543753908438252 0.3499195393981442
0.40000369099893024 0.5436836026740001 0.40000369099893024
0.4000033682633012 0.5436849580274246 0.4500001323046126
0.4000033682633012 0.5436849580274246 0.49999986769538746
0.40000369099893024 0.5436836026740001 0.5499963090010698
0.40000347646966244 0.543753908438252 0.6000804606018559
0.40000183857939947 0.5446496522502279 0.6538347677497722
0.4500000686210187 0.544650439053624 0.29616601905362394
0.450000091880173 0.543755295629624 0.34991949859035
0.4500001323046126 0.5436849580274246 0.4000033682633012
0.4500001466694654 0.5436861715701178 0.4500001466694654
0.4500001466694654 0.5436861715701178 0.4999998533305347
0.4500001323046126 0.5436849580274246 0.5499966317366989
0.450000091880173 0.543755295629624 0.6000805014096501
0.4500000686210187 0.544650439053624 0.6538339809463761
0.49999993137898124 0.544650439053624 0.29616601905362394
0.499999908119827 0.543755295629624 0.34991949859035
0.49999986769538746 0.5436849580274246 0.4000033682633012
0.4999998533305347 0.5436861715701178 0.4500001466694654
0.4999998533305347 0.5436861715701178 0.4999998533305347
0.49999986769538746 0.5436849580274246 0.5499966317366989
0.499999908119827 0.543755295629624 0.6000805014096501
0.49999993137898124 0.544650439053624 0.6538339809463761
0.5499981614206005 0.5446496522502279 0.2961652322502279
0.5499965235303377 0.543753908438252 0.3499195393981442
0.5499963090010698 0.5436836026740001 0.40000369099893024
0.5499966317366989 0.5436849580274246 0.4500001323046126
0.5499966317366989 0.5436849580274246 0.49999986769538746
0.5499963090010698 0.5436836026740001 0.5499963090010698
0.5499965235303377 0.543753908438252 0.6000804606018559
0.5499981614206005 0.5446496522502279 0.6538347677497722
0.600041476067123 0.5446944956952284 0.29621007569522817
0.6000573940432785 0.5438146886968904 0.3499426059567215
0.6000804606018559 0.543753908438252 0.40000347646966244
0.6000805014096501 0.543755295629624 0.450000091880173
0.6000805014096501 0.543755295629624 0.499999908119827
0.6000804606018559 0.543753908438252 0.5499965235303377
0.6000573940432785 0.5438146886968904 0.6000573940432785
0.600041476067123 0.5446944956952284 0.6537899243047717
0.6530260636208284 0.5454583563791717 0.29697393637917163
0.6537899243047717 0.5446944956952284 0.3499585239328771
0.6538347677497722 0.5446496522502279 0.40000183857939947
0.6538339809463761 0.544650439053624 0.4500000686210187
0.6538339809463761 0.544650439053624 0.49999993137898124
0.6538347677497722 0.5446496522502279 0.5499981614206005
0.6537899243047717 0.5446944956952284 0.600041476067123
0.6530260636208284 0.5454583563791717 0.6530260636208284
