512
0.28151147779358277 0.4000030197381564 0.28150180648858686 | -0.0019601736819879058 0.005182610171881105 -0.001959799739028969
0.2248782501352054 0.024995886077085007 0.40001574629261355 | -0.0021584556683249233 -0.013582988668137582 0.00765020398799799
0.2591136244002619 0.06501925368814286 0.4000001571703201 | -0.0025902845273965275 0.004904388800778345 0.0027624612983445534
0.05203319878597038 3.5093474967694375E-6 0.4035770244896234 | -0.005527353550546774 0.0034548992268485365 -0.004252456246349609
0.21422478879121556 7.640005716893009E-5 0.46994119306583054 | -0.002308049693159343 0.004638008873808189 0.003018526866889435
0.29275532873996846 4.938892564570776E-6 0.6020573221287536 | -0.008500641523675283 0.001275245057592144 3.8848966618106853E-4
0.3689880861456205 7.211709696990732E-7 0.6492311696086625 | -0.004388454958837623 0.0029176923897375447 0.005725300757116502
0.2790853238797243 5.24599534159657E-6 0.7184093516613584 | -6.253496573748248E-4 0.0056873619693431935 0.0016230478104849585
0.40000658300692477 0.015629283690281073 0.22255963719558491 | 0.009386592819559848 -0.012426569058288995 -0.002260522996686499
0.3439022857921188 0.4000093623358199 0.3438965147977949 | 0.004728965299237504 0.003284784894764526 0.004732939681685695
0.4076804313954942 2.6845397971607767E-6 0.407555191662672 | 0.005502747473579603 0.0013671266686330606 0.006031391131291129
0.14856008877946236 0.0018807311673942114 0.47484940623277355 | -0.05753531180244885 0.2845132510814475 -0.014131081023197652
0.2700218347895904 0.022751708255741694 0.4652251857492727 | -0.04441292452883404 0.10143940131276136 -0.04712750233720727
0.21825489180711496 0.036500680949856104 0.5279371612665121 | -0.06390613486846534 -0.8626944807421559 -0.030690396812968156
0.287619180702139 0.04201466533829558 0.6775179857237777 | 0.024317847244748364 -0.5767907435499551 0.055458670005787046
0.2811260493761649 0.026422212458215386 0.7260950500195229 | -4.3157176476607355E-5 -0.8129079906082471 -0.02153920933176038
0.4000004492860806 0.0650601427776213 0.25912792652188527 | 0.0029553066694303983 0.005626104771756585 4.8134684110107606E-4
0.40001882993917987 0.0015156919527157353 0.3515503920857312 | 0.003891988389992694 -0.0022910910507030545 -0.01021906106354215
0.4082935934851243 0.018555755843522162 0.4090227124945355 | -0.021389143192940982 -0.24079716798561346 -0.02394196013599221
0.35596880722814034 0.06582973924426258 0.5086021612533036 | -0.03507284444543175 -0.6350135920439833 -0.07979850322560056
0.3687541219177504 0.0010052622598655928 0.48308508360622127 | -0.046931458298916394 -0.4995006753351698 -0.034980615004088104
0.34821997470761257 2.6238808863695216E-5 0.5760935844351847 | -0.004128969921862608 0.0026440797997134536 -0.006026690817569968
0.3648851720580103 4.496253878494351E-6 0.6570449096679918 | -0.0021169833877409776 0.005360506450312801 5.384514343085138E-4
0.3648037308225976 0.04625161919364741 0.666284922690505 | -0.016865281805393123 -0.5254721252782638 -0.04632529612854613
0.4035628008427758 3.2991005522784686E-5 0.050690070243243575 | -0.011331495352684618 -0.0031394654175900746 -0.013166927121437641
0.4753718014708749 0.0034211511539098097 0.15108117272701121 | -0.010987068950864334 0.13191134174808178 -0.050121083536395716
0.4827590121990028 0.025527317218573393 0.36977073233023083 | -0.07495966300862147 -0.6268072704442089 -0.002167890243706232
0.42482573485209985 4.519285629128668E-7 0.42471999811892686 | -0.004891586763028384 0.0020006396331928304 -0.004872679850753034
0.463370587700681 1.359236050974826E-4 0.4634513544468135 | -3.476658467910173E-4 0.006491521219224709 6.714603450115712E-4
0.4397498463796637 5.451590566502692E-5 0.6408517649040815 | -0.00186480382086971 0.00480004761323652 -0.0021109369509224015
0.4380321473812633 6.708505062724771E-5 0.6387210625352706 | 8.169727981425896E-4 0.005216909225571123 5.250343366087543E-5
0.46703907836855774 0.045496827860013314 0.686162040315642 | 0.05521896121821003 -0.9471952839617944 -0.004689122147556567
0.47056625145456243 1.359981554853883E-4 0.21420925811224611 | 0.0030516594281100574 0.004978148894244014 -0.0014763243014792643
0.46354273973000165 0.021139727099902982 0.2687384219112266 | -0.03937732188689551 0.20052987732804034 -0.04998703335071123
0.484519510899139 0.0072943478955194456 0.3686518423933913 | -0.054803322056944825 -0.5763452076699597 -0.017974200974118823
0.4624796177176609 2.131040576521982E-4 0.4642456648801289 | 4.51611267754015E-4 0.00650313622770889 8.684619242529105E-5
0.5175361543600245 1.0770395844016477E-5 0.5162575896803133 | -0.005269485562152303 0.0027514427894709845 -0.004658827668215595
0.5020740428068022 0.0073333035103157205 0.5827297668070168 | 0.00804334039165025 -0.08975122983213267 0.003940120405974129
0.5178955785693785 1.3280465148739562E-5 0.6549730770294492 | 0.006146750580833918 0.0028136562434610325 0.00499683705838126
0.5247864457595334 0.0029893429870946116 0.6605693579227453 | -0.024545082222622066 0.3769223022974972 -0.02529072911725832
0.6012060509722025 1.806927995196667E-5 0.2920098947115258 | 1.5393820929774065E-4 0.0014415173863244562 -0.008408143545809665
0.526585015302488 0.036175478650677384 0.22024275202464214 | -0.040384717865097786 -0.854195796182782 -0.056583465500337625
0.5755996606789313 7.9753984566772E-6 0.34821467082899804 | -0.0014926600148056307 0.0031449993062603572 -0.00656823781362334
0.6413848011087459 2.9074842447297144E-5 0.43990871001934756 | -0.0018557941295798428 0.004294801941450743 -0.001850727048380666
0.5840775386359203 0.01050368651583201 0.5019329548164237 | -0.006591493430131957 0.10957801013815448 0.002072232239940212
0.5896681125663602 1.1985219935639465E-5 0.589756911165231 | -0.004115919497168564 0.003462625159358745 -0.004596169191704751
0.5969873354016062 2.581482148635105E-6 0.6786805598448394 | 0.005461120193087007 9.662385063868438E-4 -0.006615845409144846
0.599779274223878 8.183712573146816E-4 0.6754692326877562 | 0.011114241549485778 0.0829475268841711 -0.017575889116234526
0.6504876319909616 1.6652519747006382E-6 0.36937040653847575 | 0.005363673555620479 0.002961330925343642 -0.004805458103288174
0.6797699412451934 0.04164590324262911 0.28725096805960465 | 0.05281114024552727 -0.5804181944565471 0.023634654774660206
0.6572367983744135 1.0621625480966267E-4 0.36489066814901916 | 9.294192913923379E-4 0.0056219116690846005 -0.002271266138594679
0.6389561757687403 2.422531000497775E-5 0.4385168201809247 | 4.4146737640171635E-5 0.0046173901315559015 -5.222754923298322E-4
0.653891774365932 1.6490699824383637E-5 0.5173114526355811 | 0.0058124065806125225 0.002739911470435812 0.005768917811449316
0.6805669406091879 6.768358542772464E-7 0.5946423767202322 | -0.00612484218903372 9.036824924240084E-4 0.006010566677820358
0.6832767886237571 1.0070329118705613E-6 0.6828652648246618 | 0.005672812741987881 0.002492445489233018 0.005135768470465083
0.6836206524348631 1.1405347378791504E-5 0.6831939104978038 | 0.005221062818522036 0.003089714517323307 0.0045956841790291
0.7190962048890055 3.1204593240600532E-6 0.2796936305183246 | 0.0015199165793651796 0.005722894325722761 -4.601054949325464E-4
0.7263112515369684 0.027017000009037482 0.2819992388050655 | -0.02126023265235566 -0.8071450333495845 0.005715903949080718
0.6632742704719441 0.049106645723471946 0.36287327253252255 | -0.05151527338068578 -0.48983983509325707 -0.0177260130822201
0.6861737909073512 0.0461943175523333 0.46670226520278774 | -0.010398432313153 -0.9440202449343346 0.06617392132876178
0.6656277456944765 0.005382620291857277 0.5255783314970276 | 9.836718156891302E-4 -0.906265356602125 0.0376536864471866
0.6756621785263255 9.984938584199153E-4 0.5990718983141506 | -0.01565034124260651 0.07584899281527281 0.01262366786927718
0.6836239759467061 1.2978881247736852E-5 0.6831904834074292 | 0.005206020874106061 0.00309111413539023 0.004610107843965926
0.7406763686384197 1.8661502428942372E-4 0.7407187152586151 | 0.0039449881591478815 -0.02197689941763846 0.004054789555959375
0.2809784801992638 0.4000044860753599 0.28096827759643067 | 0.003547578067994601 0.004328497905704663 0.0035533394355625665
0.1866735002042857 0.0951711724791533 0.5095283134379427 | -0.04757274147383166 -0.7817104664786785 0.15054849440067003
0.26010356777929655 0.14243634031647623 0.40000000064559355 | -6.642321014503174E-4 0.005526079167673372 9.802973304229185E-8
0.2290298265176045 0.011614865659757482 0.4000447861371314 | -0.003404593223832312 -0.011508390954869607 0.00905573202655422
0.2232125266033332 9.510259404423843E-5 0.46896155694461317 | -0.0030002966003164753 0.004577723082365101 0.002830569558699593
0.2705429271115326 5.179111177680264E-6 0.5903247386335073 | -0.003996077508152841 0.003532319490040476 -0.004771300029834231
0.30916970733967875 3.545723672794383E-5 0.6544749202856317 | -0.00714805236476939 0.002513690761159908 0.0018025082321135452
0.25475302225148544 5.910347989393475E-6 0.7043735668962 | 0.004004974874212972 0.0035102105444960673 0.005548739453678471
0.5060206936405499 0.0915350238035843 0.18395454393760258 | 0.13581274292500883 -0.7736363506267512 -0.05647984830203932
0.3437227636690865 0.4000050056401913 0.34371698798490674 | 0.005069373804668221 0.0028964288257577425 0.00507273330498398
0.40866880124112465 0.010608934536333067 0.41456746808668365 | 0.12411335944903021 0.5088556354422195 -0.17891336012767659
0.1939790159861449 1.089601587045267E-5 0.48219264699687475 | -0.005062642894353978 0.003721627988521231 -0.002990273066402934
0.2697914191047788 0.02060853770248126 0.46485688378494144 | -0.04496388550792153 0.13910273760769082 -0.0510062640927648
0.2092426439232898 0.013218913417880165 0.539166824043917 | -0.046662702661553854 0.03561091870314865 0.020716379849476524
0.21505156098605327 7.961870399323646E-4 0.6440682213902776 | 0.010652327704153372 -0.010131153214294933 0.007245216227745242
0.28147298191788583 3.8013463810687416E-4 0.9051779968356042 | -0.04913544923344143 -0.025967991109687307 0.05003251948036065
0.40000001914957223 0.10609320633787157 0.25619523515309117 | 7.554999558901184E-5 -0.029497678628192858 4.885086347131887E-5
0.40929879286076 0.016615837246858348 0.4101567190010674 | -0.019343380247594657 0.4442962846959756 0.02489529403251141
0.46959157168562915 0.03808276573760468 0.4651275138015257 | 0.03538317166202621 -1.0853844321393806 0.01365496832399209
0.3314901415905129 0.0032672480777460444 0.4000644038042483 | -0.007813889152289007 0.00206099124379035 0.0027141865127404035
0.371795045776813 5.726279144448366E-6 0.48261919270090925 | -0.005202810874329973 0.0039543856643400035 0.0040282802076469695
0.3482683947893957 2.3435187060636026E-5 0.5760584255634345 | -0.004375156949378268 0.0026447508734531644 -0.005849642059934299
0.36327048623995434 2.7699875416347438E-8 0.6577053997103783 | 3.6773183642628543E-4 0.005549607658917073 -5.759636141030069E-4
0.38564411729252795 1.933678031517068E-5 0.8330237915949034 | 0.00706271363626637 0.003014488002518779 -9.130004038468305E-5
0.40005920879969925 0.01148355638710696 0.22692164564399628 | 0.009607213899261113 -0.010805629600222794 -0.004399542693532479
0.4780838079672167 6.448245249752451E-5 0.17965872763316323 | -0.0012063347591167969 0.0021332631348269567 -0.007646077308138663
0.40008460711805544 0.010311524263908845 0.33645640077827055 | 0.002741572678951074 3.8769309659587636E-4 -0.00918693939504551
0.43894524496259185 2.2916595770584156E-4 0.43920693670678135 | 0.0034867266185985885 0.003352125361771978 0.0035712339869067135
0.46255407314304836 9.942440466850181E-5 0.46317519148335856 | 6.132903695325249E-4 0.006484636354469213 0.0011337932465066486
0.4348991885846702 0.007054689115678242 0.6327756884216893 | 0.09281475405964741 0.41550595509040283 0.1424184246865018
0.4372985878487971 3.267007052605781E-5 0.6385781703785653 | 0.0022232501532564422 0.005011586603761882 5.267834071992342E-5
0.43772239790712963 1.4877850475932138E-5 0.6350248182522431 | 3.179115804301713E-4 0.004236906879979443 0.004631630703906255
0.46820903354786453 6.170400682128035E-5 0.2225076458355843 | 0.0033464055060770164 0.004831807258142606 -0.002429989447616084
0.463508551601902 0.020876624326955976 0.2686571873301571 | -0.04007203040222709 0.21486028497805104 -0.050458084216595186
0.48569192626657504 8.796030183021045E-6 0.36906390753435186 | 0.0019623841824593486 0.004842767323401965 -0.003698921210188547
0.4627477280311141 1.259877171402039E-4 0.46405476411799684 | 1.9589434116916055E-4 0.006509650807082281 2.1046464333233187E-4
0.5895905379329279 4.752527592853277E-6 0.5896817062192415 | -0.0037443230376234065 0.003774419016066435 -0.004304637542284408
0.5020415224662644 0.005868452171711641 0.5827812883431522 | 0.0030371150880994977 -0.16615739191273785 -0.00310413123933753
0.5154566228503241 1.0434062294976E-4 0.6494376906315522 | 0.006152103822911723 0.002017611162239082 0.0066643846093081775
0.5192210744881606 7.61760965109215E-5 0.6451656261608604 | 0.002911618826911408 0.0017352290666760837 0.008385279263060671
0.5903091089121223 2.7730019097962233E-6 0.2706286360138392 | -0.004607610953118885 0.0036875806273191426 -0.004011633665892687
0.5345233136445765 0.015870126188370873 0.21381020378953472 | 0.011934124870730471 0.08113055377594346 -0.03882795549864816
0.5755719985835615 1.9711135950455434E-5 0.3481670036955174 | -0.0013634168716281213 0.0032401167057522873 -0.0064699993091809575
0.6270811704238913 0.002992446634402255 0.4299924454686213 | 0.15237451722873005 0.5762430615232104 0.10378183152645969
0.5840994285899637 0.006369763793163404 0.5019924587669417 | -0.005341345938367134 -0.14158126458796244 -0.0025323699825233114
0.5896503691840942 1.8422729666667983E-5 0.5897430139603727 | -0.004012276811298651 0.0035402851323225195 -0.004539415214451952
0.599822095567031 0.0011000102192038315 0.6755896113635009 | 0.010468578733197627 0.024946499829300018 -0.014678131976622778
0.5946338175901087 2.3073181546827377E-8 0.8091600853147114 | -0.0021530487932027937 0.0027230186681203527 0.006592346470249599
0.6546485318085418 1.1167521806937825E-6 0.3086823763303669 | 0.0016341071724378516 0.002522975194025048 -0.0071283853114114185
0.6440577093553648 7.103077555924537E-4 0.2149476007237224 | 0.007079411022072658 -0.0035693989035606305 0.010447403421993027
0.658450334408227 6.842777775873112E-7 0.363708256360198 | -0.001006221024664138 0.00588668707027997 -3.3169409402570253E-4
0.6383877119865613 1.7126476975128405E-5 0.43676714325724086 | 1.9899084015802948E-4 0.004499690652827006 0.002126970319045869
0.6481046083904763 1.9722642605484407E-5 0.5148879107701242 | 0.006448249004105802 0.001918623519748473 0.00535405077224388
0.6757479213619534 0.0011682267374112324 0.5991485604789629 | -0.011801238766718295 0.07444247554482268 0.010368441342884397
0.6827925302398943 8.388973840505867E-6 0.6824307395168314 | 0.006047187094982157 0.001972387597808847 0.005505812436160482
0.6560382349365126 3.023827007807452E-7 0.8898931653052746 | 0.00787986594745997 0.0019786542262879244 0.001863163436773958
0.7043533171068791 4.2486142737958076E-7 0.25474518850527306 | 0.005488327777959115 0.003616793529138741 0.0038163506303775744
0.905183169310462 3.74444337749664E-4 0.28149980260522306 | 0.05003067746043364 -0.026025690646150082 -0.04916275425229208
0.8321673241787961 4.355973440224424E-5 0.38475732642193144 | -2.203837304472044E-4 0.0033713736557624604 0.006639718843905201
0.634782804173303 5.917295015972192E-5 0.43766452083453744 | 0.004197144548449442 0.00408460777543567 -2.6945145180497617E-4
0.6451187459843902 4.3553618982990265E-5 0.5191816832878187 | 0.008133644625125142 0.0018662400459655692 0.0025467969874674876
0.8093429529920939 7.344885901538005E-6 0.5947152903733287 | 0.006564238516387103 0.0027449645388289883 -0.0021664220469634235
0.8899102870935888 4.583800574930591E-6 0.6560213750332196 | 0.0018641269655334306 0.0019875148131294957 0.007871498029469789
0.6814957298132115 5.4486426438044564E-6 0.6812252593894841 | 0.0064736087717641 0.0012467701236663978 0.005987812613707307
0.17348883906394627 0.40000173494126046 0.17348892167062982 | -0.006381573986195435 8.74430986034782E-4 -0.006381562654125141
0.223567179433235 0.4000045133371587 0.3464327864315845 | -0.0044665922527099815 0.0034376426984282626 0.004715171244059366
0.23500645960109595 0.0719979371287249 0.40000057009258355 | 0.004728694322439374 0.004422013949598004 0.0014841403087132601
0.2029118941994121 0.10695096114374683 0.4000000007717403 | -0.005616181714070175 0.004018997584981215 7.125927739132926E-7
0.2643879005339651 1.0603285336112313E-4 0.4550085923037501 | -0.0011065077983971195 0.005080968541457964 0.0019968200217493457
0.2675709226017187 6.022643850270832E-6 0.5823589895952951 | -0.0022964820202619743 0.004715006917894252 0.0032516426547604996
0.28414741122905596 1.4394448612253795E-6 0.6455556024904783 | 0.003565741359355399 0.0028783929715690683 0.005817320975591678
0.14874765909144066 5.10443095525194E-6 0.7927996122337446 | -0.0064002454167145315 0.0010328899609319234 0.006198916711044537
0.3465404444866517 0.40000080530260607 0.22359285397942383 | 0.00457624370154713 0.0034704906961793174 -0.0045446042714588865
0.3435883744063473 0.4000159403219293 0.34358258596317864 | 0.005232376330977854 0.002693774944818928 0.00523542865160635
0.3246756894337607 0.017789514232146142 0.40006108151025316 | -0.006263507505816061 -0.007003055193534059 0.008693565274851675
0.22515354490212164 0.013310809244658725 0.4000388543207027 | -0.0017454221953789371 -0.012187799345038901 0.009026741399853211
0.2700070901720219 0.023319900152178018 0.4653152170217667 | -0.04417834411587973 0.052044266043802245 -0.04460696979453231
0.2658328956537504 2.8891686201619115E-5 0.5831771439527877 | 0.001730418411154683 0.005279274011435496 0.0016683125129861945
0.21504543383823693 8.292102049746239E-4 0.6440703470202522 | 0.010741037226680341 -0.008196537242831965 0.0071358724438343926
0.33111097284051527 1.6170425060758946E-5 0.8460604820377323 | -0.0046926456202319835 0.0038110633318927264 0.003989196450651032
0.40005804246801957 0.04668137487871472 0.2384137612815196 | 0.039692453888133646 -0.2212486919111578 -0.024347892140595382
0.40008244824449585 0.02167238682336368 0.3254852110311707 | 0.006609914221381804 -0.010073441014189671 -0.0073390847352191885
0.4721486001668272 0.03708924733568632 0.4626591392125327 | 0.04707937533970107 -1.0933488498324815 0.009459194092497384
0.40852303183921257 5.17512907016328E-6 0.4092091878129058 | 0.005664737486847063 0.0015205393296796048 -0.005602954148180611
0.3726069217979274 1.437925498374498E-7 0.48547224315533205 | -0.005766117171742065 0.003323744953713594 -0.004669502760406091
0.2467037787213038 0.06471579153386664 0.6036586857751619 | -0.3145128632189185 -0.5524684800173987 0.07095055207930642
0.282551989162245 6.331252380688218E-6 0.6560383740044008 | 0.004879990033880092 0.0036592621361623786 0.002842730927316519
0.3651406199027185 4.083558148597505E-7 0.644691225825735 | -0.0013648932367652036 0.0025916757219758184 0.007474368329022412
0.40000005706474967 0.10679918547354969 0.20322035879594036 | 2.2279514134573206E-6 0.004025760880091742 -0.005531225666033867
0.40000306618936043 0.014754036025177508 0.22310274570199004 | 0.00948882472924671 -0.012164849531456426 -0.002516661104121355
0.40890247304308475 2.2655501110106886E-6 0.408134055136703 | -8.559578097603994E-4 0.0017072769433216484 0.007709466313923197
0.40921650274656907 4.449387904039101E-6 0.4076839899506175 | -0.002786899697323689 0.0012446107552701847 0.007578321368454933
0.4255051115274571 7.0520431035064035E-6 0.550952715209486 | 0.0017631670901501594 0.0017548472289698116 -0.007961675706001873
0.4112782183864284 0.042321706248662196 0.6105792033752863 | 0.0376245267118431 -1.1737732512960521 0.09998941922454996
0.4724513247901487 0.03324846261741418 0.6871887709535768 | 0.08065471987544164 -1.233719337632244 -0.04251780341516051
0.4404051219072851 2.3334822190006145E-5 0.6327170787308392 | -0.003394377828826402 0.0030517878801053174 0.0056683206212744
0.4553119771652968 2.475543940739551E-5 0.26419246026134124 | 0.002965200420292246 0.004681709466984755 -0.0013829112062167799
0.4636105729344218 0.02154380985466579 0.2687767319750901 | -0.0375461654476811 0.15020203495058063 -0.049173069820546915
0.4856612793330339 7.097941433754751E-6 0.36922909036658974 | 0.0022514800901601907 0.00381624857896303 -0.005727284808728032
0.5506824426651966 1.0466947798088126E-6 0.4259018423162632 | -0.008052230299067271 0.0019397518557155136 0.0015323576586138224
0.5896950882863002 1.6340217685586607E-6 0.5897865674173997 | -0.004240251923036376 0.0033295769851726235 -0.004731672221934836
0.503235857585923 0.024236186845320227 0.5845307153754781 | 0.025474126482600105 -1.0448402297377948 0.043718240851931524
0.517648689240517 1.1532087902819621E-4 0.6564277097415021 | 0.006586504376626881 0.0030023993594006436 0.003924922576274194
0.5154874786881641 3.190698816093893E-5 0.6339595915587165 | 0.0034193836936846534 0.0014883722376883369 0.008070324168669641
0.583386454084728 2.0803949741938134E-5 0.267979117458948 | 0.002226044661531431 0.004930417342920179 -0.0027169053417540065
0.5829368972917965 5.833932904430594E-5 0.2656639161975447 | 0.0019434886133002983 0.005255911679748044 0.0017463541006349
0.6054649065365173 0.0640408150598785 0.2535584318913378 | 0.060065656393024476 -0.5152280693070885 -0.26908238785789956
0.6114026981549583 0.04105627486882249 0.4128983006051632 | 0.0989568408862477 -1.1743415820751144 0.034875292083126716
0.5874589675885882 0.024180197388834226 0.5043401648256108 | 0.05491936368281661 -1.0586911382192392 0.028256419836193827
0.589890994925424 2.762268399473426E-5 0.5899801540531255 | -0.00479231230852243 0.0027691659615887666 -0.005168307078969919
0.5976378353060221 1.3303196592178874E-6 0.6778714805448866 | 0.005462977774721264 0.0011611131983178757 -0.0064449259954441705
0.6054683544344875 1.1338650636769402E-5 0.6624917069214111 | -0.001324328777584031 3.313416223305969E-4 0.009356948439814274
0.6455391220560698 1.292069090130702E-5 0.28416379180766427 | 0.0057777151506749605 0.002925377093970755 0.0035318466124216897
0.644059725463835 6.817348694122108E-4 0.21494435511962082 | 0.006957118238070987 -0.0016224318766344913 0.010531557539971079
0.6566870632937601 1.7938393791052348E-6 0.28244399939676545 | 0.002659462380594253 0.003719293919101711 0.00483382953782966
0.6869000945540225 0.03406187561745244 0.47164412765385655 | -0.043432207833701865 -1.2212560040557359 0.08971589136247222
0.6559646114039515 7.172845883157301E-5 0.5176157498444256 | 0.004926109604044528 0.0031740124105338096 0.006204485919347015
0.6786481405996748 5.661459348411947E-6 0.5962047411532554 | -0.005725902634284023 0.0011732321376361448 0.00607185643438809
0.7406869432105945 1.0146492040020782E-5 0.740730531228028 | 0.003463371677968051 0.04329980882650585 0.003576368540534625
0.6488772714442838 4.693366919849036E-6 0.8841945536730493 | 0.008155840558045031 0.0013411616505729796 0.00287554133746323
0.7931048896765003 1.4755925614342345E-5 0.14844605205371153 | 0.006206877710199496 0.0010170273560247726 -0.006409114968377519
0.8460636431162624 1.1921928154932465E-5 0.3311069194016112 | 0.0036999359857235793 0.0041050586548231315 -0.004090605819771822
0.644785391822569 1.1472381962203648E-7 0.3651711456989015 | 0.007392893906525257 0.0025130902502302735 -0.0014521644881419333
0.6326977459239352 1.0667785238953361E-4 0.4403944215016082 | 0.00514846007443782 0.0031108908031947046 -0.003483258784965019
0.6339334494707444 7.27901461046801E-6 0.5155047918778548 | 0.00776672675039618 0.0016349573513885914 0.003133286605507531
0.6624327218589025 3.8111906273650975E-6 0.6053899560950228 | 0.008888692047553614 3.4517504401756127E-4 -0.0013740121002630045
0.8841960757245906 5.222419333738567E-6 0.6488704899666455 | 0.0028944809315290566 0.0013469378332565509 0.008144833677714403
0.8060655610134106 9.163733873239583E-7 0.806065577119326 | 0.0061400919517885484 0.0013458410153686956 0.006138726901728563
0.1921562308686619 0.4000048307831806 0.19215625642786707 | -0.00642833210405791 7.691170983043637E-4 -0.006428331631674532
0.21850705937882262 0.40000314847830115 0.34560721607482175 | -0.005642300630740189 0.0027028641285376446 0.004783506503889525
0.23905830528164057 0.07483659110967981 0.4000009181038638 | 0.006036007281542731 0.003490298756302347 0.0025502466532665285
0.1345724099895683 0.029891544306410184 0.40005334408858834 | -0.005820639062729886 3.5421861485165077E-4 0.0074149664042460605
0.15503315892557556 3.2958362384735316E-5 0.47336067477801924 | -0.005998292534453224 0.0036270492652551727 9.107661687373517E-4
0.19254099359110777 1.0802404099015652E-5 0.5690235847750164 | -0.006691046857441359 0.0028199261975029454 -0.0027454525752089315
0.12865323282544747 2.541394207010698E-7 0.6572081664501723 | -0.0015627102179721767 0.0027153155481747975 0.007211803290254362
0.1553112935438506 2.880030357329924E-7 0.7868345292779456 | -0.006146490790475669 0.0012858107213402962 0.006177268547586563
0.34561192578814676 0.40000292827972456 0.21850639704140914 | 0.004821768812370843 0.0026966278203616615 -0.005618720010479936
0.34351551705705113 0.4000026586348156 0.34350986298114244 | 0.005341227643047764 0.0025524179167403615 0.005343526345325006
0.3235526908422731 0.020485098844202868 0.4000358797884779 | -0.0017082576304380264 -0.011730335073573638 0.008723505777470041
0.28107808777520993 0.11129247897752709 0.4000000074803749 | 0.004399417898450737 0.004624364124955584 4.427397132208374E-7
0.2985145925822886 4.902064049985979E-6 0.5133198137923365 | -0.005034223565490149 0.003842246042044425 0.0029398181916276
0.09112576499633486 0.016247001966313207 0.5043528783427556 | -0.09866491728461105 -0.08760259653408113 -0.014619102988820219
0.2150640020926977 6.818684265690703E-5 0.6441029006051582 | 0.008849257112786262 -0.02189592751507017 0.007864335878860497
0.2574482818901663 1.895708407700377E-5 0.7972279733604674 | 2.3627893519013036E-4 0.0033653865222053967 0.006320502432465408
0.4000011754285762 0.06637211837430036 0.2272368567566114 | 0.0016626569291315495 0.0056307876230546165 0.002157747785079105
0.40002527258684173 0.014142144444064631 0.31996712961062906 | 0.01026870306669562 -0.006518404319664354 0.004072744429134805
0.47187066784222714 0.03461146787238065 0.4631302321375466 | 0.04843210746441953 -1.1242030831901975 0.013250714062282783
0.329541550889457 0.008901505935272292 0.40003217211521686 | -0.007749671383318493 0.001975814836878104 0.003054332605401229
0.3706705019550281 6.431130293469607E-6 0.4815673017743091 | -0.0018565443077859607 0.0036821213401334652 0.00669370492974076
0.3469590711500715 3.289588845450019E-6 0.5751083312846472 | 0.003859759616129087 0.004199577710096721 -0.0033106789934859455
0.3660231191028453 4.8485061154568654E-5 0.6556215980168274 | -0.0034839352027179905 0.004755114645006068 0.0023314995340737556
0.348449884537413 3.248119806732128E-5 0.7290776738821186 | -0.002266361234451532 0.002184574288322642 0.007240193923855723
0.400000399479179 0.029604916819303273 0.1342483388165472 | 0.006697276029014569 9.16318676336435E-4 -0.006021622607395738
0.40000001418664755 0.11115335407107321 0.2902036724822172 | 1.9021010403516213E-6 0.003956710062133726 0.006624733990751638
0.400132532755552 0.0048865816153733045 0.33483525431278344 | 0.002794648248732596 0.0012959957630261157 -0.008438896154135254
0.42167414932924135 5.792567215917356E-6 0.40483662722892366 | -0.007106772723013879 7.379923924875824E-4 0.0031624640063536227
0.42114782894048947 1.715846462240171E-6 0.5582204458987754 | 0.0035475396422533037 0.0011717743519678264 -0.007938238707463026
0.4266672340144094 1.5529495111610537E-6 0.5459616439113272 | 0.002293722206612159 0.0051029888080610115 8.544812352628227E-4
0.43256297760419565 9.156237852747201E-6 0.732496594337782 | -9.834880837368825E-4 0.0032124227012459423 0.006336248900330132
0.4370829369554635 6.369401990617385E-6 0.7392608657216335 | -0.007195936748990497 0.002392674154371216 0.0013443900375314773
0.47315536684491283 4.0806704393521995E-6 0.15485980169110905 | 0.0022432337594044086 0.0043305603356741254 -0.004376097887632779
0.5133503734311464 5.4128377601282064E-5 0.2989729590690403 | 0.0032687812791487303 0.0030164680976475415 -0.0060551908563074835
0.48574098044691744 3.142040004672492E-7 0.36912065357675505 | 5.422759870403514E-5 0.0138087484036675 -0.005695752798321905
0.558815919877368 5.2611634776932856E-6 0.42100585107094873 | -0.007946313886631678 0.0011208895947423215 0.0035895201334030127
0.5896744193815457 1.207972157813088E-5 0.589765208483844 | -0.004136731405215704 0.003433705590222211 -0.004631985776284923
0.5020036882616729 0.010826434709033713 0.5829244626321988 | 1.646040993644247E-4 0.030139611747406682 -5.189618937326098E-4
0.5077426717829858 3.628088992490321E-6 0.8377459415440343 | 0.003398380674686932 0.004241301859867505 0.003950253180501128
0.513300231297191 3.431937138028245E-7 0.7312143078008299 | 0.005911923124268003 0.0016079379757162114 0.005585868283936538
0.5690109028574782 2.998174740931583E-5 0.1924938410856389 | -0.002546705021008214 0.002716313870666986 -0.00684251740036178
0.5064649101558923 0.016034814989510798 0.09070769683864426 | -0.01571807838666205 -0.05076255000792658 -0.09969936786019291
0.5755235387206762 8.142663837614291E-6 0.34700603235403354 | -0.0023795823621468623 0.004478263989078662 0.003882943681945959
0.545957770670766 3.481945452229206E-5 0.42699537528656817 | 9.305391416622618E-4 0.005249854881543902 4.2858050051306065E-4
0.584230611176175 0.010977165872140572 0.5019945447042591 | -0.010528026963316414 0.1240193995453015 -0.00570347017678323
0.5896126721756456 3.2191175748601494E-5 0.5897049069225958 | -0.003798959508522686 0.0037312754360804908 -0.004344712529237907
0.5998451939992826 9.496288066510995E-4 0.6756028140588424 | 0.011908413347730155 -0.04547050926909435 -0.015308494869299282
0.5979212725334306 9.198690422958038E-7 0.7173385918407629 | -7.960010788826863E-4 0.001020039807604339 0.009706324943553361
0.6570513637936161 1.4248575821164916E-5 0.1286731030836223 | 0.007440095238732332 0.0025584095770193275 -0.0012763349475566348
0.6440896475971948 1.0496906569955595E-4 0.21494126187716578 | 0.007311545692553886 0.008653649654608641 0.008874338229006906
0.6559189559807599 6.702095356255503E-7 0.36604650176522724 | 0.002572553883767845 0.004883893888720974 -0.003641434843307901
0.7326659214243246 1.46483003587387E-6 0.4325703990966069 | 0.00626031582899106 0.0032913861336543865 -8.369765267836817E-4
0.83785429880945 5.164390061365091E-6 0.5078466589709691 | 0.0037417674087568864 0.004408744955609744 0.003143417986988355
0.6757859107903967 8.91921528669104E-4 0.5991270125118384 | -0.01366699333003733 -0.07021255789181122 0.012559790612288528
0.6813514262345964 1.1103561358550774E-6 0.6810936239190504 | 0.006503190540233735 0.0011966564919427658 0.006016285838307834
0.684956923169411 5.262806334481964E-7 0.7931789971856066 | -0.006695109267234925 0.0030598803948200665 0.013931503798519288
0.7867338055553547 1.1029341372717236E-6 0.1553856783665232 | 0.006171550588192097 0.0012986485489606204 -0.0061374369526813475
0.7972528071463828 1.714153492153016E-5 0.2574341304249697 | 0.006221645438401658 0.003450225761355339 1.2440926869450132E-4
0.729100066855529 3.8532249764030045E-5 0.3484528242933976 | 0.007396396584428045 0.0020662581686442154 -0.0020805753529728275
0.739266486746706 6.8378814961844965E-6 0.4370840737782869 | 0.0013247202077428068 0.002433273494539511 -0.007172448035707814
0.7312129280561637 2.5962741292783423E-6 0.5132987291794789 | 0.00559080105956764 0.0016023240793704868 0.005682366400607995
0.7173308193425985 1.9016520309611255E-6 0.5979378546140219 | 0.007814950098328844 -0.014433478477486106 -4.3945084484241844E-4
0.7931738623530405 8.58130485884641E-7 0.6849555499722424 | 0.007862438895057024 0.0011050097898484348 -0.0037841333475913752
0.7988240301739596 6.403574516737072E-6 0.7988240159895251 | 0.006303324786456215 0.0011203859102946576 0.00629866666682962
0.2140629248530909 0.4000048197214068 0.21406293638446477 | -0.0038643937301944984 0.004092412148722029 -0.003864169801501378
0.23210855685321455 0.4000073546479893 0.3431599007755431 | -0.004622028253340355 0.001642142948915136 0.007040768504118902
0.24143599954343017 0.07803004698342315 0.4000001403297553 | 0.010314572838555814 -0.004951061430965822 0.004594945807261847
0.14327130955619374 0.030316210203735 0.40007505993906545 | -0.009093362259130044 -0.0010182890510865568 0.004552436481093448
0.07010329317645064 2.5225322369263042E-5 0.49284100581386425 | -0.0064870890111027165 0.0032843284535537865 -0.002481811693724954
0.20011270755101906 6.06851922824683E-5 0.5661508827840237 | -0.007729340213002467 0.0023710376149189984 -0.0019103426972958953
0.14374458903254214 9.180905820624201E-7 0.6543798742831259 | -0.009051453208343026 7.530408364185984E-4 8.913647379316835E-4
0.16581142613410052 7.007381545818197E-6 0.7755695062928569 | -0.006279534414351433 8.824321647878292E-4 0.00646811441214513
0.34316243617854403 0.4000072344800633 0.2321086600234608 | 0.007051506878598106 0.0016398867814924098 -0.00460906677868665
0.3435082821909901 0.4000016534490282 0.3435028930839878 | 0.005351255986864242 0.002539874051948367 0.0053523591480864495
0.32246907074921244 0.02008502462953893 0.40002219461702043 | 0.0017961494084073064 -0.011492815803997329 0.008947026252592446
0.2985380252647852 0.10814131454285998 0.40000000667708746 | 0.006842982258251248 0.003165075310586748 7.957009027953549E-7
0.300161167782936 5.570277700757161E-5 0.5132524033632995 | -0.006094568777301208 0.0032337506132980977 0.0024199677688120868
0.0907758764471453 0.01614241868571214 0.5038375611341931 | -0.09898063833684982 -0.0769434732477936 -0.012478950750900946
0.21506276932869914 5.454722839089024E-5 0.6441118392124812 | 0.009469180679175059 -0.03635817242646055 0.008240103124774033
0.25730544743426453 8.993329332961659E-7 0.7944005439610066 | 0.0011744763809324555 0.002181708015198281 0.007610203383937205
0.40000061316260893 0.08207773491389825 0.24259766749457565 | 0.004753218972905213 -0.17887995852143568 0.06932835317964653
0.4000386190782134 0.01411264250230414 0.31856602345292945 | 0.008894498965654692 -0.005470223199444817 0.006702934334534996
0.5133077312851061 0.013974103160834566 0.5103309204863893 | -0.09763720088583377 0.41378569959968575 0.05114816193498556
0.3234426616642817 0.01284669887632778 0.4000446373686398 | -0.0030087735692793005 6.977517170210073E-4 0.008559848891359597
0.3713270480901011 7.810225547035684E-6 0.4821358266852434 | -0.0038058944615857785 0.0038990746878571525 0.005455523250187586
0.3427766351954669 5.239201265472033E-6 0.5788050848694907 | 0.006900666021842455 7.866883682231995E-4 -0.005627829498933857
0.4327673607007148 3.575469732658472E-5 0.744111779661189 | 5.884004333479069E-5 0.00447455227003828 -0.003722255307454505
0.35178725486084494 7.382543621244406E-7 0.7305608266788157 | -0.005058012687630243 0.0018516731568201136 0.00606489381254241
0.4000320790104578 0.030579945281581297 0.1430329623000609 | 0.004327799536758297 -4.3825816098217693E-4 -0.008835887730489373
0.4000000043712312 0.14960411329672196 0.2986561206092223 | 1.4185745285202603E-8 0.001409419839352809 4.522523079531388E-5
0.40005340884219054 0.008304444262940146 0.3286253241751531 | 0.003627979945382499 0.001384083541388519 -0.007726000344574076
0.41835975789182317 8.152996040026818E-5 0.38783249528536373 | -0.003387066823935071 0.0018248695592200936 0.00619310687489261
0.4234853675202486 1.5462301539358013E-7 0.5543701795423857 | 0.003014453115085629 0.0012975068762208033 -0.00799682438768266
0.42645826093059447 2.422290297568114E-7 0.5428100940600957 | 0.002374896106040418 0.0018143963779260485 0.007813095541129274
0.4326654201642717 3.3023156082803704E-5 0.7332537831601882 | -0.0011263753696383232 0.003348532298892349 0.0061109702621850205
0.43738029481492374 3.774636254387536E-7 0.7442996310012704 | -0.007403744720045257 0.00216879877315672 -8.719716401996778E-4
0.4925644507846743 1.0489743187501544E-5 0.07033684935767652 | -0.0029202660298011445 0.0033633458845901574 -0.006138647878414844
0.5126242887467216 1.1724073842523511E-6 0.3002601830794034 | 0.003359757752857152 0.0026085160642427157 -0.006394275209559852
0.4857232578193265 3.7866616196494417E-6 0.36911300142135645 | 7.239354655639466E-4 0.004587208163751936 -0.0047154464482357826
0.5541416134201673 1.3708207359082597E-5 0.4237214977079959 | -0.008100589795503025 0.0013175706678445046 0.003174261845519457
0.5896713800571952 2.388617532882321E-5 0.5897633136333612 | -0.004095952558272634 0.0034691518641883196 -0.0046009854710980114
0.5019972091017245 8.125425057185514E-5 0.5826232199234681 | 0.009897084845681412 -0.018919953747432054 0.015766710451093242
0.5078459316673153 1.5130015089598253E-5 0.8378767857362613 | 0.0030149397303729794 0.004552794946476429 0.003448436004857765
0.5125780703380964 9.549971471206328E-6 0.7415875324720516 | 0.007969917049644174 0.0011238940561486257 0.0027036173034399678
0.5661329204870649 9.931200033290813E-5 0.20008112762972827 | -0.0016262640827702998 0.0023237935842897583 -0.007754857335287712
0.5061011135502009 0.016029697361844047 0.09044795640870398 | -0.013770504969490468 -0.03379690553460255 -0.09988043352756314
0.5787182496894752 3.571906568303744E-6 0.3427942244320894 | -0.005299231290042799 7.633866578557183E-4 0.007186947393801014
0.5425722448241529 1.643547456116253E-5 0.4266422948757272 | 0.007388877100681547 0.00222463924850422 0.0017980205686012798
0.5834979886065571 3.342330910100656E-5 0.5020973320335359 | 0.011066720510121003 -0.04340548833420522 0.004319138447699365
0.5895488702257363 1.2783646010098582E-5 0.5896399454279557 | -0.0034734768764940146 0.00399170429836097 -0.004064448279949296
0.5215677454421092 0.014757575707641734 0.7462243321150489 | -0.04160786916783961 0.2061862807722952 0.03388435023559501
0.5938996897393439 6.0384320816307734E-5 0.7264657160144979 | 0.0010689872911192216 0.0010613883379913603 0.008186699507424164
0.6543965639518378 5.988675721035947E-7 0.14373744159269583 | 9.71119131399003E-4 7.477224188555313E-4 -0.009064719706680897
0.6441160208338519 1.318321386993134E-5 0.2149567933002662 | 0.0074758372076711415 -0.0390636712327216 0.010082012677087047
0.744180134627864 9.008486106795962E-6 0.43284407785485524 | -0.003674397390086381 0.0045094153894860555 -5.019437000540199E-5
0.7328588302725068 1.4516473375029179E-5 0.43261488053111247 | 0.006197803439493832 0.003328169957911048 -9.074783414713968E-4
0.8378843794012114 5.0201646455000935E-6 0.5078709776312659 | 0.0036291643338514003 0.004479732266559012 0.003048963137868201
0.7459507780010604 0.013918078726434644 0.5221135967513811 | 0.04271989972641984 0.287683549642662 -0.05130284599030347
0.7403580554543782 0.011038466191643658 0.7403996788967177 | 0.01089167590258149 0.14797960077230388 0.01113053839626852
0.6863594395928329 1.923733287528099E-5 0.7936476698298007 | -0.004311647254809311 0.0010071106625081897 0.007215367022402958
0.7755541782602668 1.1479985447637645E-5 0.16581275463516873 | 0.006452597261048333 8.898131314866E-4 -0.006287706637920981
0.7944259654653775 6.425700419292668E-7 0.25729476265022627 | 0.007564868874127464 0.0022522218343942 0.0010886481826932223
0.7305859373889841 2.7327223163783884E-7 0.35179253384957665 | 0.006365032875742171 0.0017587464721563922 -0.004781978941875205
0.744308615110117 6.835269755981887E-7 0.4373871115612239 | -8.344426118826555E-4 0.002200211019066283 -0.007395853901129811
0.741587953357087 1.0559873447019947E-5 0.5125775180699086 | 0.0027390396374987664 0.0010827995111577881 0.007589539783298125
0.7264652706178534 6.012129526081049E-5 0.5938989729655092 | 0.007910458088665041 0.0010280298938675507 0.0014445572422767834
0.7936460746985547 1.98468524450765E-5 0.6863608314215558 | 0.00720293772136706 0.001013409345563805 -0.004307531256352522
0.7896547180742174 3.3462028921727534E-7 0.7896547403606216 | 0.006532303722446184 7.573546110806555E-4 0.006526340741749755
0.2252411249884605 0.4000002772006596 0.22524113243400132 | -0.0035771873975985673 0.004312709830593996 -0.003572738616489657
0.23617535161799136 0.40000151306119375 0.3417757589287807 | -0.004935107638059936 0.0012467910811858277 0.007214184372735117
0.23117454125310344 0.059118069242051485 0.40001265957067 | 0.0036294751228132228 0.004565890003049396 0.0029160656517927533
0.15698005395813494 0.023368391597449464 0.40002219130863664 | -0.009471927116466718 -7.341650340467581E-4 0.003355511149229847
0.07383820665782587 7.776516265711741E-6 0.4929270361711914 | -0.007427112615439308 0.002663915827302108 -0.002106781345250781
0.1958512080144662 2.2950840422027722E-5 0.566170780261137 | -0.007379649745799021 0.0027246164153657665 -0.0015052205602221393
0.14533161919146603 1.7071662525860345E-6 0.6541914435898009 | -0.009120297027542594 6.738921976426237E-4 7.204432165779458E-4
0.16796308735972254 2.2232537758213576E-5 0.7734557483124345 | -0.00652114807194118 8.141498932053488E-4 0.006293385501988536
0.3417752611880985 0.40000161049353294 0.23617502387087874 | 0.007220939107433191 0.0012457842437435683 -0.004926521205355423
0.3434911296506791 0.4000071549112912 0.3434856740530108 | 0.0053596802967827125 0.0025284464501713743 0.005361063059266249
0.32308051939316385 0.02137734877384887 0.40005112938374143 | 8.935006375772043E-5 -0.012468502579436599 0.00836272646499803
0.3157306885101661 0.10932405878547802 0.4000000208846354 | 0.008454271343411195 0.0016078887220570875 1.469270227100646E-6
0.3007330558986833 5.060159915768262E-6 0.5123439285938687 | -0.006073056691674064 0.003002023037418836 0.003071474351799571
0.1080955574561381 2.2568115359268583E-7 0.570227013903266 | 0.005641587016669862 0.0027491534018876784 0.004609803548215892
0.2066127838328461 6.124853449002236E-6 0.7163318388800656 | 0.0015966000979774754 0.004913657035531182 0.002755225848608462
0.25736179776768553 3.275665371712407E-6 0.7941432903599162 | 0.001121777272647698 0.0021257171852633165 0.0076731022580302346
0.4000066474736246 0.08179321006531237 0.24246088560554174 | 0.0054002700848147485 -0.04807765883636514 0.0892426281256189
0.40004435228217994 0.014007856636144046 0.3179109137569317 | 0.008286286588463962 -0.004908358892367295 0.007440667357587465
0.5097977291625425 4.5420133716179794E-5 0.5088872965019655 | -9.216975078661665E-4 0.004925921106248882 1.4396874019960578E-4
0.3244251744215106 0.011468726885118238 0.4000710345839161 | -0.004747118239931368 0.002032380190949288 0.006451272357825885
0.37068840890812177 6.443322434519015E-6 0.4819736992608878 | -0.002042675719292541 0.004052076128962986 0.006081694460709934
0.34713359041869674 8.100434782701592E-6 0.5763244378067971 | 0.0013360644845155064 0.00253616590790932 -0.0072913405311961456
0.33904869539481297 0.017621092526183154 0.80543827305251 | -0.0013325523346681561 -0.24280629691906883 0.10024894288888903
0.35700616337511504 7.4145301731308005E-6 0.7516223616943728 | -0.008112214001636517 0.001536222369533574 0.0014833779584533188
0.40002692765447667 0.024108478037030787 0.15717257208441662 | 0.003274170315092802 -3.0076802912832365E-4 -0.009053404252839507
0.4000000159266015 0.11144098135684428 0.31102773910493475 | 9.777852370275846E-7 -1.8050285932325294E-4 0.009310830986601938
0.4000673796827386 0.010695120411129126 0.3244519920915291 | 0.006639591568539324 1.2030446181766802E-4 -0.006791838560302522
0.394190807283515 5.731408034459221E-6 0.4038523407472753 | 0.007223443678344687 0.0018212467415256789 0.0019244315794624328
0.4274142026737747 4.284480390055848E-8 0.5451983665926461 | -0.002977627341514233 0.004001795305476704 0.004278041050449227
0.42628687280220995 1.3295398523676774E-5 0.5429542968646885 | 0.00288633058074945 0.0018399832309922896 0.007593820307822722
0.43268043535682704 1.5463177917001672E-5 0.7332991877876873 | -0.0011545829718912822 0.0033483073035664355 0.006106700768560971
0.43691130095095415 1.961597915096788E-6 0.752734087771628 | -0.007165282123622354 0.0021980604702064982 -0.002321816354604784
0.4926103253827054 6.030892281880471E-6 0.07381290204429695 | -0.0024891756526400012 0.0028467024845538124 -0.007024754514125375
0.5113228258185358 7.827215417737997E-6 0.30086285629701875 | 0.0039884667768332535 0.002404483451480744 -0.00619247284958131
0.4857542493042933 2.1234495805908747E-6 0.3691673289777548 | -2.436581613545053E-4 0.004264267380815398 -0.0054063147288932155
0.5450951233255098 5.760239565039222E-5 0.42743597988527166 | 0.004335100040818225 0.00428034240289879 -0.0017179685379142956
0.5112834035417795 5.787722150364453E-6 0.5114551349446671 | -0.0020553663737554917 0.004236297375914605 -0.0032866198799797837
0.5020324214271054 1.0909890813758384E-5 0.5825874278515165 | 0.005248396742305524 0.022358807624378568 0.020177897651208126
0.5077617595698879 3.5026369599760234E-7 0.8374627259743568 | 0.0026033302054045957 0.0038918699623139838 0.0052011514214678626
0.5133874744167378 2.062639454348808E-6 0.7513586353471339 | 0.008221742354444176 8.330885803316851E-4 -0.0028482923389715046
0.5661536815789993 5.721859649460861E-5 0.19582139919714917 | -0.0012215914961963635 0.0026506824788984497 -0.007435296498370945
0.5720212549063604 1.1985982344575125E-5 0.1060782043560819 | 0.005203503991635553 0.0029052071576725355 0.004892293831838584
0.5766992653352854 7.336994628156176E-7 0.3471105239768642 | -0.007337616824186644 0.0024847148893809927 0.0013964061391742875
0.5433194415705626 2.006148475259977E-6 0.4267791717382035 | 0.007065121212407955 0.0025996478891089055 0.0015580475503900776
0.5832673646502371 1.5452902904033197E-5 0.5021005042923127 | 0.013017819591017037 -0.046537932785155264 0.0030313749629867818
0.5896076951070887 5.602565259392675E-6 0.5896989642955113 | -0.0038350996548378005 0.003698096814380431 -0.004382906068696822
0.5965608125615817 0.003523044240735934 0.8541267693467743 | -0.015834051006244017 -0.07213899209427894 0.04832626444799936
0.5888400869163034 2.8073029977311215E-6 0.7617824882613953 | 0.0030040296591693143 0.0018126033053182872 0.007156629850173427
0.6542095268762281 1.4340332465938258E-6 0.1453294160752556 | 7.847311357755868E-4 6.682170837267757E-4 -0.009136695182909807
0.71639716621879 2.1877661236008433E-5 0.20666344675830797 | 0.0028189506391226317 0.00476654817875114 0.002335483152630639
0.8050927537183598 0.022798098793996788 0.33775392368077695 | 0.11029662170554916 -0.11080827481620968 0.0010678237960910126
0.7332639367695889 5.245030762306441E-7 0.432745346867637 | 0.006076327384055064 0.0033873602151594105 -0.001141403937349492
0.837583326311085 7.4615826321873505E-6 0.5078082570382125 | 0.004922502739784364 0.004009069000432579 0.0027223522121385133
0.854024019195664 0.003632069741590084 0.596577501762342 | 0.0482057263820923 -0.07200966968535535 -0.015648021669660814
0.7406109555016599 0.0011668566247198227 0.7406546866005027 | 0.0037267258299310295 0.14520041840152734 0.0038245667545064544
0.686543578934081 4.064340398655342E-7 0.7944338506660011 | -0.004483406956469419 0.0010425164499158807 0.007176949514834244
0.7735925814317509 3.8033062131482173E-6 0.16777383599136497 | 0.006303250046139505 8.219917246514965E-4 -0.006503729448822779
0.794167934090622 1.714688044946329E-6 0.2573509003211367 | 0.007629779988779118 0.002193851053341678 0.0010393864350043832
0.7516446898088837 5.233789507682303E-6 0.357011673919892 | 0.0020155881431724444 0.0016695582071965657 -0.007933937097696348
0.7527365103987042 1.374213393020184E-6 0.4369070391621088 | -0.0020878869736120826 0.00224203081066469 -0.007213608469121404
0.7513658152661262 5.565480224297816E-6 0.513388072330912 | -0.0026211095845800445 8.141231755752115E-4 0.008141053558137847
0.7617808201707355 2.2503452688063912E-6 0.5888389749859689 | 0.007348130527084088 0.0017827567591163934 0.0030026652226934772
0.7944304957633939 7.741988989509861E-7 0.6865459673290265 | 0.007164058888162469 0.0010490765553549113 -0.004480645034140732
0.7860554770408335 2.2564323165831466E-7 0.7860555174245097 | 0.006562038379801102 7.074477772299843E-4 0.006555657813291753
0.2393892278999267 0.40000018324521935 0.23938924631536512 | -0.004824448901072668 0.0031802553520879416 -0.004816689631969595
0.2422307416645387 0.4000016262909018 0.34188467932271305 | -0.005362241870077781 0.0011337058367447107 0.007008286351768498
0.23951959242381704 0.009752685167656079 0.4000422830025912 | -0.007280123414643858 -0.009663829201321205 0.007736395791549997
0.19072605263100323 0.09412690832922926 0.4000000204165223 | -0.004786988385240828 0.004451477016624106 1.935515723370689E-6
0.17299256508253275 3.794011934275273E-5 0.4744076158696507 | -0.007625547353995311 0.00209625044465884 6.592956131630522E-5
0.07923898284870387 5.11269271584872E-6 0.5823521985801908 | -0.004563275260944971 0.0018253647079835222 0.006831117119399498
0.14641192996084107 1.1591101741758605E-6 0.6542830962401859 | -0.009162376330547211 6.295034377314985E-4 5.38930206445067E-4
0.16996988155755244 2.5479178007102068E-5 0.7715597396365139 | -0.006753206106972717 7.670030572560967E-4 0.006091916953875649
0.3418846628590171 0.40000157416690624 0.24223061678701943 | 0.007010800814052876 0.0011330986165360387 -0.005359616292472238
0.34356941898490995 0.4000016311002601 0.3435651625503755 | 0.005284652182028922 0.002631012871153566 0.005280468395174521
0.32246788369618573 0.020823299950372996 0.4000064781084047 | 0.001879556060818749 -0.012052414320953301 0.00853319089094145
0.31061426444162016 0.1048042954340287 0.40000000030756133 | 0.006482750260948375 0.0034403929967777454 1.8961627553147016E-6
0.2967009151116409 7.779772486753117E-6 0.5095676320638081 | -0.001775292273012862 0.003407005222754597 0.006319612840616741
0.07306147325471629 1.7249617163527003E-5 0.5878477430009603 | -0.006673857396751894 0.001882398692561881 0.004735792139659545
0.20795635128386314 3.740740696899355E-6 0.7165564392918764 | -0.002791623384437104 0.004949088290947293 0.0010424204163771169
0.25770471993668687 2.2068838870153134E-5 0.7933826362120642 | 7.600610255823838E-4 0.002004353409158702 0.007833887619344984
0.4000384105442985 0.009385734299908887 0.2391835719049642 | 0.007964609006295132 -0.008425663880673225 -0.008231553731955174
0.40002679717474043 0.01103769107100662 0.31541497942226937 | 0.00637581601619661 -0.00136732795316816 0.008209334684453898
0.5040771643774702 7.318854155960957E-6 0.5034016414957238 | 0.003666243207063255 0.003527190433763376 0.004289287239506264
0.3199997557873648 0.013617960502566986 0.4001148919356643 | 0.0066280000826783175 -9.500547422193675E-4 0.007608476332437471
0.3720846777752196 8.532972242250936E-6 0.48520348877187536 | -0.005138040905710956 0.0037339103043554115 -0.004579340574035381
0.34702038044405337 9.218194430493158E-6 0.575965837295166 | 0.0021654100094833434 0.0028882578339570145 -0.006676936792948902
0.35164509134397104 7.973560912991367E-7 0.7144179965273584 | -0.0025779264583328013 0.0017094106203504465 0.007808840127453986
0.3621894223044689 1.7970192963687146E-5 0.9114021624246703 | -3.519979724601326E-4 0.0016702021907368646 0.008381298345893465
0.4000000372735025 0.09564799436836811 0.19115023942740678 | 7.928125750883415E-6 0.008900696505855083 -0.010872087466686997
0.4000000242103419 0.10458776940771057 0.3106064839018286 | 2.101300909320146E-6 0.001383810392388203 0.008218960861183542
0.40010171260801136 0.01321574306437152 0.323842108105904 | 0.008404867405362145 -0.0034387571273843498 -0.006808695096060227
0.4076960416877267 3.2049964375060966E-6 0.4086763239628119 | 0.008291936841121653 0.0013325843242759678 1.8772168115862827E-4
0.42846577579635026 4.199161587637617E-6 0.5409964081881025 | -0.0024321845906871194 0.0014115188462098293 0.00838414250348245
0.42591027749343197 9.685190953449402E-7 0.5445862621074156 | 0.00495029239680466 0.002544973500530025 0.00535577218736103
0.43264846781196964 2.955578441588168E-6 0.7334852877745202 | -0.0010764191058521939 0.003380939207001912 0.006065896053391788
0.4343467491744055 9.860772874817897E-6 0.9279855378641969 | -9.670012626394849E-4 0.002986934643912573 0.006995108673430044
0.4744557310169351 2.105100531354367E-6 0.17294581087765795 | 5.400524443858974E-4 0.0021372206438575758 -0.007726814660067826
0.5096948002803741 4.38204881889739E-6 0.2961394893987545 | 0.006492986906418193 0.0031051111127288807 -0.0023534073789079056
0.48561557230998387 1.0415809646372982E-5 0.369098971318783 | 0.0038860695134133425 0.00423699664155958 -0.0038047867752458034
0.5410180090033757 4.052367347336965E-5 0.428565782273376 | 0.007562854601987094 0.0018550926069247785 -0.0021821231633485966
0.5083939422468725 1.07777560202692E-4 0.5085807245903563 | 0.0013080991662499806 0.004906121679690562 1.0775337354712385E-4
0.5019744715505079 1.7561685808831088E-5 0.5827332407871264 | 0.01736941455553371 0.023578296978626862 0.007278592940084624
0.5074782700773148 5.144488456099037E-6 0.8367512569407809 | 0.0027508303360130795 0.0030596703351103214 0.006421924224766179
0.5070378972914792 6.223873947178316E-7 0.9288220651051893 | -7.742822310276234E-4 0.002143318160420489 0.007934186685326913
0.5821638070487325 9.743101451858746E-6 0.07951825057407494 | 0.007142862852953871 0.0019715837891196696 -0.0038320314785854942
0.587672798490378 1.754391729148517E-5 0.07374177008061576 | 0.0051414800940093024 0.0020728258480633144 -0.006150643976888719
0.5767932452458153 1.7578779569255856E-5 0.34722282916096703 | -0.007492648691559466 0.002426833546196957 7.622011736817527E-4
0.5448596204640477 5.8282098537241025E-5 0.4254554626253115 | 0.00397626608638968 0.0027767612857028862 0.005915370743658601
0.5826061875517614 2.4369610768642662E-6 0.5023130057338872 | 0.014084065722026019 -0.04936102430846111 -0.0017630297168617934
0.5898656503515507 2.2737013604558417E-5 0.5899562278918156 | -0.004735639557198916 0.0028256515103169235 -0.005132174751876149
0.6368583001142855 0.00626848539475834 0.752255766427731 | -0.03134151191862355 -0.8492820794690646 0.018464420138874463
0.5760221869900171 6.029829802502752E-6 0.9144600206683774 | -0.002345212991612331 0.0017787393935223927 0.007947850714811636
0.6542960722089592 4.732565267566853E-7 0.14646427534059026 | 5.899933599461579E-4 6.216697675228376E-4 -0.009182275294478017
0.7166275866957869 2.6947031521757167E-5 0.20805306002602547 | 0.0011448525831257344 0.00502645939320591 -0.0024718337158514143
0.7095646493889748 4.2752537600202555E-6 0.3536843580723861 | 0.007697141962427309 0.0017987500744695425 -0.0026636345255556713
0.7328546195092547 3.917014758639748E-5 0.43265173048044037 | 0.00617939114873936 0.0033357266583943818 -9.803112568496052E-4
0.8368996723230997 1.3525897993789224E-5 0.507568756978613 | 0.006298150104435769 0.0031714675461130206 0.0026941913275066896
0.7524863695690612 0.006452863078373907 0.6364409144110849 | 0.018448002685125624 -0.8500325700255754 -0.032321010578809276
0.7406158423181459 3.2315188306647144E-4 0.7406564878710696 | 0.002998336990333811 -0.008408282137206891 0.0030894985155178697
0.6868205299852469 6.3192304526911555E-6 0.7938661003745879 | -0.004517801801550425 9.886778147237083E-4 0.007106159057851543
0.7717508044161708 2.585389320303673E-7 0.16974346742940138 | 0.006103577928681069 7.739078126176455E-4 -0.006736023894409947
0.7934061318376642 1.7490127120886473E-5 0.25769305684693117 | 0.007791841152990884 0.0020675758045719094 6.875207915134907E-4
0.9113934226877716 2.2785118947999958E-5 0.3621964593241436 | 0.00836722995614874 0.0016907447398610254 -2.554611318696839E-4
0.9279869666374027 4.250936375135607E-6 0.43435100167944996 | 0.007003992023626877 0.0029798765127577644 -9.650142458087506E-4
0.9288071846723568 1.5810225995730586E-6 0.5070365279908844 | 0.007955088689515869 0.002122182568122849 -7.695421604944152E-4
0.9144627639211115 4.497365613203612E-6 0.576018166835132 | 0.007938776130053329 0.0017897830466310162 -0.002341750078375501
0.7938646948091735 6.655385290485582E-6 0.6868219395876414 | 0.007093488419252939 9.9465265519428E-4 -0.00451529412103881
0.7819680391913703 1.1863498482709908E-6 0.7819681357709999 | 0.006556586775135616 6.907750966428265E-4 0.006549670101784574
0.25213007088753747 0.40000718712305305 0.2521300802829471 | -0.005277194784833908 0.002631658979931091 -0.005279169893931972
0.2498498871448597 0.4000012233897605 0.33922821154863536 | -0.004605073459260507 9.461448057535445E-4 0.007686902014342124
0.22447106609113476 0.036279925627676235 0.40002392698141576 | -0.002384645621227117 -0.01377214624131019 0.007246722676386763
0.2077141767401545 0.10593579083915831 0.4000000520288864 | -0.005523845221888678 0.004074028493252012 6.762398111748844E-7
0.2329059923053287 7.609605290386299E-6 0.4794849750366263 | -0.004732059007032965 0.004298153141111309 4.985129639549293E-5
0.19636832841082616 9.894749267071371E-5 0.5663767454517299 | -0.007415237685160775 0.0026595052272508912 -0.0016636087929173154
0.14933298995757707 1.4709061305156777E-6 0.653856133786227 | -0.009224391044061446 5.445930663334994E-4 4.02308997867668E-4
0.1871550320669699 3.6796810991771356E-6 0.7575307876622696 | -0.008860617185194835 0.0010264273887464854 9.631567878774933E-4
0.33922818798137083 0.4000012065294853 0.24984966577103243 | 0.0076843388794814935 9.459975370119693E-4 -0.00460941847996332
0.3436430936977415 0.40000239507411595 0.3436374705888695 | 0.0051886655720552455 0.002749728766412371 0.005191041619184157
0.3155671594336643 3.101728600534738E-5 0.4473060335161748 | -0.0026040456254722336 0.00495342455523762 0.0017896594250590794
0.32453173443567884 0.09394467513155105 0.40000004741487893 | 0.0035151930168137225 0.004975863853724055 4.0825172054736235E-6
0.3014191546380288 6.250959860160899E-5 0.5111086735585343 | -0.0059609557766404425 0.0027488665941423195 0.0037822763430088125
0.26633290753696925 4.993122087162778E-5 0.5915906635167367 | 0.002548945504439095 0.003297856570169858 -0.0062757251009590434
0.21552537608681296 5.985948633848913E-6 0.7170747420644855 | -0.007321727187751461 0.0024399319149893727 -9.056180119602192E-4
0.2590417315869733 3.7986621992752047E-6 0.791025852507135 | -2.4942003560423644E-4 0.0017235058320152952 0.00812837958529623
0.400003851577182 0.03643984819583155 0.22430512094691094 | 0.007936035319730368 -0.014641837303121354 -0.0030134694364212056
0.45771200004243257 9.132165406207078E-5 0.3057923003159465 | 0.0014622790892627707 0.003932473592917377 -0.004444075357590304
0.49879091967319883 5.3208438555669356E-6 0.49888350035452644 | 0.00512255177557085 0.0033914446659747883 0.005141216990866764
0.31791003227685094 4.1378798213262765E-4 0.4000403170127112 | 0.004392551480656395 0.003218055400788644 0.005280035840610989
0.3735275519790896 1.179783800799194E-6 0.4843761980418473 | -0.007641166305838526 0.0030778090735118983 -0.001182169128809587
0.34440753475015823 2.513691107498894E-6 0.5751016607056184 | 0.008327882713749181 0.001439647151828674 -0.001183267243592284
0.36534115928733213 3.412001310488177E-6 0.649789840173531 | -0.001979848439087549 0.003343110076916726 0.006351267657088064
0.3498514454841719 2.1111282667957754E-6 0.7433066440663195 | -0.005779785364836192 0.0033365578216896213 0.0022531709033790774
0.4000001104559166 0.10456046882662591 0.20723188836327092 | 5.591304821326222E-6 0.008950375014369292 -0.012200537056526442
0.40000001121700013 0.09358937797834797 0.32480018881204803 | 4.82344715431353E-6 0.003930836378580238 0.005569216519356934
0.4000849567894462 1.9770106877162934E-4 0.31205791091387225 | 0.00617860384036554 0.00129239648775777 0.0064156130151437
0.42459281711597535 5.818960094014603E-6 0.42565349273249337 | -0.004413778399500458 0.0020877662239031296 -0.005187367905618149
0.428854075726197 4.662777838337452E-7 0.5399527091987091 | -0.0026209756212737505 0.0012146467541237378 0.008498400970502275
0.4448830548905805 6.690779548984023E-5 0.6413607430157499 | -0.006251022741499682 0.0030716353736311443 -6.083142586267194E-4
0.43193899257742924 3.8882715235770334E-5 0.7278687042876494 | -5.229813212089002E-4 0.002734635703994257 0.007141068921717364
0.427278090236816 1.6679669932938349E-6 0.8404157360018067 | -0.008117529689049966 0.0016218022496399095 0.0023072635168869915
0.4795266503174804 7.290074004037632E-6 0.23290298641226298 | 4.657555343809357E-4 0.004324115328434512 -0.0046154434484763
0.5105562667012554 3.441802862990557E-6 0.3010470839605544 | 0.004337742039511465 0.002329205347667689 -0.0060104562935766265
0.4856982101373971 1.2442768346673968E-5 0.3693293154253426 | 0.0012567293991555498 0.003482563557004778 -0.00653321154491576
0.5397224174452131 1.4285666554095904E-6 0.429042619615321 | 0.007674095849969511 0.0015983048769329649 -0.0023809052038691447
0.5344864026165003 7.872713841860204E-6 0.5346634581227684 | -0.004886404553286439 0.003390349372953897 -0.005203543410775245
0.5019423921398302 4.0175869027765806E-6 0.5829559353719387 | 0.012595368122933917 0.024818622749081108 -0.017122252400424653
0.5145467619750319 6.512959772887733E-6 0.7321090918252116 | 0.005467220714387284 0.0016169281804684135 0.005967724992179183
0.5107996849702265 5.799392727484908E-6 0.8337735720027316 | -0.0047444792879984205 0.0014556889721803528 0.007172029479058565
0.5664411600149534 1.3175351986811505E-5 0.19599196690243217 | -0.0013908026439745835 0.0026067697844702926 -0.007441626893937979
0.5916555166368405 8.220532653992982E-5 0.2662986542467843 | -0.006209795036303594 0.0034180985481414095 0.0024474998161791196
0.5755531383207215 1.1406122436503419E-7 0.344493983003014 | -9.577281604106391E-4 0.00134858877382947 0.008440930138532214
0.6412687284919193 1.1428423886563352E-4 0.445095820002972 | -1.2937886459777785E-4 0.00303894677476337 -0.005827754134199086
0.5845816794844184 7.21647563338357E-6 0.5017067667168206 | -0.015962807328303154 -0.05026570986730045 0.007941936288124434
0.5896687490155892 2.667120422026167E-5 0.5897620778972946 | -0.004074806714285754 0.003482677379338304 -0.004593974956247606
0.6035273862705279 2.1191547967131957E-6 0.6668336652560404 | -0.0015346008678312729 4.1351399744170915E-4 0.009270697911398245
0.58473452064231 4.950980420608395E-6 0.7949387181928382 | 0.0030063911393373795 0.0018572575109677006 0.007113704157615206
0.6538699406777032 6.399890183007166E-7 0.1493343340802689 | 4.464273116440332E-4 5.383580290771134E-4 -0.009243899701859232
0.7171318855559878 3.9222027172945776E-7 0.21556626398244877 | -8.589695195256577E-4 0.002452596060513289 -0.0073161964818248704
0.6498986999473528 4.195329780766721E-5 0.3653191497000329 | 0.0064691598247615615 0.0032873626315833926 -0.0020109434477344574
0.7270338088680106 1.133963917163784E-5 0.43184169015427326 | 0.007138988471229558 0.0026980830689230634 -3.3892090448647957E-4
0.7321494270864868 2.3220597970458168E-6 0.5145494293055952 | 0.005952752808443612 0.0015989896937128876 0.005196179540930809
0.6667484383450795 9.97745957873526E-7 0.6034581443682007 | 0.008730007315841472 4.291036984767353E-4 -0.0017022153925808873
0.6979070154695667 3.4090037499737413E-6 0.6978961267887843 | -0.006226265686234953 6.922062459613506E-4 -0.00627086158922713
0.6845873050085686 8.76714800477607E-6 0.7900146173373267 | -0.003508318724709074 9.292061497788743E-4 0.007723916434158094
0.7575272874415229 3.5522181371723937E-6 0.1871561124456033 | 8.834312111382805E-4 0.0010365924474657821 -0.008861098206397374
0.7910485506546248 6.401319418613238E-7 0.25903068390415546 | 0.008083685572599612 0.0017812350050584501 -3.027424231434566E-4
0.7433598272626595 8.872058021329775E-6 0.3498568288061868 | 0.0035409054398776512 0.003227967175577381 -0.005289010218244259
0.8404772738779821 1.0000170610394276E-5 0.4273359647787492 | 0.002426840865919811 0.0016057612128718211 -0.00809192730490326
0.8337789171407595 7.996825525299716E-6 0.510692477356106 | 0.007276607970879256 0.0014595452668173408 -0.004591546018792422
0.7949393381819183 2.509567504380568E-6 0.5847268494825159 | 0.007108893507816233 0.001881422239271273 0.0030050199897786786
0.7900134649013624 9.087243775810013E-6 0.6845884312150187 | 0.007708979922212881 9.339792239622996E-4 -0.003496780048165267
0.7406674067861018 1.5316874004822202E-4 0.7407091615118917 | 0.011407096940738113 -0.03189998543751339 0.01163066173596268
