512
0.27439972089211057 0.4268958659573676 0.2743997193357681 | -2.0786151787298792E-4 1.1258481720451232 -2.077126502054833E-4
0.26147056374678046 0.42100162046419315 0.34399775943318356 | -0.04080302902032481 1.1843382924509993 0.013995750350683369
0.26311330303917446 0.32312478107886544 0.40826668536666216 | 0.029143866666638187 -3.7447399272904938 0.01111983487721804
0.26057537179285983 0.33064001016642763 0.45437514962154285 | -0.008588295545894749 -3.5530459348098793 0.10210212463616604
0.26170709007194004 0.32818652942411936 0.5009300185700695 | 5.278662976412025E-5 -3.483712242498343 -5.052311634194646E-4
0.2628221374893589 0.32670173483949 0.5528844912339055 | -2.42621374905794E-7 -3.4860088979866437 -2.3567306432494085E-5
0.2657506556282074 0.3237496846610813 0.6101009746267723 | 3.638393121591552E-8 -3.4860000445606096 4.976797813953534E-8
0.27015754595608965 0.3193394030707226 0.6798428420425733 | -5.966907966852399E-10 -3.4859999985196173 -1.3833962188084932E-9
0.34399773303537845 0.42100164978919735 0.26147048909033915 | 0.013995327482345063 1.1843387118136013 -0.04080361664617152
0.3388553793726947 0.42208594988645387 0.33885522291126574 | 0.005598335935891664 1.2986832737485399 0.0055954422410123454
0.33173590356518895 0.32867647367529296 0.4070775134994072 | 0.01146832390980045 -3.610957686297571 -0.011734232824006405
0.333282191669894 0.3327363815639871 0.4581212016123567 | -0.021778589247676935 -3.6923750898587744 0.17095113479129143
0.3336251695336219 0.332393582696082 0.501360811629351 | -4.713352037588285E-4 -3.488403282875527 0.0017896221558059084
0.3350643074400798 0.3306654950792354 0.5535291668591154 | 4.509195339345529E-6 -3.4859843841231672 4.154430483644773E-6
0.3371352374043081 0.327695684170086 0.612869145725321 | -1.267943678173879E-7 -3.4860003328873304 4.920232618383492E-7
0.33990277383153905 0.32374659423341845 0.6842501044881306 | -5.412091185208513E-11 -3.4859999993743087 -8.869077045480355E-10
0.4082664429494333 0.32312373154469515 0.263114722184497 | 0.011099981479127968 -3.7447432869706354 0.029142422494731767
0.40707808416042607 0.3286756320510369 0.33173590881281445 | -0.011672522197476174 -3.6109557683027536 0.011516203770446818
0.39762421577417945 0.4283947105056016 0.3976263520427387 | -0.004637911419971844 1.3921900865120838 -0.00460564618427551
0.3950895183825038 0.3300230778793837 0.4604654666498637 | -0.0038048980877248323 -3.752014469285107 0.057942336623131745
0.395124734480439 0.3354193484652843 0.5006313377804571 | -3.9911667863125734E-4 -3.4870214639226895 8.303087496061135E-4
0.3958281894044942 0.33354632658199757 0.5542553872700781 | 6.169444287830774E-6 -3.4858725174899816 1.0267725127258935E-5
0.39651040180256186 0.3306246503066068 0.6149632124098303 | 7.769538085785019E-8 -3.4859998296650923 3.337345065619587E-7
0.39715926305608523 0.32666619647399825 0.6871696377010198 | 1.1846917947980929E-9 -3.486000008885018 2.2804729859127905E-9
0.45437471829082876 0.33063983412910225 0.260576455305972 | 0.1021061574795688 -3.5530265961791323 -0.008563931208068969
0.45812142166149944 0.3327346882227595 0.33327960566418663 | 0.17050264950575492 -3.6924437250476223 -0.021821242710843597
0.4604621810304418 0.3300223733547859 0.39509046447347596 | 0.05781999562196348 -3.751890669112793 -0.003806018673078416
0.45264893921680227 0.3310928766045643 0.4526501677885862 | 0.022341699799689422 -3.675528635103773 0.022345643423719332
0.4495362197082996 0.33651882327142124 0.5010560498514809 | 6.311268387249021E-4 -3.4871887483397295 4.2019804347239934E-4
0.4493213877280725 0.3349202245378445 0.5548800369336242 | -1.782804835097425E-5 -3.486068098603492 9.995577879147156E-6
0.4493686818348018 0.33191930356208516 0.6160330836307207 | 2.4447679974870747E-7 -3.4859987231638354 -9.623602068085856E-7
0.44950098382969816 0.32771051812868257 0.6882139269850184 | -7.495398736638954E-10 -3.4860000130509077 6.872416303124404E-9
0.5009300865690689 0.32818656033086857 0.2617070021695767 | -5.054353388594279E-4 -3.483711710442859 5.275744460355163E-5
0.5013600413074678 0.3323932321117295 0.333625191760547 | 0.0017878894812083093 -3.488394491212364 -4.725322103597537E-4
0.5006330041403688 0.335419601246847 0.39512417914376696 | 8.33880471525187E-4 -3.4870441408278094 -4.0828763581564765E-4
0.5010567796139523 0.336518983351606 0.4495366188320821 | 4.2137116797578473E-4 -3.4871967994166795 6.318720451387329E-4
0.501029751597263 0.33648619188750983 0.5010297427776733 | 3.7328123744116405E-4 -3.4827106343256946 3.7313204698968404E-4
0.5006663356865045 0.3349342395848291 0.5548985377127031 | -4.082206366418508E-6 -3.4860480776688973 5.2018466368466376E-5
0.5006328670312796 0.331920168462134 0.6160321215631277 | 9.265562290535233E-8 -3.4859988874407812 -4.6446303826935105E-7
0.5004990855783811 0.32771051319385985 0.6882138545494687 | -1.2889010273585623E-9 -3.486000009662508 4.408418307837733E-9
0.5528844876540489 0.3267017377895332 0.262822145641252 | -2.3583575322037685E-5 -3.48600889121062 -2.3910375540603793E-7
0.5535291759195684 0.33066548539550555 0.3350642841724158 | 4.183972230336078E-6 -3.4859843887967537 4.478177947728684E-6
0.5542553815524902 0.33354629040425626 0.3958281850829938 | 1.0338295332614121E-5 -3.4858727054654137 6.236708017661656E-6
0.5548800633348264 0.33492024566774703 0.44932139700318 | 1.01976898265806E-5 -3.4860681334369032 -1.7801661134204374E-5
0.5548985455242247 0.3349342384955627 0.5006663441400843 | 5.201830436035595E-5 -3.4860480879309304 -4.078607608703232E-6
0.5541892258746403 0.33354523383981083 0.5541892259729471 | -1.933185687276273E-6 -3.4860225280844106 -1.931781176478364E-6
0.553490719812286 0.33062438974560715 0.6149600784614501 | 1.3875222821926197E-7 -3.4859995698080954 -1.1087208412419757E-7
0.552840788911592 0.32666618363853256 0.687169427961046 | -9.470820285699455E-10 -3.4860000038814567 1.1219131421350884E-9
0.6101009747379044 0.32374968450449515 0.26575065538299997 | 4.9849704337368986E-8 -3.4860000446275716 3.638007688293823E-8
0.6128691455172075 0.32769568333477705 0.3371352373328752 | 4.922530191085185E-7 -3.486000333014666 -1.264685155905374E-7
0.614963210015935 0.33062464622585624 0.39651040120111447 | 3.3476402124405226E-7 -3.4859998303236974 7.742031354360692E-8
0.6160330839893879 0.3319193025971061 0.4493686820811886 | -9.622938418126513E-7 -3.4859987230154528 2.4429248535150527E-7
0.6160321219199848 0.331920168049625 0.500632867271405 | -4.6468480459042475E-7 -3.4859988873156644 9.28503982414499E-8
0.6149600785827595 0.3306243897225563 0.5534907198295718 | -1.108695238455968E-7 -3.485999569777886 1.3872280165631883E-7
0.6128641667625264 0.3276927070950704 0.612864166767562 | 8.429254624290345E-9 -3.4859999422791876 8.424898180022088E-9
0.6100972243511492 0.32374650166085556 0.6842496913624249 | -2.1821725613232138E-10 -3.48600000067251 9.985958386681152E-11
0.6798428420405671 0.31933940306244973 0.2701575459582469 | -1.3842897726086553E-9 -3.485999998518521 -5.967508330906256E-10
0.6842501043866741 0.32374659418034446 0.3399027738319603 | -8.918812099976064E-10 -3.485999999368602 -5.7276622545846634E-11
0.6871696375236912 0.3266661964281198 0.3971592630488314 | 2.2907249623303393E-9 -3.4860000088742473 1.184578426012586E-9
0.6882139269094248 0.3277105181146744 0.44950098380884723 | 6.8713908150092125E-9 -3.486000013044952 -7.47959767281629E-10
0.688213854527909 0.32771051315665534 0.5004990855818646 | 4.40798557131886E-9 -3.486000009660615 -1.288764059378991E-9
0.6871694279772098 0.32666618363709915 0.5528407889132092 | 1.1220637438526192E-9 -3.486000003881155 -9.471605724018592E-10
0.6842496913646543 0.32374650166045893 0.6100972243500499 | 9.984422403527735E-11 -3.4860000006724965 -2.1817744868275606E-10
0.6798424416342129 0.31933926055237716 0.6798424416343012 | -9.222926824553585E-13 -3.4860000000101614 -9.213174683789339E-13
0.26358528313251084 0.44169157468658116 0.2635852910242776 | -0.0532414937890499 0.785890520470802 -0.05324138817467941
0.252190499191259 0.4453209658401175 0.34341419860590616 | -0.06053571327162015 0.7949982722356225 0.010467913340341636
0.2584822916727734 0.24631408477394862 0.40330585472222735 | 0.09877527763505034 -3.5426709054595924 -0.03982892887450672
0.2558698878265689 0.2537362168840457 0.46399086285681684 | -0.014339697621109175 -3.7367955004625357 0.06405363481373
0.25731219470872824 0.25620500349708747 0.5011738104816353 | 5.986291771039771E-4 -3.4876727581335714 -1.9158370526186372E-4
0.25884826919904663 0.2544788189623955 0.5536743993667022 | 1.0985163865577695E-5 -3.4856659365427296 7.266981629580226E-6
0.2618048446344976 0.2523689161232677 0.6128752912413999 | -1.03388773332974E-7 -3.4860043905554767 5.0989782171333025E-6
0.2657503113071598 0.24959436717210093 0.6842508248164955 | 9.53383605450725E-10 -3.4859999433836437 -3.004478297729164E-8
0.3434141575570623 0.44532101919952144 0.2521903548517428 | 0.010467281676523704 0.7949980716490737 -0.06053656845146177
0.33844086807517193 0.44254290790001943 0.33844051715184115 | 0.02222222413036992 0.897757498074616 0.022217681230935208
0.33420238388738216 0.24951860384218805 0.40170489549436406 | 0.03372090199897436 -3.4844445333729737 -0.02254507899626682
0.3292869062265951 0.2507273340217031 0.4648860698740264 | -0.021280632865597053 -3.8387686179349725 0.05710613147847306
0.33020652732270933 0.2591876011086959 0.5017713974446296 | 1.6464775263735077E-4 -3.498606359842809 -0.0015577717302574356
0.3317760137898992 0.2578038125981395 0.555068062311926 | 3.6956272433724265E-5 -3.4851806001036487 -4.766668976744017E-5
0.3337945973181113 0.2557061664126219 0.6162155549138463 | -8.145312735951662E-7 -3.486008609056595 7.81643537996275E-6
0.3371359635132759 0.25236088310171 0.6881968613521512 | 1.2020378119571748E-8 -3.485999940351211 -3.2539865141882895E-8
0.4033052327134016 0.24631467557855316 0.25848379203234384 | -0.039829914493308104 -3.542653588248348 0.09873846265688904
0.4017126454287612 0.24952330412532 0.3342181268241807 | -0.02246015636050077 -3.4843494692935235 0.03379612022409324
0.3989512154117204 0.4509982391107533 0.3989526988490453 | 0.023833209571092997 0.96520534953712 0.023827138564736706
0.3934434651242533 0.24928579261683131 0.4617066361635987 | -0.006641610719867627 -3.8372596856997934 -0.00564042658953764
0.39354591792213756 0.2615460350902305 0.5009933914637494 | 4.613244141475375E-4 -3.4827993443501586 -0.0015289051916668253
0.39403176493538294 0.2600234829668094 0.5560644387909089 | 4.3727474230836556E-5 -3.485717499913262 1.985770109107116E-5
0.39511467136607614 0.25776682411520524 0.6182778263969458 | -1.3825292629779077E-6 -3.486001295842298 9.425191591739877E-7
0.3965094224022138 0.254456258289841 0.6911277641774707 | 2.378191946841904E-8 -3.4860000663198303 2.5369323039400972E-8
0.46399164030153334 0.2537368567073694 0.25587044330167646 | 0.0641080111189821 -3.7367760049019183 -0.014328013680965783
0.46487669291546246 0.25072828224960275 0.3292866122973379 | 0.05677275330543695 -3.838569809216005 -0.021414206782375905
0.4616937458781077 0.24928531018064637 0.39344021211811875 | -0.0054274798575786026 -3.837287777089891 -0.006660238880394879
0.453195754807284 0.2523070436018392 0.45319074039263674 | -0.005831708209958444 -3.7603619675692244 -0.005797755309558823
0.44910984996134357 0.26273033311227767 0.5014703106287542 | -8.830300622469404E-4 -3.4884532421301078 -0.00416463471168492
0.44887512841901184 0.2612976067234115 0.5567868644713733 | 3.692417904828144E-6 -3.486185291460995 1.5560653837994235E-4
0.44912602790351175 0.2589761141450418 0.6194839063235806 | 3.026734193226813E-7 -3.4859932655520094 -4.075187719841834E-6
0.4493673514469472 0.2555276027959428 0.6924227823563728 | 4.708519672823336E-10 -3.4860001347178637 5.660565829534892E-8
0.5011738355900731 0.25620500661889 0.2573122262941148 | -1.9040049133225734E-4 -3.487673418878164 5.982726008043561E-4
0.5017714453137145 0.2591873467816725 0.3302068479130603 | -0.0015572792347003865 -3.498608831132081 1.6272144290958396E-4
0.5009901989847321 0.26154531028226835 0.39354558221113206 | -0.0015905197406818872 -3.4829426891923454 4.2757338085447995E-4
0.5014713691323085 0.262730778118141 0.44911003975574465 | -0.004158098011472756 -3.48843158683582 -8.774286644834321E-4
0.5017320925849929 0.2630324612393455 0.5017321266886957 | -2.668356017267416E-4 -3.480189889725686 -2.6639575788399493E-4
0.5011061365522707 0.2613159535881207 0.5568188650740857 | -1.3137530950853816E-5 -3.4861134167937227 1.1479480289793333E-4
0.5008758487002604 0.25897723701250813 0.6194823662647084 | 4.096706601610238E-7 -3.485994964213346 -2.2623097652766953E-6
0.5006327585878955 0.2555276523533525 0.6924226450214519 | -6.012614624474151E-9 -3.4860000945460445 3.586675296406368E-8
0.553674397640834 0.25447881778538606 0.25884827161487106 | 7.2664488604256444E-6 -3.4856659050014938 1.0976631551826587E-5
0.555067917849489 0.25780382699782417 0.33177597450029217 | -4.774883892017803E-5 -3.485181463625122 3.7214112621735546E-5
0.5560641488616672 0.2600234313522642 0.3940317524310052 | 1.9740242864632343E-5 -3.485717792716327 4.373972949212402E-5
0.5567868693873683 0.261297588412002 0.44887512696556453 | 1.5589367296560324E-4 -3.4861855951974103 3.636618692148801E-6
0.5568188921293743 0.26131593870531955 0.5011061726202664 | 1.1487322589298636E-4 -3.4861135891403254 -1.2985081847881503E-5
0.5560240499727999 0.26003959736425375 0.5560240479343168 | 6.10727455878478E-6 -3.4860521463973 6.106075354645149E-6
0.5548878832206645 0.25776865637453833 0.618274163918478 | 1.7150428056541022E-7 -3.4859985001843494 -4.325149534571456E-7
0.5534906165820643 0.2544563919710264 0.6911274929276484 | -2.513987153351468E-9 -3.486000030417435 8.01863583280529E-9
0.612875291173915 0.25236891520816424 0.2618048441280325 | 5.1006875714692665E-6 -3.4860043910628744 -1.0324762520524896E-7
0.6162155473214371 0.25570616204536994 0.3337946014872693 | 7.81043073224967E-6 -3.486008607396012 -8.137800433022598E-7
0.6182778137137901 0.2577668204932251 0.39511466947528084 | 9.330148631086043E-7 -3.4860012919207723 -1.3853266405824605E-6
0.6194839013022839 0.2589761142642534 0.4491260235400976 | -4.07431125407327E-6 -3.4859932621720278 3.0384914862287234E-7
0.6194823647927409 0.2589772340674552 0.5008758489693278 | -2.2610551285176177E-6 -3.485994961816816 4.085544145172352E-7
0.6182741651167902 0.2577686566334258 0.5548878839391597 | -4.321545046146929E-7 -3.4859984994291726 1.7113786672517005E-7
0.6162055351248209 0.2557011368541383 0.6162055350037932 | 2.4491688561327565E-8 -3.4859998591051933 2.4492845517285042E-8
0.6128640507437173 0.2523608553125849 0.6881960335609695 | -6.100734420620187E-10 -3.486000003047029 3.9205620583262433E-10
0.6842508246433399 0.24959436707065447 0.26575031135673666 | -3.006069435315385E-8 -3.4859999433529474 9.551955442674382E-10
0.6881968606244514 0.25236088293115916 0.33713596360532533 | -3.2462035196358474E-8 -3.485999940429808 1.2011963787184395E-8
0.6911277638568976 0.2544562586072654 0.39650942245084814 | 2.550861362857076E-8 -3.4860000664735584 2.3748935764066678E-8
0.6924227817403712 0.2555276028287374 0.4493673513342447 | 5.664327075471611E-8 -3.486000134753825 4.464692052211455E-10
0.6924226445356105 0.2555276522554483 0.5006327584805312 | 3.5864691805068825E-8 -3.486000094555562 -6.010034468771139E-9
0.6911274927998926 0.25445639188370905 0.5534906165495345 | 8.015769623679918E-9 -3.4860000304227556 -2.506915877157774E-9
0.6881960336008132 0.25236085532131197 0.6128640507540271 | 3.9150008342874283E-10 -3.486000003047783 -6.093337496019996E-10
0.6842496909368887 0.24959403453168755 0.6842496909348351 | -4.3354127373959004E-12 -3.485999999988895 -4.342149111104886E-12
0.25130583406654927 0.4546633393408383 0.2513058474219606 | -0.10114175509081202 0.4215920187836829 -0.1011416809340676
0.24742991540642373 0.45356292491211114 0.34266092927451824 | -0.06051244204293794 0.42504230711418284 9.025241530538025E-4
0.25793791733094396 0.22474762453941108 0.40000809893202477 | -0.0026381863247791873 -0.06370633089251246 0.015829417463633363
0.2522921960818419 0.18646132803440119 0.46427652906818667 | -0.010561179967665934 -3.7296949151745205 0.026095444484452286
0.2541256211167607 0.1946702094249775 0.5006100256329257 | 8.700756363897216E-4 -3.4981476868614543 -0.002954899246920964
0.2559694464389729 0.19366866158688342 0.554507700977469 | 4.685121138222899E-5 -3.484751722084152 -1.2382080932346582E-5
0.258872419763811 0.1929943326163871 0.6149780282802035 | -1.0644303342189034E-6 -3.486023709584033 1.2852376825206201E-5
0.26283070660396574 0.19233779869358825 0.6871709328020185 | 1.913987173230185E-8 -3.4859997653645167 -6.7354248463105E-8
0.3426608954531578 0.45356290903883645 0.2474297610020406 | 9.020651248761863E-4 0.42504114094419954 -0.06051337021663819
0.33868453645283014 0.4663203696454284 0.33868437605759905 | 0.028693311413477744 0.5642409797993587 0.028692020447541267
0.3339104959679239 0.29312329897764927 0.40000133350444095 | 0.004716654925564145 -0.024951869032231153 0.008638466333233114
0.32704103322190203 0.18206002555588893 0.46105000495343335 | -0.01629449517761973 -3.7902573614368014 0.037284358059269454
0.3281017455311433 0.19592613728588304 0.5011275109974608 | -4.4347704092048066E-4 -3.5084216056276003 -0.006854742647868838
0.3295370842550971 0.19549359094249935 0.5561435821515796 | 1.2907725700168218E-4 -3.484522645457469 -1.0735540359923531E-4
0.3317281504553179 0.19438051756826796 0.6182787639339685 | -2.8464077281385645E-6 -3.486028854391261 1.1570200514317306E-5
0.3350405010345171 0.19298702566421524 0.6911275503793683 | 5.533069745687206E-8 -3.485999797626921 -5.3432904470003013E-8
0.40000778365730755 0.224748109153476 0.2579384597930059 | 0.01582846618710046 -0.0637027483481911 -0.002630950952349696
0.40000534989638215 0.2931197173304831 0.3339218176321202 | 0.00861915697059993 -0.02494884737032455 0.004748554639411521
0.40221947303154076 0.4667283016633591 0.40221520480237605 | 0.057735409590025634 0.6074150814782702 0.05766976878016126
0.3921103035100578 0.18061143959045237 0.4561036609156115 | -0.004697898042939373 -3.813413741645553 -0.012010813163043269
0.39250103739519854 0.19716189252795532 0.500759548186172 | -0.0034863815235747267 -3.5003230663013967 -0.014438049925540423
0.3927888917937207 0.19669067691676523 0.5571618219243477 | 1.1661099053015372E-4 -3.4855846714100847 -9.527318488794257E-5
0.39400538908068733 0.19548801812708105 0.6205448488454521 | -3.941726710553172E-6 -3.4860007323153037 -2.9639220224554883E-7
0.3958177198688188 0.19367834876166035 0.6940493646210032 | 6.878292189782452E-8 -3.4860002571486026 6.610198279447885E-8
0.46427715878170944 0.18646187791800461 0.25229241802831925 | 0.026105469887088652 -3.7296862638837767 -0.010550977927216704
0.46103593169411683 0.18206725734934712 0.32704029365190557 | 0.03702162963767994 -3.789984549773151 -0.01641390980069482
0.45607988188084786 0.1806199354543885 0.39210669013053023 | -0.011806904318804653 -3.8133349143667084 -0.004696986657827061
0.4501015439902188 0.18574072317062745 0.45009576022880127 | -0.018038381000773065 -3.7258594611702667 -0.01801257951442375
0.4489666076482261 0.19905044981964445 0.5017165125096031 | -5.303901552744618E-4 -3.4663978610308743 -0.007011433438060867
0.44855149216833995 0.1976356758208699 0.558194303963018 | -1.032379254906637E-4 -3.486668339283061 3.052690655394373E-4
0.44889781759991304 0.19626311583683498 0.6218057810260308 | 1.343019012947068E-6 -3.4859759559223686 -9.727597002398941E-6
0.44933254250200655 0.19437627326755758 0.6954245131682942 | -6.2598977813749896E-9 -3.486000523145566 1.3735907043234107E-7
0.5006098648793162 0.1946700311028377 0.25412599935229496 | -0.0029547438202537878 -3.4981559192398985 8.670695495010837E-4
0.5011286783323957 0.19592616525312415 0.3281022807242553 | -0.006838278688822877 -3.508398857841439 -4.4832306382681496E-4
0.5007620760008614 0.19715870905261343 0.3925007340537647 | -0.014361053480257796 -3.5002842803967753 -0.003469766973304281
0.5017163843320771 0.19905032004936551 0.4489657127349358 | -0.007001516867685749 -3.466407581584112 -5.265304315054501E-4
0.5021950125045813 0.19895109610240885 0.5021950923775894 | -3.643139387898573E-4 -3.478730027438506 -3.6452939147224925E-4
0.5014153714081706 0.19766105169201398 0.5582326874200344 | -1.5790760410374038E-5 -3.4864906160853866 1.7142642880200174E-4
0.5011014458084252 0.19626467722737548 0.6218070493937345 | 9.348251918600722E-7 -3.4859816136452233 -6.734581525787177E-6
0.500667473156397 0.19437655378566596 0.6954247938430873 | -2.1913876792100525E-8 -3.4860003838823266 9.003495776907204E-8
0.5545076900932139 0.19366864401423894 0.25596942707100484 | -1.2451004875153066E-5 -3.4847513550546547 4.690001298581934E-5
0.5561433545071355 0.19549368484272886 0.3295369918907869 | -1.066424186068472E-4 -3.4845246678430146 1.2873323469368442E-4
0.5571618440779929 0.19669074409176174 0.39278893828442 | -9.282026087053743E-5 -3.485588533041243 1.1730541650893955E-4
0.5581943371845963 0.19763567746113314 0.4485515900266905 | 3.06724274581665E-4 -3.4866679384498402 -1.0354042629391064E-4
0.5582326015105125 0.19766102213872552 0.5014153086503563 | 1.713864041250635E-4 -3.486490425492181 -1.5735150808633625E-5
0.5572613098584887 0.19672000368728776 0.5572613010478588 | 9.54448835040576E-6 -3.486087213983301 9.551591123496139E-6
0.5559990496268546 0.19549558474400408 0.6205465227741869 | 1.1253841144988103E-7 -3.4859948787939277 -1.4019914927096414E-6
0.5541821896271557 0.19367906472088864 0.6940503163757092 | -8.887523255578257E-9 -3.4860001264838987 1.874141379155239E-8
0.6149780229891255 0.19299433029962082 0.2588724236216743 | 1.2865126247218859E-5 -3.486023715832566 -1.064517390254608E-6
0.6182787470120831 0.1943805168212672 0.3317281584200529 | 1.1495377253865155E-5 -3.486028784801659 -2.849554422491501E-6
0.6205448406867208 0.1954880371205621 0.3940053846663841 | -3.3398597254879856E-7 -3.486000631268515 -3.946759748571103E-6
0.6218057749587392 0.19626311782655856 0.4488978108119771 | -9.738609340094735E-6 -3.485975931176529 1.3530040660586593E-6
0.6218070430126464 0.19626467342573437 0.501101449042317 | -6.737975346164683E-6 -3.485981620536568 9.41993628315351E-7
0.6205465176454981 0.19549558450938315 0.5559990448491514 | -1.4017966680165667E-6 -3.485994880181906 1.1212919619533488E-7
0.6182731164587197 0.194383788180505 0.618273115974677 | 5.11681575434015E-9 -3.4859997481655385 5.056718636022812E-9
0.6149595417249542 0.19298736941556083 0.691127407497801 | -8.141446652044437E-10 -3.486000011514342 1.527895970233319E-9
0.6871709321296495 0.19233779848538177 0.2628307066674575 | -6.741957477334896E-8 -3.485999765229857 1.9165511255417426E-8
0.6911275495974165 0.19298702555408304 0.3350405009712334 | -5.2909130238556655E-8 -3.485999798806219 5.538659518883082E-8
0.6940493651086292 0.1936783488309062 0.3958177199681743 | 6.680730908374566E-8 -3.486000258894934 6.857064984247955E-8
0.6954245130341116 0.19437627355775042 0.4493325426673807 | 1.3755128619810085E-7 -3.486000523704531 -6.535505758018175E-9
0.6954247931168872 0.1943765538554045 0.5006674728848248 | 9.0083384976941E-8 -3.486000383916834 -2.209232182458835E-8
0.6940503156891108 0.19367906459776554 0.5541821895853039 | 1.8750332610626835E-8 -3.4860001264610503 -8.909297153187048E-9
0.6911274073545262 0.19298736944938408 0.6149595415872717 | 1.527007744286322E-9 -3.4860000115123246 -8.124154825971659E-10
0.6871693722120564 0.19233756178131994 0.6871693721977931 | 3.900235789537884E-10 -3.4859999994660154 3.90057615647388E-10
0.244280723051198 0.4534424451986919 0.2442807354778531 | -0.1552723269129271 0.04704536874211661 -0.1552722723940091
0.24376627229639058 0.45450775044567493 0.34249485829888543 | -0.08273165929446674 0.067088026195188 9.569807966642171E-4
0.25732886350747947 0.27852664296095386 0.40004104260065004 | -0.013325322727361906 -0.020832157818823124 0.011402503187399483
0.25155268553844756 0.12791268644298037 0.458957804149034 | -0.006184258524415831 -3.686587583772058 0.015155443716476072
0.2526736922852854 0.13975589647746764 0.5002042656685667 | 1.8189482374149455E-4 -3.5006277133218204 -9.995660582140969E-4
0.254638710136433 0.1401067475924511 0.5550424526377513 | 2.5594783538841437E-5 -3.4846788225931995 -4.627996787922809E-6
0.257577342007638 0.1401240982101803 0.616049621670191 | -2.032721362400589E-6 -3.4860349555465544 3.565776842139324E-6
0.2617858657887538 0.13999527651080082 0.6882149105142773 | -4.254782719934429E-7 -3.4859962040064136 4.034599803881407E-7
0.34249483336056813 0.45450768318695123 0.24376612815375798 | 9.566649507216128E-4 0.06708695734112399 -0.08273255529443155
0.3390364086820019 0.4689813880455426 0.33903636418965166 | 0.03756184617538538 0.33299437831120465 0.037562843846254364
0.33373671925173554 0.3284610713888129 0.40003267288876104 | 0.008965668870416001 0.008164571538447931 0.005479358996866522
0.3259476128965798 0.12308539368809451 0.4548082578837812 | -0.009971052064942962 -3.7510084451912173 0.024034435042124113
0.32680805457633366 0.1398904263154346 0.5013575332341933 | -7.713289757228078E-4 -3.500207840796291 0.003765262723876288
0.32825520666842695 0.14055386819724341 0.5566956977407981 | 5.583557312555195E-5 -3.484683330614284 1.6244184629719084E-4
0.33052148989677504 0.1403592865268388 0.6194753547292445 | -3.535739675788054E-6 -3.4860294797925895 4.5931421526645925E-7
0.33396884689950096 0.1401286297553169 0.6924212652107107 | -9.549800456440545E-7 -3.485994996909073 -9.520953915909464E-8
0.40004095938442746 0.2785265418929048 0.2573292931370515 | 0.011403738236203657 -0.020834845374091564 -0.013319984467600606
0.400033962237971 0.32845764580419323 0.3337439250992892 | 0.005473831482350646 0.00815079247877748 0.008998850842477365
0.40409477324536547 0.4693694637950252 0.4040860493060344 | 0.07365757463223135 0.3109921416764459 0.07356119516676028
0.3912863824228132 0.12175401151757141 0.4504184680812326 | 0.0034487843437433973 -3.769995642957768 4.551238521701296E-6
0.3916992412985645 0.14019245696972843 0.5016846782481772 | 0.001693007606023058 -3.4844297879310213 0.009493460550791588
0.39181621488269247 0.1409092146805461 0.5580261379930055 | 6.805193785289675E-5 -3.4856864514097627 7.905769426087366E-5
0.3932340279219464 0.1405874798495245 0.6217897798472423 | -2.062606388732845E-6 -3.48598919414568 -2.1553353541372427E-6
0.3951199975456535 0.14016237013749097 0.695422488930107 | -4.350940331335497E-7 -3.485992352263464 -7.113238271277632E-7
0.4589585009704572 0.127913141820648 0.2515530497704761 | 0.015157349507580277 -3.6865825362338867 -0.006179078380404189
0.45478925059997843 0.12310317503350346 0.3259461287699697 | 0.023835699288858467 -3.750656326712412 -0.010098778686900721
0.4504136101104665 0.12175351806494482 0.39128249565836554 | 4.292455092392331E-4 -3.770075923852398 0.0034661257592186498
0.44812218025565376 0.12798775141702812 0.4481157967125493 | -0.006850215366072774 -3.6891042179914115 -0.0068675011390812125
0.4489720022110458 0.14201315034617526 0.5024955403918734 | 0.0027126018793968134 -3.4599531670726247 4.989110485634657E-4
0.44825754956765196 0.14118266864373855 0.5592066317308587 | -1.1546226719364746E-4 -3.48704930211737 4.3620801048954315E-4
0.44864666255906227 0.14084343068175514 0.623155417878016 | 2.0967991550356863E-6 -3.4859483590511284 -1.0323400933518269E-5
0.4491865997765669 0.14030879144489564 0.6968244862267707 | 4.6804012849120964E-7 -3.485991804042023 -4.916249979679437E-7
0.5002038356556797 0.1397551916408281 0.2526743049400879 | -9.95944408042382E-4 -3.5006565646769214 1.778362460335017E-4
0.5013604810370992 0.13989304743258166 0.32680811071705784 | 0.0038042995670956596 -3.500082540602937 -7.708239444716136E-4
0.5016787346024543 0.14020521775173356 0.3916980675159024 | 0.009293025098001518 -3.484060513877358 0.0016738473691741485
0.5024945647634737 0.14201357510703597 0.44897083637588375 | 4.8282215006843375E-4 -3.459963392505018 0.002704174205289974
0.5025118259605453 0.1416900534668934 0.5025120463197017 | 1.8286484461853627E-4 -3.4782477083517347 1.8228132450821935E-4
0.5017251856414087 0.14118896835363476 0.5592735086765386 | -3.412173811690159E-7 -3.4867584972791126 1.8461675913247872E-4
0.5013452582083759 0.14084662798569056 0.6231644326775285 | 3.229927281348692E-6 -3.485957469578089 -8.743798662389931E-6
0.500812947051826 0.14030911952894307 0.6968255737789109 | -5.898007556968942E-7 -3.4859916679661156 2.4655900540860165E-7
0.5550424062313614 0.14010669111188778 0.2546385896968262 | -4.793886026775838E-6 -3.4846777139057994 2.56325142374943E-5
0.5566958587294498 0.14055380312413682 0.32825529954345634 | 1.643907507165853E-4 -3.484693398480428 5.76846295097721E-5
0.55802673609165 0.14090877116661812 0.3918163134668463 | 7.314677594428304E-5 -3.4857023754837115 6.40508289118304E-5
0.5592066533209759 0.1411825376976412 0.4482575937334767 | 4.3778618798506443E-4 -3.4870536293100147 -1.1637455298806687E-4
0.5592733769142235 0.14118892896765395 0.5017250575983506 | 1.8490265657387933E-4 -3.486758344362186 -5.696726813363851E-7
0.5582049676575088 0.14090731525184258 0.5582049516979887 | 1.047656719135498E-5 -3.486101247970366 1.0488731238402573E-5
0.5567683463677255 0.14060107633818036 0.6218108502173543 | -1.708390852529309E-6 -3.485984883087722 -4.05684697197104E-6
0.554879938656308 0.14016334323591784 0.6954255521260884 | 4.5108882457709447E-7 -3.48599206292518 -1.23288467351989E-6
0.6160496144082908 0.1401240959580528 0.2575773469533035 | 3.586256194152824E-6 -3.4860349755491757 -2.0379467109070196E-6
0.6194753533555585 0.14035930026027374 0.3305214763690669 | 3.988326892103989E-7 -3.486029224265659 -3.5398252860485655E-6
0.6217897883550152 0.14058749612774118 0.39323402590995166 | -2.2489238368754063E-6 -3.4859888177865828 -2.0433757880235937E-6
0.6231554300831539 0.14084342721653514 0.4486466774403261 | -1.0356078348128384E-5 -3.4859482523213736 2.1279875398278227E-6
0.623164429502207 0.14084662831841394 0.5013452671298344 | -8.75426726989793E-6 -3.485957449860325 3.2625157209435942E-6
0.621810842251691 0.1406010769254688 0.5567683390174288 | -4.059934270164849E-6 -3.485984884233558 -1.7048635793635236E-6
0.6194814063755457 0.14037239132304266 0.6194814057157016 | -2.904495438890067E-6 -3.4859950974821787 -2.9046734944575673E-6
0.6160314317479754 0.140129538923064 0.6924232495513564 | 8.356396625479757E-7 -3.4859938646185413 -6.215643440842452E-7
0.6882149106965575 0.13999527702793757 0.26178586557063266 | 4.0343718075465496E-7 -3.485996203827353 -4.2540597294786644E-7
0.6924212643618499 0.14012862934830492 0.333968846839597 | -9.482860016742095E-8 -3.485995001817743 -9.541501136889826E-7
0.6954224885634761 0.14016236961888756 0.3951199973422333 | -7.121126149251605E-7 -3.485992357938688 -4.3481298912660364E-7
0.6968244857774829 0.14030879076410108 0.4491865997850777 | -4.918665771687138E-7 -3.4859918069322173 4.6711566566817497E-7
0.6968255745280845 0.1403091195936275 0.5008129473775343 | 2.4671248425344674E-7 -3.4859916688959025 -5.904676882882277E-7
0.6954255517190713 0.14016334320178153 0.5548799389426233 | -1.2328933601822776E-6 -3.485992063062816 4.508702109697895E-7
0.6924232492793595 0.14012953893512303 0.6160314315346436 | -6.215592883100664E-7 -3.4859938646148407 8.356319642497541E-7
0.6882142477349557 0.13999581857155197 0.6882142477122731 | 1.2124775484763226E-7 -3.4859960703538224 1.2124790784544964E-7
0.24000941244480822 0.4419518552880954 0.2400094227093071 | -0.15500367342019233 -0.1496725530015647 -0.15500363609715545
0.24233373816121292 0.4447087002248764 0.3424524219419573 | -0.0777245464889817 -0.18321575703769308 -0.0011602319900955885
0.25791754150251966 0.30102898538502865 0.4000334678386809 | -0.02067127991498635 -0.0073319039964569585 0.009674405116233954
0.2525763939012306 0.07333670576791876 0.4514176483418645 | -0.006090128565008365 -3.6464263061665245 -0.006718205604780247
0.25259898835814415 0.08773578906588225 0.5000229317673605 | -0.003831956766973339 -3.4922383071840413 -0.0017193685407700704
0.2546074222916461 0.08940864425530913 0.5548471622289082 | -0.0016359101546464258 -3.479879178532448 7.584579907809909E-4
0.25752896092957706 0.08927279335894492 0.6161092906740886 | -0.0017119707854386886 -3.4830743875805927 0.002790133427547699
0.2617461146062736 0.08933342059608723 0.6882543219315694 | -0.0011782799971153954 -3.4833827299657 0.0011701585999694827
0.34245240775262353 0.4447085996968093 0.2423336297341656 | -0.001160478936911278 -0.18321657623829096 -0.0777249790139096
0.339373627178973 0.4685441064711205 0.3393738491593232 | 0.042267461730257486 0.10222835959749885 0.04227250345342419
0.334345625047534 0.33825082261687195 0.40007229103817077 | 0.009381495488404206 0.007692859320474778 0.005971914187742206
0.32659427207948794 0.06974947547310367 0.4492987705508763 | -0.010264758370481322 -3.7000362965641287 0.010300213536772554
0.32685112484965095 0.08729630291721727 0.5012898932578053 | -0.002994172147806246 -3.4828952632968755 0.00666266126668686
0.32816881577909857 0.08899068613508605 0.5566277773868916 | -0.0021711933739892984 -3.483236313277433 0.0015658398439565295
0.330471794993556 0.08916125581594575 0.6195141799972742 | -0.0017616209327808493 -3.4820021420459026 0.0017966844049351121
0.33389546117500657 0.08929454483228358 0.6924696665051263 | -0.0030039746801425508 -3.484314623725665 0.001815933994716347
0.40003351179417335 0.30102880054317005 0.25791802522680973 | 0.00967606698287948 -0.007333610510704017 -0.020670573286079453
0.40007481463205846 0.3382444245475122 0.334351647103776 | 0.005971103117531648 0.007677868688988141 0.009410346080463969
0.40517859616157065 0.4682494017695285 0.4051668523264997 | 0.07963033697497168 0.05656409112909146 0.07951595287327523
0.3905428920638074 0.07012541024207669 0.44268478137360945 | 0.0026581346657863435 -3.7069429992177945 -0.042040335003969455
0.3916049479851022 0.0878001489897941 0.5019081638674208 | 0.0018801307720178204 -3.4709331231869194 0.0020099479461119524
0.3917357602398071 0.0888405596745445 0.5580561224884795 | -0.002036327920798226 -3.481533857416627 0.0020739962133309604
0.3931771526804967 0.08900960220852408 0.6218376097906152 | -0.002165654636628928 -3.4830526709014054 0.002200621005026702
0.39507745519345205 0.08943718716045262 0.6954897645856943 | -0.0017061262641441279 -3.4821814104420894 0.002612490005182695
0.45141823975277684 0.07333709313830346 0.2525771086115992 | -0.006727445118748225 -3.6464202208530243 -0.00608720949742232
0.4492690648680858 0.06978309040698949 0.326588813068857 | 0.010098700302378775 -3.69958302849546 -0.010407950013279411
0.44270281831631064 0.07010355632774311 0.39052553221783204 | -0.041460754917540976 -3.707293459697795 0.002508746465838074
0.44733065966074514 0.07605572200310236 0.4473121551534249 | -0.004166029355586373 -3.6386565974910625 -0.004404249807924885
0.44875165730424443 0.08885655595495791 0.5025562288672537 | 0.002188548558059594 -3.4596104247573054 0.002730830728284992
0.44826036241928 0.08861549103914158 0.5592268813253376 | -2.5609929162619124E-5 -3.482811825033075 4.5685676118846567E-4
0.44857787441097485 0.08895077366490589 0.6232181807508367 | -0.002919311228889991 -3.48081796387328 0.0023085756041368497
0.4491901137392972 0.08932795308972792 0.6969001729689529 | 2.828477464872339E-4 -3.4809981654618314 0.0027463156744184283
0.5000219849978637 0.08773396007595059 0.25260049191668976 | -0.001716646464288885 -3.492287799333397 -0.003833729134693519
0.5012904878291726 0.08730316248255372 0.32685072697281814 | 0.006601551181200496 -3.482747349119031 -0.0029848223642736553
0.5019063164707086 0.08781272611137984 0.39160220792790057 | 0.001906568174378613 -3.4707766755918494 0.00186997264581641
0.5025546732299653 0.0888589586481381 0.44875197453648286 | 0.0026978799081608367 -3.4596032346883 0.002201524816095187
0.5024226193083569 0.08849263226926023 0.5024235243602517 | -2.2839417156974488E-4 -3.476010924866215 -2.2304190310988548E-4
0.5017361951853092 0.08863481773159111 0.5593068893007764 | -2.966947795472619E-5 -3.482424674901934 1.994585637026789E-4
0.501408860650586 0.0889514654606915 0.6232303254364865 | 0.003100772492297397 -3.4803317702696153 0.002317989811448475
0.5008086194053785 0.08932855601706892 0.6969022389356462 | -2.9826503604677047E-4 -3.480952198464738 0.0027768365628163443
0.5548471020327513 0.08940861095109275 0.25460721645943934 | 7.584140294618065E-4 -3.4798780212337217 -0.0016355534943187002
0.5566281194281613 0.08899049060531546 0.32816900752679107 | 0.001564574616844136 -3.4832445254565614 -0.0021690059441209124
0.5580560025526697 0.08884036411333981 0.39173600530086944 | 0.00207317168402151 -3.4815395781743628 -0.002036595206190585
0.5592265278574029 0.08861528519650864 0.4482602233834808 | 4.5380967382290736E-4 -3.4828160745633356 -2.6872245121641703E-5
0.5593068147763451 0.08863481065505044 0.5017360264559204 | 2.0034981574452895E-4 -3.482424775123388 -3.070982326115164E-5
0.5582682311809721 0.08884995256233777 0.5582682011447841 | 0.0013412691546861176 -3.480137011963185 0.0013412706134763748
0.5568231515054249 0.08900682399055547 0.6218689423354922 | 0.002027719829800263 -3.483706309488623 0.0018683943218216776
0.5549237028891697 0.08943639056836036 0.6954934458738045 | 0.0017987177601096497 -3.482124072313686 0.0026310969605604965
0.6161093013753354 0.08927281120502659 0.2575289800823082 | 0.002790175412795824 -3.48307439663042 -0.0017119584652465557
0.6195141719290487 0.08916127081695112 0.3304717893137943 | 0.0017965391241414651 -3.482001971543179 -0.0017616240303233598
0.6218376090297311 0.0890095716606076 0.3931771508149322 | 0.002200271030150627 -3.4830524501443456 -0.0021656967194625867
0.6232181630608276 0.08895074796142664 0.4485778849920858 | 0.0023086601749063925 -3.4808177617769522 -0.002919221689299854
0.623230320598984 0.08895147259547433 0.5014088662704158 | 0.00231804292387109 -3.4803316494102763 0.0031008297283410574
0.6218689367585221 0.08900682527014109 0.556823146102888 | 0.0018683910162492537 -3.483706305775723 0.002027729786559785
0.6195324197960812 0.08916748695836227 0.6195324193925749 | 0.0016046325791196307 -3.482218220288448 0.0016046303950376698
0.6161052473326397 0.08929297433999166 0.6924725902472785 | 0.0031678713285654405 -3.483733368000855 0.0018886190344243065
0.6882543231261005 0.089333421163888 0.261746114207626 | 0.0011701584489460387 -3.4833827302915914 -0.0011782798758576789
0.6924696648132106 0.08929454442686224 0.333895461194023 | 0.0018159340521291213 -3.4843146294676828 -0.0030039734911721117
0.6954897622767 0.08943718678086982 0.39507745559794183 | 0.002612490326323052 -3.4821814071786124 -0.001706124649079444
0.6969001717704539 0.08932795299380165 0.4491901135129789 | 0.002746318500969987 -3.480998164447695 2.828475366124926E-4
0.6969022387863648 0.08932855595227616 0.5008086190970864 | 0.002776836988008598 -3.4809521986652032 -2.982656666712625E-4
0.6954934456903381 0.08943639069827279 0.554923703124541 | 0.002631097330768042 -3.482124073115697 0.0017987174372967132
0.6924725900818965 0.08929297429381758 0.616105247185262 | 0.0018886190234414062 -3.4837333680798914 0.0031678713999853917
0.6882550512653272 0.08933241184967983 0.6882550512494413 | 0.0014457557217487224 -3.484014866738128 0.001445755722030308
0.23618312090865595 0.4221885677636105 0.23618312901632707 | -0.14721054090740307 -0.40051549642129775 -0.14721051241912408
0.24139094211342246 0.42922777940632384 0.34236494851398563 | -0.07458550827232467 -0.3917837592297959 -0.006945489648153675
0.26042989565356656 0.32179855747716063 0.4000459367373833 | -0.014493721405145864 0.004716161202206972 0.005703922421805437
0.25461649092299254 0.020722377945050142 0.4387036450694864 | -0.020547327321749586 -3.5034113567324487 -0.07014942741837164
0.25370723497962683 0.03473266897577696 0.49981474045107716 | -0.025220808516031226 -3.4046879076316046 -0.014654720370870572
0.2553716694487137 0.037384058021492486 0.554267919206981 | -0.018602877171597854 -3.403409521395072 0.005905415741841867
0.2582147500279165 0.037693910362675186 0.6154292439203438 | -0.021767697105901714 -3.4236629205989666 0.01752565667335957
0.2622780464539108 0.03783070411662444 0.6877189586177818 | -0.02609326188645297 -3.4366453695590202 0.025911991276375057
0.34236492544395125 0.4292276608876713 0.24139083209065745 | -0.006945963282459953 -0.3917844051268809 -0.07458572660813734
0.3392262079553152 0.4654743275345686 0.3392263314386719 | 0.03714509825890456 -0.1347810785061351 0.037147989521341615
0.3346818746475092 0.3385455736717823 0.4000651339735207 | 0.009064231507295137 0.007904722751366059 0.00607341397978374
0.3280614819536129 0.014975023074141183 0.43868318069667966 | -0.017627351407520597 -3.5913932563626942 -0.048436947105662355
0.3276160647253064 0.03325186921112161 0.500323462167098 | -0.02167494800200883 -3.454912124100852 -0.020449598941818983
0.32905132038278556 0.035748872981811966 0.556147656636636 | -0.011825322166081521 -3.462345055352031 0.007619513293877945
0.33134967234295704 0.036463928711257185 0.6186375653736889 | -0.015472673394889854 -3.4633004664281977 0.015465585758149077
0.33455887853449473 0.0376399654834824 0.6917946196737653 | -0.018781643146152834 -3.4306015695528354 0.023679253006304884
0.40004597352669313 0.321798601550286 0.2604301741253178 | 0.005704084862386946 0.004717527560203184 -0.01449197128366697
0.4000615423016188 0.3385440480987919 0.3346885648158726 | 0.006070633423686448 0.007890998942385494 0.009094804043422952
0.40388957968684835 0.2849580617365105 0.40403875461844474 | 0.050019198220086304 -0.3333035878179594 0.05097467608593397
0.39012462678850734 0.016819472052433834 0.4408778056867037 | -0.021756948620632054 -3.547342995273278 -0.05188111703089736
0.3916362190446576 0.033429101785285756 0.5011740983845645 | -0.013487721331742766 -3.4289653387673105 -0.010144461211891808
0.39239089759933815 0.03497570354002239 0.5573959646781051 | -0.009336412369602882 -3.444527890341477 0.008131682583299897
0.393643372661562 0.03577027223539931 0.6209767450792779 | -0.01121807122223186 -3.461061907744909 0.013431083074710436
0.3955473929107059 0.03732144011871959 0.6947336149203941 | -0.010614785261750942 -3.408431486385854 0.02561323856256413
0.43870425693006465 0.020722656797090774 0.2546165331137643 | -0.07015015631497823 -3.5033991684221797 -0.020560416557999343
0.4386783532784801 0.015005738742795021 0.3280476166293754 | -0.04836243062226002 -3.5910455324867296 -0.017810969292128425
0.4409304255124254 0.016822475988874052 0.3900835941366418 | -0.05121509959006768 -3.5473284917615655 -0.02219879684230512
0.4483836343576604 0.022404808654455894 0.4483455431971076 | -0.009143187235045064 -3.493656085522063 -0.009627911434010986
0.44851057369390734 0.03436843726958598 0.5020173635610927 | -0.007811147462208771 -3.3851226177726654 -0.005506194665711353
0.4484876133603634 0.03446372278029932 0.5582354787447577 | -0.0017157398247132894 -3.4208567954628 0.003339534501266234
0.4485853468359253 0.03519645368049233 0.622236770737186 | -0.010029452525681238 -3.4433809285711736 0.014269729781003855
0.44933527912465526 0.03687621855492642 0.696274532947376 | -1.2892853043499126E-4 -3.393631177972026 0.028115076904406785
0.49981398551854606 0.03473142682685043 0.25370828328670103 | -0.014651307406860482 -3.404708966649225 -0.025224852899263742
0.5003288506437321 0.033256873993649905 0.3276113385234614 | -0.020441112558157698 -3.45483535112676 -0.021675844997669735
0.5011833817631909 0.03343128744090564 0.39163325357056666 | -0.01008927820692304 -3.428980797476368 -0.013476556857428766
0.5020170845384686 0.03437074011967124 0.44851718396730494 | -0.005523173320362377 -3.3850875528560174 -0.007752202863556267
0.5020866366011976 0.034086140146071475 0.5020885814423159 | 0.0010963257490984842 -3.4006788057399846 0.0011164629408710852
0.5014464274030468 0.03441360065568478 0.558330187059132 | 0.0012886388093611056 -3.4210998957806193 0.0039831316676743915
0.5013992701365015 0.03521976637589012 0.6222424567660098 | 0.01002236884032392 -3.4415603259159346 0.013932594682546345
0.5006635322491182 0.036874986077320815 0.6962750930085793 | 1.0792175025308992E-4 -3.3940873359467836 0.027978511388670742
0.5542682533582817 0.03738416623600997 0.25537093783085046 | 0.005905702874612436 -3.4034088966356446 -0.01860462727763332
0.556147938997708 0.03574871394238836 0.32905132162383344 | 0.007621612909725297 -3.462346752618975 -0.011826203036644107
0.5573948754868194 0.03497598059289207 0.39239144140704874 | 0.008130277821030497 -3.444521496237617 -0.009337751767842573
0.5582345987106475 0.034463620987500124 0.44848755771365867 | 0.003335352008210154 -3.42085113866399 -0.0017188588876029213
0.5583303027430621 0.034413565849006233 0.5014462805872245 | 0.0039842566662520035 -3.421098529850863 0.0012860633325691767
0.557603164099788 0.03497350057645645 0.5576031187849414 | 0.009638184482609969 -3.4433851324067875 0.009638060419934922
0.5563589164821588 0.035770438154851134 0.6209960568930921 | 0.011604110549967808 -3.4594514681723583 0.013567560906942099
0.5544549840306083 0.03732475788276602 0.6947356394045069 | 0.01082302798233185 -3.408525203243441 0.025579769509768594
0.6154292716094346 0.037693924441429064 0.258214793165294 | 0.017525727337972245 -3.423662856986599 -0.021767455406356127
0.6186375408819942 0.036463947291745666 0.3313497095323065 | 0.015465702634362716 -3.4633000289906675 -0.015472841142776205
0.6209766910021861 0.03577025574883229 0.3936433877217255 | 0.013430690549928044 -3.4610617313996332 -0.011218065419076615
0.6222367475022395 0.03519645778791394 0.4485853195971996 | 0.01426988195586484 -3.4433816448025594 -0.010029456852441032
0.6222424524947179 0.03521977436176635 0.5013992465212381 | 0.013932798322487526 -3.4415611162197512 0.01002242198039698
0.6209960597396401 0.03577043889818822 0.5563589182182479 | 0.013567520109710216 -3.4594518186837404 0.01160411240415691
0.6186562230845422 0.036470808134568905 0.6186562228981393 | 0.015786503173504017 -3.461442146244643 0.015786495495289352
0.61544776853587 0.03767576426910725 0.6918035082538903 | 0.019492673806509715 -3.426568618556428 0.02433194379675237
0.6877189595630206 0.03783070417491257 0.2622780460131009 | 0.02591199975824302 -3.43664537888803 -0.026093270200898338
0.6917946152416294 0.03763996536771415 0.33455887878215024 | 0.02367923981846404 -3.430601573856383 -0.01878164033748034
0.6947336125123965 0.037321439368989934 0.39554739285731366 | 0.02561322519411171 -3.408431489980972 -0.010614781418519851
0.696274531534987 0.036876217845189324 0.4493352789449088 | 0.028115082494658637 -3.39363118369938 -1.289270239356274E-4
0.6962750908058217 0.036874985846943896 0.5006635317259636 | 0.027978495531034722 -3.3940873361963115 1.0791995724357532E-4
0.6947356379453563 0.037324757820985086 0.5544549833867775 | 0.025579759807560103 -3.4085252125415497 0.01082302610505939
0.6918035082621222 0.03767576425412408 0.61544776852631 | 0.024331942720368174 -3.4265686172226477 0.01949267358952953
0.6877233588511401 0.0378242323735805 0.687723358843144 | 0.02565400794548134 -3.4361663789322208 0.025654007927587347
0.23942760229941776 0.40004600190329853 0.23942760998924364 | -0.004066898953146816 0.01062327306485569 -0.004066899196687511
0.24312968132465046 0.40286064161162133 0.34192462245434774 | -0.05091419960784384 -0.5421919897003815 -0.010294817710505414
0.26658661547096063 0.3482721979474568 0.40005503304808704 | -0.007892863893649986 0.00743614118581834 0.0020918972685572417
0.25740252827718646 0.012302632041817113 0.4337897601931703 | -0.05388220645066314 1.576982834490073 -0.10808680003584668
0.25674095149924087 0.010990186392183562 0.49989547527745565 | -0.04595322062258682 1.572324733832809 -0.010911618535290445
0.25754106959820416 0.013530217090561828 0.5537856677683315 | -0.055306557634146866 1.5739259351998434 0.013940895440567539
0.26073819481271876 0.007481916481881497 0.613434446852928 | -0.04482753798284453 1.6129877627839897 0.025702366014795325
0.2647215493914935 0.010325091777788963 0.6852793378855873 | -0.049481175445983364 1.611968043619037 0.04960706799909132
0.3419246105487325 0.4028605856330949 0.24312956277729544 | -0.010295202036087102 -0.542192841624234 -0.050914129186323424
0.3398458526350408 0.44645693588501795 0.33984592623785004 | 0.04626627628675011 -0.4107042796846968 0.046269190360787575
0.3381201542416108 0.3542453836881376 0.40000112968032 | 0.004903340750871155 0.008676765141713708 0.004073912024059645
0.33067814316808386 0.014089175359607728 0.4321388076971199 | -0.04096822140180198 1.563714716912193 -0.11118368347301187
0.3295834844367962 0.01559903861915651 0.49996166602386427 | -0.04486554554556558 1.602710671140872 -0.01598298896244107
0.3309486263978714 0.00969187948957582 0.5553173772483844 | -0.03941450479795943 1.6246455538939635 0.018990456175194403
0.3330629388368512 0.012179589042379072 0.6169351688551881 | -0.04000312947127685 1.6288874806089462 0.0399922390516198
0.33654520755492356 0.007422488429244553 0.689275346725294 | -0.027534176545793567 1.6209273899588708 0.046247322661425554
0.40005503296477796 0.3482721979377337 0.26658661345250506 | 0.00209170549640571 0.00743695322021721 -0.007891567414282898
0.40000121966700297 0.35424454456655535 0.3381211609884351 | 0.00407473096932356 0.008673959731596008 0.004915814985689689
0.41018281282225433 0.29385875212870244 0.4103489506352524 | 0.06693965556680642 -0.6031560271636944 0.06817577616424311
0.38913752629530046 0.02158535498477041 0.43501773828915746 | -0.06248738365689014 1.5120127602942044 -0.09827018456960934
0.39181747416859575 0.013345693835502279 0.5006040551342513 | -0.03675822985315465 1.5893508474012699 -0.009574225326013864
0.39344133383037233 0.01590322362893493 0.5565524663069027 | -0.02591311503520462 1.588329523217704 0.025603501490088748
0.3947077640242642 0.009654331902231908 0.6190542224746906 | -0.019293302002463854 1.6212207027810435 0.04051282954200393
0.396163691067217 0.01345840406088057 0.6925118204804738 | -0.015895363800970855 1.5799954888590744 0.05784406003525916
0.43378999363567156 0.012302325529408204 0.2574026724734507 | -0.10808418443576552 1.5769794580970462 -0.05388320190062327
0.4321344311376626 0.014102739657834198 0.33066916659887274 | -0.11122206166968962 1.5636240001637007 -0.04102339127372047
0.4350284448957303 0.021601993560360383 0.38909650068136503 | -0.09829345870155974 1.5118498671037752 -0.06261065514338385
0.44735419546910554 0.012445003445665539 0.4473198940550748 | -0.013944278051036511 1.5437985780587922 -0.014074561102979588
0.4478011086306472 0.012954574843207336 0.5015366942958325 | -0.022335346330234367 1.5530026206701677 -6.090446732376743E-4
0.4487266176781106 0.014155161355499865 0.5572564442431135 | -0.007726372628452275 1.569649706232099 0.03003356690678609
0.4488831025461964 0.016776525732026093 0.6205094485799566 | -0.008574479923122566 1.5852765395394688 0.0534333731566663
0.44931596030190163 0.012196107419103921 0.693795348741661 | -0.004033447591243021 1.5711211742149287 0.05374141299070142
0.4998956789537402 0.01098958016933418 0.2567406271507896 | -0.010907774141534429 1.5723254913340419 -0.04595858300653572
0.49996352560746865 0.01559856649977817 0.32957916371126966 | -0.01594974020650354 1.6027229098195845 -0.044925772586203144
0.5006129929153854 0.013337582966831489 0.39181619029723747 | -0.00949751891861329 1.589409627370664 -0.036781132716625954
0.5015344014116113 0.012951163664335779 0.44780703196291005 | -6.081139471296414E-4 1.5529925077696 -0.02228988600347034
0.5015403962669741 0.012736248068277521 0.5015428333106962 | 0.004776422716880177 1.5593731025607251 0.004793826465503678
0.5012064053024532 0.014126852576898179 0.5573425082106735 | 0.006086653899730388 1.569271519305738 0.030663429899844292
0.5011041570351369 0.016791227115144823 0.6205067916944198 | 0.00788825350614673 1.5857049053080736 0.05305182051965844
0.5006833957216421 0.012190103875366846 0.6937936499516298 | 0.004040502472553179 1.5717914670987012 0.05375190482808303
0.5537859492725361 0.013530319979074612 0.2575406298777469 | 0.013943770456940459 1.573926242132108 -0.055310539151116514
0.5553177264106315 0.009691857252309071 0.33094849588786857 | 0.018994026189614953 1.624645204309624 -0.03941825526700397
0.5565519233512519 0.01590371774922538 0.39344175136087545 | 0.02560357051899519 1.5883196511735205 -0.025911502897232402
0.5572561663816432 0.014155754663393152 0.44872684915910727 | 0.030036643807012715 1.569646278924929 -0.007725311903062164
0.5573427413194124 0.014127001103940563 0.5012061830248894 | 0.030668119692464687 1.5692724854162643 0.006086787236432609
0.5565481833554371 0.01583668867804415 0.5565481112541091 | 0.026794207325878998 1.5857127850903434 0.02679335607989508
0.555291967995442 0.00965798964829822 0.6190585419670721 | 0.01841136214409651 1.6204463803980966 0.0397010251726375
0.5538339835578951 0.013458524119463834 0.6925171709768106 | 0.015684835922540916 1.5810694100984863 0.05821459741216297
0.6134344702616616 0.007481905281507493 0.26073821929591684 | 0.02570256944278858 1.6129877706422164 -0.04482719205711496
0.6169351594066534 0.01217956927440067 0.33306297340604696 | 0.039992613833563215 1.6288868892474464 -0.040002895631437184
0.6190541575958228 0.009654339320440613 0.3947077813397468 | 0.04051168259204136 1.6212213471918826 -0.01929292795059443
0.6205094318872221 0.01677652021887135 0.4488830714525624 | 0.05343244654739091 1.5852779358901656 -0.00857471913520042
0.6205067998995404 0.01679120810447514 0.5011041474381136 | 0.05305153936515126 1.5857051468104097 0.007887881310878373
0.6190585380954347 0.009657985119672419 0.5552919686676877 | 0.0397009394483687 1.6204464166550205 0.018411336075045987
0.6169519451710056 0.012176578563894468 0.6169519457512492 | 0.041239932592033034 1.627869172069892 0.04123994663852781
0.6134646438968276 0.007459200898024331 0.6892890656652819 | 0.02792192652400578 1.6182451727345732 0.04669420571681854
0.685279339093199 0.010325091477735669 0.26472154938520087 | 0.0496071047764419 1.6119680381942532 -0.04948118403123789
0.6892753424956424 0.007422490143403432 0.3365452084194203 | 0.04624728255972137 1.620927365305018 -0.027534160122325436
0.692511815452884 0.013458404871177236 0.39616369051745404 | 0.05784393796903317 1.5799955207015082 -0.01589536836562316
0.6937953455675789 0.012196108357046688 0.4493159592934471 | 0.05374133148054955 1.5711212217921282 -0.00403346634250404
0.6937936487857963 0.012190104582907577 0.5006833951271562 | 0.053751884706029866 1.571791474866354 0.004040492249143171
0.692517170907341 0.013458524302690603 0.5538339837751122 | 0.05821459987801777 1.5810693951393278 0.015684834930345982
0.6892890654817567 0.007459200897696443 0.6134646437581655 | 0.046694206305882446 1.6182451754197327 0.027921926859456953
0.6852752467082401 0.010340073953833798 0.685275246694244 | 0.049520070812463596 1.6109658149112889 0.04952007062881085
0.2519492917884769 0.400080098451257 0.2519492987074344 | -4.968244053689789E-4 0.004597456889474299 -4.968235887316368E-4
0.24986170795349252 0.40013703767140124 0.339253393779133 | -4.730664948084097E-4 0.005192758021385801 4.299450722053603E-4
0.24611011327482665 0.29323128421520683 0.41029617153762654 | -0.013647173574022101 -1.7572331806732227 -0.002167366465556314
0.26239049662154196 0.03916746424036318 0.42631196508686237 | -0.06531007979281715 1.1697927329515077 -0.1602169775449609
0.2608260582796294 0.039238851599529355 0.49822095336263605 | -0.038412743133529145 1.1820721650962256 -0.005490451946702465
0.26033322193868214 0.04126781968766963 0.5536298750158433 | -0.04480806976893392 1.179064463662849 0.017964300391423826
0.2633823412081517 0.03701273309281216 0.6117488217076728 | -0.049312296784250184 1.2336279370043213 0.03686878883770541
0.26801346358089734 0.034034019594460875 0.6819873520223717 | -0.05014099389538004 1.2543461546610712 0.050304592647361875
0.3392533852063246 0.40013701956338354 0.24986161720609432 | 4.2994200709668614E-4 0.005192742808230158 -4.7307628267817856E-4
0.3368545101781841 0.40017089887127444 0.33685415596241464 | -1.9603037716930594E-4 0.004973599609984218 -1.962112256916181E-4
0.33703011220030954 0.32017058027902423 0.4224612770740793 | 0.04147648293397992 -1.5049302794188044 0.09546233996233502
0.3341123342838424 0.041787313642352476 0.42134537130630245 | -0.055855746227851964 1.1193666831417093 -0.1892364975681321
0.3315604787046196 0.04421830501625093 0.4977957688187178 | -0.043849854252749926 1.2511853377183053 -0.0039986505929805035
0.3326783522105256 0.03730085183522512 0.5548209657182384 | -0.04964197365961829 1.2750095574289741 0.030289162254637146
0.33477891608909727 0.04171120804979618 0.6152265304435101 | -0.059361594590390566 1.2701984505200397 0.059146925014142405
0.33818179301353907 0.037505674471263094 0.6866657411390358 | -0.043123339691080356 1.2729053911321526 0.05411885307174371
0.4102948840166877 0.293231565904645 0.2461133602871791 | -0.002170231785520986 -1.757198541640558 -0.013651898773618859
0.4224387623542147 0.32015608686879 0.33705116807801677 | 0.09504951265702363 -1.5049209912301025 0.04165268944212161
0.4242536894230009 0.33063408672942757 0.42420540906753995 | 0.25358519347572533 -1.4468910399438581 0.25317897443357945
0.386218967366763 0.03730697954078218 0.4288635517603912 | -0.07087343695947838 1.1052800175124913 -0.1086406555325337
0.39209621906930237 0.040385738745509 0.4989260032789267 | -0.025730533761569422 1.2375339838602541 0.0035605880137240574
0.3943099636425373 0.04254429674999845 0.5558077248297191 | -0.03304413949356964 1.2290117153415652 0.03362605317155771
0.3953239805309227 0.036877225031033106 0.6175223462492648 | -0.036784489313744936 1.2425839273351327 0.06493242538433078
0.39629830243504915 0.041418011703929294 0.689777623170308 | -0.022846867638095198 1.1873607972832627 0.05226821344508469
0.4263121909118905 0.039167169291125806 0.2623903899317536 | -0.16020479674651222 1.1697497018934302 -0.06531091985211242
0.42134345043418875 0.04178427437136001 0.3341113224940104 | -0.18924334935700635 1.1193583179985225 -0.055864167580428045
0.4288627327879157 0.03730975807436363 0.38620874847353476 | -0.1087737987336278 1.1051407732752416 -0.07097679668930602
0.4453636045902435 0.042891107309696266 0.44536371063739255 | 0.0018350527413432843 1.0958788721638675 0.0017931952422907626
0.44635437705039127 0.0373747830760187 0.4993686775090416 | -0.014834945741877744 1.1682137418697716 0.006391805564259238
0.44897281770170905 0.03981464382807381 0.5563690415946786 | -0.01102043301349649 1.2024671856736662 0.0408977955991034
0.448900794191117 0.04396082491821615 0.6192501464074914 | -0.017892688638005045 1.2049063251214625 0.08735529336805406
0.44931369927131937 0.03952633032102439 0.6909832690496889 | -0.005100305596431963 1.1730094819237114 0.05541009421476505
0.4982209916000548 0.03923846356831252 0.2608256315620785 | -0.005494063053134629 1.1820591630144626 -0.03841079274923881
0.49779650404967857 0.04422088585598366 0.33155772032608094 | -0.003993234564612893 1.251289662551647 -0.0438823046253677
0.4989292913466653 0.040385024887907524 0.3920949844233768 | 0.0036071520822160853 1.2375926478354795 -0.02577155723984669
0.49936875287820726 0.03736896256712374 0.44635748379554485 | 0.006384902556856611 1.1680322265210796 -0.014779416458164375
0.5003652419664331 0.03781240187901224 0.5003660048043863 | 0.0018255348784647248 1.1763435141743668 0.001831624342935345
0.5008657198698734 0.039728964387960884 0.5563061329994351 | 0.010141587027455054 1.1975495910416263 0.04161931857445921
0.5011022174365577 0.043911292865135725 0.6192262570880006 | 0.016304615243578638 1.201363773055744 0.08725474416790778
0.5006874378375861 0.039549136132911375 0.6909816821933358 | 0.005110278697856802 1.1744678664132482 0.05539133652183072
0.5536301091844339 0.04126781266159948 0.260332986064593 | 0.01796832477356994 1.1790604983283444 -0.04481387412211236
0.5548211230751032 0.03730067604183888 0.33267834744610225 | 0.030289674014976228 1.2750084372205643 -0.04964051435823919
0.5558075411525898 0.0425435472841634 0.39431022646796815 | 0.033620640876661986 1.2289776730311055 -0.03303404064521002
0.556368859792061 0.0398151647961007 0.44897295435765444 | 0.04089145874377461 1.2024687100370737 -0.011015654971292903
0.5563062466459977 0.03972942681859652 0.5008656994330835 | 0.0416164589541194 1.1975649273858417 0.010139395778315744
0.5557524043117521 0.04228763448699844 0.5557523557654582 | 0.0446364068463953 1.2114897614612488 0.04463527446260491
0.554720541647486 0.03657128090942884 0.617592363269942 | 0.041334204764490574 1.2198736713958227 0.07485451287095449
0.553693678329003 0.04142409675355549 0.6897784350766277 | 0.02267597509233826 1.1869662728434778 0.05238764894822998
0.611748829973273 0.03701272263154046 0.26338236202373977 | 0.03686889550716745 1.233627646543182 -0.049312114873382606
0.61522653737648 0.0417111797661876 0.3347789326171783 | 0.05914733168053685 1.2701952010419795 -0.05936131347763809
0.6175223029110569 0.036877326691934637 0.3953239935386889 | 0.06493150972680316 1.2425883916295264 -0.03678430764233423
0.6192501067406131 0.04396091285820832 0.4489007808933824 | 0.08735247851447846 1.2049134250230642 -0.01789299216691565
0.6192262617310023 0.043911284182748145 0.5011022029516363 | 0.08725439390926155 1.2013646144735806 0.016304064310503977
0.617592364137079 0.036571263211577235 0.5547205446592718 | 0.07485435819111573 1.2198727397621552 0.04133412186166381
0.6153363656640359 0.04141274649677173 0.6153363663737255 | 0.06879828660065426 1.2492493668270643 0.06879830792261171
0.6118458556304965 0.03721947049988709 0.6867142418378149 | 0.04623280018127837 1.2506578638760297 0.05829959071859712
0.681987353207754 0.03403401879041214 0.26801346345011867 | 0.05030458260725818 1.2543461065336274 -0.05014095476662227
0.6866657394605094 0.03750567449296601 0.33818179439334056 | 0.05411883200220221 1.2729053874279495 -0.04312331680486161
0.6897776196492126 0.04141801278637222 0.39629830255043136 | 0.05226817314843777 1.1873609817697763 -0.022846882775048285
0.6909832663085265 0.03952633030075493 0.4493136985587062 | 0.055410036322619996 1.1730095531201785 -0.005100311029852912
0.6909816805613446 0.03954913620514009 0.5006874370023369 | 0.05539128645543526 1.1744678695885753 0.0051102652287780825
0.6897784344836942 0.041424097366091955 0.5536936780970351 | 0.052387630335764095 1.1869662865817359 0.02267596838781851
0.6867142418530995 0.03721947052242116 0.6118458556369547 | 0.058299592454183924 1.2506578670911443 0.0462328017711564
0.6820313126967922 0.034087926909870093 0.6820313126878345 | 0.054074388093213625 1.2581162537800772 0.05407438792316267
