512
0.2653664546838633 0.4869485771218361 0.2653664741824108 | -0.1219723247356179 -0.5523240825476357 -0.1219720122736122
0.24426260759498558 0.46922451455931397 0.35360864877638587 | -0.09573238611302183 -0.762893806082345 2.2740518767117577E-4
0.2592622362869403 0.06506059481253791 0.4000815945412194 | 0.00489417640168753 -0.015183004962789752 0.006060572327445301
0.2487524451719236 0.10341686884226374 0.4386572931659724 | -0.10593058420168326 0.8298898443745368 -0.11939050395454406
0.25049143197956897 0.07604374149492989 0.48728264308324126 | 0.08859393834843016 0.7660805284559695 -0.05979651574555196
0.26671135859267725 0.07978209699528112 0.5613113931436658 | 0.24550380715867817 0.8358354648039321 0.04685014434341854
0.2615070226255057 0.08395026464846843 0.6333466836281112 | 0.1626392925848843 0.7830304697715218 0.10422755936772807
0.2639066421895258 0.08255791538354718 0.690514967679391 | 0.1148107692611549 0.8062631741731027 -0.06622485085417172
0.3536086047747983 0.46922436177380705 0.24426255495351612 | 2.2739419626655142E-4 -0.7628958511646189 -0.09573354976438105
0.34048628030975525 0.48534751009779525 0.3404856382637919 | 0.012305284007758223 -0.5998722184888143 0.012303777575112088
0.33508847554313365 0.10701203680602686 0.40005844870354373 | -0.0012288035233829439 -0.013246825419203667 0.005444390645711472
0.30611834229301754 0.11896571116249141 0.449473427946726 | -0.12995556482267817 1.1508557760966573 -0.0396536016651008
0.31742476963043015 0.08076313118228771 0.4961186157923015 | -0.04073363060937873 1.0740169218431732 -0.036471012913735515
0.31374362088556007 0.10225780581353602 0.5683077953281928 | -0.038265571333526656 1.2495342143602082 0.09065670535282232
0.3180655158508544 0.09653916938287438 0.6312717480235228 | -0.05116235698869097 1.205447122754117 0.0484177263912553
0.31442392053110824 0.09733528382978168 0.6836737695694438 | -0.1282257993672672 1.3644373287522409 -0.10734096373301392
0.40007799497664337 0.06505961558945478 0.25926057876110215 | 0.006049928781671512 -0.015205912700934838 0.004845252618854797
0.40005311674337807 0.1070352500518906 0.33509603563335794 | 0.005461573864776138 -0.013269517924734209 -0.0012129125028741896
0.40284091990332854 0.5147967713080184 0.4028521273636864 | 0.005342889275198147 -0.40718072665140354 0.005373175538440369
0.3646503247775847 0.13233082798045026 0.4294372855418747 | -0.12380466124972439 1.3605641898606007 -0.11553200568524263
0.37180412916738914 0.09975770084402294 0.4922891442257178 | -0.11179262418346023 1.393165772219086 -0.05131720452521474
0.37529196192642206 0.09021910503224774 0.5668070941405479 | -0.09700391512502272 1.296225367587922 0.04654566926289873
0.3766137777367423 0.10001756321672058 0.6317253256165442 | -0.11861360301899557 1.1925562255418505 -0.005990754983519774
0.3745946514121037 0.09561585800626488 0.6834095712061213 | -0.15794995064113296 1.4208059427476056 -0.1654143367789467
0.4386747684229821 0.10343277023318859 0.24873739703257775 | -0.11936852797435453 0.8321078109819631 -0.1063815993484513
0.44945394030554636 0.119059499131775 0.30605435858707236 | -0.03891957323395766 1.1531766867069917 -0.1307205451520951
0.429502354152164 0.13223825700386055 0.3646742960981958 | -0.11545590499172365 1.3593314301551493 -0.12389036659260773
0.42377952136452435 0.10261400488065288 0.4237843353119675 | -0.24466360419405375 0.8806415035936099 -0.24431952764513745
0.4382737111196187 0.08442354456819323 0.5098168697290124 | -0.11190681663056007 1.0384264162470187 0.14208927220920123
0.4413997327274586 0.08762527992669095 0.5801781944121521 | -0.04183798565203199 1.3039055787348357 0.18462885617657943
0.44148631347619427 0.07887938225843773 0.6284910048647516 | -0.035100517722495735 1.07633018769293 -0.04889241199290134
0.44185586230973345 0.08790247074659678 0.6770741237002097 | -0.04984171706463385 1.3533676680390438 -0.2613844914643009
0.48728654345643024 0.07603885647552515 0.25050473937094675 | -0.05984714624508872 0.7659747890871319 0.08889325264040429
0.4961219725143645 0.08079643787269376 0.31742914497917846 | -0.03635873000156403 1.0747114634519483 -0.04082546056939053
0.4922741568544562 0.09980424958318516 0.3717950116213495 | -0.05144634949933356 1.393964333889863 -0.11143111047314083
0.5098118501446799 0.08431152144594592 0.4382676282659425 | 0.14174907322307242 1.0334394496939587 -0.11151394274180801
0.5184081824952869 0.08034316177752249 0.5184277515954704 | 0.23740893976316788 1.148566991250845 0.23806484105121412
0.5047107201375242 0.0879657582253788 0.579336510482277 | 0.0036439772072670348 1.253935255621153 0.15745538206732207
0.5073977717678667 0.08028624302246314 0.628479645173505 | 0.029291060036645878 1.0906927276541951 -0.04705311354060959
0.5074719713080315 0.08753595075639092 0.6776403326161182 | 0.04624652362616063 1.341067439249601 -0.2531600737891464
0.5613077137733392 0.07978279343461606 0.26671376095924 | 0.04679946206703119 0.8361144482557221 0.24542894302673485
0.5682994579253301 0.10225241458248402 0.3137376257088338 | 0.09047205490728813 1.2494170624927756 -0.038308616015769945
0.56680365006402 0.09022580000509049 0.37529087483173273 | 0.04651354624074879 1.2962968900376188 -0.09700979465310335
0.5801913208620508 0.08763753025583156 0.44141054544544034 | 0.1848390145523423 1.304608884017687 -0.04171757725193146
0.579329474406367 0.08797146262183972 0.5047104905569598 | 0.15731294627208403 1.2540451726448774 0.0036204690235962568
0.5716401568632812 0.0864114937850316 0.5716378243539794 | 0.06453988256268121 1.2077960070298261 0.06448479722007144
0.5691968782427911 0.08248860390798768 0.6298198547535412 | 0.05735831402306689 1.16422587392319 -0.008018470008172116
0.5746922977910326 0.0933313117552369 0.6849372249228305 | 0.1423861531619952 1.3793111782061873 -0.1563084228834112
0.6333451153007328 0.08395223928221354 0.26150642819725467 | 0.10421669943971254 0.7830464097134734 0.16261735789720866
0.631271512492021 0.09653977057215414 0.31806490230201406 | 0.048425772000508946 1.205411147718534 -0.051173210747793255
0.6317308142505444 0.10001286509393856 0.37661475809284495 | -0.005905318549735684 1.1924902769995938 -0.11859409287054591
0.6284900579789607 0.07888034586030386 0.4414856384111531 | -0.04892681307071107 1.0763376799606235 -0.03510761963267969
0.6284795888843313 0.08028614673516796 0.5073985549442049 | -0.04707516427220579 1.090686925506253 0.029289871226961268
0.6298195531310707 0.08248880712876762 0.5691964976552629 | -0.008021541134246012 1.1642273055485022 0.05735813804333289
0.6340914518304465 0.09537521935647135 0.634091448915815 | 0.04408621393442899 1.1210487347970814 0.044086518275077445
0.6348385965034536 0.08611752475460031 0.6810098194981149 | 0.1226574491278439 1.2400554451801953 -0.21760387546665025
0.690515448993237 0.08255739974475793 0.26390626414385876 | -0.06622255431833536 0.8062577235621441 0.11480753751724547
0.683674793767763 0.09733484290806302 0.3144232053851082 | -0.10734614033890316 1.3644382716822676 -0.1282229691484574
0.6834100703120792 0.09561523635859775 0.37459479246607436 | -0.16540183757852805 1.4208028331783245 -0.15794898441075117
0.6770743599196465 0.08790250008173878 0.44185624122478373 | -0.2613808532501769 1.3533650137055926 -0.04984527621061553
0.6776403452011749 0.08753594481514597 0.5074718365067717 | -0.2531612436105077 1.3410639834352838 0.0462486680798666
0.684937270084056 0.09333129885244992 0.5746923531870962 | -0.15630816912512127 1.3793117846425234 0.14238594433890983
0.6810098342021264 0.08611755058989039 0.6348385746793985 | -0.21760319492818592 1.2400555388044032 0.12265743725351391
0.6855293574825242 0.08628059188547108 0.685529334653339 | -0.13895954895826815 1.044618192943048 -0.13895983707932752
0.2526434994568463 0.4486564560261865 0.25264355731356314 | -0.15068075810300513 -0.9233238370607608 -0.15068044749107926
0.23936761635372777 0.4572657312874614 0.35418031556380025 | -0.08346039081618456 -0.9512505135644599 0.022912188332862987
0.26044137998646605 0.1412386377220692 0.400003277206669 | 0.0012803339402895242 0.005297016420651044 0.003342563487502072
0.23756346721078236 0.09724387051970748 0.4297235809766988 | -0.08758201437810469 0.5148975459687791 -0.12288200543412696
0.23654554823033488 0.07874661132094174 0.4831299591962777 | 0.01967705264627652 0.44665600615630247 -0.08079689608747756
0.24191264075983313 0.09012418991247649 0.5606885452289664 | 0.0030477051533274293 0.3374683063846217 0.016129326697485024
0.2549397372447924 0.08089076010455735 0.6358807065356242 | 0.11452560759767991 0.49519066518418514 0.0984691903084425
0.24609482590522314 0.08112699287350647 0.7055052435703026 | -0.07149741687674516 0.4972799669537991 0.06433355072677571
0.35418021616186673 0.4572656397324712 0.2393673829573955 | 0.022911961704322827 -0.9512516690648083 -0.0834614998561183
0.3421513115589743 0.46330748913568315 0.34215242062772994 | 0.024371408092973047 -0.8767482261309756 0.024371347469843152
0.33594920628101427 0.19111022378472908 0.40001206186744614 | -0.0035434187577645807 0.004544944922690717 0.0038563705890075346
0.3025746167334058 0.11482850499909401 0.4436038928030265 | -0.11801647135750994 0.9346923678269354 -0.03745154968362728
0.30654012441441875 0.1119136697625308 0.49537248828535435 | -0.03669565064034142 0.7533629605457991 -0.02611541645803815
0.30885435655748966 0.1134137270870486 0.569669581319149 | -0.061209712902941554 0.9843842177033493 0.060586383861138314
0.31211047233788564 0.11568375556548073 0.6345124645063333 | -0.053558461573275984 0.9534386318663988 0.04843684965870553
0.3108748831314351 0.12611574214842025 0.7181610528902781 | -0.04412155459544974 0.6941015366754465 0.12565802108120158
0.40000239375972224 0.14123945235730875 0.26044274746938034 | 0.0033475059435592036 0.005301431622538291 0.001257136357846638
0.4000200269433394 0.19111673575600013 0.33596657558207443 | 0.004041106483852447 0.004459699893359749 -0.003755949928805872
0.40770101965808064 0.47466041395148273 0.40770207190522034 | 0.02832010163071759 -0.7438027861857949 0.028308302931841296
0.3608010061700967 0.11959947443494785 0.4174938920827736 | -0.12481293406615189 0.9669905908514789 -0.16414102559188765
0.3710482130555063 0.08781702278731407 0.49364293317297553 | -0.11643468539342491 1.0099271059676365 -0.04361635902543375
0.3708376151707381 0.10603284908326772 0.5679855993623106 | -0.12656082961263407 1.026897967218263 0.05893727063067352
0.37384968039092453 0.1101824787113255 0.6368728868942103 | -0.14182698330860435 0.9366412861857546 0.01157117525561146
0.3776992123275731 0.0933832601972127 0.6996027800846417 | -0.09166402161794193 0.7648318011805068 -0.0046458271628164165
0.4297387427828328 0.09725297651756616 0.23753234889761438 | -0.12320208571357111 0.5164520919137432 -0.08803661352669769
0.4436049272821355 0.11492202781553712 0.3025028538143603 | -0.03676087743961865 0.9374332442612817 -0.1188502953965074
0.4175463773544553 0.11953753725714657 0.3608143228846643 | -0.16414601240634177 0.9648293987875279 -0.12545127901126793
0.42751782616866574 0.1197103196594622 0.4275300574729443 | -0.1080592792338711 0.7518800941700698 -0.10709548451265731
0.4403731615516323 0.10028308119360432 0.510912601276029 | -0.0524976956196927 0.7405826614543751 0.11747794105024725
0.4400910508692769 0.09822312112227932 0.5821191012208972 | -0.05032284174332343 1.0547699132341237 0.15084309085840625
0.44038892038684524 0.08360653622844068 0.6328341488996445 | -0.04907925297723255 0.8339919475505541 -0.05453855935007632
0.4432758624041208 0.07821867134394588 0.6956037456808531 | -0.03929320787601448 0.4845169336773208 -0.22812313628854067
0.48313070468230096 0.07874263339741867 0.23655370084713845 | -0.08089480012143167 0.44667095429065534 0.01983086038661876
0.4953661340840997 0.11193457812518635 0.30655398644108983 | -0.026028105873034356 0.7539491285764766 -0.03678988230719753
0.49362498862601584 0.08784810732676691 0.37103131054436395 | -0.04393000988638088 1.011011500515162 -0.11624593339935031
0.5109151213520269 0.10010213863941425 0.44035689719309723 | 0.11791062928768363 0.7353845215135288 -0.052371345018306134
0.5191017626154792 0.0808738794091352 0.5191226334475942 | 0.2377920202032792 0.887244405735628 0.238463408475198
0.5065237132375999 0.1005811774101312 0.5812450821445015 | 0.017210664243534877 1.012485450828568 0.14196531733996318
0.5085505025008527 0.08521256121671045 0.6328165900238829 | 0.04022001360571049 0.848957265288822 -0.05477899295577136
0.50660034519736 0.08023445558322885 0.6955049780101388 | 0.036438910452255155 0.5123991949972104 -0.2084869113144943
0.5606864483882311 0.09012056958741074 0.24191301219842679 | 0.01611767624970882 0.33743839049413044 0.00304079316790845
0.5696611840776512 0.11341274772899647 0.3088489250877043 | 0.06048156693444418 0.9841809289140614 -0.06122182985445551
0.567975286082895 0.10604900947557049 0.37084152495667383 | 0.05870988921231175 1.0268738921619325 -0.12642707251826732
0.5821240066142538 0.09823681325311516 0.4400997785846777 | 0.15072237447506254 1.0554411940284816 -0.050222356852125845
0.5812364826979372 0.10058462490357357 0.5065213562684316 | 0.14185300825809907 1.0124978510046745 0.017141159898105676
0.5760140658480744 0.100143810552032 0.5760126607938758 | 0.10413156753492733 0.9414736642439833 0.10410213539061007
0.5746102728660095 0.1090763344266695 0.6394177113736721 | 0.11271067037097623 0.8437496777334549 0.004287607849556637
0.5727222842452754 0.08951545050398355 0.6998907730345532 | 0.09705477849242358 0.7277246521878673 -0.03815644728261136
0.6358798258394959 0.08089334490806846 0.2549390050377892 | 0.09846831382864246 0.4952097130194611 0.11451048973604369
0.6345147471995418 0.1156804228412415 0.31211125436651177 | 0.048452187670312744 0.9536063450374858 -0.0536292425855771
0.6368793358795963 0.11018164312287848 0.3738497954658159 | 0.011645692522472658 0.9365989879100753 -0.14182612659513721
0.6328334191434446 0.08360882352071645 0.440388370081913 | -0.05452143883284052 0.8340537200527761 -0.0490773041025593
0.6328163227353091 0.0852109158944206 0.5085509944541571 | -0.05480395293714929 0.8489267823579363 0.04021476085628269
0.6394176160880815 0.10907684187512239 0.5746100838394375 | 0.004286476911686141 0.8437576470763956 0.11271058805422024
0.637990512815017 0.11212702617899455 0.6379905532259194 | 0.04447388158514733 0.9095823918589216 0.044474348200173
0.6395996562923632 0.11805010600069143 0.7173796670722749 | 0.04561781996991822 0.5890961068061499 0.12827907389947418
0.7055052587086358 0.08112679306973665 0.24609468486754213 | 0.06433464213649667 0.49728070100191024 -0.07149903369867273
0.7181618648860166 0.12611535400338678 0.31087461544474554 | 0.12565861436072287 0.6940968112230408 -0.04412149112036018
0.6996042134654725 0.09338282912091583 0.37769930398234025 | -0.004625271642888376 0.7648237897429441 -0.0916586328391385
0.6956037464912146 0.07821896483157789 0.4432760496959771 | -0.2281316786242959 0.48449691022959757 -0.03929407645686814
0.6955051861434698 0.08023438794979741 0.5066002978278599 | -0.20848210338890524 0.5123917626011811 0.03643968252167044
0.6998907539724545 0.08951527177821329 0.5727223121520191 | -0.038158787919628026 0.7277250569835868 0.09705521550080297
0.7173797413390569 0.11805031473229916 0.6395996281651569 | 0.12827941750427027 0.5890985247834764 0.045617416760551616
0.7019915618721133 0.07686531646794886 0.7019915445748863 | 0.03659988180390744 0.477658133571611 0.036599844862299266
0.21960664116889317 0.41479571423882994 0.21960669493536217 | -0.13415690448035714 -1.1379977010047464 -0.1341568009573705
0.23244242022822856 0.4251296092196303 0.35350503823243234 | -0.0769748558056519 -1.0997924335899347 0.015954936654415167
0.25680885445407103 0.21290059266303557 0.400000736921672 | -0.011056066476550351 -0.0025180568415019843 0.003824962534108688
0.2110968150816869 0.09992845366756001 0.4059361048801927 | -0.14744700979170874 0.41793213507618904 -0.17907900416111716
0.23384604565309933 0.06717234134977565 0.48337458510373876 | 0.0349780691450066 0.22886002083237 -0.07925585688918682
0.23018538737176153 0.08876011727405632 0.5609003681406691 | -0.0401061081606935 0.13991770086367553 0.009699804834660725
0.24300578694491487 0.08261599472501154 0.6378820031681062 | 0.022398290696911596 0.2138924153895886 0.07893308433985652
0.22202583470160558 0.11063461078805188 0.7260057713504123 | -0.1332088289827779 0.33621562495267093 0.11982934034894557
0.3535049974225828 0.4251293163945466 0.23244202912020298 | 0.015954868409637262 -1.0997921157300552 -0.07697596518138487
0.3429947981093499 0.4448675940529551 0.34299856660172645 | 0.028875967717526773 -1.0868251179080528 0.028878211291163466
0.33934455176940087 0.26271984205613536 0.40283257875380374 | 0.010108896662121962 -0.8243404868210782 0.0010889820677680677
0.2817614595690885 0.1640401146012348 0.42028575385289496 | -0.08491440220400168 0.5499219488224563 -0.15386666092805448
0.30303004980065595 0.1204930781253598 0.4947846496011139 | -0.040091289682962085 0.48842685686132636 -0.008901007144194601
0.3080907556255095 0.11179806673722135 0.5696976876432951 | -0.05537816112959193 0.808891571949348 0.04882640179575426
0.3055766848950058 0.1379160176991989 0.6391888393315989 | -0.06927795511540125 0.6910047560660426 0.06362266268578416
0.3107096932999328 0.12556550765882926 0.7260849645570767 | -0.025203977644201736 0.40659498175130554 0.14555626526263876
0.40000039285294625 0.21290212960254712 0.25681109175619565 | 0.003779625240935058 -0.0027424780282688296 -0.011102780757311113
0.4029166915183559 0.26191761589900714 0.33952374264106916 | 0.0011224700403136172 -0.8320857729260814 0.01345466636970695
0.4128795326120272 0.435836764962525 0.41286621326083534 | 0.04751404475583305 -1.0052980915721708 0.04747635155138993
0.3600375808355032 0.16627804708135832 0.40990707523219133 | -0.14391817294079404 0.6074924868353417 -0.20011600413630548
0.37067055977692875 0.08173635428638046 0.49437105964108247 | -0.11276144439405794 0.6801682238819855 -0.0340722993173644
0.37068025434140156 0.13466699399904525 0.5686359012871121 | -0.08618559294607102 0.7870323217146764 0.04235812748536416
0.37367926920422956 0.10596308134949838 0.6367490239215925 | -0.13601428743827748 0.7437360802198266 -0.014038302194333866
0.3784194413609073 0.08159429706471594 0.712512981785152 | -0.0688620235908783 0.2029323772544866 -0.07356921194416975
0.4059526518960338 0.09994286065381144 0.21111520543507184 | -0.17892779761318098 0.41874952195111237 -0.1470213164023075
0.42029676425846774 0.16410197604894713 0.2817659046210205 | -0.1544818389465078 0.550370496531921 -0.08436796453977417
0.4100022560321829 0.16631578847750436 0.36007689311588387 | -0.19940062355334787 0.6065282391287524 -0.14383187231861386
0.4244587658410653 0.11050341982037469 0.4244643118986338 | -0.19374098111491117 0.455625476161102 -0.1932240666878172
0.4395052524137587 0.08974926631181057 0.5125420153747652 | -0.06891569870728845 0.5179575563766539 0.174965098536935
0.4390975943297635 0.1366532936094058 0.5782094775044919 | -0.0358958981444731 0.7324123469689906 0.057897087366530826
0.44286034951857234 0.10917443169883125 0.6436350868250135 | -0.02113107183598922 0.6932500945567053 0.022748772814428733
0.44410175923185097 0.07072528100385946 0.7160347207611025 | -0.020900762536118035 0.03145617701212079 -0.07440925509218332
0.48337310809560136 0.06716750418094695 0.23385660425727264 | -0.07934864143055644 0.228912850036212 0.03512951526977199
0.49477019612063067 0.1204870995466211 0.3030449189002393 | -0.008971466195540408 0.48850143843656985 -0.04008311122689812
0.4943642752723602 0.08176299884113508 0.3706482535060205 | -0.0342266045338462 0.6811927100006578 -0.11283723678822645
0.5125568161965027 0.08952217361281253 0.439482900678919 | 0.1752084838726131 0.5110683848432902 -0.06873702850470179
0.5191655877551908 0.08128379047046293 0.519188165724231 | 0.24682829637245168 0.6329186056807754 0.2475697893164641
0.5083489447508276 0.13831637567707852 0.5779336353711115 | 0.01362959652300677 0.7168045753989182 0.07298263524093325
0.506985127003205 0.10676297490169138 0.6423281942194057 | 0.016979598196051705 0.6786544229185214 0.011229306550687244
0.5059130191090255 0.07215645237489203 0.7152625730957388 | 0.02093724157827958 0.029471383780790325 -0.08144969222032188
0.5608999183114376 0.08875750453576725 0.230180139808391 | 0.009687390893701653 0.13989555754858257 -0.04012694031296668
0.5696901304785584 0.11179863906424715 0.30808533565730906 | 0.0487417174336161 0.8086761613004659 -0.055391508934379635
0.5686364810250205 0.13463382351653866 0.37068299291700474 | 0.042372581009133554 0.786927014912004 -0.0862467784394185
0.5781956692372866 0.13665550149404224 0.43909998197199407 | 0.05763933164208534 0.7326805895871035 -0.03588415042835124
0.5779307437774365 0.13831837857601026 0.5083480185668957 | 0.07297491064608362 0.7168033254227286 0.013586982759438569
0.5767405151204439 0.12642446666126664 0.5767397447837607 | 0.07078449313467286 0.6983094809028687 0.07077019861308878
0.575018621748999 0.10595937856579113 0.6397573669960486 | 0.10674005170268028 0.674919148074935 -0.014027188499539872
0.5720864409556365 0.07720051858361798 0.7125684839715467 | 0.07493555503104637 0.19100671813626344 -0.09704076665455294
0.6378814674948565 0.08261849943302334 0.24300577127457867 | 0.07893682769388652 0.21390752154673479 0.022394158174390253
0.6391899510811495 0.13790847401707435 0.30557934781931523 | 0.06359817644061139 0.6910025780134665 -0.06927214159048331
0.6367556455581541 0.10596431351509826 0.37367956639734057 | -0.013954838129242872 0.7437295485191447 -0.1359974309588116
0.6436332159982796 0.10917811225390563 0.44286022996265667 | 0.02272018027393754 0.6932237849202741 -0.021135751558446297
0.6423269181694402 0.10676036348826552 0.5069855675902099 | 0.011189161502012832 0.6785898888474535 0.0169804917361909
0.6397573627799064 0.1059599136831559 0.5750184972900404 | -0.014027134875006482 0.6749252535109972 0.10674156323351056
0.6417560817760541 0.13007345260299716 0.6417561532023018 | 0.05907464399333039 0.6601483045102353 0.05907530805443905
0.6396315754663997 0.12112102664024227 0.7274868745789671 | 0.02353201595140674 0.3272329986129238 0.15328071880052205
0.726005863230762 0.11063453832044237 0.22202570366780194 | 0.11983072868887144 0.33621590439269056 -0.13320941509716253
0.7260858314961308 0.12556509197848065 0.31070951532795366 | 0.1455568025378832 0.406589277592736 -0.025204657982300625
0.7125144847279477 0.08159393769154209 0.37841940385113104 | -0.073565005346431 0.2029224829846707 -0.06886002735105583
0.7160344512381467 0.07072596729772673 0.4441018321161806 | -0.07440554415471905 0.03145571301178377 -0.020899350908801063
0.7152629116112204 0.07215642100785548 0.5059130985080494 | -0.08144478971206391 0.029470940095908033 0.020937274234367143
0.7125685245720051 0.0772003320713365 0.5720864677869716 | -0.0970409683565222 0.19100644303270625 0.0749358449889637
0.7274868400460501 0.1211211358283072 0.6396315402271149 | 0.15328103494181702 0.32723459678484573 0.023531792864600574
0.7282763133455117 0.10814368652647793 0.728276308144839 | 0.13755957135064534 0.3175091229373297 0.1375596799357716
0.2122018745354842 0.40837542754634926 0.21220189455373198 | -0.06775974902429413 -0.02642215644403894 -0.06775975341085777
0.2228487356729195 0.405857230110822 0.3476181027274808 | -0.045291075644004135 0.19795862412931062 -0.006303772815220191
0.2533454173377919 0.2731815400547027 0.40004142168964496 | -0.01299259282511557 -0.4097937906551555 4.981778059879118E-4
0.20048213000305964 0.12474923332405045 0.4008356845822938 | -0.14316586612794535 -0.05837242455801579 0.13031759367511664
0.2144741290427488 0.0863884144742516 0.4844715400414037 | -0.0647759387308002 -0.0017582347530443534 -0.035338622783294936
0.21909504981125696 0.08673083060287724 0.5613346399747555 | -0.09226024253700994 -0.08125874572326847 0.005011668835521165
0.21608754637944716 0.11128015684816042 0.6382577741072746 | -0.1377630156466161 -0.0029733652681938894 0.029920158330736336
0.21870228384130197 0.10887401288148953 0.7294218304387471 | -0.15935729854893782 0.13110266040355537 0.14803791616422216
0.34761801609655796 0.40585702545248786 0.22284831918560433 | -0.006304095588955486 0.19795828523845352 -0.045292247584605275
0.3453299925535962 0.4070275146264393 0.345335901380903 | 0.03460710052259529 -1.2394904548890033 0.03460824346951556
0.34104489256451226 0.25025038103561953 0.40488846765480313 | 0.009334274707770719 -1.304102146540942 0.0025659182893124073
0.2812151146426434 0.16462598791188862 0.40784588248764025 | -0.09212012973751586 0.4000861251303759 -0.18475247406347312
0.3042746144696968 0.10681944826493654 0.4961783399967186 | -0.05021722813723533 0.31362455856271276 -0.013953846432591142
0.29984114194213984 0.1361923154967662 0.5669193257376337 | -0.10305069091077176 0.5602879412055054 -0.004317888449877643
0.3053803380456165 0.1320151836711703 0.6392783306480223 | -0.07917305965660788 0.5473624720382545 0.0680838823993442
0.309766405142323 0.11382897949372289 0.7289261339078206 | -0.02781939211505652 0.1205759497621608 0.159503706825445
0.4000463544634966 0.2732380505060209 0.2533890982067229 | 7.707453228808813E-4 -0.40885701918479606 -0.012329883315387648
0.4049703551566692 0.24846295886639905 0.34099500506551933 | 0.0032344868754189773 -1.3185276140747952 0.008800895242228986
0.41540976362034226 0.38518621833604394 0.4153894359479167 | 0.05084771825933491 -1.2676810351415038 0.05081445349654364
0.3599760206751473 0.16434670853557223 0.4087409397788257 | -0.1340370923078035 0.4788568783990108 -0.20073264822158132
0.3792626509364359 0.13823702702157514 0.49308046610371 | -0.004747943311445732 0.4150660519676275 -0.03959012514975221
0.3708789959366684 0.13385512344824543 0.5687230338160137 | -0.07910187188253108 0.565876028986496 0.04112216642597117
0.3757795899862875 0.12821557156090996 0.6441077052280134 | -0.057682905457983 0.5855572175624022 0.04150150545690374
0.3797917371899008 0.08018286902394435 0.73398209834322 | -0.028296672734379684 -0.12062110873352463 0.04845997204065811
0.40083997625692447 0.12474355426796392 0.200495253107779 | 0.13040963776931996 -0.05828064866493925 -0.14316628782221935
0.4078526700878997 0.16467931926154827 0.2812317640336784 | -0.18503757993270628 0.39954234593113647 -0.09171922217765217
0.40883250306281177 0.164303947965153 0.36001194546853293 | -0.2002560874771379 0.47830255826420953 -0.1340136630907196
0.4220407437567343 0.09757867496121365 0.4220326122630166 | -0.3520896632326302 -0.22897985278353475 -0.3524440997307277
0.43867796699907946 0.08013900727496684 0.5134564791490734 | -0.08598014064919876 0.2411924416512469 0.2035555809767091
0.4392334892465449 0.14299500007259175 0.5761365956242909 | -0.029310707040991646 0.5091431755207425 0.030373359338517154
0.4452164644751249 0.1292515241189308 0.6540158415157703 | 0.026722076080024686 0.39950240270904225 0.14733691201234755
0.4444081025386034 0.06979695883784966 0.7369360564008343 | -0.008300380914994762 -0.20655448883941702 0.059818314680785495
0.48446516500864173 0.0863730126927466 0.21449070303074955 | -0.03563222354135568 -0.0018942397860338411 -0.0644706497989826
0.49616131219801324 0.10679709681870905 0.3042949672452873 | -0.014104950584162383 0.31427540914747853 -0.05025905416888164
0.4930895072162977 0.13835677607126706 0.37930832658834396 | -0.039185799840337446 0.41437745999025605 -0.004102225799084309
0.5134597114469956 0.07995420035816493 0.4386661853681823 | 0.20344827758215003 0.2342330369270481 -0.08551862106262567
0.5196441960266415 0.07662045728655352 0.5196692115913532 | 0.25530891294199454 0.41374607597427715 0.2561111092663432
0.5083826736724647 0.14396559004002032 0.5764369876851614 | 0.011878469885906018 0.5017842893787793 0.053889698341715156
0.505399130209245 0.12779193169874065 0.6532722074158802 | -0.009170835122149897 0.4021898442348294 0.1527694169876622
0.5056296895063267 0.07133054727650955 0.7361738814895126 | 0.00829696004063081 -0.21161273819001553 0.05833439596263583
0.5613342003637363 0.08673032850143297 0.21908810564438586 | 0.005001780438896856 -0.08127586014736828 -0.09228593228214116
0.5669163471368199 0.13620498920038349 0.299837076640093 | -0.004261808321128964 0.5600899375637689 -0.10300136365291603
0.5687258519758275 0.13380904875536392 0.37088111734951745 | 0.041204632786036 0.5658280750907853 -0.07920074322099181
0.5761201431210072 0.1429937751629257 0.4392340696618709 | 0.03012239846633766 0.5093366242390847 -0.029322525752187734
0.5764357664485029 0.14396549701256486 0.50838219057339 | 0.053895814256881815 0.5017837856972981 0.01184285274300823
0.5768953617033826 0.12866963714001303 0.5768946693821002 | 0.0683395882504861 0.4662714586639443 0.06832801548728895
0.5739085086744795 0.12414345622931516 0.6472869780159741 | 0.044809485434892035 0.4827679006797567 0.05105203612740378
0.5706682588766935 0.0751654624042558 0.7346238140889801 | 0.028327350486218126 -0.1407941315826188 0.03815703090486078
0.6382574789329427 0.11128123896376246 0.21608975762387217 | 0.029921038446985605 -0.002963080663849812 -0.1377646141797545
0.6392793999797429 0.13200719221397614 0.3053831857580666 | 0.06805977675748415 0.5473648437405603 -0.07916185671240092
0.6441132017233424 0.12821764410882483 0.37578044010962885 | 0.04152161084667466 0.5855100965420366 -0.05766848528384046
0.6540132658768278 0.12925427985622806 0.4452164430643856 | 0.14735967371100628 0.39947304475837847 0.026719431645568545
0.6532720235608187 0.12779063525149054 0.5053992281216126 | 0.15276892220576585 0.4021501324534654 -0.009166663315234254
0.6472872038589644 0.12414404023837118 0.5739084190149942 | 0.05105334192421969 0.482778132451722 0.04480631661489051
0.6420582329200338 0.12180172158625961 0.6420582986064852 | 0.07742618628166698 0.4831800076598481 0.0774268005018992
0.6404169032814733 0.11239171089116866 0.7305717782175798 | 0.026571131844376202 0.07323729366241223 0.16775695159690432
0.7294219259674642 0.10887395121951947 0.2187021621791351 | 0.14803939926667775 0.13110296171373453 -0.15935781606210803
0.7289270911310798 0.11382859389619253 0.30976627259904055 | 0.15950357300379167 0.12056901941924011 -0.027819976757944908
0.733982474758474 0.08018299704086196 0.37979188763747945 | 0.0484668935408412 -0.12062831900246473 -0.028292453426053053
0.736935667006162 0.06979724838578087 0.44440817148809153 | 0.059818480218300434 -0.20655217481115362 -0.008299525246800584
0.7361741220782847 0.07133053249756131 0.5056297145443385 | 0.058336316267470094 -0.21161169102435604 0.008296469831233392
0.7346239846651302 0.07516528850366583 0.5706682985286424 | 0.0381574942371381 -0.14079415538659745 0.02832742616107189
0.7305717253924242 0.11239179239246529 0.640416872534292 | 0.16775731127618615 0.07323843824971257 0.02657100558830167
0.7319256380814889 0.1080376521473474 0.7319256335033724 | 0.16432503789509323 0.1228224305575703 0.16432511331004365
0.2140629248530909 0.4000048197214068 0.21406293638446477 | -0.01219650157625996 0.004663905257201585 -0.012196500556925633
0.23239943637125463 0.4000453548579008 0.3431763751073461 | 1.2054384088126954E-4 0.006051914481978833 -0.0011201533913167332
0.2520204523284723 0.28444717539614195 0.400018593281752 | -0.016566763607433987 -0.6309870484180168 0.0017585104682773687
0.20242552406718917 0.1230644158840198 0.40112545328641386 | -0.15592464172224912 -0.18881037493192346 0.13081620145903733
0.20025517656522193 0.10079135298439357 0.48901955802851566 | -0.18321099602560711 -0.35809381026566656 0.05963719291123078
0.21468500686828326 0.0699965275467577 0.5623452345731368 | -0.06469300174358004 -0.2486281515278179 0.006178780041628614
0.2132114038660299 0.10249958096169183 0.6386638180683718 | -0.16851078583740967 -0.22717643594258596 0.02917616083249557
0.2167716032015757 0.10454526511927124 0.7315119384302551 | -0.188560642178636 -0.0578216592144775 0.17713526754118625
0.3431758764398398 0.40004525558745363 0.23239911409808564 | -0.0011201192575146855 0.006051928213090325 1.2053572685321852E-4
0.34527285044990913 0.40737666245665244 0.3452719501351967 | 0.011213907072250798 0.29496263173608345 0.011150811932827694
0.341404908136219 0.2451674473261263 0.40563431162082614 | 0.012403939399753344 -1.4113880027772512 0.0075001697957176585
0.28890187031742215 0.14626294839211537 0.40000028987757036 | -0.005068226675542037 0.003614210193116199 0.003094818188816619
0.30259501409004397 0.10950178970653743 0.4944207847252074 | -0.05094671630359999 0.11702865778314604 -0.01710738922079858
0.29392497499177317 0.16606576425880754 0.5619748303756538 | -0.10819151640244226 0.2415226110227268 -0.02465088362232891
0.2979535846794869 0.1587775874166049 0.6462185180536497 | -0.099306425417779 0.27362101136213823 0.08818691834372408
0.30903491808484657 0.10379249619516184 0.7319927213156606 | -0.03446526104472327 -0.07872280429785085 0.1749642217876914
0.4000291406807292 0.284520320340719 0.25212068346520705 | 0.0019767208883562913 -0.6301226479079811 -0.015950735169820478
0.4056317287237469 0.24443309368151858 0.3413282701132046 | 0.007515649621763003 -1.4132391267367619 0.011389349436362465
0.41645194561664356 0.33886518817602085 0.4164266892618673 | 0.05519831208414531 -1.501782845923482 0.05514809525559938
0.3590276697154357 0.16037103676212683 0.40547261659482714 | -0.127372395605732 0.34093832908397764 -0.21261534392732945
0.38228396547986915 0.14986892667356896 0.4916841905098301 | 0.02610658198907121 0.1340995857061786 -0.04089583231590543
0.3703078390537916 0.1157348807827503 0.5693045641435495 | -0.10396844454930804 0.4025641304591604 0.07709708748047164
0.3804018741874695 0.16215837161187854 0.6542839598566691 | 0.058335198392188425 0.215249919971106 0.1310588602635554
0.37762514227998145 0.06653833075284189 0.7392852355320524 | -0.04076548209089697 -0.23837098402772422 -0.008047098599067234
0.401125523857571 0.12305675213397832 0.2024347742648833 | 0.1307114031639973 -0.1885681935962529 -0.15615239935044845
0.40000178462917496 0.1454742014463255 0.2895849107509406 | 0.003205015059795186 0.003519195898133015 -0.005116138907830595
0.40557513927106476 0.1602666408740876 0.35906993400516196 | -0.21262419848280287 0.3410908353987091 -0.1273008342292036
0.41817361809326825 0.07887532492070944 0.4181693331772069 | -0.4072472793636162 -0.3490030100695197 -0.40739573921658795
0.4390229372375636 0.07555518662637835 0.5135034700185398 | -0.0779237704977546 -0.06492389626627887 0.21562172863304824
0.4388621221183299 0.12565227920315145 0.5787099492823171 | -0.03757418583743783 0.38395110812112815 0.054977201843973096
0.44583206799744945 0.14063603962640933 0.6586785122486764 | 0.029704052709869 0.15748758750083577 0.17032360916938696
0.4438791677996966 0.055718424050453706 0.7430375091372414 | -0.009460530674688574 -0.3024623814399209 0.0338002084593734
0.4890177793132838 0.10080152746559864 0.20026572510506202 | 0.059436895569996484 -0.3582088860616683 -0.182941464253838
0.4944024916754437 0.10954614527439442 0.3025993920951281 | -0.01711604034135663 0.11779786941073231 -0.051034224926443994
0.4917065684995031 0.14989637280878343 0.3823204355784358 | -0.04029253004146977 0.13322733334231882 0.02637150087475175
0.5134565767805168 0.0755407040151289 0.439041184908095 | 0.2144658487378923 -0.07098458177336536 -0.07699314183936977
0.5198276710548602 0.07425580282690189 0.519854557621537 | 0.26610357823641095 0.16064342938483972 0.26697557586477877
0.5083718054587658 0.1295339656326644 0.5782153986420594 | 0.012634454642378378 0.3717429672357958 0.07507319524289789
0.5048481493028618 0.1414421047450576 0.6584842892658227 | -0.014573221396534178 0.16384318329697498 0.17708975123974566
0.5061235774812397 0.05705287254319621 0.7424381401807607 | 0.011281708651569345 -0.3029028807023461 0.030815698306905653
0.5623441991669917 0.06999902698657119 0.21467801366442738 | 0.006169439608300521 -0.24868184869856064 -0.06474293029669843
0.5619820449958701 0.16604872441893753 0.29392807291512496 | -0.024545034415127814 0.24146808475002443 -0.10818293515663059
0.5692999322375619 0.1156942221970047 0.37031382202887364 | 0.07690868158357475 0.4025485981422413 -0.10385203774697402
0.5786973530057775 0.12565681322693412 0.43886487706886523 | 0.054669077965707205 0.3844139998699614 -0.03754984918998167
0.5782127675686485 0.12953518633565156 0.5083706476740996 | 0.07506482403331122 0.37175038688234713 0.012579675067940568
0.5764090718928385 0.11081980801949297 0.5764081304324729 | 0.06456892644972545 0.3005196836022052 0.06455976516398493
0.5702654258896445 0.15674912712669448 0.6574704613255654 | -0.039867744760992356 0.14419658278395012 0.12992013845628786
0.5721384936900088 0.06385827034810226 0.7402867123237246 | 0.03579106215264616 -0.23873071415258576 0.0013340193620058156
0.6386636796184878 0.1025003308064697 0.2132138993666908 | 0.029177114743325933 -0.22717274711868343 -0.16850626390655757
0.646220442492716 0.1587806664692629 0.2979541054382525 | 0.08816300294611011 0.2736230359412698 -0.09929400112302733
0.6542840999910418 0.16215592120614372 0.3804016681846473 | 0.13097980117576682 0.21523196198041303 0.05833415082782975
0.6586749685542179 0.14063698823930243 0.4458321145394229 | 0.17034336803309588 0.1574669960525558 0.029706390692960053
0.6584844449507428 0.1414418312287268 0.5048482705034529 | 0.1770919475916016 0.1638286054133888 -0.014570289113855687
0.6574707084117274 0.1567493789881612 0.5702654269915204 | 0.1299221091733259 0.14420203411648097 -0.03986987175314
0.6502158086076035 0.16280044045233272 0.6502158754803746 | 0.09060622992766947 0.2392362986468139 0.0906068843318839
0.6410816011461923 0.10353470128176831 0.733649083127148 | 0.03025424259193598 -0.15100361477884516 0.192648877473769
0.7315120288239135 0.10454521411009922 0.21677148837835808 | 0.1771366561128129 -0.05782113492902004 -0.18856112909710232
0.7319937416630051 0.10379192842109843 0.3090348133797559 | 0.1749620629162485 -0.0787395871908361 -0.03446511629441252
0.7392851523481843 0.06653817154648597 0.3776253431478896 | -0.008043975278379654 -0.23837785435612122 -0.04076271683064551
0.7430373004383886 0.055718501070687425 0.44387923043132305 | 0.03380044937487957 -0.3024594764141401 -0.0094596330039039
0.7424383921808868 0.057052845778972884 0.5061235578140831 | 0.03081828786377756 -0.3029028169252794 0.011281063871191755
0.740286901482373 0.06385813320402949 0.5721385354621481 | 0.0013350657608269777 -0.23873141324223485 0.03579081843264458
0.7336490257551929 0.10353477467427821 0.6410815765186818 | 0.19264923991654134 -0.15100251200688283 0.0302541662809922
0.7339222092490629 0.10400418098983251 0.7339222045722911 | 0.19067805845832114 -0.07124926082247912 0.1906781064313207
0.2253270903895926 0.4000511042566567 0.22532709834488931 | -0.005038317142455285 0.003344302762670113 -0.005038318463483854
0.23617535161799136 0.40000151306119375 0.3417757589287807 | -6.8261242326988915E-6 0.006101648544428667 -8.897714764470043E-4
0.2519262096808513 0.2868908914850316 0.4000130229271819 | -0.009729975727862973 -0.4533412181741849 0.005459656620508085
0.20410631151645797 0.11554693343955126 0.40257075252251645 | -0.19831241572734287 -0.40541137603863553 0.11543077411947641
0.2031524088557609 0.09579506196053417 0.4877245920199366 | -0.15279639416198076 -0.41365597864371384 0.01737730938348268
0.2093530619607907 0.06764286915288119 0.5626264177171166 | -0.07674100968947813 -0.3251634403460366 0.007550283456728223
0.20943632693908157 0.09868242748933127 0.638959547387208 | -0.22491500421038788 -0.4147010959532143 0.03561259445013006
0.21530939248302974 0.10322808760319108 0.7331974114133657 | -0.21055509261347255 -0.2252103914420741 0.20229981349403847
0.3417752611880985 0.40000161049353294 0.23617502387087874 | -8.897149867671783E-4 0.006101665911865808 -6.827215517572403E-6
0.3441367521924359 0.40240725329181604 0.3441292332164376 | 0.011553844126275506 -0.09198227772301645 0.011499979305071309
0.3416493929140498 0.24477775537363117 0.405780041523543 | 0.015458379503341713 -1.417330686610629 0.00790680023215811
0.3105366325969297 0.11157906025277277 0.40005611260319107 | -0.003225038194017918 -0.0138826432687345 0.00962206152222842
0.30158520224254787 0.11129355760857294 0.4928738128087811 | -0.04650888788926929 -0.04884293351052174 -0.02017045319650542
0.29271050196097403 0.1610162403775447 0.5618192712695356 | -0.1453906619825957 0.05383722992099555 -0.029820998338597197
0.2966509011589386 0.16282597209131836 0.6480901750930618 | -0.11428906246330951 0.07783608256429325 0.10241242123606904
0.30851051627558806 0.10428840657153965 0.736432115136262 | -0.05753750637061693 -0.13854728891546836 0.2216752333691519
0.40000852343151766 0.28564210833302633 0.2520288948110096 | 0.0012673916705175736 -0.9061203071626615 -0.008910625485116647
0.40580428525176726 0.2425455119401065 0.3413917216365822 | 0.00967715032777785 -1.4333212134601172 0.011601583709023672
0.4392581603160807 0.10844477124386773 0.43941480418634576 | 0.2683183163511295 -2.3682928890081825 0.27088082111954864
0.3580222368015076 0.1650483752418586 0.40282014437908403 | -0.14588912758992453 0.1173163234138688 -0.22981032776760998
0.38187261865572464 0.14258523304949183 0.4916018178117496 | 0.022559498250372338 -0.027246053972775477 -0.041871486791589356
0.37293355109747617 0.14546203000409566 0.5679098185777232 | -0.038577034489399545 0.10201257317450073 -0.003318510683014114
0.3799800960028223 0.15667764216103436 0.6554941127905615 | 0.0393402911085338 0.020755879932236376 0.16114901949503618
0.3778348410239071 0.06811651644119825 0.7489702627802084 | -0.03806199056000792 -0.33066839916191393 0.06771352742463031
0.4025512440024758 0.11558388851185329 0.2041014431372352 | 0.11412966975654168 -0.4029122947600134 -0.19936365798875716
0.4000636846287721 0.11157104947776604 0.3105249242003917 | 0.009664088217205886 -0.013857794846134003 -0.0032686213664039144
0.4029912482876736 0.16496767041615162 0.35809561987787125 | -0.22928989444904863 0.11689443412752862 -0.14593427539674686
0.4187115340672935 0.054147821964170936 0.4187228694236355 | -0.3090860867199855 -0.5265985428633957 -0.3088760031351257
0.4439792092652915 0.098552567545305 0.5064463600559451 | -0.028263719556920846 -0.5447050661946512 0.12142475533733621
0.43973981622960284 0.1391941978674196 0.5747491707608173 | -0.024033834598749356 0.10819420218572559 0.02363785685576639
0.4456790474030827 0.13838020976507512 0.6603555091476523 | 0.025280437228691457 0.013309428230501567 0.2028043749226631
0.4438328941756293 0.05778483796335056 0.7479438373477671 | -0.01409636730902809 -0.37500701567842365 0.055307800405855666
0.48772743626581155 0.0958121581239062 0.20314866814728694 | 0.01736836458569031 -0.413558530251094 -0.1529898823526167
0.49285665013523156 0.1113719552504759 0.3015771350720336 | -0.01995245098629656 -0.048169872292407406 -0.047140415274404955
0.4916229508935016 0.14262198017593375 0.38191432744790776 | -0.04134899491450013 -0.02791624183900933 0.023053609133490804
0.5064398659130631 0.09849690309696954 0.4439712938216712 | 0.12108608164741613 -0.5453617346710173 -0.028186553138986697
0.5057142268467724 0.12009570281973236 0.5057089624984372 | 0.06976227869660964 -0.40214922902788586 0.06997714380359074
0.5078054398171109 0.13865714423643977 0.5751903776013376 | 0.0036779411236188956 0.11773560029604672 0.045222452865342676
0.5049275372155383 0.139978344711674 0.6602931607551508 | -0.011779113430612862 0.023947655524910974 0.209900152110772
0.5061767771811304 0.059038139636967316 0.7477296819334273 | 0.014994440296186372 -0.37920602560540884 0.056912669930140866
0.562625558507466 0.06764334001441714 0.2093440055784982 | 0.007547119310058597 -0.3252670760380583 -0.07679479455707362
0.5618258626308983 0.16099639661077647 0.29271275344528447 | -0.029742990312530544 0.053768152211903134 -0.14540423259900262
0.5679225705743249 0.14542295877302877 0.3729334336402063 | -0.0032107698802485898 0.10190473839979979 -0.03864193467346085
0.5747274783696051 0.13920275150048902 0.43974119009323576 | 0.02328826318639992 0.10850062002649934 -0.024017923609082392
0.5751902920500607 0.13865125475783438 0.5078048043580486 | 0.045231250714448945 0.11774466050508497 0.00362603481261426
0.5770259198153964 0.1406434597520851 0.5770255120454751 | 0.04775320699692288 0.01677056533060002 0.04775228848167656
0.5707500193444811 0.15236424095464768 0.6590025674132357 | -0.01967877809714258 -0.011947771035569031 0.16568772318221528
0.5721025461353906 0.06499824113117436 0.7500097033473115 | 0.03814688160267751 -0.3322514209279258 0.06825303181981494
0.6389594516460829 0.0986832729504911 0.20943897421715116 | 0.03561126049517896 -0.414690398818693 -0.2248975684817491
0.6480917391251892 0.16282942359656113 0.29665150613179947 | 0.10239551234990123 0.07783717192552855 -0.11427753011515226
0.6554941104471323 0.15667555226853586 0.3799795215689197 | 0.16106738119918265 0.02074017145328766 0.03932073472204009
0.6603518201178128 0.1383807948700237 0.4456792127587308 | 0.2028269494343196 0.013272978558417182 0.025289291322863217
0.6602933148793112 0.1399780899116618 0.5049276145033004 | 0.2099034865349384 0.02393606385262428 -0.011777630725630536
0.6590027947107019 0.152364250133221 0.5707500126021688 | 0.16569039573420302 -0.011945542199862848 -0.01968133189383139
0.6517299199446632 0.16611920918808856 0.651729973635975 | 0.1112032854217416 0.05154913338026346 0.11120383582853605
0.6416244339809786 0.10207854572635583 0.7384099630227836 | 0.04760030168785913 -0.274636952576468 0.25286525569774454
0.7331975015697632 0.10322805218844251 0.2153092912045801 | 0.2023009907467615 -0.22520943791075776 -0.21055561057614103
0.7364331990302969 0.10428742052128936 0.3085104292443868 | 0.22167520061902218 -0.1385740426186877 -0.05753613313742295
0.7489698628032917 0.06811637788031606 0.3778350729145208 | 0.06771145596814836 -0.33067216824602 -0.038061210235701665
0.7479435466129847 0.05778511292793434 0.44383296079733564 | 0.05530913990634503 -0.3749999707656885 -0.014095615252488073
0.7477298900103264 0.05903807645798809 0.5061767507637284 | 0.0569145868193799 -0.37920541142784353 0.014993884490243093
0.7500099049622112 0.06499808400121342 0.5721025982078245 | 0.0682540222331436 -0.33225236309262135 0.03814660327629777
0.738409899706642 0.10207863365110298 0.6416244121963496 | 0.2528656213754513 -0.2746345252086473 0.04760029075778674
0.7357044802357589 0.10103103798231425 0.7357044757206894 | 0.22085072806184325 -0.3052109724537241 0.22085075204995414
0.23942760229941776 0.40004600190329853 0.23942760998924364 | 0.003721559332494255 0.00513605069858233 0.0037215526557472286
0.2422307416645387 0.4000016262909018 0.34188467932271305 | -3.435299586847177E-4 0.006132061533897507 -0.0011561360815524817
0.24911990720831226 0.24517842482499586 0.40630319126499576 | -0.012131857927492044 -1.4145958318579475 0.015340244264787395
0.2043147473910894 0.10926833043610627 0.4018145009605676 | -0.20512031042621026 -0.4655390261023174 0.09212997914608481
0.2108096397252943 0.08529224533878793 0.4858036522802847 | -0.09232467056597868 -0.3873089638993198 -0.01817591419918353
0.20715610291048533 0.09987467667794149 0.560017740468102 | -0.2517428507644218 -0.5635431042007859 -0.004550056549658947
0.20929214685540518 0.09644969903490583 0.6395201542537637 | -0.21954369098357282 -0.46720099162034595 0.06128920259972756
0.21599299107330347 0.10002901631126813 0.7323954679682595 | -0.20902127471360743 -0.30931386941136907 0.200524210076296
0.3418846628590171 0.40000157416690624 0.24223061678701943 | -0.00115620794044762 0.006132061167998336 -3.43529296229322E-4
0.34226090561751193 0.40001366360989776 0.34221260618966215 | 4.4625530726564294E-4 0.006118173515769964 4.5895287148601995E-4
0.3419225370066367 0.24317330983688532 0.40685814753661526 | 0.009921532675412873 -1.4879975452669687 0.01296478500330484
0.3098954505995708 0.10477634999488762 0.40000628751034406 | -0.001334997613219275 -0.014664163662435108 0.009797536066868166
0.30067517993337817 0.15413834039994861 0.4867122092137987 | -0.055129016844231875 -0.38504022958189466 0.016711272146002577
0.2917191867597732 0.15252731705029118 0.5625002886245042 | -0.18191583468253517 -0.08839608084299741 -0.021487645690269987
0.29578109662699664 0.15860259976470364 0.6488167741955986 | -0.13975365291026706 -0.07903218748908365 0.12180409667493626
0.30820538559979055 0.10444866653453086 0.7369531247630781 | -0.07727668012066162 -0.2382921436970766 0.23772392169153217
0.4062602129058481 0.2452046252834874 0.2491523338821119 | 0.015082907300843095 -1.4156888034590127 -0.011816093720342247
0.4068585826129264 0.24251465460409402 0.3418571485465785 | 0.012824570679346581 -1.4905933365661785 0.009131593942844376
0.4399286982456126 0.08016713328301184 0.4400846306557109 | 0.23276047977991365 -2.473296722628713 0.2348359483842169
0.36038563606333984 0.1530418555420679 0.40841004739614284 | -0.06716733709421212 -0.20130428743417506 -0.007240966552983383
0.3817448122990003 0.1370383326597788 0.4914940483688479 | 0.008128526672697868 -0.25315650890645147 -0.03170140222042769
0.37627919498372653 0.1691409778634498 0.5678885016559347 | -0.0435537202869452 -0.22749313355162168 0.016643536579613122
0.37913869799840605 0.14662824387888104 0.6560505071844588 | 0.010281069618638823 -0.10558854192751436 0.1752102068788882
0.3876226364737375 0.10618627625107314 0.752060113077114 | 0.03650408047176665 -0.7252080941836662 0.2931584166951139
0.4018019939762347 0.1093609027656824 0.20434443941040742 | 0.09127807469477739 -0.4603605696668665 -0.2038937078557155
0.4000029261442439 0.10475334251424491 0.30988873083951324 | 0.009826753220541235 -0.014661848147479938 -0.0013454462795784237
0.40847319471877475 0.1530877566591161 0.36041589257484935 | -0.007031327354674394 -0.20195761455367683 -0.06709485928824428
0.4217275581855609 0.03169846499910202 0.42174902412123527 | -0.19939112219959337 -0.7313844856555186 -0.19908185756379493
0.44465415015874454 0.0967059413984577 0.5050223300546346 | -0.029980316486306155 -0.8276042249788724 0.11920248542854298
0.4416995682432388 0.15273053765181113 0.5685429906896257 | -0.01801308951979201 -0.16748833784225528 -0.0020604968891356074
0.4448321779930733 0.1530085265988304 0.6591179875863298 | 0.012002545562932971 -0.27176542739706316 0.18763871893485387
0.4462442825968273 0.10327764505188866 0.7542686068036502 | -0.0039989320250377524 -0.7591175421509869 0.3510285131574781
0.485804293844875 0.08530471801120382 0.21080985457395449 | -0.01826450783528425 -0.3874694726860971 -0.09212962510237477
0.4867201446601411 0.15412913517394303 0.3006469647598815 | 0.016688850006759803 -0.3848795152875468 -0.055147028372884606
0.49151131973061496 0.1370862508208179 0.3817913765679234 | -0.03128217673027127 -0.2538108132221376 0.00869150181975539
0.505023449513148 0.09661592709546057 0.44463990040619644 | 0.11889247946577824 -0.8276825683440503 -0.029900251879016394
0.5012450957740128 0.12508033698627666 0.50123438043733 | 0.020018598231136074 -0.6554891134421205 0.020210987200934515
0.5064791107362009 0.15159707625236463 0.5695860532210886 | 0.0035962877646015514 -0.15950261982412442 -0.0038788666697868045
0.5060856268673615 0.15468253295522436 0.6588879958418922 | -0.002056880927645085 -0.2691813338980923 0.18907599738849457
0.5041271179467857 0.10388375678856182 0.7535817757197103 | 0.007503491781755183 -0.757173036372262 0.355710249576202
0.5600191782933613 0.09986432410884415 0.20714903396042164 | -0.004537292184211621 -0.5636092621909434 -0.2517525657414912
0.5625071265293788 0.15250840068815688 0.2917242467332379 | -0.02137236477914006 -0.0883961303477459 -0.18182508276961357
0.5679187045490819 0.16913868820066374 0.37627629585589184 | 0.01678982592806569 -0.22776078489855867 -0.04360292436197997
0.5685171586753657 0.15273503475258446 0.44169901197278877 | -0.0023987212067657342 -0.1674716568517341 -0.018036083242355377
0.5695853803483084 0.15159586025940303 0.5064783184048496 | -0.003875808909743996 -0.1595118105430473 0.003552562135215391
0.5768875109566405 0.16752502326113783 0.5768873893537199 | 0.059856337650060674 -0.2996870435198722 0.059856187976638636
0.5715876088401346 0.1421546848514921 0.6598445872886366 | 0.0046234252914282474 -0.11176380653913504 0.18732825337019088
0.5625488592002099 0.10795533361998944 0.7549480011325114 | -0.0449877799523635 -0.7471715906843313 0.3538786014555841
0.6395200337579469 0.09645130968690402 0.20929517935848968 | 0.061288209854879934 -0.467139888647384 -0.21951682258583463
0.6488172638174976 0.15860884484365034 0.2957831285432666 | 0.12174534105852033 -0.07895127068917882 -0.1396875675736881
0.6560505846450636 0.14662673333952053 0.37913814500017423 | 0.17514015482300502 -0.10560695812984419 0.010262421244439606
0.6591142244287286 0.15300889149396651 0.44483241502586973 | 0.18763708619167055 -0.271774275199197 0.012007161773464108
0.6588888298167853 0.1546816022685145 0.5060858856687159 | 0.18908266086356684 -0.2691800037067596 -0.0020548870257909788
0.659844818529944 0.14215448768772002 0.5715876189943353 | 0.1873314791883401 -0.11176138877111765 0.004621016909574878
0.6525346508986679 0.16156653931765416 0.6525346999185867 | 0.13237248922474099 -0.10465976215199857 0.13237294707270825
0.6423014352345258 0.10116368485655228 0.7396300716449571 | 0.07750921423038452 -0.32768031674194076 0.26559227900747795
0.7323955579613172 0.1000289614752938 0.21599288037594838 | 0.2005254496268596 -0.3093143278280929 -0.20902198545493078
0.736954351416212 0.10444819259240289 0.30820528397700525 | 0.237729496470621 -0.2383039999707106 -0.07727670596077833
0.7520598873206005 0.10618653712997761 0.3876227636887389 | 0.293161755966356 -0.7252045403241416 0.036505479218398605
0.7542676089518466 0.10327814107122997 0.44624439686640877 | 0.35103237675153703 -0.7591103722160234 -0.003997876184587759
0.7535819776786886 0.10388365542282715 0.5041271838641177 | 0.3557097886672638 -0.7571721464001485 0.007504217339218728
0.7549481194122586 0.10795529754314079 0.5625488660774791 | 0.3538782438996652 -0.7471733050661655 -0.04498738438281211
0.7396299881098862 0.10116376254434511 0.6423014130415161 | 0.26559227008148467 -0.32767798608208576 0.07750913673703295
0.7356200747448883 0.09632024936405872 0.7356200700713612 | 0.22640986756743772 -0.5046268065772924 0.22640989026716057
0.2519492917884769 0.400080098451257 0.2519492987074344 | 0.005167756315787713 0.004450539856248655 0.005167796256112601
0.24986170795349252 0.40013703767140124 0.339253393779133 | -1.2049631417776695E-4 0.006176376230873146 -0.0011421039635698578
0.22488197102307425 0.02285788953192663 0.4027509268130454 | -0.042266520318311664 0.8810553841107478 0.05795097529521552
0.2128153150513247 0.10726544995338225 0.4000043334735028 | -0.009568317017353596 0.0012275531829406515 0.004698695285114178
0.22212660666388997 0.06923681466175215 0.48516085548334714 | -0.054383481511158495 -0.6270651725812868 0.0017242618861127647
0.21834858811593374 0.08880478655614998 0.5599898292642255 | -0.13659074454074616 -0.6902186883216571 -0.0014922207974786706
0.213268748309322 0.09233236369096634 0.6396978926139278 | -0.17518024119449305 -0.49500713010663955 0.07950332449080796
0.21800351252154235 0.08683541396496157 0.7303148694794758 | -0.1823816307900966 -0.4591006614185599 0.17324963836356574
0.3392533852063246 0.40013701956338354 0.24986161720609432 | -0.0011423317435266926 0.006176304438695401 -1.2295438699605227E-4
0.3368545101781841 0.40017089887127444 0.33685415596241464 | 0.0017631775731187355 0.006166636873726611 0.0017587276944671744
0.33992317866483823 0.016189751606499984 0.4409843279929627 | -0.001252962427531108 -2.1377594103395725 -0.010608223827183526
0.32427354019040866 0.09301021228907448 0.40005653988634843 | -9.23966893073898E-4 -0.01426027541971476 0.007939530466778635
0.3000928528466473 0.13701833332525903 0.487707245904696 | -0.0646027258631234 -0.5670953526703024 0.02006173897947745
0.29249377419762884 0.1444819796198857 0.5629714157303055 | -0.1805583431193774 -0.28732508955513925 -0.003987272525896422
0.2952341999803016 0.15224713939316176 0.6491515055842099 | -0.1698348044237975 -0.27633171840065296 0.14631775852486303
0.3089807472402896 0.10508802211575048 0.7327409275652671 | -0.08413543665079772 -0.49457805607749533 0.22684924029873704
0.40275026394465147 0.022869101016071536 0.2248809546574215 | 0.05799788077964151 0.8812053094639756 -0.04236706803341444
0.4408580882133694 0.016174625485003296 0.34008011740396804 | -0.010814752883767266 -2.137514920425619 -0.001481580261622529
0.4681635756040184 0.011738961305323134 0.4679581417895473 | 0.152195429742663 1.284064475567028 0.15201652811059294
0.3564641924280997 0.10457018684335363 0.4088149078132041 | -0.0848577078976993 -0.3321486223705123 2.0651400704817257E-4
0.38000752530517595 0.12379408204525029 0.49189612063138005 | -0.039645834417920925 -0.5031628152711145 -0.010449189790622367
0.376097592512691 0.151414033464437 0.5671285003428991 | -0.043773159429041066 -0.46742979692535314 6.17444466130402E-4
0.37805524681883457 0.13427992379375145 0.6546525876339063 | -0.03565097680590964 -0.28720602243533483 0.13341512894593682
0.38612936011296606 0.09282083952703929 0.7387244293788773 | -0.006640887567702827 -0.7898453509027575 0.15651747249790401
0.4001323834310001 0.10784995970004824 0.21352955479873392 | 0.004689071267808145 0.0011040111508513358 -0.009673492847781002
0.40004753341444055 0.09299279113990357 0.32427302826437177 | 0.007934514353300373 -0.014283161088174385 -9.070828095359647E-4
0.40885937841880005 0.10466817998974819 0.3564911964548682 | -2.1178560265828637E-7 -0.3320393041910538 -0.08505867727538936
0.4274368392779093 0.015912141957506197 0.4274634687211731 | -0.09410311792716884 -1.1566779929258986 -0.09390674710438232
0.4418888134122764 0.0768241173853958 0.508277108706261 | -0.04908260894705939 -1.0132384662244902 0.17172656826118834
0.44142714932299415 0.1395964948480331 0.570373836384722 | -0.017029790555960666 -0.397046311441339 0.020200232069935608
0.444513946987552 0.138400205773178 0.6615643321401191 | 0.004827189061940577 -0.4212405710581144 0.23664464731772167
0.44631058357047104 0.09521936517879613 0.7434074974827138 | -0.0075629522298882035 -0.9072171652848962 0.25250106544387607
0.48516144271157835 0.06925350259137542 0.222124422094002 | 0.0016791902803897731 -0.6269739554368766 -0.054279649900155075
0.48770975298115604 0.1370460818068498 0.30007427105374174 | 0.02004371749370292 -0.5667865097857742 -0.06468276927125509
0.4918995602432346 0.12390378213333987 0.3800634570925531 | -0.010438413015297004 -0.5037021065199174 -0.03889315678092474
0.5082773790166732 0.07672381707223293 0.44187481713153476 | 0.17115255132066826 -1.01357796070262 -0.048860470211793974
0.5050541073824663 0.11279117650911029 0.5050546204404284 | 0.127979944206382 -0.7761981600150802 0.12864757460292323
0.5064279771602495 0.13783478834925608 0.5712820467158507 | -0.0015171721656394308 -0.3902948548232802 0.027930677489214874
0.5063130172560983 0.13963392203261868 0.6613750377799986 | 0.0069716382887073615 -0.41436681072015463 0.23784577059320217
0.5041441275832531 0.09487771535603685 0.7428122017782188 | 0.011688059242370222 -0.9170434130919295 0.25139883551061276
0.5599916780392744 0.08879246204735858 0.21834102693018198 | -0.0014648881681910944 -0.6901459754902755 -0.13660690710307197
0.5629780403871426 0.14446387655091966 0.2924986061066215 | -0.0038878057354719475 -0.28734258113735367 -0.18046167937460988
0.5671561322532892 0.15139714772436852 0.3760948223009178 | 7.936020557835805E-4 -0.4678256248822852 -0.04385437796381784
0.5703419009666082 0.1396105556937898 0.4414295033124137 | 0.019732784015629536 -0.39674359118946056 -0.01700860378113891
0.5712784383971425 0.13783601517017907 0.5064259147571775 | 0.027888984939502714 -0.3902930898541584 -0.0015795708262856937
0.5769526665536903 0.1500790322747333 0.5769526683028554 | 0.048393844043094894 -0.5036034833977194 0.048393806568148
0.5729064473614369 0.12747372441125693 0.6582781312765269 | 0.04251289099699541 -0.26366476952758244 0.1464585430953455
0.5632923816357341 0.0965370792128068 0.7430536749607717 | -0.0034229945874280454 -0.8189075628410867 0.20676468147633054
0.6396976189009146 0.0923324183921137 0.21327131020564719 | 0.07949477156479705 -0.4949954325963144 -0.1751768696602814
0.649152877837598 0.15224959074302122 0.2952346445848694 | 0.1462979630394578 -0.27633242605231995 -0.16981997027913337
0.6546539274437723 0.13427935213939293 0.378055123104718 | 0.13341751188648815 -0.28724431518969973 -0.03564306311860357
0.6615602774987566 0.13840199071705223 0.4445143291109411 | 0.2366587248264782 -0.4212746460265117 0.004839450218762904
0.6613756505307715 0.13963357680493865 0.5063132160777484 | 0.2378501278572263 -0.4143632329709204 0.006972640180610347
0.6582782386092273 0.12747311981198978 0.5729065043933002 | 0.14645820780154717 -0.26366100818876914 0.04251198282572162
0.6536505715233516 0.1529297485174361 0.6536506177623113 | 0.16727959684239374 -0.29732050826638146 0.1672799413543401
0.6426276674792418 0.0972909720570346 0.7368182695865545 | 0.09801847940912403 -0.4749004148687355 0.23456625785392435
0.7303149303683585 0.08683536911144495 0.21800339476025224 | 0.17325045040013456 -0.45910141151476 -0.18238174585453965
0.7327421516875015 0.10508790491310767 0.30898064392766256 | 0.22685886014023154 -0.4945812514736356 -0.08413561382372065
0.7387249552254959 0.0928203751782758 0.3861294036622687 | 0.15651733970725829 -0.7898764387930323 -0.00663816780930233
0.7434061456317357 0.09521968201430142 0.4463106604136727 | 0.25249249775712335 -0.9071966199362045 -0.00756277801081128
0.7428122806779919 0.09487788574831883 0.5041441868883326 | 0.2513981544250355 -0.9170373470750157 0.011687844340535873
0.7430537475249798 0.09653707569841873 0.563292351208549 | 0.20676408898381443 -0.8189112356064365 -0.003423168772926624
0.7368181911732773 0.09729098001342615 0.6426276460404035 | 0.23456586809731764 -0.47489985183095723 0.09801830061328418
0.732899274495479 0.0838744460814995 0.7328992684441202 | 0.15071902602788378 -0.5788636846669291 0.15071905556065385
