512
0.28162786963938496 0.40010701094222023 0.28161814741222124 | 7.850966587712524E-4 -0.08518408246649434 7.858359092140727E-4
0.22843317177168002 0.013176415840123294 0.4196067815426424 | -0.05544710711554953 0.8619112077029096 -0.16399637800338532
0.2591136244002619 0.06501925368814286 0.4000001571703201 | -5.707556715248221E-4 0.005216065616686312 9.924083630965261E-4
0.10029958819824224 0.005653966415693724 0.4349056856798582 | -0.15892201169249864 0.5578551921771402 -0.11424707804927786
0.21422478879121556 7.640005716893009E-5 0.46994119306583054 | -0.0015177842048861268 0.00622935390949335 0.004762606879951627
0.29275532873996846 4.938892564570776E-6 0.6020573221287536 | -0.007172453732564652 0.001651995611396683 0.0015322976526655288
0.3693072466251989 1.7539472688450492E-4 0.6488690262306096 | -0.0026240065532053985 0.0036803911896107285 0.00472827516253272
0.28141584225987926 8.431015153115604E-4 0.72061432284097 | -0.03749888834718101 0.2121958468960338 -0.028531905093589157
0.4167406483374401 0.017843824685252512 0.22694276808203415 | -0.18100148894264925 0.8725628454686125 -0.06908003085248532
0.3439022857921188 0.4000093623358199 0.3438965147977949 | 0.004740836548425874 0.0032616024808919176 0.004744766902190617
0.38378099513532987 0.006708599148947135 0.40608358176126624 | 0.08363597672458377 -1.5970179458324367 -0.030882112419953624
0.20015288811239448 0.058959175455972034 0.48003707992417366 | -0.15364148609794614 -0.6162718200888923 -0.0224448962009852
0.2841136676351751 0.008296113442581573 0.4737313772011158 | -0.0360604881981145 0.5175280373470711 -0.011892099511452673
0.23284213379956598 0.056798153443768255 0.5454152707099194 | -0.10491243350309788 -0.7607847587668036 -0.06480810803661016
0.2782470655311526 0.0646129294238245 0.6560561137335141 | -0.03595071503592361 -0.44299742734686215 0.08190439984494738
0.27733191225788084 0.057604500535316135 0.7263855281369099 | -0.0161650907194472 -0.5302728595872165 -0.053352791938476
0.4000004492860806 0.0650601427776213 0.25912792652188527 | 0.002520416320033267 0.0038552227029356695 0.004791010950498195
0.40136783804260684 0.016789359883287402 0.35591083729408063 | 0.004157294631571942 -1.271730395649826 -0.024764365722682632
0.41242582313542053 0.1256774822642997 0.4124202507042391 | 0.040906326219685325 -0.5940741411079216 0.039209916930940066
0.37162612483732493 0.057166478727282255 0.5105352027578999 | -0.0103849727815933 -0.830425507895312 0.1722423943800005
0.37429549994614447 0.06009624542538849 0.4913627530706722 | 0.043115580847565546 -0.5395774030541307 0.015676118031354956
0.3469792420411287 0.004406988288556051 0.575987373665748 | 0.0135777805993702 -0.8939126132695256 0.06216786765363926
0.3623774808920158 0.030729086099337468 0.6663492450371571 | 0.022924029112121217 -0.8069308338967439 0.03466732740936643
0.3626768839515197 0.0599719401200366 0.6740860942456678 | 0.021607287579255566 -0.5520983751318045 -0.042510343501028565
0.4361365173077676 0.002333260300324958 0.09873248893721528 | -0.11644429378839886 0.6158222026834946 -0.16453547728921705
0.47863496932026767 0.05900971109310098 0.2000934360415525 | -0.022899259295929678 -0.5972200401188816 -0.15039323858561765
0.5077870816288843 0.055623272218654325 0.36922880401569186 | 0.1189805518097813 -0.8367668836138757 -0.019179238783578495
0.42518688991891 1.5880178985309235E-4 0.4250740420676215 | -8.800513944403958E-4 0.006308869042390712 -0.0011070707459049627
0.4633558779269704 0.013412947394971933 0.4615880535765705 | 0.07115355698471673 0.03600125717528968 -0.082873167328789
0.4225200405124133 0.05344387259274384 0.6172715474559047 | -0.0027031890618812943 -0.9416368224055206 0.09452173651924103
0.4380321473812633 6.708505062724771E-5 0.6387210625352706 | 0.0018556266812868494 0.006279402361271725 0.0015036280827860943
0.44665921080723237 0.05320065436416846 0.6612365602912277 | 0.0025811107005918738 -0.8978121154553574 -0.027954972380122695
0.47056625145456243 1.359981554853883E-4 0.21420925811224611 | 0.005089449223926338 0.007162106915584199 -0.0015379142112522334
0.47075957967586357 0.00820667227609152 0.2838761270778514 | -0.024479921426523166 0.5485723575705194 -0.03743515733589986
0.49421544257084854 0.055408350318066756 0.3728629118465889 | 0.015561580813220593 -0.5615213016202241 0.027455010406003927
0.46360043408939344 0.0121915269025739 0.46090166391612175 | -0.09961384368918857 0.1630740261025289 0.07564053734085605
0.5178688111067085 1.8125491047621238E-4 0.5165620484082759 | -0.00463815387646511 0.004532014307635494 -0.0036615332256642614
0.5130556268247642 0.03028426126905394 0.6007640173216597 | -0.047741326548487145 -1.0309148425712782 -0.08935727104899585
0.5178955785693785 1.3280465148739562E-5 0.6549730770294492 | 0.0015476391843488814 0.005058491409498209 1.6037134654270035E-4
0.5091935709211453 0.04767755639133815 0.6644956091532409 | -0.023931243628557492 -0.8262740533068351 -0.020395448356472702
0.6012060509722025 1.806927995196667E-5 0.2920098947115258 | 0.001214347196332443 0.0017963856242578394 -0.006774058010016141
0.5448467654969541 0.05698257287966898 0.23322365905982623 | -0.07030610483778862 -0.7519123502751115 -0.10873791935951507
0.5767222009344777 0.011615309699372007 0.34630393338576615 | 0.06348262810414917 -0.882514092275304 0.005150109716907871
0.6159977571738207 0.05358757810240848 0.42125842353932996 | 0.09010950976491704 -0.9407904235037284 -0.007280614542190347
0.6103914106355552 0.03272089303269811 0.5176319288011739 | -0.0596544562315842 -1.0241035435310677 -0.01988482702155831
0.5896681125663602 1.1985219935639465E-5 0.589756911165231 | 0.0037578177187195002 0.012583295131799174 0.0035056144023788978
0.5917361323658118 1.2246709718785847E-5 0.6853660859530406 | -4.8302964583197525E-4 0.00540963562134558 -0.0067689259012596445
0.5825400089845871 0.0334321899826055 0.6951252901945966 | 0.007655301412840014 -0.9311210640176764 0.0028936380963892993
0.6501151710121821 1.0317673530929979E-4 0.36965349370452477 | 0.004443141543327974 0.003980775214434863 -0.00285536066970152
0.6567390594686505 0.06494532472836646 0.27854124064531993 | 0.08471259213627962 -0.4361557498983435 -0.0365178291072417
0.6671475044780243 0.030878711223704624 0.36283640256155614 | 0.03362967955866911 -0.8025325261088391 0.021836473431114185
0.6389561757687403 2.422531000497775E-5 0.4385168201809247 | 0.0012986442751061094 0.006263067730146638 0.0016773160718763377
0.653891774365932 1.6490699824383637E-5 0.5173114526355811 | 3.5148326019666996E-4 0.004946272649080476 0.0017281790948236568
0.6854003681315708 6.176945982037468E-6 0.5911316878051883 | -0.006857487948470958 0.005316950200743502 -2.2166788736060312E-4
0.676584898602027 0.006654289520699054 0.6764533923861923 | 0.060602026645027736 0.3626441343621078 0.06047068519679694
0.675359571379118 0.003445648723526575 0.6752336328739547 | 0.06917094630663086 0.5021799094181972 0.06984214647491407
0.7208895979831056 3.749682355421054E-5 0.28158066864620374 | -0.00481680120968096 -0.43761878859823483 -0.02494062909328882
0.7266804170796186 0.05774295902342554 0.2773147506680355 | -0.05254170175708903 -0.5279919666307382 -0.016058481009893384
0.6725740032336655 0.061923729368939244 0.3622467423632558 | -0.049239517017356474 -0.5445619932843716 0.02081899850974192
0.661324287393285 0.052917601559613885 0.44617373745832134 | -0.032305503273611536 -0.8979034974421617 9.082291089725367E-4
0.665151948109252 0.04732691206488432 0.5088263742838177 | -0.010482715030113016 -0.8324084744726407 -0.02211242349381919
0.6950819674832095 0.03341909989379485 0.5823888741783496 | 0.0030000155398851344 -0.9318989807004698 0.006930442418866459
0.675365842908268 0.0034479967740828794 0.6752260986369313 | 0.07006922617783946 0.5022039983355703 0.0689462461208893
0.7371359704000445 0.010432079463366287 0.7371352142105636 | 0.009850197395095881 -0.04291484832121682 0.00985028335627931
0.2809784801992638 0.4000044860753599 0.28096827759643067 | 0.003742592597020175 0.00423919866297052 0.0037483529170398715
0.20291873362762405 0.02990621796179804 0.47185491421242776 | -0.1080753194516491 -3.166659262809807 0.2441784208498896
0.2601906215291758 0.14167515205524622 0.40000000750880454 | -3.929445591295539E-5 0.00589794239202104 1.3437143922547655E-6
0.2290298265176045 0.011614865659757482 0.4000447861371314 | -0.001247513111500352 -0.009297467131743259 0.009149100548461658
0.2232125266033332 9.510259404423843E-5 0.46896155694461317 | -0.0032270000012800085 0.005890475803546191 0.004166220132210082
0.270682840584874 1.4437770243842582E-4 0.590409914614578 | -0.003939860992649745 0.0042895646505773785 5.222589483504506E-4
0.30916970733967875 3.545723672794383E-5 0.6544749202856317 | -0.0073072455240604075 0.0025997016538540315 0.0025504174664108307
0.2545281709305235 1.870855564144817E-4 0.7040773208952287 | 0.004718526535161252 0.004017368281469573 0.0039957893143151724
0.47201301690755887 0.031178034136519372 0.20276872645806582 | 0.24327437592981765 -3.155535785183954 -0.12850676736352706
0.3437227636690865 0.4000050056401913 0.34371698798490674 | 0.005074559353553132 0.002878063567834082 0.005077888209925283
0.3872658532278551 0.0429151536380376 0.41135040269374235 | 0.0543092289505031 0.33732685353538316 0.02407493060498459
0.19788960590644353 0.0020286783998431225 0.4857721636435997 | -0.05041619253957496 0.36078231170805547 0.010213198486269337
0.283752444836194 0.009721772202180564 0.47317797346292073 | -0.042194408342023496 0.5350886675347385 -0.012955307599909057
0.2313190314479003 0.02228023410966416 0.5435796735769635 | -0.0925301238467349 -1.15386465729191 -0.05432156538676139
0.21346785984796618 0.018663477158995776 0.6451535762900404 | -0.001132461869473539 0.11632276716548169 -0.026366568489981344
0.3017914837366707 0.017576472695249104 0.857430699545464 | 0.03367641703437465 0.2968794821484185 0.21662173262113285
0.4000064306275645 0.10820679865399681 0.2569081511649141 | 4.0093942938768036E-4 -0.1443164178022954 -0.00859291050480361
0.410137632635888 0.03094078242493292 0.3920889720959301 | 0.0018566032626280123 0.34320854540070383 0.08383779891117248
0.45606226787700416 0.05098642434935948 0.45666359220102387 | 0.10856930562084367 -1.166469008431476 0.11109204204257715
0.3314901415905129 0.0032672480777460444 0.4000644038042483 | -0.007269324731897855 0.0014725355981165852 0.002835515343986457
0.371795045776813 5.726279144448366E-6 0.48261919270090925 | -1.5043337470441092E-4 0.0034670850942270684 -3.5836156537849534E-4
0.3467600619336588 0.0014785464719238217 0.5765437728547523 | -0.0026948496088944358 0.5225442390827889 0.008379937523751357
0.3633842129974952 0.003271031708471152 0.6595502243507764 | 0.028854907410910555 0.42329171101187224 -0.026260709347359378
0.369612125760989 0.015108420044824801 0.820969590396609 | 0.024458863589669252 0.23050208315644458 0.07978501979023928
0.40005920879969925 0.01148355638710696 0.22692164564399628 | 0.00993876820087849 -0.004829524416967185 -8.64711853258705E-4
0.485998106770593 0.004542488928461991 0.19508906264132117 | 0.03546897957154849 -0.9278337036503002 -0.1377767216333525
0.40008460711805544 0.010311524263908845 0.33645640077827055 | 0.0029582530737814546 -2.4095750072753016E-4 -0.009976718769063518
0.43894524496259185 2.2916595770584156E-4 0.43920693670678135 | 0.0026010340695729758 0.005967501710375083 0.0025148084850912123
0.4626401545245533 0.00801491810190297 0.4611336288101127 | 0.04897030831590081 -0.14445053396130533 -0.05637861876664128
0.4194385546369848 0.02453019566339191 0.6106074593910987 | -0.010039293533126322 -1.2542203931067681 0.06151575062968446
0.4372985878487971 3.267007052605781E-5 0.6385781703785653 | 0.00239664932432838 0.006210982268338023 0.0014959506179848493
0.43772239790712963 1.4877850475932138E-5 0.6350248182522431 | 0.0016547407335490022 0.00610273428447445 0.00347814601510455
0.46820903354786453 6.170400682128035E-5 0.2225076458355843 | 0.00468556788262838 0.006699355260258643 -0.003441539284183993
0.47049930707724225 0.006259120674047067 0.2838182286477081 | -0.027563469005876532 0.5845853847987282 -0.04143669616484034
0.4850918306567465 8.38714140975414E-5 0.37046472954773085 | -0.004383083409844136 0.021746294228706557 0.001682291950132431
0.4627961914644021 0.013337440177823722 0.4617049093172686 | -0.07682184857695082 -0.023651689612800522 0.08054274411027418
0.5895905379329279 4.752527592853277E-6 0.5896817062192415 | 0.002550143268259294 0.004679042672927315 0.00236283620988491
0.5015956077171402 0.022348174463759276 0.5772848403680902 | -0.01677257215449143 -1.1709970098053435 -0.004548703441549695
0.5154566228503241 1.0434062294976E-4 0.6494376906315522 | 0.00365104065573486 0.004477078441536308 0.003842520827174265
0.5192210744881606 7.61760965109215E-5 0.6451656261608604 | 7.791661792972242E-4 0.004247047579673263 0.006088229229927283
0.5903091089121223 2.7730019097962233E-6 0.2706286360138392 | 5.028374657974225E-4 0.004709225806926833 -0.00409359130479865
0.5425848655375426 0.022448722193741274 0.23170387217618063 | -0.05715089160369177 -1.154457146075171 -0.09752523159868066
0.5775561620653392 0.0014003562900915555 0.34643449515042873 | 0.08089143092417374 -1.0380355703790705 0.010591549629423934
0.6093207247709461 0.026347488625376 0.41846973420516304 | 0.054383827737557226 -1.2582176580304434 -0.012736458893667285
0.5748633403113388 0.023645417249626606 0.4996304564963867 | 0.003388557327829891 -1.1728606386461438 -0.03669881738922855
0.5896503691840942 1.8422729666667983E-5 0.5897430139603727 | 0.002059237347497853 0.004809989610081504 0.001860832999154928
0.5800994729714871 0.019587528427422327 0.6891498230996304 | 0.035146386644703945 -1.1962014080457384 0.0405276103808439
0.5946338175901087 2.3073181546827377E-8 0.8091600853147114 | 0.0018544973161448378 0.002753746552871245 0.006857087335755831
0.6544524048907809 9.392009027859444E-5 0.3092411009280494 | 0.0026165100554673575 0.0025739418619175254 -0.0073296225957729345
0.6452169395794997 0.019025462719741218 0.21347694305276155 | -0.026546096013295273 0.11890963274106003 -8.96807657753019E-4
0.657741514311765 0.0038225182362120547 0.3650753726182079 | -0.01851864833704558 0.20064693725335087 0.021068056311120516
0.6383877119865613 1.7126476975128405E-5 0.43676714325724086 | 0.0014290439639647484 0.006148840401479052 0.0029320352231122066
0.6481046083904763 1.9722642605484407E-5 0.5148879107701242 | 0.0036052833162119997 0.004161019200754775 0.003493762054407868
0.6888982225137013 0.01923318840484497 0.579937612686121 | 0.04085162473766196 -1.1973011200146098 0.03513505937004675
0.677373104656721 0.010144486778106719 0.6772429067453194 | 0.055114139150437065 0.17437783813397958 0.054964781519192686
0.6511039147333205 0.0010518670623931884 0.8847067781283162 | 0.027425472990660945 -0.449294806364928 0.16279538000679628
0.704070653209979 2.024283241479886E-4 0.2545269946166542 | 0.003977899379686704 0.004053061756792766 0.004683841278594768
0.8574485301048864 0.01755729702737972 0.30181426710994125 | 0.21655299263807162 0.29706863271604494 0.03372702085010748
0.8207660701826476 0.01506444698072094 0.3695576601783027 | 0.07894320598503304 0.22898781647422745 0.02381158159811521
0.634782804173303 5.917295015972192E-5 0.43766452083453744 | 0.0035040850805709038 0.006103035107913707 0.0018759127719898685
0.6451187459843902 4.3553618982990265E-5 0.5191816832878187 | 0.005261968335830424 0.004191028366713344 5.061598203699265E-4
0.8093429529920939 7.344885901538005E-6 0.5947152903733287 | 0.006886151237592266 0.00275196960266489 0.0017956368415870025
0.8847015019698795 0.001057683039713406 0.6510902902402338 | 0.16276883946390158 -0.4493926476370692 0.027376397543191492
0.678076133827016 4.925594519949204E-5 0.6779859986011764 | -2.172375038639358E-4 -0.0027454489238718603 -0.0037118217117938805
0.17348883906394627 0.40000173494126046 0.17348892167062982 | -0.006381580428530103 8.744309077365132E-4 -0.006381569097722095
0.223567179433235 0.4000045133371587 0.3464327864315845 | -0.004466804559872538 0.00343117739130362 0.00469196500568297
0.24799544681184138 0.20659336497301228 0.40000249186080616 | -0.005461242824726971 -0.3919594549499942 2.1600541425625223E-5
0.20403873281329757 0.10629375272253946 0.40000099599318656 | -0.006433868084132885 0.0034435079500587267 1.2147840250783657E-4
0.2643879005339651 1.0603285336112313E-4 0.4550085923037501 | -1.945610500537763E-5 0.004302691070560964 5.312203450764394E-4
0.2676397642352873 8.776908226312816E-5 0.5822247664363336 | -0.002712056593134047 0.004151502998505174 0.0052592835824252305
0.28414741122905596 1.4394448612253795E-6 0.6455556024904783 | 0.0024904735470071267 0.0037110023173472003 0.005822163343465642
0.14874765909144066 5.10443095525194E-6 0.7927996122337446 | -0.0063481412061194885 0.0010085054883906 0.006238737242383149
0.3465404444866517 0.40000080530260607 0.22359285397942383 | 0.00455306632415363 0.0034638151924013235 -0.004544918284159203
0.3435883744063473 0.4000159403219293 0.34358258596317864 | 0.0052346755908443815 0.0026778954900327527 0.005237703341920905
0.3246756894337607 0.017789514232146142 0.40006108151025316 | -0.0072060426415942675 -0.005983964534150263 0.007041073013511529
0.22515354490212164 0.013310809244658725 0.4000388543207027 | 0.0012245436260668867 -0.009452040454263143 0.008796432790456025
0.28372003697611864 0.013879200442284429 0.47394575030757863 | -0.0311950417943947 0.42305096958082494 -0.006941667168299396
0.2479521395335721 0.001736137293008813 0.5678155013562204 | 0.031062377666045513 0.5918134639478079 0.024485798274006106
0.21350231022685148 0.01713344723239147 0.6451249837132648 | -4.6276671368527525E-4 0.14976687956100163 -0.02321717400067529
0.33111097284051527 1.6170425060758946E-5 0.8460604820377323 | -5.139797095232838E-4 0.005368122392875833 3.7219293193590576E-4
0.4000089021290668 0.16756370153878195 0.24499232621337563 | 3.082577852054936E-4 -0.27815413876565365 4.082596349688075E-5
0.40008244824449585 0.02167238682336368 0.3254852110311707 | 0.006325102837209211 -0.010327633463453107 -0.007774442597988335
0.45387352320045776 0.04481728712853027 0.4605304263860805 | 0.09437588705898545 -1.3165355463053954 0.13318323475837718
0.4246881569654901 0.052677500932216945 0.40670463432729054 | 0.09914589251677174 -0.9127144235579842 0.008156926885998107
0.3728908069636511 5.241978479425031E-5 0.4860566923076323 | -0.0018127121983402383 0.004343504418313799 -0.0052803636710734994
0.32578499953911666 0.06915530495384616 0.5815552970987046 | -0.1676508970176443 -0.7985808105014958 0.0961190531125514
0.28236315345813856 1.358926041088718E-4 0.6558445563752633 | 0.003717013756727318 0.004384023540230746 0.0032687190792671625
0.3652065615956096 1.4265317493943551E-4 0.6441618336578193 | -4.6290214456767023E-4 0.003252532215211533 0.006042328137438566
0.4000001421526856 0.10669908576569397 0.2037592548748512 | 1.8636554138666875E-4 0.001166916718207196 -0.008808368069753847
0.40000306618936043 0.014754036025177508 0.22310274570199004 | 0.009372494895722533 -0.00584219690006859 0.002247144277067714
0.4150702629255646 0.04983026608612752 0.41040674448030123 | 0.06420793831716548 -1.0184876773479756 0.11898430772333339
0.4092065145506078 1.4510119820994256E-4 0.40765157433315335 | -5.283855119487995E-4 0.006048212958493754 1.2646753674718748E-4
0.4255051115274571 7.0520431035064035E-6 0.550952715209486 | 0.001927065388487368 0.002817100772990273 -0.006509590995795839
0.41337829294502293 0.03637111266894903 0.6025520476763647 | -0.06323921987622351 -1.242472852657478 0.04288445532228859
0.45256208831402095 0.03570935700937445 0.6918674070012409 | 0.04252907718048109 -1.1504218515269349 8.664726917671018E-4
0.4404051219072851 2.3334822190006145E-5 0.6327170787308392 | -6.230819546179022E-4 0.005816427912769095 0.004743094638102429
0.4553119771652968 2.475543940739551E-5 0.26419246026134124 | 7.852131389711185E-4 0.003872538902694421 8.640808097038398E-5
0.47141427741410385 0.01401677364257026 0.28370738109796806 | -0.01670919829327812 0.4458498220786996 -0.03114265114597794
0.4876619562620926 4.196874238228938E-5 0.37158369392684165 | -0.004260377109656223 0.00465034474896565 -0.0014563578607331455
0.5509873166429795 1.0628903466833362E-4 0.4257082721213753 | -0.006404191230649053 0.0031405981294143773 0.0015489173581368647
0.5896950882863002 1.6340217685586607E-6 0.5897865674173997 | 0.0017152386277654685 0.005033655079098477 0.001525420359014951
0.4974577230212377 0.04787878131262914 0.5713747769438118 | -0.07519231821389455 -1.0139521862447016 0.02550601243342734
0.517648689240517 1.1532087902819621E-4 0.6564277097415021 | 0.0014872884083674577 0.004983476532203655 -7.612943073194766E-4
0.5154874786881641 3.190698816093893E-5 0.6339595915587165 | 0.0018016942457540375 0.002894891950573407 0.006394933517669357
0.583386454084728 2.0803949741938134E-5 0.267979117458948 | 0.00478090506746197 0.004453143403730479 -0.0028236188465587523
0.5681859203688906 0.0033334540072805425 0.24884232901791203 | 0.02427168118008617 0.5592617639961496 0.03264010691823789
0.5841847277932091 0.06876056817184756 0.3257323658855511 | 0.10539839456069397 -0.7545494874529 -0.15265638980077498
0.6025232922316417 0.03607356081779716 0.4132800720489371 | 0.04021080193614243 -1.247957353151325 -0.06215310370316249
0.5689232527821936 0.0477973223866966 0.4961182436226288 | 0.04359235339118805 -1.0242420782787647 -0.07539420691236526
0.5896919441602815 3.752872382997662E-4 0.5897807079688391 | 0.002883819741789823 0.06380047627009905 0.002731416294457121
0.5914436653859084 5.850753672913219E-6 0.683015004779682 | 0.002230524901521605 0.015410049055524734 -0.011108630937013508
0.6054683544344875 1.1338650636769402E-5 0.6624917069214111 | -3.1259576225609894E-4 0.004935124256233175 0.006862762443234796
0.6455391220560698 1.292069090130702E-5 0.28416379180766427 | 0.005935874439357785 0.003653667435571415 0.0025302301056375452
0.6451959466366045 0.01737900318096319 0.21352278191185597 | -0.02341524606117594 0.15259278580464627 3.759687767668354E-5
0.6566870632937601 1.7938393791052348E-6 0.28244399939676545 | 0.0031383229202580757 0.004354256743249925 0.0037165358051293954
0.6917803078970097 0.03657884796210609 0.4524948180681137 | 0.00241690702606045 -1.1463625015705223 0.04332506947592804
0.6559646114039515 7.172845883157301E-5 0.5176157498444256 | -9.276748480540309E-4 0.004920372251886174 0.001194733390903204
0.6830028213841759 2.6772961069066595E-5 0.5913304173961345 | -0.005838125117822397 0.005965875906704263 5.585911985848596E-4
0.7269427675137862 0.0043218435258839975 0.7269852438503014 | 0.05634033700233882 0.2522391302075597 0.05624927518654062
0.6462663306436873 1.2860500934490653E-4 0.8825042793279203 | 0.03828592482340233 -0.19713349938208644 0.11179217364820092
0.7931048896765003 1.4755925614342345E-5 0.14844605205371153 | 0.006247338358760318 9.895511440552926E-4 -0.006361500334636245
0.8460636431162624 1.1921928154932465E-5 0.3311069194016112 | 3.6923545243161223E-4 0.005366312823572179 -5.173853119926393E-4
0.6442215254960308 1.1346051904920614E-4 0.3652085571851858 | 0.006200374119277458 0.003473795234810651 -3.8601293685047293E-4
0.6326977459239352 1.0667785238953361E-4 0.4403944215016082 | 0.004688511148411777 0.005870845104737035 -3.895529390121869E-4
0.6339334494707444 7.27901461046801E-6 0.5155047918778548 | 0.006543556258105385 0.0031140008462133104 0.0018299021596734047
0.6624327218589025 3.8111906273650975E-6 0.6053899560950228 | 0.006850928069338016 0.004921755447792011 -3.8026111383477696E-4
0.8824997915888357 1.299560261505252E-4 0.6462554259022419 | 0.11175583803698796 -0.1971108270303914 0.038249139730120965
0.8044467090332368 6.175247014800564E-5 0.8044466842133687 | 0.04101912563537152 0.06874525058746012 0.04102033529095023
0.1921562308686619 0.4000048307831806 0.19215625642786707 | -0.006428285728117678 7.690989211562667E-4 -0.006428285256492471
0.21850705937882262 0.40000314847830115 0.34560721607482175 | -0.005642118171864655 0.0027002121586889223 0.004769380608990841
0.23896650415767484 0.07482108262541226 0.400005105399074 | 0.006342771362572014 0.00343331236025152 0.0013203990422635883
0.1345724099895683 0.029891544306410184 0.40005334408858834 | 0.0014233625216058083 0.002518053437190845 0.0074791869416213
0.15503315892557556 3.2958362384735316E-5 0.47336067477801924 | -0.006086214785448325 0.005110957093156405 0.0011288574983451918
0.19254099359110777 1.0802404099015652E-5 0.5690235847750164 | -0.006913324519955567 0.003404423348371285 -0.0014945320834683885
0.1286690190081818 2.368473425844018E-5 0.6571443800117248 | -0.001158359845560385 0.004083985186986793 0.005243715359032521
0.15544352524526758 2.6603027983645365E-5 0.7866983978283566 | -0.006006333300043394 0.0012727859447764162 0.006222692712824594
0.34561192578814676 0.40000292827972456 0.21850639704140914 | 0.004807650200493622 0.002693970780899069 -0.005618453949233056
0.34351551705705113 0.4000026586348156 0.34350986298114244 | 0.005341881544999604 0.002537874298712136 0.005344163966597221
0.3235526908422731 0.020485098844202868 0.4000358797884779 | -0.0051256562204286754 -0.009902470922571047 0.007643358802982426
0.27350122240271946 0.17075046434913657 0.40000191185834505 | 0.0038510887759945337 -0.3460510795187341 7.892113736052954E-5
0.2985145925822886 4.902064049985979E-6 0.5133198137923365 | -0.0033882911148878417 0.0032272495065489267 0.0025172234224128485
0.13688014906084625 0.004636399361290762 0.5004161502690335 | -0.1856045331049721 0.6906216365978508 -0.027835492056180713
0.21383246452454327 0.018806831277467507 0.6454402414547321 | -0.009663277064422805 -0.0717558024700962 -0.029097734359925062
0.2574482818901663 1.895708407700377E-5 0.7972279733604674 | 0.002296286608259289 0.005180131303425159 -1.877398371153985E-4
0.4000135953109305 0.21584043989013094 0.2438877196673714 | 2.871015452462409E-4 -0.4389465757758447 -0.004941159491183098
0.40002527258684173 0.014142144444064631 0.31996712961062906 | 0.012735497233304253 -0.008812404327184806 0.0010423002293312776
0.4533210347618287 0.03810996431327761 0.46105734470464443 | 0.07114437860391963 -1.4341248452774151 0.11404911994093464
0.329541550889457 0.008901505935272292 0.40003217211521686 | -0.007078584821094954 0.0011986727761793962 0.0029742963129268953
0.37159038282111484 0.008037085059129836 0.48250595924707324 | -0.008422568500132087 0.1434975237448009 -0.018991252476873957
0.3464535469913657 0.008342753653105748 0.5756449020628452 | 0.004660191197987111 0.050059746437035146 0.0067308801712269075
0.3660231191028453 4.8485061154568654E-5 0.6556215980168274 | -0.0010134004701031682 0.004621894668275711 0.0014755464423279552
0.348449884537413 3.248119806732128E-5 0.7290776738821186 | -0.0034383253119003657 0.0019156876118488595 0.0072778600079874125
0.400000399479179 0.029604916819303273 0.1342483388165472 | 0.00714281271226077 0.0030020071482740694 6.69411636977786E-4
0.400003534560434 0.17507021698840042 0.2728899845223725 | 1.667926653568503E-4 -0.32671425406136845 0.0033289234875064602
0.400132532755552 0.0048865816153733045 0.33483525431278344 | 0.0033064335356800412 9.549067597319556E-4 -0.009636607120432473
0.42167414932924135 5.792567215917356E-6 0.40483662722892366 | -0.0038672528555630417 0.006022888306353936 0.0016275646405354406
0.4208245828675542 1.6575145749333193E-4 0.5589805309060375 | 0.003568735698755634 0.0022703684624957405 -0.00730748059074705
0.42651645428248813 8.881252366508765E-5 0.5458652615100461 | 0.0020565081256428415 0.004433121420373721 -0.0018466944814681612
0.43256297760419565 9.156237852747201E-6 0.732496594337782 | -0.0016628365367144231 0.0026697157286742867 0.006624866752943244
0.4370829369554635 6.369401990617385E-6 0.7392608657216335 | -0.00757298103940518 0.0016162954560233818 0.0012787267841183733
0.47314745002020303 7.966950138525066E-5 0.15488348537716884 | 8.404542831941776E-4 0.005687444433008391 -0.006617497707226023
0.5133503734311464 5.4128377601282064E-5 0.2989729590690403 | 0.003056784662329108 0.002676951966127769 -0.003948606866299754
0.4851138984848304 0.006945883866164255 0.3702451717396509 | -0.037287924161324766 0.25305354799021923 0.001011150620784263
0.558815919877368 5.2611634776932856E-6 0.42100585107094873 | -0.00724287591645222 0.0024390310130451933 0.003423491642560595
0.5896744193815457 1.207972157813088E-5 0.589765208483844 | 0.0018832878721698528 0.00497149494062137 0.001702233858217592
0.5007315809650837 0.024462368406006723 0.5750369042792363 | -0.034359295685218914 -1.2359404003639127 0.01862553223813855
0.5074652788953089 0.011608408279538936 0.8189305239297218 | -0.016722570581513684 -0.3394666080066242 0.16035427424996798
0.513300231297191 3.431937138028245E-7 0.7312143078008299 | 0.005465706788150527 0.0027223289756751817 0.006655871918396502
0.5690109028574782 2.998174740931583E-5 0.1924938410856389 | -0.0012366733794286645 0.0030829468995623023 -0.006137227508616731
0.5017067257347857 0.0023674844140166434 0.13716175303503017 | -0.02618639937994753 0.7012512075015774 -0.18431395347591994
0.5761306757147133 0.009148817017012286 0.34633747714008895 | 0.00170092088308869 0.07511079959211778 0.00851184355282983
0.545957770670766 3.481945452229206E-5 0.42699537528656817 | -0.0015903910711482043 0.004834714988809883 5.673969176205355E-4
0.5714946632377971 0.026716275684108944 0.49809190384162355 | 0.047604920559127184 -1.2426603265571485 -0.05328654899443844
0.5896126721756456 3.2191175748601494E-5 0.5897049069225958 | 0.0023428771074438253 0.004788011627205895 0.002149102648571719
0.5767308144314763 0.0071352389102366225 0.6866719818142273 | 0.010393148979699184 -1.2888886914869162 0.015953212959844372
0.5979637039165018 5.982006554368149E-5 0.7168393036465469 | 0.0014251439345328023 0.005015816282188027 0.008532827217391235
0.6570513637936161 1.4248575821164916E-5 0.1286731030836223 | 0.005275978168859842 0.004059757850229945 -0.0012085437373721222
0.6454816499235249 0.019043612368199882 0.21386860243817546 | -0.02916370802737157 -0.06942781400628015 -0.009202008238369943
0.6558035296669849 7.686937129092923E-5 0.3661560356919459 | 0.0013548624141577208 0.005036021140555286 -9.321642582112182E-4
0.732400359962313 5.7649203810787674E-5 0.43261457230387496 | 0.006541674757516901 0.0027299152406715255 -0.0016925232653915976
0.8189690048619461 0.011683044147473818 0.5074343460651746 | 0.1600037442648952 -0.33608397520970024 -0.01693152204401591
0.686670107341423 0.006781487807242672 0.5765056540272365 | 0.016290272546416032 -1.2874249212816684 0.009651634099465348
0.6768727178349782 2.489704873438502E-5 0.6768015822914957 | 0.01687911203977986 -0.005285345991285427 0.016039245710959653
0.6851259882930394 4.939227292930686E-5 0.7928380499065293 | -0.0031231611225890138 0.0023500039574171337 0.006491889380801893
0.7867338055553547 1.1029341372717236E-6 0.1553856783665232 | 0.006223410592501927 0.0012682630858759378 -0.006010410729814811
0.7972528071463828 1.714153492153016E-5 0.2574341304249697 | -9.140853013418406E-7 0.005187863436825908 0.0022386321306606
0.729100066855529 3.8532249764030045E-5 0.3484528242933976 | 0.007141879134899362 0.0017339106729304388 -0.0033618645854984887
0.739266486746706 6.8378814961844965E-6 0.4370840737782869 | 0.0012065928919962545 0.001636173769181643 -0.007563300441661468
0.7312129280561637 2.5962741292783423E-6 0.5132987291794789 | 0.006578472841451319 0.0027592789544424816 0.005459290389959178
0.7168391927097757 5.850901496312657E-5 0.5979629773071475 | 0.008567810275998363 0.0049729099185274045 0.0014442458369703698
0.7928346077503938 5.2350817337555735E-5 0.6851248329640839 | 0.0064905027267100224 0.0023507505201196084 -0.0031225918585505398
0.7988240301739596 6.403574516737072E-6 0.7988240159895251 | 0.00543969256706169 0.0018987173649930476 0.005439980739234932
0.2140629248530909 0.4000048197214068 0.21406293638446477 | -0.0038394095019274573 0.0041103747194487115 -0.003839188305422662
0.23210855685321455 0.4000073546479893 0.3431599007755431 | -0.004614306392158261 0.0016416093929164592 0.007011335553676451
0.24143599954343017 0.07803004698342315 0.4000001403297553 | 0.007752902731748682 0.002405111430127196 0.0013557566000681695
0.14327130955619374 0.030316210203735 0.40007505993906545 | -0.005601118489547682 6.885479794661309E-4 0.007544412034259566
0.07010329317645064 2.5225322369263042E-5 0.49284100581386425 | -0.008211447761897129 0.0017418608246779158 -1.4642417434071938E-4
0.20011270755101906 6.06851922824683E-5 0.5661508827840237 | -0.007927212882584236 0.0029646728799482664 -8.544592867743204E-4
0.1440980267047883 5.0213139905738174E-5 0.654345387733837 | -0.007444390769309339 0.002527168819337844 8.488603515916552E-4
0.16581142613410052 7.007381545818197E-6 0.7755695062928569 | -0.006052473071309156 0.001059991274583277 0.0062857469777742305
0.34316243617854403 0.4000072344800633 0.2321086600234608 | 0.007022027275100498 0.0016393531731646637 -0.004601384824542408
0.3435082821909901 0.4000016534490282 0.3435028930839878 | 0.005351761248949915 0.002525449163141909 0.005352859702690294
0.32246907074921244 0.02008502462953893 0.40002219461702043 | -0.002852156702080072 -0.010710107775932476 0.008708763281738066
0.28998883930730535 0.14442096043897615 0.4000008117216283 | 0.002713687472614829 -0.35389316002158155 2.9648896038511673E-5
0.300161167782936 5.570277700757161E-5 0.5132524033632995 | -0.004489626182067985 0.002700862334505404 0.002161142849285779
0.13614276597066696 0.001951037159215923 0.49807108782263804 | -0.3255701274709882 -1.4299489484671477 -0.12516809093497486
0.21388134234300896 0.018802905373559678 0.6454793205107533 | -0.004853847818240306 -0.09637230865329707 -0.06212239259446524
0.25730544743426453 8.993329332961659E-7 0.7944005439610066 | 0.0029943623541102914 0.002695905006114099 0.006516853772126228
0.40000064108498345 0.10044235101588726 0.2427791808686171 | 7.867000552210394E-4 0.0042248202332063264 0.00590587998950474
0.4000386190782134 0.01411264250230414 0.31856602345292945 | 0.0121121461748716 -0.00802108233540889 0.004590283924303256
0.49917361485173617 0.0150607748528058 0.5021277728727495 | 0.18444871640312308 0.4584766890637938 -0.008199529731653415
0.3234426616642817 0.01284669887632778 0.4000446373686398 | -0.004828817672542954 -3.051749672371145E-4 0.007913650434467345
0.3716296353864202 0.0037974859866508714 0.48250833679322197 | -0.004795733092875072 -0.07282568903925399 -0.010352463490522448
0.3427766351954669 5.239201265472033E-6 0.5788050848694907 | 0.006921104914310151 0.0022123039018327514 -0.00631673483715797
0.4323594127100994 0.00913703599884173 0.7387551330329418 | -0.023403595401667584 0.1952835538212107 0.057074182107636366
0.35178725486084494 7.382543621244406E-7 0.7305608266788157 | -0.005559826959484728 0.001666613760462081 0.006133987023928509
0.4000320790104578 0.030579945281581297 0.1430329623000609 | 0.006600101734082162 9.971473604419086E-4 -0.006345002759581795
0.40000045092748016 0.15024629738316214 0.2956004839436406 | 2.1926336029379743E-6 -0.2730666359489669 0.019300335717834047
0.40005340884219054 0.008304444262940146 0.3286253241751531 | 0.004579174691742025 8.771892961075875E-4 -0.008988834655003233
0.41835975789182317 8.152996040026818E-5 0.38783249528536373 | -0.0019234955864837091 0.005821106358949211 0.005117326717937364
0.4234853675202486 1.5462301539358013E-7 0.5543701795423857 | 0.0029646781017146893 0.0023375958961899404 -0.006964358241882982
0.42635779729501583 5.905471824867745E-5 0.5425002934037296 | 0.00243272229950809 0.0033543800147355137 0.003937499610150092
0.4326654201642717 3.3023156082803704E-5 0.7332537831601882 | -0.0018797254783442954 0.0027621846324426174 0.006425139190618683
0.43738029481492374 3.774636254387536E-7 0.7442996310012704 | -0.007615823606597257 0.001489146392343165 -5.787960436689737E-4
0.4925644507846743 1.0489743187501544E-5 0.07033684935767652 | -4.0160648831961E-5 0.0014537644223637004 -0.008422475934146852
0.5123593309481185 1.084413583469685E-4 0.30063375768259853 | 0.003163023124197707 0.002216743525775002 -0.004537496247442243
0.4849541966400095 0.0038268728896923704 0.37033100582220735 | -0.01783338899229488 -0.09342521093291764 -0.0017445120606522863
0.5541416134201673 1.3708207359082597E-5 0.4237214977079959 | -0.0069291171076962905 0.00257984765492538 0.002790427409870086
0.5896713800571952 2.388617532882321E-5 0.5897633136333612 | 0.0018950611567334341 0.004990270163064074 0.0017033064429537927
0.5014433152206359 0.00833712545271868 0.5839525466063537 | -0.006162441482330342 0.15084193477221855 0.038017304519305704
0.5067794078674336 0.011819267104440982 0.8207158315713465 | -0.01698171778272155 -0.3333452998063205 0.1626572015333032
0.5125780703380964 9.549971471206328E-6 0.7415875324720516 | 0.007461763297626591 0.0021253787429157504 -0.0010541258846750255
0.5661329204870649 9.931200033290813E-5 0.20008112762972827 | -6.642030991466062E-4 0.0026969610488854568 -0.007068972874253759
0.4994974915495473 0.001031892305868472 0.13668860600885865 | -0.02182415940792145 0.7241509286385986 -0.17820474699289815
0.5787182496894752 3.571906568303744E-6 0.3427942244320894 | -0.006208166744187471 0.0019807988261146955 0.00718928506823326
0.5425722448241529 1.643547456116253E-5 0.4266422948757272 | 0.004034229771822735 0.003535090414665419 0.0016584693012433886
0.5832081649125345 0.010233530637710549 0.5016065306537191 | 0.04422757888561938 0.16175867509686978 -0.005728281124023921
0.5895488702257363 1.2783646010098582E-5 0.5896399454279557 | 0.00280923022716087 0.004559021965548006 0.002624279580497822
0.500926746894854 0.005427736222229442 0.7128334133282113 | -0.06966179233628256 -1.4624733566504644 0.05294202570487503
0.5938996897393439 6.0384320816307734E-5 0.7264657160144979 | 0.003943312146433729 0.00464856687614848 0.008185581185305133
0.6543522103996309 3.860818972763586E-5 0.1441036140594872 | 8.462074864519098E-4 0.0025499598013916562 -0.007422211678954187
0.6455440208085689 0.018799793787901597 0.21393181407409204 | -0.060969946456255836 -0.09465966204049292 -0.004905423548833487
0.7385365570294136 0.008843110577890613 0.4324206254701327 | 0.057215131940610696 0.21601118771515848 -0.024048293727507636
0.7328588302725068 1.4516473375029179E-5 0.43261488053111247 | 0.0064708002524917424 0.0027649359593304103 -0.0016967401616629994
0.8207474914899295 0.01193538536996965 0.5067681012753026 | 0.16223514060419086 -0.32920023703226087 -0.016790689052307965
0.712513749437421 0.005007381573100998 0.5011394237626842 | 0.052436763379590606 -1.4616268554536713 -0.06942135616978815
0.748867099044666 0.02884073739279805 0.7488612523428608 | 0.0805360464143831 -1.2049169987380421 0.08054005316335187
0.6863594395928329 1.923733287528099E-5 0.7936476698298007 | -0.0037540150331696804 0.0022698399816032232 0.0062336859003316696
0.7755541782602668 1.1479985447637645E-5 0.16581275463516873 | 0.006274603959886283 0.0010702548159940884 -0.006053776602070864
0.7944259654653775 6.425700419292668E-7 0.25729476265022627 | 0.006536502621036564 0.002695151664930608 0.002946169399703157
0.7305859373889841 2.7327223163783884E-7 0.35179253384957665 | 0.006048870244554587 0.0015043420649361473 -0.0053058230086244565
0.744308615110117 6.835269755981887E-7 0.4373871115612239 | -5.753009019366234E-4 0.0015025979730852147 -0.007604315788217992
0.741587953357087 1.0559873447019947E-5 0.5125775180699086 | -0.001116872898919566 0.0021233930911169993 0.007403538864501668
0.7264652706178534 6.012129526081049E-5 0.5938989729655092 | 0.00818255315523915 0.004596412340311616 0.00398302077606145
0.7936460746985547 1.98468524450765E-5 0.6863608314215558 | 0.006231834451333524 0.002269767537544286 -0.0037559433690480598
0.7896547180742174 3.3462028921727534E-7 0.7896547403606216 | 0.005953187186296347 0.0018556580979759304 0.005953351594009903
0.2252411249884605 0.4000002772006596 0.22524113243400132 | -0.003477301418705683 0.00436180102465806 -0.003472801651882638
0.23617535161799136 0.40000151306119375 0.3417757589287807 | -0.004923115284583652 0.0012473066006384185 0.007180669076478244
0.2430388015658179 0.20580347323977904 0.40002211253517334 | -0.00662438513146891 -0.4216356482051493 4.8705311162600676E-4
0.15698005395813494 0.023368391597449464 0.40002219130863664 | -0.008103109284455916 6.8871924222099E-5 0.004562231000614879
0.07383820665782587 7.776516265711741E-6 0.4929270361711914 | -0.008307636949001385 0.0016379735832037139 -2.4070699783160416E-4
0.1958512080144662 2.2950840422027722E-5 0.566170780261137 | -0.007516138824549343 0.0032603735808167367 -3.415529429556565E-4
0.1457369729414647 4.83307392224548E-5 0.6541588733633469 | -0.007595673810690453 0.0024030035475727275 6.819215525400302E-4
0.16796308735972254 2.2232537758213576E-5 0.7734557483124345 | -0.0062645006007447344 0.0010244281630789808 0.00610378697772278
0.3417752611880985 0.40000161049353294 0.23617502387087874 | 0.007187375268465952 0.0012462988275481327 -0.004914555517069561
0.3434911296506791 0.4000071549112912 0.3434856740530108 | 0.005359990685057748 0.002514204438330307 0.005361366131211509
0.32308051939316385 0.02137734877384887 0.40005112938374143 | -0.004044327942124474 -0.011005731611258835 0.007760796522554429
0.3157306885101661 0.10932405878547802 0.4000000208846354 | 0.0553401724704555 -0.03854332445491345 8.382244684992017E-6
0.30104654427935496 8.791624505663288E-5 0.5121186102217661 | -0.004638574027493584 0.0023159711487213174 0.0027456693486378357
0.11072054169148705 0.021311600879335854 0.5485657180783781 | -0.13862764441831665 -0.1435189048248731 0.050279421906911904
0.20522409853219284 0.006190285964892015 0.720368436996492 | 0.008713665664917571 -0.4637980793956574 0.03296407061946816
0.25736179776768553 3.275665371712407E-6 0.7941432903599162 | 0.0028606852134975096 0.002588394341274747 0.006709199941990348
0.4000007825944586 0.10097411464710636 0.2428700882843926 | 9.742165457334098E-4 0.001662380817127359 0.00991732066295385
0.40004435228217994 0.014007856636144046 0.3179109137569317 | 0.011642492737396974 -0.007386364750073398 0.0058238712132257005
0.5097977291625425 4.5420133716179794E-5 0.5088872965019655 | -0.0023817927129939076 0.004359347417653831 -9.610901753978159E-4
0.3244251744215106 0.011468726885118238 0.4000710345839161 | -0.005535007890186618 9.955420106775598E-4 0.006180649522620339
0.3706892236827348 1.6033523668337258E-4 0.4820345797855361 | 0.002011421500936595 0.0055906281571075096 7.30250403891906E-4
0.34713359041869674 8.100434782701592E-6 0.5763244378067971 | -0.0032857396244318528 0.0048792931566986305 -0.005449182330392068
0.3414951427880925 0.0011345508761426133 0.7484110734279601 | -0.02879178780263742 0.6476696922772458 0.07406165860803587
0.35700616337511504 7.4145301731308005E-6 0.7516223616943728 | -0.008601782962084963 9.891446996481705E-4 0.0023643747533699114
0.40002692765447667 0.024108478037030787 0.15717257208441662 | 0.004095587731958673 1.4393110317531164E-4 -0.008221698535011535
0.4000000159266015 0.11144098135684428 0.31102773910493475 | 5.913489728600149E-7 -0.0028824767719919393 0.011085155108518046
0.4000673796827386 0.010695120411129126 0.3244519920915291 | 0.008279165229799854 -0.0011703895388670707 -0.008440230437888161
0.394190807283515 5.731408034459221E-6 0.4038523407472753 | 0.0038580208252983663 0.005920843130295583 0.0014084473881574903
0.427398388596839 7.36045307993003E-5 0.5450498632981116 | -1.277209983878888E-4 0.004749538792649581 -3.6353505564426427E-4
0.42628687280220995 1.3295398523676774E-5 0.5429542968646885 | 0.0026666207813817577 0.0035183850595867706 0.0034367471180189236
0.43268043535682704 1.5463177917001672E-5 0.7332991877876873 | -0.0019169352407127612 0.0027570614545397326 0.006420092674033672
0.43691130095095415 1.961597915096788E-6 0.752734087771628 | -0.007303304637154527 0.0019158515562837433 -4.539615698114683E-4
0.4926103253827054 6.030892281880471E-6 0.07381290204429695 | -1.576626738550734E-4 0.0013569791955526077 -0.008496720931061214
0.5113228258185358 7.827215417737997E-6 0.30086285629701875 | 0.003583342032851701 0.002056127948661237 -0.00437969249860118
0.4844593145274517 1.465040319446131E-4 0.3692904750885489 | 5.70476997176708E-4 0.005520253689229223 0.002227262651951943
0.5450951233255098 5.760239565039222E-5 0.42743597988527166 | 1.0006952578849783E-4 0.004850010323936014 -4.3785475150395667E-4
0.5113795511523015 2.1300904385711424E-4 0.5115931134795068 | -0.002599308164000188 0.0040226513043472275 -0.002522592251322825
0.5014314473284903 1.1438920172484813E-4 0.5840947748255719 | 8.46385851476026E-5 0.00615525107093021 -3.8919560375493524E-5
0.5058299772255617 0.008843096542454505 0.8215780443800097 | -0.01557905153669558 -0.39200425528386523 0.15780761388701223
0.5131122157226582 5.1719506624286126E-5 0.7514903684259172 | 0.006206321956764768 0.0020209714803217497 -0.005158454896808335
0.5661536815789993 5.721859649460861E-5 0.19582139919714917 | -1.707303584179358E-4 0.0029597490747538197 -0.006684166090432175
0.5488030170748621 0.02238255324626433 0.11019831679525022 | 0.04704477184179509 -0.1428399761406918 -0.13865630167857768
0.5766992653352854 7.336994628156176E-7 0.3471105239768642 | -0.005544730561608871 0.004433812981310822 -0.0041754135257664375
0.5430568374563365 1.1544137090710247E-4 0.4265849332438916 | 0.00347966802648044 0.0037850366531005718 0.0017838916377411877
0.5838812650326082 4.791143629515178E-5 0.5015613880161058 | -1.3134793471605873E-4 0.006039536838356937 -8.39228688127346E-5
0.5896076951070887 5.602565259392675E-6 0.5896989642955113 | 0.0024222957775368007 0.004720193315393084 0.0022343876096063563
0.6023931916521927 0.021803322544451924 0.8204850376718557 | -0.01781280677401177 0.2149005286276687 0.12881893790085344
0.5888400869163034 2.8073029977311215E-6 0.7617824882613953 | 0.001537905538629685 0.0030812492084651795 0.005570117526394935
0.6541680267803136 4.069077074358106E-5 0.14574413827770955 | 6.78348790167636E-4 0.0024249129668689174 -0.007575043869666861
0.7204757731457396 0.00625886922412358 0.2052117366098775 | 0.03345207484800099 -0.464308324532146 0.008476401681331992
0.7467873900759217 0.0028726216736817416 0.3409326463245756 | 0.08288765446397803 0.650339544045587 -0.031437187767621846
0.7332639367695889 5.245030762306441E-7 0.432745346867637 | 0.006344041880608711 0.002792829885030111 -0.0019960464714118163
0.8215976027425437 0.00911736402736662 0.5058170830328415 | 0.15747791324130025 -0.3867753855030953 -0.01544956391202771
0.8204572583331659 0.021848392215238002 0.6023946551682653 | 0.12898666091234864 0.2149788746537031 -0.01787615782060762
0.7444230300025062 0.0028385522884439305 0.7444195957199948 | 0.084730591428638 -1.2744980598623359 0.08474069479241764
0.6867514534686331 5.227694162528143E-5 0.7941107142207166 | -0.003949055188675285 0.0022735607483064324 0.006106094472905913
0.7735925814317509 3.8033062131482173E-6 0.16777383599136497 | 0.006116213222819647 0.0010341407914766945 -0.006243860445690524
0.794167934090622 1.714688044946329E-6 0.2573509003211367 | 0.006726328529137244 0.0025872547919102637 0.0028170183447081714
0.7516446898088837 5.233789507682303E-6 0.357011673919892 | 0.0025709471506586996 9.410987003621144E-4 -0.00828920871836237
0.7527365103987042 1.374213393020184E-6 0.4369070391621088 | -1.9680068440331265E-4 0.0019348637120114546 -0.007313695933279744
0.751490668205769 5.284212924314976E-5 0.513112080260772 | -0.005150984013876599 0.0020056249185388753 0.006148177663324555
0.7617808201707355 2.2503452688063912E-6 0.5888389749859689 | 0.0055706450258383895 0.0030778668387726085 0.001556043406134761
0.7941092982623829 5.268303879117632E-5 0.6867529014428977 | 0.0061040226329647325 0.002273417996101441 -0.0039513160636720215
0.7860554770408335 2.2564323165831466E-7 0.7860555174245097 | 0.0064022873212423595 0.0020037421767888104 0.006402355716937284
0.2393892278999267 0.40000018324521935 0.23938924631536512 | -0.004742930716596575 0.0032039064285497446 -0.004735221757086312
0.2422307416645387 0.4000016262909018 0.34188467932271305 | -0.005346248701652315 0.0011350549345164357 0.0069718271738537585
0.23951959242381704 0.009752685167656079 0.4000422830025912 | -0.007406857302342189 -0.006754769535895808 0.007120155553425655
0.1918138186759429 0.09339585705435659 0.40000897177705197 | -0.004339194088030054 0.004579544805194357 3.819826544274945E-4
0.17299256508253275 3.794011934275273E-5 0.4744076158696507 | -0.006197107280078787 0.005365520028279152 2.085957941012544E-4
0.07923898284870387 5.11269271584872E-6 0.5823521985801908 | -0.004519538733055999 0.0036091504552581387 0.004748265733776096
0.14641192996084107 1.1591101741758605E-6 0.6542830962401859 | -0.007665065714638433 0.002350527941039332 5.496653874726804E-4
0.16996988155755244 2.5479178007102068E-5 0.7715597396365139 | -0.006475075530539561 0.0010070150514586596 0.005901234140351984
0.3418846628590171 0.40000157416690624 0.24223061678701943 | 0.006974309092512287 0.0011344478014527295 -0.005343627090038287
0.34356941898490995 0.4000016311002601 0.3435651625503755 | 0.005286278465728088 0.002615624875815424 0.005282142726058261
0.32246788369618573 0.020823299950372996 0.4000064781084047 | -0.0027748337291617804 -0.011243135834430047 0.008372198332793674
0.31061426444162016 0.1048042954340287 0.40000000030756133 | 0.009716738175332064 2.8531147487018626E-4 1.303407535276342E-6
0.2967009151116409 7.779772486753117E-6 0.5095676320638081 | -9.610983531497371E-4 0.0024548033433199465 0.00504874909433842
0.09486439421023625 0.015562064104296579 0.5820177411472228 | -0.1789922614219559 -0.3364892044095881 0.02546390124209981
0.20702654681508717 4.522352331692698E-4 0.7195316893123557 | 0.015047172474452471 0.24763981564180748 -0.021089733760096725
0.25770471993668687 2.2068838870153134E-5 0.7933826362120642 | 0.0022432958924549096 0.0023662034541773063 0.0071942146287234335
0.4000384105442985 0.009385734299908887 0.2391835719049642 | 0.00681404173332879 -0.0030846319190494056 -0.007514675057704219
0.40002679717474043 0.01103769107100662 0.31541497942226937 | 0.00946392882078234 -0.0025014296284311312 0.00793520069067763
0.5040771643774702 7.318854155960957E-6 0.5034016414957238 | 0.0013078095649521914 0.0045980496135480135 0.002706922815044286
0.3199997557873648 0.013617960502566986 0.4001148919356643 | 0.003950377161038716 -0.0015799616199534115 0.009685767127467241
0.3721791542229676 1.0592003373253329E-4 0.4854919974524607 | -8.215033889173558E-4 0.004683000748855458 -0.00486773297170497
0.34702038044405337 9.218194430493158E-6 0.575965837295166 | -0.003147764035730929 0.005332206893253527 -0.004452269538621153
0.3518161507083078 1.0499424344090653E-4 0.7138726780990197 | -0.0037032537064810023 0.0025212201265328604 0.007357362050584833
0.36230178166331833 7.438184844605991E-4 0.9086644696654239 | -0.0062494929309100085 0.019334505169308798 0.08206758263659465
0.4000034226554592 0.09495585501284878 0.1923119840112344 | 4.841021814651981E-4 0.0034607695101462857 -0.006250069031193503
0.4000000242103419 0.10458776940771057 0.3106064839018286 | 1.4941351626745869E-6 -8.286122819733106E-4 0.010226805395984126
0.40010171260801136 0.01321574306437152 0.323842108105904 | 0.009611827450889846 -0.005098438678918701 -0.008319449082250175
0.4075848051760186 3.5352943094453494E-5 0.4086527412394962 | 1.2130352168119033E-4 0.006097981857497148 -3.976717604029727E-4
0.42846577579635026 4.199161587637617E-6 0.5409964081881025 | -0.0014451041348669028 0.0029217646797333767 0.005131199718106517
0.42567492225176806 1.2030963946527449E-4 0.5444003378489253 | 0.0039193587407224464 0.0037722856987789863 0.0011424458979144797
0.43270138476930586 5.6379518170750276E-5 0.7332399506898238 | -0.001955440890313739 0.0027667254292153597 0.006402214348988181
0.4343866792422023 4.138018653750758E-5 0.9277291950907608 | -0.0044947587585277395 0.02104275424590598 0.026943150013037872
0.4744557310169351 2.105100531354367E-6 0.17294581087765795 | 1.0839271790406592E-4 0.006096402806966892 -0.007000034812591362
0.5096948002803741 4.38204881889739E-6 0.2961394893987545 | 0.00522543709094931 0.002205215776756666 -9.84727019117999E-4
0.4865152201800912 2.186258136940367E-6 0.3708157165014697 | -0.002935014545477287 0.00526530065760367 -3.809659446640122E-4
0.5410180090033757 4.052367347336965E-5 0.428565782273376 | 0.0049734142647564015 0.002972368130636553 -0.001624628083760223
0.5083939422468725 1.07777560202692E-4 0.5085807245903563 | -0.001358017924714633 0.004580215077498995 -0.0011221468686957612
0.5052281150244922 2.9203221807865205E-5 0.578131073221259 | -0.003916163164088179 0.004580434916225088 0.005181259910169692
0.5057948082268615 0.004362915790992638 0.820521709543909 | -0.014980238240952674 -0.5011390779424347 0.1485196612225441
0.5073677653428874 0.0014354172480269703 0.9263609552723571 | 4.6697570483709335E-5 0.014871082848617472 0.05871540682529112
0.5821638070487325 9.743101451858746E-6 0.07951825057407494 | 0.004694538135945734 0.0036830110901012046 -0.004394365652675804
0.5820468026895084 0.015435306991669027 0.09472803937964681 | 0.025860640659430747 -0.33616509270816924 -0.17933272959976895
0.5767932452458153 1.7578779569255856E-5 0.34722282916096703 | -0.005638920259044038 0.004262287787092918 -0.004474849036157904
0.5448596204640477 5.8282098537241025E-5 0.4254554626253115 | 8.002856884109261E-4 0.003908926379897818 0.00397137982706414
0.5784256201723914 2.4700621897093137E-4 0.5050752891744676 | 0.0044393071665415436 0.004979016538988406 -0.0035956992874904333
0.589707485553462 6.383859445162788E-4 0.5898002696389639 | 7.684888629707432E-4 0.005006827666478402 8.560528890277236E-4
0.6477389396830412 0.03307966319993769 0.7460244367774311 | 0.02915673386908099 -0.2026451835065782 -0.009568644249923625
0.5767196847154098 0.0010021677803967336 0.9127104206576492 | -0.015731058844436624 -0.016137848385462655 0.05563795556511713
0.6542687184179631 6.464913982750272E-5 0.14688514460077692 | 5.010670611694679E-4 0.0023559427816129603 -0.007666283223444406
0.7196167431890613 4.3367990317278105E-4 0.2070263053101862 | -0.02111778381670357 0.24801207350030952 0.01518400169826384
0.709063064723363 1.387733268991E-4 0.35384824760407063 | 0.006936870493823523 0.0030404309955708907 -0.0038774386818194386
0.7328546195092547 3.917014758639748E-5 0.43265173048044037 | 0.006446662525556113 0.0027716804372676677 -0.0017739088354106788
0.8206327713234006 0.004645324541929313 0.5057678733109363 | 0.1484641729479144 -0.47606439651652954 -0.015432324532648147
0.7460256782751433 0.033107347136160016 0.6476545304064123 | -0.009610589193050143 -0.2023716832426496 0.029053620176798814
0.7374674788169184 0.01225700917751145 0.7374673489953005 | 0.006906550722137888 0.28605554509545283 0.006915724198493072
0.6868205299852469 6.3192304526911555E-6 0.7938661003745879 | -0.003973999285484115 0.002227907845923035 0.006141306396285663
0.7715439754628262 2.934717811908553E-5 0.16997536688829984 | 0.005887331852029266 0.0010168808814441622 -0.0064798513383556265
0.7934061318376642 1.7490127120886473E-5 0.25769305684693117 | 0.007203959810692919 0.002364646536859265 0.0022128920699757285
0.9086597344468216 7.465677924838239E-4 0.3623087044591872 | 0.08204170848332774 0.019389300160486178 -0.006271832400663909
0.9277290838301328 3.589657127750318E-5 0.434390681046703 | 0.02701787506804673 0.021023754946418106 -0.004465578500003569
0.9263479167342228 0.0014357067114200944 0.507366657417196 | 0.05862779868595564 0.014905215089294856 4.72060156938648E-5
0.9127132724760152 0.0010005180710657053 0.5767150310344247 | 0.05565211476620429 -0.01613593082439822 -0.015727358001874962
0.7938646948091735 6.655385290485582E-6 0.6868219395876414 | 0.006139322517618303 0.0022276987704299544 -0.003976265546754084
0.7819680391913703 1.1863498482709908E-6 0.7819681357709999 | 0.0068666441903532036 0.002257642140697104 0.006866669189263637
0.25213007088753747 0.40000718712305305 0.2521300802829471 | -0.0052096439882547176 0.0026536813278427392 -0.005211560081049313
0.2498498871448597 0.4000012233897605 0.33922821154863536 | -0.004588756333043831 9.490804170651112E-4 0.007638984133423194
0.22447106609113476 0.036279925627676235 0.40002392698141576 | 9.537362805812616E-4 -0.009669668625160138 0.007541711016453449
0.20884630917840274 0.10524383017171705 0.40000071698067485 | -0.00637428824756965 0.0034740855471506365 1.2310991552850564E-4
0.23327847568022828 1.8718987489044193E-4 0.47950157542565075 | -0.00580541676076965 0.005450163539803154 0.0012042180970902303
0.19636832841082616 9.894749267071371E-5 0.5663767454517299 | -0.007568526728032943 0.0032092233420578428 -5.192355477442297E-4
0.14983861887537864 6.410580908591384E-5 0.6538297079478755 | -0.007811338481741793 0.0022258804829589033 3.579239369508323E-4
0.1871550320669699 3.6796810991771356E-6 0.7575307876622696 | -0.008578434007722804 0.001716560327454326 2.6702733925397087E-4
0.33922818798137083 0.4000012065294853 0.24984966577103243 | 0.00763640831368506 9.489378753308348E-4 -0.004593070892989446
0.3436430936977415 0.40000239507411595 0.3436374705888695 | 0.005191844738924783 0.002733029304756085 0.005194202269251757
0.3155671594336643 3.101728600534738E-5 0.4473060335161748 | -0.0025860137869541918 0.003982215315797157 0.0016856909315856627
0.32453173443567884 0.09394467513155105 0.40000004741487893 | 0.002473249136774898 0.005463742687661935 7.603320484816803E-5
0.3014191546380288 6.250959860160899E-5 0.5111086735585343 | -0.004561439529117402 0.0021144327711832282 0.0032160023364529644
0.26633290753696925 4.993122087162778E-5 0.5915906635167367 | 0.001963798297255205 0.004699131123542548 -0.0018845983763172128
0.21552537608681296 5.985948633848913E-6 0.7170747420644855 | -0.0043868164015122115 0.0043681646409791785 -0.0010532178560287676
0.2590417315869733 3.7986621992752047E-6 0.791025852507135 | 6.885234686618993E-4 0.0018774442506529403 0.007992261481002651
0.400003851577182 0.03643984819583155 0.22430512094691094 | 0.006860728353541212 -0.010391946155210302 9.113049339554871E-4
0.45771200004243257 9.132165406207078E-5 0.3057923003159465 | 0.0022248165044864913 0.00258838387807385 -0.0048965233085248765
0.49879091967319883 5.3208438555669356E-6 0.49888350035452644 | 0.0037574026847052794 0.0040847969215439045 0.0041468389273770605
0.31791003227685094 4.1378798213262765E-4 0.4000403170127112 | 0.0029730632318587954 0.003090468449247073 0.006439287030978638
0.3737417768243167 1.94175517954317E-5 0.4845450253100892 | -0.003359720793144144 0.004701850702627052 -0.0033845440333632785
0.34440753475015823 2.513691107498894E-6 0.5751016607056184 | 0.007805230371282199 0.003929297844111121 -4.6590252300878605E-4
0.36534115928733213 3.412001310488177E-6 0.649789840173531 | -6.042266627761571E-4 0.003871785355897343 0.004815612232360902
0.3498514454841719 2.1111282667957754E-6 0.7433066440663195 | -0.00701702599137318 0.001711739215995025 0.003906247081544701
0.4000005290456361 0.10396143344497231 0.20833179333195992 | 2.4312250926293154E-4 0.001861755681837057 -0.008127818500354688
0.4000008373471201 0.09332127075255157 0.32439641060917285 | 5.192183348547107E-5 0.004878598508993186 0.003850008049067687
0.4000849567894462 1.9770106877162934E-4 0.31205791091387225 | 0.008646891236850265 8.889256579936005E-4 0.005866549383278699
0.4248608146128011 1.7254233748687143E-4 0.4260172178847697 | -6.465445731809206E-4 0.006285432612602462 -0.001191915019357202
0.428854075726197 4.662777838337452E-7 0.5399527091987091 | -0.0017309954486129698 0.002586155223028774 0.005600276607634784
0.4448830548905805 6.690779548984023E-5 0.6413607430157499 | -0.0027375309869027385 0.005268699933288513 7.310122199465287E-4
0.43193899257742924 3.8882715235770334E-5 0.7278687042876494 | -8.945730715280345E-4 0.0024357876199485725 0.007214862937397244
0.42740720891285366 3.7164158261243756E-5 0.8403616105678946 | -0.004180138649001224 0.0033874998330793494 0.004113255355021123
0.4795015119474629 1.949646072032398E-4 0.2332804489945515 | 0.001542767565792205 0.006122482744851436 -0.006651393095606209
0.5105562667012554 3.441802862990557E-6 0.3010470839605544 | 0.003834725460445185 0.0019456627169673266 -0.004281825686143053
0.487175644600186 8.752075895173246E-5 0.3723625501218636 | -0.003529322566326942 0.004700593325694505 -0.0026157778678600353
0.5397224174452131 1.4285666554095904E-6 0.429042619615321 | 0.0054901452031999205 0.0025483709213139547 -0.0019093336663278072
0.5346958695161649 3.197310592006179E-4 0.534920345888216 | -0.002591410639155857 0.0057546750514385755 -0.003137446049238644
0.49976165607328465 2.4180234431757212E-5 0.5901574996186525 | 0.0015761634668743337 0.0052233252330354816 -0.005642694159808988
0.5145467619750319 6.512959772887733E-6 0.7321090918252116 | 0.0042467452550231845 0.002949221106419269 0.006981311407134482
0.5148016576620605 4.758562130680001E-8 0.8321486895578852 | -0.009174990323588287 3.350643253213466E-4 0.004937117330831789
0.5664411600149534 1.3175351986811505E-5 0.19599196690243217 | -3.3150351302164586E-4 0.0029273629333985357 -0.006697594509546153
0.5916555166368405 8.220532653992982E-5 0.2662986542467843 | -0.002082095095470597 0.005126526234566173 0.002009420485721126
0.5755321553204846 4.5103682420302076E-5 0.3441892279069926 | -3.6212202523499225E-4 0.0033958086989018597 0.008251320088791685
0.6412687284919193 1.1428423886563352E-4 0.445095820002972 | 6.182104673936724E-4 0.005139523247061057 -0.002682585742724328
0.5904200638456674 2.6557564419993622E-5 0.49972130022735584 | -0.0052076651810975694 0.005410528217037883 0.0013538119463924842
0.5896687490155892 2.667120422026167E-5 0.5897620778972946 | 0.0019122801923689677 0.004973568597614038 0.0017062799142144446
0.6035730985263922 8.318540080847083E-5 0.666485542849545 | -0.0013727519295967804 0.005981394941254603 0.005615529994476587
0.58473452064231 4.950980420608395E-6 0.7949387181928382 | 0.00479522356372354 0.003100795404388527 0.004154965614168575
0.6538428680348575 5.5791033175328304E-5 0.14984618945900952 | 3.555784929437608E-4 0.0022446462557494224 -0.007794110075208706
0.7171318855559878 3.9222027172945776E-7 0.21556626398244877 | -0.0010542591184476582 0.004380289692183897 -0.004366505847446157
0.6498986999473528 4.195329780766721E-5 0.3653191497000329 | 0.004890227423131517 0.0040713352621207415 -4.4851613959149904E-4
0.7270338088680106 1.133963917163784E-5 0.43184169015427326 | 0.0072743939835501325 0.0024572942526476975 -7.270820095599925E-4
0.7321494270864868 2.3220597970458168E-6 0.5145494293055952 | 0.00689349036860998 0.002994039657824268 0.004236975480239648
0.6664147826186436 9.194108755686438E-5 0.6035096797913282 | 0.005586161702117741 0.005957281149684104 -0.0015056401622617736
0.6983569842547344 1.3436628997225098E-4 0.6983466494174577 | -0.002899455911168095 0.002670308804976667 -0.0028896344014504183
0.6845873050085686 8.76714800477607E-6 0.7900146173373267 | -0.002961648875780969 0.0021357646860830403 0.006783746483676695
0.7575272874415229 3.5522181371723937E-6 0.1871561124456033 | 1.959721235063603E-4 0.0017255339761185246 -0.008570916044972619
0.7910485506546248 6.401319418613238E-7 0.25903068390415546 | 0.007991344157199218 0.0018830753641114707 6.8034388917321E-4
0.7433598272626595 8.872058021329775E-6 0.3498568288061868 | 0.004226619987484927 0.001470139099291629 -0.006775023367732278
0.8404772738779821 1.0000170610394276E-5 0.4273359647787492 | 0.0041069747774129415 0.003424674685881546 -0.004138767452348344
0.8320986213227868 1.9947458531992043E-6 0.5147786750617257 | 0.004986942846602655 2.9010904748922234E-4 -0.009155048289066459
0.7949393381819183 2.509567504380568E-6 0.5847268494825159 | 0.004160845050869666 0.0031218137902294545 0.004773272936709214
0.7900134649013624 9.087243775810013E-6 0.6845884312150187 | 0.006782858437133174 0.0021356901808939357 -0.0029622799645033205
0.7437455636135751 5.629649114125538E-6 0.743745526534862 | -0.007349697934632452 8.74211764162287E-4 -0.0073471359123178735
