512
0.29432264917619666 0.8998905908238033 0.29432264917619666
0.29296227382468554 0.9012509661753142 0.3497552028229481
0.2927878768173328 0.9014253631826675 0.3999975571238893
0.292786158333716 0.9014270816662837 0.4500003487983434
0.2927861583337161 0.9014270816662837 0.49999965120165657
0.2927878768173328 0.9014253631826675 0.5500024428761108
0.29296227382468554 0.9012509661753142 0.6002447971770519
0.29432264917619666 0.8998905908238033 0.6556773508238033
0.3497552028229481 0.9012509661753142 0.29296227382468554
0.3496574456467425 0.9027755559482766 0.3496574456467425
0.3495603121254034 0.903012922040261 0.4000019210889985
0.34955561778205535 0.903014300177647 0.45000057296507595
0.34955561778205535 0.903014300177647 0.499999427034924
0.3495603121254034 0.903012922040261 0.5499980789110017
0.34965744564674267 0.9027755559482766 0.6003425543532575
0.3497552028229481 0.9012509661753142 0.6570377261753142
0.3999975571238893 0.9014253631826675 0.2927878768173328
0.4000019210889985 0.903012922040261 0.3495603121254034
0.399999368193328 0.9032903167911193 0.399999368193328
0.39999582339035067 0.9032938197713257 0.45000089775227853
0.39999582339035067 0.9032938197713257 0.49999910224772154
0.39999936819332793 0.9032903167911193 0.5500006318066719
0.4000019210889985 0.903012922040261 0.6004396878745969
0.3999975571238893 0.9014253631826675 0.6572121231826675
0.4500003487983434 0.9014270816662837 0.292786158333716
0.45000057296507595 0.903014300177647 0.34955561778205535
0.45000089775227853 0.9032938197713257 0.39999582339035067
0.4500009083078373 0.9032987111970998 0.4500009083078373
0.4500009083078373 0.9032987111970998 0.49999909169216283
0.45000089775227853 0.9032938197713257 0.5500041766096492
0.45000057296507595 0.903014300177647 0.6004443822179445
0.4500003487983434 0.9014270816662838 0.6572138416662838
0.49999965120165657 0.9014270816662837 0.2927861583337161
0.499999427034924 0.903014300177647 0.34955561778205535
0.49999910224772154 0.9032938197713257 0.39999582339035067
0.49999909169216283 0.9032987111970998 0.4500009083078373
0.49999909169216283 0.9032987111970998 0.49999909169216283
0.49999910224772154 0.9032938197713257 0.5500041766096492
0.499999427034924 0.903014300177647 0.6004443822179445
0.49999965120165657 0.9014270816662837 0.6572138416662838
0.5500024428761108 0.9014253631826675 0.2927878768173328
0.5499980789110017 0.903012922040261 0.3495603121254034
0.5500006318066719 0.9032903167911193 0.39999936819332793
0.5500041766096492 0.9032938197713257 0.45000089775227853
0.5500041766096492 0.9032938197713257 0.49999910224772154
0.5500006318066719 0.9032903167911193 0.5500006318066719
0.5499980789110017 0.903012922040261 0.6004396878745968
0.5500024428761108 0.9014253631826675 0.6572121231826675
0.6002447971770519 0.9012509661753142 0.29296227382468554
0.6003425543532575 0.9027755559482766 0.34965744564674267
0.6004396878745969 0.903012922040261 0.4000019210889985
0.6004443822179445 0.903014300177647 0.45000057296507595
0.6004443822179445 0.903014300177647 0.499999427034924
0.6004396878745968 0.903012922040261 0.5499980789110017
0.6003425543532575 0.9027755559482766 0.6003425543532575
0.6002447971770519 0.9012509661753142 0.6570377261753142
0.6556773508238033 0.8998905908238033 0.29432264917619666
0.6570377261753142 0.9012509661753142 0.3497552028229481
0.6572121231826675 0.9014253631826675 0.3999975571238893
0.6572138416662838 0.9014270816662838 0.4500003487983434
0.6572138416662837 0.9014270816662837 0.49999965120165657
0.6572121231826675 0.9014253631826675 0.5500024428761108
0.6570377261753142 0.9012509661753142 0.6002447971770519
0.6556773508238033 0.8998905908238033 0.6556773508238033
0.29296227382468554 0.8444580371770518 0.29296227382468554
0.2914376840517234 0.8445557943532573 0.34965744564674267
0.2912003179597391 0.8446529278745968 0.4000019210889985
0.2911989398223529 0.8446576222179444 0.45000057296507595
0.2911989398223529 0.8446576222179444 0.499999427034924
0.29120031795973916 0.8446529278745968 0.5499980789110017
0.2914376840517234 0.8445557943532573 0.6003425543532575
0.29296227382468554 0.8444580371770518 0.6570377261753142
0.34965744564674267 0.8445557943532573 0.2914376840517234
0.34950498681421965 0.8447082531857804 0.34950498681421965
0.34937487841148646 0.8448383615885138 0.40001275657062874
0.34936819759094895 0.8448450424090512 0.4500009412218037
0.34936819759094895 0.8448450424090512 0.4999990587781962
0.34937487841148646 0.8448383615885138 0.5499872434293714
0.34950498681421965 0.8447082531857804 0.6004950131857805
0.34965744564674267 0.8445557943532573 0.6585623159482766
0.4000019210889985 0.8446529278745968 0.2912003179597391
0.40001275657062874 0.8448383615885138 0.34937487841148646
0.4000105850747221 0.8449864196019805 0.4000105850747221
0.40000536482873833 0.844995186647274 0.4500015593388341
0.4000053648287383 0.8449951866472741 0.49999844066116594
0.4000105850747221 0.8449864196019805 0.5499894149252781
0.40001275657062874 0.8448383615885138 0.6006251215885139
0.4000019210889985 0.8446529278745968 0.658799682040261
0.45000057296507595 0.8446576222179444 0.2911989398223529
0.4500009412218037 0.8448450424090512 0.34936819759094895
0.4500015593388341 0.844995186647274 0.40000536482873833
0.4500016208012105 0.8450050203247005 0.4500016208012105
0.4500016208012105 0.8450050203247005 0.49999837919878964
0.45000155933883407 0.844995186647274 0.5499946351712618
0.4500009412218037 0.8448450424090512 0.6006318024090512
0.45000057296507595 0.8446576222179444 0.6588010601776471
0.499999427034924 0.8446576222179444 0.2911989398223529
0.4999990587781962 0.8448450424090512 0.34936819759094895
0.49999844066116594 0.8449951866472741 0.4000053648287383
0.49999837919878964 0.8450050203247005 0.4500016208012105
0.49999837919878964 0.8450050203247005 0.49999837919878964
0.499998440661166 0.844995186647274 0.5499946351712618
0.4999990587781962 0.8448450424090512 0.6006318024090513
0.499999427034924 0.8446576222179444 0.658801060177647
0.5499980789110017 0.8446529278745968 0.29120031795973916
0.5499872434293714 0.8448383615885138 0.34937487841148646
0.5499894149252781 0.8449864196019805 0.4000105850747221
0.5499946351712618 0.844995186647274 0.45000155933883407
0.5499946351712618 0.844995186647274 0.499998440661166
0.5499894149252781 0.8449864196019805 0.5499894149252781
0.5499872434293714 0.8448383615885138 0.6006251215885138
0.5499980789110017 0.8446529278745968 0.658799682040261
0.6003425543532575 0.8445557943532573 0.2914376840517234
0.6004950131857805 0.8447082531857804 0.34950498681421965
0.6006251215885139 0.8448383615885138 0.40001275657062874
0.6006318024090512 0.8448450424090512 0.4500009412218037
0.6006318024090513 0.8448450424090512 0.4999990587781962
0.6006251215885138 0.8448383615885138 0.5499872434293714
0.6004950131857805 0.8447082531857804 0.6004950131857805
0.6003425543532575 0.8445557943532573 0.6585623159482766
0.6570377261753142 0.8444580371770518 0.29296227382468554
0.6585623159482766 0.8445557943532573 0.34965744564674267
0.658799682040261 0.8446529278745968 0.4000019210889985
0.6588010601776471 0.8446576222179444 0.45000057296507595
0.658801060177647 0.8446576222179444 0.499999427034924
0.658799682040261 0.8446529278745968 0.5499980789110017
0.6585623159482766 0.8445557943532573 0.6003425543532575
0.6570377261753142 0.8444580371770518 0.6570377261753142
0.2927878768173328 0.7942156828761108 0.2927878768173328
0.29120031795973916 0.7942113189110017 0.3495603121254034
0.2909229232088805 0.7942138718066719 0.39999936819332793
0.2909194202286746 0.7942174166096492 0.45000089775227853
0.2909194202286746 0.7942174166096492 0.49999910224772154
0.2909229232088805 0.7942138718066719 0.5500006318066719
0.29120031795973916 0.7942113189110017 0.6004396878745968
0.2927878768173328 0.7942156828761108 0.6572121231826675
0.3495603121254034 0.7942113189110017 0.29120031795973916
0.34937487841148646 0.7942004834293714 0.34937487841148646
0.3492268203980194 0.794202654925278 0.4000105850747221
0.349218053352726 0.7942078751712618 0.45000155933883407
0.34921805335272604 0.7942078751712618 0.499998440661166
0.3492268203980194 0.7942026549252781 0.5499894149252781
0.34937487841148646 0.7942004834293713 0.6006251215885138
0.3495603121254034 0.7942113189110017 0.658799682040261
0.39999936819332793 0.7942138718066719 0.2909229232088805
0.4000105850747221 0.794202654925278 0.3492268203980194
0.4000071465804033 0.7942060934195966 0.4000071465804033
0.40000087107657806 0.794212368923422 0.45000239804159153
0.40000087107657806 0.794212368923422 0.49999760195840837
0.4000071465804033 0.7942060934195966 0.5499928534195966
0.4000105850747221 0.794202654925278 0.6007731796019806
0.399999368193328 0.7942138718066719 0.6590770767911193
0.45000089775227853 0.7942174166096492 0.2909194202286746
0.45000155933883407 0.7942078751712618 0.349218053352726
0.45000239804159153 0.794212368923422 0.40000087107657806
0.45000247052199943 0.7942189720932518 0.45000247052199943
0.45000247052199943 0.7942189720932518 0.4999975294780006
0.45000239804159153 0.794212368923422 0.549999128923422
0.45000155933883407 0.7942078751712618 0.600781946647274
0.45000089775227853 0.7942174166096492 0.6590805797713257
0.49999910224772154 0.7942174166096492 0.2909194202286746
0.499998440661166 0.7942078751712618 0.34921805335272604
0.49999760195840837 0.794212368923422 0.40000087107657806
0.4999975294780006 0.7942189720932518 0.45000247052199943
0.4999975294780006 0.7942189720932518 0.4999975294780006
0.49999760195840837 0.794212368923422 0.5499991289234221
0.499998440661166 0.7942078751712618 0.600781946647274
0.49999910224772154 0.7942174166096492 0.6590805797713257
0.5500006318066719 0.7942138718066719 0.2909229232088805
0.5499894149252781 0.7942026549252781 0.3492268203980194
0.5499928534195966 0.7942060934195966 0.4000071465804033
0.549999128923422 0.794212368923422 0.45000239804159153
0.5499991289234221 0.794212368923422 0.49999760195840837
0.5499928534195966 0.7942060934195966 0.5499928534195966
0.5499894149252781 0.794202654925278 0.6007731796019806
0.5500006318066719 0.7942138718066719 0.6590770767911193
0.6004396878745968 0.7942113189110017 0.29120031795973916
0.6006251215885138 0.7942004834293713 0.34937487841148646
0.6007731796019806 0.794202654925278 0.4000105850747221
0.600781946647274 0.7942078751712618 0.45000155933883407
0.600781946647274 0.7942078751712618 0.499998440661166
0.6007731796019806 0.794202654925278 0.5499894149252781
0.6006251215885138 0.7942004834293713 0.6006251215885138
0.6004396878745968 0.7942113189110017 0.658799682040261
0.6572121231826675 0.7942156828761108 0.2927878768173328
0.658799682040261 0.7942113189110017 0.3495603121254034
0.6590770767911193 0.7942138718066719 0.399999368193328
0.6590805797713257 0.7942174166096492 0.45000089775227853
0.6590805797713257 0.7942174166096492 0.49999910224772154
0.6590770767911193 0.7942138718066719 0.5500006318066719
0.658799682040261 0.7942113189110017 0.6004396878745968
0.6572121231826675 0.7942156828761108 0.6572121231826675
0.292786158333716 0.7442128912016569 0.292786158333716
0.2911989398223529 0.744212667034924 0.34955561778205535
0.29091942022867456 0.7442123422477214 0.39999582339035067
0.29091452880290025 0.7442123316921627 0.4500009083078373
0.29091452880290025 0.7442123316921627 0.49999909169216283
0.2909194202286746 0.7442123422477214 0.5500041766096492
0.2911989398223529 0.744212667034924 0.6004443822179445
0.292786158333716 0.7442128912016568 0.6572138416662837
0.34955561778205535 0.744212667034924 0.2911989398223529
0.34936819759094895 0.7442122987781963 0.34936819759094895
0.349218053352726 0.7442116806611659 0.4000053648287383
0.3492082196752995 0.7442116191987894 0.4500016208012105
0.3492082196752996 0.7442116191987894 0.49999837919878964
0.34921805335272604 0.7442116806611659 0.5499946351712618
0.34936819759094895 0.7442122987781963 0.6006318024090513
0.34955561778205535 0.744212667034924 0.658801060177647
0.39999582339035067 0.7442123422477214 0.29091942022867456
0.4000053648287383 0.7442116806611659 0.349218053352726
0.40000087107657806 0.7442108419584084 0.40000087107657806
0.3999942679067481 0.7442107694780007 0.45000247052199943
0.3999942679067481 0.7442107694780007 0.4999975294780006
0.40000087107657806 0.7442108419584084 0.549999128923422
0.4000053648287383 0.7442116806611659 0.6007819466472741
0.39999582339035067 0.7442123422477214 0.6590805797713257
0.4500009083078373 0.7442123316921627 0.29091452880290025
0.4500016208012105 0.7442116191987894 0.3492082196752995
0.45000247052199943 0.7442107694780007 0.3999942679067481
0.450002514935592 0.7442107250644078 0.450002514935592
0.450002514935592 0.7442107250644078 0.4999974850644079
0.45000247052199943 0.7442107694780006 0.5500057320932519
0.4500016208012105 0.7442116191987894 0.6007917803247005
0.4500009083078373 0.7442123316921627 0.6590854711970998
0.49999909169216283 0.7442123316921627 0.29091452880290025
0.49999837919878964 0.7442116191987894 0.3492082196752996
0.4999975294780006 0.7442107694780007 0.3999942679067481
0.4999974850644079 0.7442107250644078 0.450002514935592
0.4999974850644079 0.7442107250644078 0.4999974850644079
0.4999975294780006 0.7442107694780007 0.5500057320932519
0.49999837919878964 0.7442116191987894 0.6007917803247005
0.49999909169216283 0.7442123316921627 0.6590854711970998
0.5500041766096492 0.7442123422477214 0.2909194202286746
0.5499946351712618 0.7442116806611659 0.34921805335272604
0.549999128923422 0.7442108419584084 0.40000087107657806
0.5500057320932519 0.7442107694780006 0.45000247052199943
0.5500057320932519 0.7442107694780006 0.4999975294780006
0.549999128923422 0.7442108419584084 0.549999128923422
0.5499946351712618 0.7442116806611659 0.600781946647274
0.5500041766096492 0.7442123422477214 0.6590805797713257
0.6004443822179445 0.744212667034924 0.2911989398223529
0.6006318024090513 0.7442122987781963 0.34936819759094895
0.6007819466472741 0.7442116806611659 0.4000053648287383
0.6007917803247005 0.7442116191987894 0.4500016208012105
0.6007917803247005 0.7442116191987894 0.49999837919878964
0.6007819466472741 0.7442116806611659 0.5499946351712618
0.6006318024090513 0.7442122987781963 0.6006318024090513
0.6004443822179445 0.744212667034924 0.658801060177647
0.6572138416662837 0.7442128912016568 0.2927861583337161
0.6588010601776471 0.744212667034924 0.34955561778205535
0.6590805797713257 0.7442123422477214 0.39999582339035067
0.6590854711970998 0.7442123316921627 0.4500009083078373
0.6590854711970998 0.7442123316921627 0.49999909169216283
0.6590805797713257 0.7442123422477214 0.5500041766096492
0.6588010601776471 0.744212667034924 0.6004443822179445
0.6572138416662838 0.7442128912016568 0.6572138416662838
0.292786158333716 0.694213588798343 0.292786158333716
0.2911989398223529 0.694213812965076 0.34955561778205535
0.29091942022867456 0.6942141377522786 0.39999582339035067
0.29091452880290025 0.6942141483078372 0.4500009083078373
0.2909145288029002 0.6942141483078372 0.49999909169216283
0.2909194202286746 0.6942141377522786 0.5500041766096492
0.2911989398223529 0.694213812965076 0.6004443822179445
0.29278615833371596 0.6942135887983432 0.6572138416662837
0.34955561778205535 0.694213812965076 0.2911989398223529
0.34936819759094895 0.6942141812218037 0.34936819759094895
0.34921805335272604 0.694214799338834 0.4000053648287383
0.3492082196752995 0.6942148608012105 0.4500016208012105
0.3492082196752996 0.6942148608012105 0.49999837919878964
0.34921805335272604 0.694214799338834 0.5499946351712618
0.34936819759094895 0.6942141812218037 0.6006318024090513
0.34955561778205535 0.694213812965076 0.658801060177647
0.39999582339035067 0.6942141377522786 0.29091942022867456
0.4000053648287383 0.694214799338834 0.349218053352726
0.40000087107657806 0.6942156380415916 0.40000087107657806
0.3999942679067481 0.6942157105219994 0.45000247052199943
0.39999426790674814 0.6942157105219993 0.4999975294780006
0.40000087107657806 0.6942156380415916 0.549999128923422
0.40000536482873833 0.694214799338834 0.600781946647274
0.39999582339035067 0.6942141377522786 0.6590805797713257
0.4500009083078373 0.6942141483078372 0.29091452880290025
0.4500016208012105 0.6942148608012105 0.3492082196752996
0.45000247052199943 0.6942157105219994 0.3999942679067481
0.450002514935592 0.6942157549355922 0.450002514935592
0.450002514935592 0.6942157549355922 0.4999974850644079
0.45000247052199943 0.6942157105219994 0.5500057320932519
0.4500016208012105 0.6942148608012105 0.6007917803247005
0.4500009083078373 0.6942141483078372 0.6590854711970998
0.49999909169216283 0.6942141483078372 0.2909145288029002
0.49999837919878964 0.6942148608012105 0.3492082196752996
0.4999975294780006 0.6942157105219993 0.39999426790674814
0.4999974850644079 0.6942157549355922 0.450002514935592
0.4999974850644079 0.6942157549355922 0.4999974850644079
0.4999975294780006 0.6942157105219994 0.5500057320932519
0.49999837919878964 0.6942148608012105 0.6007917803247005
0.49999909169216283 0.6942141483078372 0.6590854711970998
0.5500041766096492 0.6942141377522786 0.2909194202286746
0.5499946351712618 0.694214799338834 0.34921805335272604
0.549999128923422 0.6942156380415916 0.40000087107657806
0.5500057320932519 0.6942157105219994 0.45000247052199943
0.5500057320932519 0.6942157105219994 0.4999975294780006
0.549999128923422 0.6942156380415916 0.549999128923422
0.5499946351712618 0.694214799338834 0.600781946647274
0.5500041766096492 0.6942141377522786 0.6590805797713257
0.6004443822179445 0.694213812965076 0.29119893982235284
0.6006318024090513 0.6942141812218037 0.34936819759094895
0.6007819466472741 0.694214799338834 0.4000053648287383
0.6007917803247005 0.6942148608012105 0.4500016208012105
0.6007917803247005 0.6942148608012105 0.49999837919878964
0.600781946647274 0.694214799338834 0.5499946351712618
0.6006318024090513 0.6942141812218037 0.6006318024090513
0.6004443822179445 0.694213812965076 0.658801060177647
0.6572138416662837 0.6942135887983432 0.29278615833371596
0.6588010601776471 0.694213812965076 0.34955561778205535
0.6590805797713257 0.6942141377522786 0.39999582339035067
0.6590854711970998 0.6942141483078372 0.4500009083078373
0.6590854711970998 0.6942141483078372 0.49999909169216283
0.6590805797713257 0.6942141377522786 0.5500041766096492
0.6588010601776471 0.694213812965076 0.6004443822179445
0.6572138416662838 0.6942135887983432 0.6572138416662838
0.2927878768173328 0.6442107971238892 0.2927878768173328
0.29120031795973916 0.6442151610889983 0.3495603121254034
0.2909229232088805 0.6442126081933282 0.39999936819332793
0.2909194202286746 0.6442090633903509 0.45000089775227853
0.2909194202286746 0.6442090633903509 0.49999910224772154
0.2909229232088805 0.644212608193328 0.5500006318066719
0.29120031795973916 0.6442151610889983 0.6004396878745968
0.2927878768173328 0.6442107971238893 0.6572121231826675
0.3495603121254034 0.6442151610889983 0.29120031795973916
0.34937487841148646 0.6442259965706286 0.34937487841148646
0.3492268203980194 0.644223825074722 0.4000105850747221
0.349218053352726 0.6442186048287383 0.45000155933883407
0.34921805335272604 0.6442186048287383 0.499998440661166
0.3492268203980194 0.644223825074722 0.5499894149252781
0.34937487841148646 0.6442259965706286 0.6006251215885138
0.3495603121254034 0.6442151610889983 0.658799682040261
0.399999368193328 0.6442126081933282 0.2909229232088805
0.4000105850747221 0.644223825074722 0.3492268203980194
0.4000071465804033 0.6442203865804035 0.4000071465804033
0.40000087107657806 0.644214111076578 0.45000239804159153
0.40000087107657806 0.644214111076578 0.49999760195840837
0.4000071465804033 0.6442203865804034 0.5499928534195966
0.4000105850747221 0.644223825074722 0.6007731796019806
0.399999368193328 0.6442126081933282 0.6590770767911193
0.45000089775227853 0.6442090633903509 0.2909194202286746
0.45000155933883407 0.6442186048287383 0.349218053352726
0.45000239804159153 0.644214111076578 0.40000087107657806
0.45000247052199943 0.6442075079067482 0.45000247052199943
0.45000247052199943 0.6442075079067482 0.4999975294780006
0.45000239804159153 0.6442141110765781 0.5499991289234221
0.45000155933883407 0.6442186048287383 0.600781946647274
0.45000089775227853 0.6442090633903509 0.6590805797713257
0.49999910224772154 0.6442090633903509 0.2909194202286746
0.499998440661166 0.6442186048287383 0.34921805335272604
0.49999760195840837 0.644214111076578 0.40000087107657806
0.4999975294780006 0.6442075079067482 0.45000247052199943
0.4999975294780006 0.6442075079067482 0.4999975294780006
0.49999760195840837 0.6442141110765781 0.5499991289234221
0.499998440661166 0.6442186048287383 0.600781946647274
0.49999910224772154 0.6442090633903509 0.6590805797713257
0.5500006318066719 0.6442126081933282 0.2909229232088805
0.5499894149252781 0.644223825074722 0.3492268203980194
0.5499928534195966 0.6442203865804034 0.4000071465804033
0.5499991289234221 0.6442141110765781 0.45000239804159153
0.5499991289234221 0.6442141110765781 0.49999760195840837
0.5499928534195966 0.6442203865804034 0.5499928534195966
0.5499894149252781 0.644223825074722 0.6007731796019806
0.5500006318066719 0.6442126081933282 0.6590770767911193
0.6004396878745968 0.6442151610889983 0.29120031795973916
0.6006251215885138 0.6442259965706286 0.34937487841148646
0.6007731796019806 0.644223825074722 0.4000105850747221
0.600781946647274 0.6442186048287383 0.45000155933883407
0.600781946647274 0.6442186048287383 0.499998440661166
0.6007731796019806 0.644223825074722 0.5499894149252781
0.6006251215885138 0.6442259965706286 0.6006251215885138
0.6004396878745968 0.6442151610889983 0.658799682040261
0.6572121231826675 0.6442107971238893 0.2927878768173328
0.658799682040261 0.6442151610889983 0.3495603121254034
0.6590770767911193 0.6442126081933282 0.399999368193328
0.6590805797713257 0.6442090633903509 0.45000089775227853
0.6590805797713257 0.6442090633903509 0.49999910224772154
0.6590770767911193 0.6442126081933282 0.5500006318066719
0.658799682040261 0.6442151610889983 0.6004396878745968
0.6572121231826675 0.6442107971238893 0.6572121231826675
0.29296227382468554 0.5939684428229483 0.29296227382468554
0.2914376840517234 0.5938706856467426 0.34965744564674267
0.2912003179597391 0.5937735521254032 0.4000019210889985
0.2911989398223529 0.5937688577820556 0.45000057296507595
0.2911989398223529 0.5937688577820556 0.499999427034924
0.29120031795973916 0.5937735521254033 0.5499980789110017
0.2914376840517234 0.5938706856467426 0.6003425543532575
0.29296227382468554 0.5939684428229481 0.6570377261753142
0.34965744564674267 0.5938706856467426 0.2914376840517234
0.34950498681421965 0.5937182268142196 0.34950498681421965
0.34937487841148646 0.5935881184114862 0.40001275657062874
0.34936819759094895 0.5935814375909488 0.4500009412218037
0.34936819759094895 0.5935814375909487 0.4999990587781962
0.34937487841148646 0.5935881184114862 0.5499872434293714
0.34950498681421965 0.5937182268142196 0.6004950131857805
0.34965744564674267 0.5938706856467426 0.6585623159482766
0.4000019210889985 0.5937735521254032 0.2912003179597391
0.40001275657062874 0.5935881184114862 0.34937487841148646
0.4000105850747221 0.5934400603980194 0.4000105850747221
0.40000536482873833 0.5934312933527259 0.4500015593388341
0.4000053648287383 0.593431293352726 0.49999844066116594
0.4000105850747221 0.5934400603980194 0.5499894149252781
0.40001275657062874 0.5935881184114862 0.6006251215885139
0.4000019210889985 0.5937735521254032 0.658799682040261
0.45000057296507595 0.5937688577820556 0.2911989398223529
0.4500009412218037 0.5935814375909488 0.34936819759094895
0.4500015593388341 0.5934312933527259 0.4000053648287383
0.4500016208012105 0.5934214596752996 0.4500016208012105
0.4500016208012105 0.5934214596752996 0.49999837919878964
0.4500015593388341 0.593431293352726 0.5499946351712618
0.4500009412218037 0.5935814375909487 0.6006318024090512
0.45000057296507595 0.5937688577820556 0.6588010601776471
0.499999427034924 0.5937688577820556 0.2911989398223529
0.4999990587781962 0.5935814375909487 0.34936819759094895
0.49999844066116594 0.593431293352726 0.4000053648287383
0.49999837919878964 0.5934214596752996 0.4500016208012105
0.49999837919878964 0.5934214596752996 0.49999837919878964
0.499998440661166 0.593431293352726 0.5499946351712618
0.4999990587781962 0.5935814375909487 0.6006318024090513
0.499999427034924 0.5937688577820556 0.658801060177647
0.5499980789110017 0.5937735521254033 0.29120031795973916
0.5499872434293714 0.5935881184114862 0.34937487841148646
0.5499894149252781 0.5934400603980194 0.4000105850747221
0.5499946351712618 0.593431293352726 0.4500015593388341
0.5499946351712618 0.593431293352726 0.499998440661166
0.5499894149252781 0.5934400603980194 0.5499894149252781
0.5499872434293714 0.5935881184114862 0.6006251215885139
0.5499980789110017 0.5937735521254033 0.658799682040261
0.6003425543532575 0.5938706856467426 0.2914376840517234
0.6004950131857805 0.5937182268142196 0.34950498681421965
0.6006251215885139 0.5935881184114862 0.40001275657062874
0.6006318024090513 0.5935814375909487 0.4500009412218037
0.6006318024090513 0.5935814375909487 0.4999990587781962
0.6006251215885139 0.5935881184114862 0.5499872434293714
0.6004950131857805 0.5937182268142196 0.6004950131857805
0.6003425543532575 0.5938706856467426 0.6585623159482766
0.6570377261753142 0.5939684428229481 0.29296227382468554
0.6585623159482766 0.5938706856467426 0.34965744564674267
0.658799682040261 0.5937735521254032 0.4000019210889985
0.6588010601776471 0.5937688577820556 0.45000057296507595
0.658801060177647 0.5937688577820556 0.499999427034924
0.658799682040261 0.5937735521254033 0.5499980789110017
0.6585623159482766 0.5938706856467426 0.6003425543532575
0.6570377261753142 0.5939684428229481 0.6570377261753142
0.29432264917619666 0.5385358891761968 0.29432264917619666
0.29296227382468554 0.5371755138246859 0.3497552028229481
0.2927878768173328 0.5370011168173325 0.3999975571238893
0.29278615833371596 0.5369993983337163 0.4500003487983434
0.29278615833371596 0.5369993983337163 0.49999965120165657
0.2927878768173328 0.5370011168173325 0.5500024428761108
0.29296227382468554 0.5371755138246859 0.6002447971770519
0.29432264917619666 0.5385358891761968 0.6556773508238033
0.3497552028229481 0.5371755138246859 0.29296227382468554
0.3496574456467425 0.5356509240517234 0.3496574456467425
0.3495603121254034 0.5354135579597391 0.4000019210889985
0.34955561778205535 0.535412179822353 0.45000057296507595
0.34955561778205535 0.5354121798223531 0.499999427034924
0.3495603121254034 0.5354135579597391 0.5499980789110017
0.34965744564674267 0.5356509240517234 0.6003425543532575
0.3497552028229481 0.5371755138246859 0.6570377261753142
0.3999975571238893 0.5370011168173325 0.2927878768173328
0.4000019210889985 0.5354135579597391 0.3495603121254034
0.399999368193328 0.5351361632088808 0.399999368193328
0.39999582339035067 0.5351326602286743 0.45000089775227853
0.39999582339035067 0.5351326602286743 0.49999910224772154
0.399999368193328 0.5351361632088808 0.5500006318066719
0.4000019210889985 0.5354135579597391 0.6004396878745969
0.3999975571238893 0.5370011168173325 0.6572121231826675
0.4500003487983434 0.5369993983337163 0.29278615833371596
0.45000057296507595 0.535412179822353 0.34955561778205535
0.45000089775227853 0.5351326602286743 0.39999582339035067
0.4500009083078373 0.5351277688029002 0.4500009083078373
0.4500009083078373 0.5351277688029002 0.49999909169216283
0.45000089775227853 0.5351326602286743 0.5500041766096492
0.45000057296507595 0.535412179822353 0.6004443822179445
0.4500003487983434 0.5369993983337162 0.6572138416662838
0.49999965120165657 0.5369993983337163 0.29278615833371596
0.499999427034924 0.5354121798223531 0.34955561778205535
0.49999910224772154 0.5351326602286743 0.39999582339035067
0.49999909169216283 0.5351277688029002 0.4500009083078373
0.49999909169216283 0.5351277688029002 0.49999909169216283
0.49999910224772154 0.5351326602286743 0.5500041766096492
0.499999427034924 0.5354121798223531 0.6004443822179445
0.49999965120165657 0.5369993983337162 0.6572138416662838
0.5500024428761108 0.5370011168173325 0.2927878768173328
0.5499980789110017 0.5354135579597391 0.3495603121254034
0.5500006318066719 0.5351361632088808 0.399999368193328
0.5500041766096492 0.5351326602286743 0.45000089775227853
0.5500041766096492 0.5351326602286743 0.49999910224772154
0.5500006318066719 0.5351361632088808 0.5500006318066719
0.5499980789110017 0.5354135579597391 0.6004396878745968
0.5500024428761108 0.5370011168173325 0.6572121231826675
0.6002447971770519 0.5371755138246859 0.29296227382468554
0.6003425543532575 0.5356509240517234 0.34965744564674267
0.6004396878745969 0.5354135579597391 0.4000019210889985
0.6004443822179445 0.535412179822353 0.45000057296507595
0.6004443822179445 0.5354121798223531 0.499999427034924
0.6004396878745968 0.5354135579597391 0.5499980789110017
0.6003425543532575 0.5356509240517234 0.6003425543532575
0.6002447971770519 0.5371755138246859 0.6570377261753142
0.6556773508238033 0.5385358891761968 0.29432264917619666
0.6570377261753142 0.5371755138246859 0.3497552028229481
0.6572121231826675 0.5370011168173325 0.3999975571238893
0.6572138416662838 0.5369993983337162 0.4500003487983434
0.6572138416662838 0.5369993983337162 0.49999965120165657
0.6572121231826675 0.5370011168173325 0.5500024428761108
0.6570377261753142 0.5371755138246859 0.6002447971770519
0.6556773508238033 0.5385358891761968 0.6556773508238033
