512
0.27451477675365293 0.0029359640286818044 0.27451477675365266
0.2504727205806994 0.07025858680506128 0.300060174492091
0.265401779360393 0.0022752488367541656 0.34844575845674725
0.2722998097973405 0.017524371818919724 0.43428123599161206
0.2639914600735609 0.020964929817215996 0.5168922988229236
0.267698643809862 0.005858405472760104 0.6007846971843048
0.30005699978147743 0.0481912573422215 0.6641362661358411
0.2826796465384043 0.030591743689278042 0.7057040969591822
0.30006017449209166 0.07025858680506364 0.2504727205806931
0.29179779067960776 0.13020910586091833 0.2917977906796083
0.3189536116446246 0.0663545472090698 0.35142048203607457
0.3172006898086137 0.09104438514732062 0.428133330579143
0.305324274944271 0.09842146679525528 0.5206543204698499
0.3183787049874049 0.062259020648061505 0.5911301509278726
0.29393882264054916 0.1221506565165999 0.6535567984582135
0.3027505014231775 0.116094015157299 0.7262679753983735
0.3484457584567486 0.0022752488367625895 0.2654017793603914
0.351420482036074 0.06635454720906978 0.31895361164462444
0.35226188031632477 0.15580759645598868 0.3522618803163244
0.3523519597801406 0.12223552770270556 0.4441617402492818
0.3552686568553661 0.12178099992145563 0.5069367013772977
0.349669265586791 0.14905866693926276 0.5945188967541887
0.3498983753627371 0.06200487029083453 0.6352584142108765
0.36545922144274523 0.1328244677414516 0.7450971805234459
0.43428123599161234 0.017524371818923874 0.2722998097973387
0.4281333305791441 0.09104438514732129 0.31720068980861144
0.44416174024928196 0.12223552770270328 0.35235195978014305
0.4403179054086172 0.05512669059669771 0.44031790540861787
0.4403853819914619 0.05882847405056321 0.5129739688815935
0.4381770919346773 0.0789081654917938 0.6042206193912193
0.4322648082121138 0.023061351864074067 0.6278781514354583
0.4352266252204016 0.08461151340011569 0.7418639572949777
0.516892298822923 0.020964929817209405 0.26399146007356394
0.520654320469852 0.0984214667952588 0.30532427494427455
0.506936701377298 0.121780999921458 0.3552686568553652
0.5129739688815932 0.05882847405056467 0.44038538199146116
0.5107339164025676 0.07111337152654247 0.5107339164025668
0.5075400530420439 0.08743123258820887 0.6000181794270563
0.5227458983096065 0.04184635683325457 0.6296400059670855
0.5138290785620183 0.09291861125402445 0.7467838348771175
0.6007846971843055 0.005858405472755164 0.26769864380986463
0.5911301509278734 0.062259020648064045 0.3183787049874047
0.5945188967541915 0.14905866693926312 0.3496692655867953
0.6042206193912179 0.0789081654917875 0.4381770919346769
0.6000181794270595 0.08743123258821718 0.5075400530420431
0.5936463196611944 0.14361621431819765 0.593646319661195
0.5949098810290959 0.07380606157346448 0.6451425590088178
0.5878649570316226 0.12060062323247354 0.7416187040212996
0.6641362661358428 0.0481912573422199 0.3000569997814775
0.653556798458213 0.12215065651660238 0.29393882264054916
0.6352584142108755 0.06200487029083917 0.3498983753627348
0.6278781514354652 0.023061351864073428 0.4322648082121213
0.6296400059670718 0.04184635683326578 0.5227458983096128
0.6451425590088223 0.07380606157346899 0.594909881029093
0.645013145668933 0.022293813580278734 0.645013145668937
0.6393748265012131 0.06316959135098986 0.7211652223088
0.7057040969591779 0.030591743689275485 0.2826796465384066
0.7262679753983728 0.11609401515729592 0.3027505014231776
0.7450971805234434 0.13282446774145287 0.3654592214427459
0.7418639572949794 0.0846115134001217 0.43522662522040184
0.7467838348771179 0.09291861125401583 0.5138290785620212
0.7416187040212989 0.12060062323247561 0.587864957031625
0.7211652223088001 0.0631695913509886 0.6393748265012138
0.7203290482147078 0.06611691646256614 0.720329048214708
0.20344903508081352 0.0024176809336568187 0.2034490350808156
0.17974837747049321 0.019333844254750845 0.29671493681720573
0.17368781973820377 0.0024372709255391493 0.393330928480307
0.3193060526882806 4.0255581639616E-5 0.4254399044502794
0.3306169858703569 6.573059111917564E-5 0.5209362254587283
0.1755094962632362 0.004126710276969021 0.5571781114721949
0.20542137532089444 0.007359024605596751 0.6570682489473323
0.2267037779621535 0.006368912192711494 0.7264815669456426
0.2967149368172049 0.019333844254750366 0.17974837747049258
0.29243230521607966 0.10581374206545913 0.2924323052160802
0.32301471967499124 0.02944878545947501 0.3461431977559281
0.3141565366102267 0.04157926469701849 0.4210846919508415
0.3082092687099005 0.05610632458740477 0.5179598601248591
0.31946526025053423 0.031926047682457555 0.5930935165382122
0.2953438258871533 0.09882980631245387 0.6559196055181828
0.2855503899882215 0.0776147401101771 0.777731298859847
0.3933309284803075 0.002437270925537021 0.1736878197382048
0.34614319775592783 0.02944878545947466 0.3230147196749906
0.3546563945413882 0.12141505557362753 0.3546563945413875
0.34709734754876365 0.056868001856076315 0.4312382104268746
0.3462435710680458 0.05515458953986001 0.5190511400061554
0.35417659075304103 0.11296297632755818 0.5931243845501754
0.34070193598465537 0.008101521682779856 0.6300708242449722
0.3827369548186046 0.04935646472016256 0.793171504507845
0.4254399044502784 4.025558163792345E-5 0.31930605268828105
0.4210846919508438 0.041579264697018656 0.31415653661022613
0.43123821042687416 0.056868001856073686 0.347097347548765
0.4337238662142881 0.004214219120397272 0.4337238662142888
0.4386345304652227 0.021958199722576177 0.5138976625949582
0.41624122520150125 0.019661801265348017 0.607878615578834
0.42728898769077966 9.485717594201113E-5 0.6424230050586196
0.43430289854438603 0.004389711377719548 0.7021252060176546
0.5209362254587284 6.573059112082721E-5 0.33061698587035854
0.5179598601248614 0.05610632458740912 0.30820926870990506
0.5190511400061564 0.05515458953986288 0.3462435710680422
0.5138976625949576 0.021958199722576063 0.4386345304652216
0.5097440655959424 0.055073811576606006 0.5097440655959415
0.5321753623207224 0.027528685533377797 0.6039143703813297
0.5357986521075727 5.377222897917729E-4 0.6421061451855734
0.5141611788249559 0.0023312750600277513 0.715044965873749
0.557178111472196 0.004126710276967681 0.17550949626323686
0.5930935165382129 0.03192604768245982 0.3194652602505355
0.5931243845501741 0.11296297632756336 0.354176590753047
0.6078786155788276 0.0196618012653391 0.4162412252014976
0.6039143703813413 0.02752868553338566 0.5321753623207206
0.5868487370099017 0.11552065833522372 0.5868487370099027
0.5993647343249172 0.03842819312906162 0.6362874499765588
0.5682307234634372 0.041708150744367234 0.7982634752929261
0.6570682489473323 0.007359024605596692 0.205421375320894
0.6559196055181831 0.09882980631245822 0.29534382588715236
0.6300708242449722 0.008101521682794465 0.3407019359846577
0.6424230050586209 9.485717593479403E-5 0.4272889876907851
0.6421061451855599 5.377222898067739E-4 0.5357986521075788
0.636287449976554 0.038428193129044066 0.5993647343249167
0.6642266501947048 0.10098654434580448 0.6642266501947065
0.6613539319992198 0.0834975279485794 0.7790663524929535
0.7264815669456476 0.006368912192719563 0.226703777962149
0.7777312988598457 0.07761474011017831 0.285550389988221
0.7931715045078497 0.04935646472016436 0.3827369548186035
0.7021252060176639 0.004389711377720294 0.43430289854438614
0.7150449658737187 0.002331275060023251 0.5141611788249623
0.7982634752929234 0.04170815074436879 0.5682307234634352
0.7790663524929539 0.08349752794857856 0.66135393199922
0.7163248375971157 0.007139613026463458 0.7163248375971154
0.17826746644265143 0.04682163617534629 0.17826746644265187
0.17804193739327878 1.710762468649092E-4 0.29273880836140853
0.18587045529779295 0.01318629405506232 0.38076256398333536
0.25947056620196446 3.318142497567357E-4 0.4360641117758574
0.26483211043871735 7.005517140081877E-5 0.516889020773057
0.18450597247386863 0.017169478888923066 0.568515500898474
0.18168248892549158 0.005296025965349901 0.6561519336434761
0.18510268332789992 0.04841676904606154 0.7660284507495421
0.29273880836140725 1.7107624686362897E-4 0.17804193739327884
0.2900569946119248 0.056024921560882984 0.29005699461192685
0.2597194290090254 0.10385383054977547 0.3738471703215322
0.2529958343926755 0.07432731305672455 0.4440876003768798
0.25543788165023157 0.07528873192112762 0.5084214156415554
0.25134358151531266 0.08301138100414926 0.5835521611816542
0.2905057867995512 0.03061889751514547 0.6625494402626427
0.29379778918281246 0.009799499312888019 0.7792437008661297
0.3807625639833346 0.013186294055062525 0.18587045529779309
0.37384717032153175 0.10385383054977541 0.25971942900902517
0.36117137846151565 0.10820887276534095 0.36117137846151487
0.3407634019267999 0.004651561715641121 0.424855760899502
0.3399408540152723 0.004894067833982521 0.5236130960606887
0.36316295163880774 0.09792093917179881 0.5888442646149273
0.38134486371051435 0.10300281918572382 0.6761641011939699
0.3729901006756298 0.013648717577612744 0.7622410108372536
0.4360641117758576 3.318142497575829E-4 0.259470566201963
0.44408760037688005 0.07432731305672409 0.2529958343926789
0.4248557608995015 0.004651561715639694 0.3407634019267993
0.43047070749113064 0.0062703731441294125 0.4304707074911311
0.4303990781013567 0.007466247647820597 0.5178169514635135
0.40427631935980196 1.3859702452566068E-4 0.6145904847303305
0.44091308956994985 0.051211476067819596 0.6712160448807014
0.43548899942051644 2.1078498265130548E-4 0.6934809548210833
0.5168890207730563 7.00551713985539E-5 0.2648321104387166
0.5084214156415553 0.07528873192113011 0.255437881650223
0.5236130960606884 0.0048940678339846454 0.3399408540152718
0.5178169514635124 0.007466247647822415 0.4303990781013559
0.5169037028912717 0.008190896932785437 0.5169037028912703
0.5517559511045624 2.743693663157219E-4 0.6185322339880455
0.5083857367964382 0.05398228390592031 0.6735506421061919
0.5169722658931711 3.578289073868327E-5 0.6850273453332626
0.5685155008984737 0.017169478888923125 0.18450597247386893
0.5835521611816556 0.08301138100414435 0.25134358151531166
0.5888442646149248 0.09792093917181019 0.3631629516388149
0.614590484730332 1.3859702451850568E-4 0.40427631935979
0.6185322339880531 2.7436936631467537E-4 0.5517559511045605
0.5793371705645174 0.09985378284155846 0.5793371705645183
0.5968137995085603 0.05384113877177079 0.6475375646014795
0.5777244786653362 0.012284696607078177 0.7637939056160336
0.656151933643476 0.005296025965349517 0.18168248892549232
0.6625494402626445 0.030618897515147403 0.29050578679955263
0.6761641011939722 0.10300281918571759 0.3813448637105148
0.6712160448806967 0.051211476067811616 0.4409130895699468
0.6735506421061973 0.05398228390592656 0.5083857367964323
0.6475375646014935 0.05384113877178644 0.5968137995085545
0.6674216986543291 0.00667071085947812 0.6674216986543304
0.6586062765917613 0.0037919065256986446 0.7846686916639948
0.7660284507495426 0.048416769046063235 0.18510268332789862
0.7792437008661288 0.009799499312889147 0.2937977891828118
0.7622410108372559 0.01364871757761802 0.3729901006756312
0.6934809548210877 2.1078498265561881E-4 0.4354889994205174
0.6850273453332533 3.5782890743668756E-5 0.5169722658931726
0.7637939056160332 0.012284696607086663 0.5777244786653369
0.7846686916639934 0.0037919065256948417 0.6586062765917625
0.7626148333147857 0.03832087102979965 0.7626148333147857
0.18591505230506877 0.009645024240416133 0.18591505230506955
0.17339025509083109 0.013516365156341335 0.28747709095964663
0.18615923066885032 0.013191292278160478 0.3742178770694591
0.13980170658371238 0.023449114032377052 0.4404623768314459
0.13895209966148797 0.022015636255321568 0.5093318781676203
0.1837805827014304 0.014416379316668641 0.5736512540041437
0.16883371094428148 0.011014390593784543 0.6589236105575892
0.17597141186067833 0.0070400489744240555 0.7705727759286324
0.2874770909596454 0.013516365156341999 0.17339025509083128
0.28432702030082657 0.020244962510110046 0.28432702030082757
0.25173519706534603 0.07747762324302249 0.37358681459946913
0.24372815261716818 0.052355530581154726 0.43957019779442047
0.24944879070038803 0.0436615608941896 0.5133128629455931
0.24465380032577724 0.06278721180747046 0.5857889168145621
0.2857026916766202 0.003713209390387332 0.6660919513933238
0.2860846651070556 0.012980660555205735 0.7837214455197438
0.374217877069458 0.013191292278160552 0.18615923066885026
0.373586814599469 0.07747762324302403 0.2517351970653457
0.3797031243547924 0.11164369329762376 0.3797031243547924
0.39730393050704754 0.05790435952655366 0.45689793938766915
0.3941254158738658 0.06316369770864333 0.4909422526630605
0.38994850859668634 0.11210418258441958 0.5708470618038329
0.38366721416758615 0.08696673568880192 0.677440370578985
0.3701322557581417 0.01472182603816953 0.76081861987646
0.44046237683145234 0.023449114032375845 0.13980170658372673
0.43957019779442047 0.05235553058115368 0.24372815261717354
0.4568979393876693 0.05790435952655426 0.3973039305070477
0.4300799445219498 2.87903362513776E-5 0.4300799445219501
0.42987333332734823 3.1637244457274E-5 0.5181314472504139
0.45721968239895633 0.0496779311575771 0.5703340917978722
0.43932824710639556 0.03636236507497771 0.6751628817342398
0.4373711402353454 0.020007920150914096 0.8130555401590557
0.509331878167626 0.02201563625532472 0.13895209966147373
0.513312862945592 0.04366156089419518 0.24944879070037806
0.49094225266305963 0.06316369770864268 0.3941254158738639
0.5181314472504134 3.1637244457442484E-5 0.4298733333273468
0.5173954208258941 1.3223306551696115E-4 0.5173954208258924
0.4876458043338874 0.05675734848918577 0.575864547040941
0.5089719768362894 0.042909242308063374 0.6758625968849917
0.5102955830833564 0.018379442070045528 0.8090927878541787
0.573651254004143 0.01441637931666959 0.1837805827014309
0.5857889168145622 0.06278721180746862 0.24465380032577805
0.5708470618038393 0.11210418258440845 0.3899485085966778
0.5703340917978736 0.04967793115757489 0.4572196823989576
0.5758645470409398 0.05675734848918369 0.4876458043338849
0.5749588437412139 0.0979748730436424 0.5749588437412145
0.5735986154505294 0.08360845215203935 0.6887971156873101
0.579402708808105 0.010583493154261143 0.7634586345935971
0.6589236105575896 0.011014390593783441 0.16883371094428248
0.666091951393324 0.003713209390392829 0.28570269167662166
0.6774403705789867 0.08696673568879996 0.38366721416758837
0.6751628817342356 0.03636236507496543 0.43932824710639246
0.6758625968849992 0.04290924230806943 0.5089719768362849
0.6887971156873062 0.0836084521520429 0.5735986154505294
0.6693775027359388 0.006911721482920488 0.6693775027359408
0.663103389483741 0.012664859963416425 0.7856560287110289
0.7705727759286305 0.007040048974421492 0.17597141186067955
0.783721445519743 0.012980660555205293 0.2860846651070555
0.7608186198764618 0.014721826038162633 0.37013225575814274
0.813055540159066 0.020007920150905734 0.4373711402353428
0.8090927878541551 0.01837944207002698 0.5102955830833483
0.7634586345935949 0.010583493154264677 0.5794027088081054
0.7856560287110294 0.012664859963415577 0.6631033894837414
0.7735878382139251 0.005631889811415382 0.7735878382139247
0.18071423136152662 0.012109784903828478 0.18071423136152676
0.17281280917401667 0.007868678753079072 0.27953951854027204
0.19879374505400174 1.159407435994709E-4 0.3677863576616244
0.12074991023883516 0.0010825598146006117 0.4306921077350764
0.12363743278310446 7.681463723818942E-4 0.5173404590364431
0.19897918556588398 4.715443586659953E-5 0.5822073502890163
0.1586283708033195 0.008734315008378539 0.6701522816014991
0.17263393555780407 0.015825178672292006 0.7749782434747928
0.27953951854027087 0.007868678753080269 0.1728128091740166
0.23404704275550517 0.06631328020438221 0.23404704275550628
0.23762615749551444 0.03355864619898888 0.3656663468900841
0.238378252733344 0.022390879765023332 0.43665719282499893
0.24964503849918634 0.008336700123898798 0.5154882640512927
0.2369056773220433 0.03135545698975592 0.5928955083933078
0.22491163570244455 0.06008398479725906 0.6897287393963497
0.27818675446768026 0.0046178572343434105 0.7748668953828863
0.3677863576616231 1.1594074359969682E-4 0.1987937450540008
0.36566634689008465 0.033558646198989746 0.23762615749551322
0.3808179099347934 0.07694739493386192 0.38081790993479286
0.3683894883538803 0.0062691530488834 0.4482765667126152
0.37842926118639253 0.004365151388854839 0.4959568081032826
0.3833201715381192 0.07655448424246934 0.5743689204636786
0.37251562468358007 0.03711917079782857 0.6946484167228628
0.3696615976959442 2.3610001690920618E-4 0.75859087889805
0.43069210773507854 0.0010825598145962636 0.12074991023883948
0.43665719282499776 0.02239087976502001 0.2383782527333516
0.44827656671261756 0.006269153048882735 0.3683894883538828
0.4293929451487676 1.375906555389143E-4 0.42939294514876764
0.4298629376048903 2.8926027206307384E-5 0.5180747383086387
0.45392125271468936 0.0051742162955075695 0.5791755379008049
0.43758737517729773 0.01597265548462333 0.682039461982142
0.4313199167485616 0.0013296400385424884 0.8243393217849208
0.5173404590364463 7.681463723902768E-4 0.12363743278309697
0.5154882640512917 0.00833670012389662 0.24964503849918196
0.4959568081032828 0.0043651513888545304 0.37842926118639253
0.5180747383086383 2.8926027206099624E-5 0.4298629376048896
0.5174117919072339 6.26319031854567E-5 0.5174117919072319
0.4944577062227347 0.005830410155693446 0.5789199555804876
0.5106789865937694 0.029127756912031618 0.6801032859968305
0.5156415033303665 4.546535532049399E-5 0.8173558473359751
0.5822073502890157 4.715443586692266E-5 0.19897918556588426
0.5928955083933078 0.031355456989755164 0.23690567732204557
0.5743689204636812 0.07655448424246579 0.38332017153811837
0.5791755379008076 0.005174216295504665 0.45392125271468825
0.5789199555804866 0.0058304101556907765 0.4944577062227344
0.5703521707198216 0.07401254383002805 0.5703521707198221
0.5789812271524014 0.04237858019062582 0.7070256004579114
0.5800402281512886 5.6612308453751845E-5 0.7588581715690548
0.6701522816014961 0.008734315008378131 0.15862837080332015
0.6897287393963505 0.06008398479725409 0.2249116357024397
0.6946484167228646 0.03711917079783088 0.3725156246835822
0.6820394619821386 0.015972655484612804 0.43758737517729523
0.6801032859968401 0.02912775691203432 0.5106789865937665
0.7070256004579087 0.04237858019061938 0.5789812271524053
0.6819016248117298 0.062083093568615785 0.6819016248117293
0.6703364669314363 0.012967045909967622 0.7813669075548336
0.7749782434747912 0.015825178672290437 0.17263393555780532
0.774866895382885 0.004617857234342118 0.27818675446767926
0.7585908788980534 2.3610001691857097E-4 0.3696615976959449
0.8243393217849287 0.0013296400385436175 0.43131991674856063
0.8173558473359497 4.546535529917818E-5 0.5156415033303599
0.7588581715690522 5.6612308455373744E-5 0.580040228151291
0.7813669075548342 0.012967045909965044 0.6703364669314363
0.7806704835961527 0.01683247915297706 0.7806704835961525
0.18128334134272864 0.009596271518014038 0.18128334134272886
0.1727588128591795 0.0021352383647826544 0.2787724333064518
0.19694793597284904 1.3057211710678865E-5 0.36752795906863095
0.11341066836871881 0.008513390703022318 0.42730837152724604
0.11034081000048934 0.017705091805651055 0.5227022404245564
0.19705968776769411 8.308239542301236E-5 0.5829589671810725
0.15949273656414936 0.00426162769673125 0.6707322492600682
0.17454482422180287 0.013474052259155165 0.7733609343929666
0.2787724333064506 0.0021352383647837998 0.17275881285917974
0.22560961161245885 0.03201841345202417 0.22560961161245932
0.24646064399524154 0.001552208521015128 0.3568030481072951
0.2542263628465947 0.0067648693772854014 0.4351159249467186
0.2566851387450012 0.0077001455061054234 0.5161402150696827
0.2404806422510424 0.004301312473654744 0.5978573389372231
0.21471053123126016 0.03659751853165186 0.7017910133548749
0.27796680411118746 0.0018488924580764804 0.7774309461884672
0.3675279590686299 1.305721171105986E-5 0.19694793597284788
0.3568030481072952 0.0015522085210160608 0.246460643995241
0.3817153426723026 0.04271664885612831 0.3817153426723016
0.34475791531301647 0.017268710985692246 0.4340229314286459
0.3441407428223168 0.01563447118635489 0.5159245581579776
0.3808784390419641 0.03707574346957995 0.572767347182724
0.3552527875266682 0.01075506635389993 0.6873402306607278
0.3697152201781293 5.52698027963097E-4 0.7587222881066314
0.4273083715272446 0.008513390703024773 0.11341066836871638
0.4351159249467178 0.006764869377283624 0.25422636284659766
0.434022931428647 0.017268710985694647 0.34475791531301686
0.4276994116041177 1.4225551696372184E-4 0.42769941160411756
0.42883575121580025 6.116569365520558E-5 0.5191671416019424
0.43508131659773436 0.01425189562129967 0.6009089945363211
0.4351348387653957 0.0056672686631758186 0.6917617526146649
0.4266882423210112 0.009196723494173779 0.8352612748817094
0.5227022404245539 0.017705091805640956 0.11034081000049532
0.5161402150696824 0.007700145506104391 0.2566851387449999
0.5159245581579796 0.015634471186351893 0.34414074282231505
0.519167141601942 6.11656936542575E-5 0.4288357512157995
0.5190616650746732 2.1181093999076195E-6 0.5190616650746731
0.5120437007438206 0.014727352237223249 0.5991354082295118
0.5153434328456717 0.005512203409678004 0.6887837517490296
0.5234897997816992 0.01655268619020386 0.8441300610448008
0.582958967181072 8.308239542351267E-5 0.19705968776769475
0.5978573389372236 0.004301312473655203 0.24048064225104324
0.5727673471827236 0.037075743469581535 0.3808784390419669
0.6009089945363174 0.014251895621300434 0.4350813165977365
0.5991354082295149 0.014727352237222815 0.5120437007438209
0.5660422487391001 0.026390514759903498 0.5660422487391008
0.5957692742961646 0.008669200027178078 0.7000052150875634
0.5800611395232596 1.773294390960042E-5 0.7588787501136858
0.6707322492600676 0.004261627696730399 0.15949273656414964
0.7017910133548735 0.036597518531653384 0.214710531231261
0.687340230660729 0.010755066353894269 0.3552527875266676
0.6917617526146577 0.00566726866317798 0.43513483876539466
0.6887837517490445 0.005512203409671559 0.5153434328456714
0.7000052150875581 0.008669200027171508 0.5957692742961677
0.6984154452760367 0.04259294231595591 0.6984154452760364
0.6707067482220779 0.00949873968181175 0.7806383739956907
0.7733609343929656 0.01347405225915417 0.17454482422180345
0.7774309461884669 0.0018488924580761163 0.277966804111187
0.7587222881066356 5.526980279749481E-4 0.36971522017813063
0.8352612748817073 0.009196723494153057 0.4266882423210152
0.8441300610448265 0.01655268619024602 0.5234897997817056
0.7588787501136831 1.7732943910937404E-5 0.5800611395232622
0.7806383739956895 0.009498739681809048 0.670706748222078
0.7801321626516574 0.016278677862770933 0.7801321626516572
0.1827966140706474 0.0059963733846196245 0.18279661407064776
0.16754054308433017 0.015459103244183111 0.27974504158275565
0.1864829819133009 0.00899104097844054 0.3727202507190286
0.11979437381346499 0.001807302634209268 0.43031388048856367
0.11992683753474848 0.0017676656310958458 0.5190748878530718
0.18277101795589473 0.01392563129804312 0.5750498326117951
0.15390535944210862 0.014060776012677568 0.6707210186789387
0.17778015594611682 0.009042216958259918 0.7697696464107715
0.2797450415827542 0.015459103244181848 0.16754054308433125
0.22522976227030844 0.021739051231404218 0.22522976227030925
0.25865126302646896 0.011384613126470986 0.3506494008184226
0.25884750524380395 0.0078099359261883956 0.43414482036125246
0.25934309996040794 0.010019049231932935 0.51679196299643
0.2514300146623543 0.009659550422210117 0.6013978166467805
0.21441255600265427 0.02855970569194893 0.7045244840626783
0.28323677239229483 0.018559318865112764 0.787655659288739
0.3727202507190273 0.008991040978440014 0.18648298191330076
0.3506494008184225 0.011384613126471937 0.25865126302646896
0.3609484934719962 0.004380571204173528 0.36094849347199554
0.3410688364351573 0.004831786584883326 0.427698318800591
0.34083339352756425 0.0024308075402841153 0.5232377542748105
0.3606882568642302 0.0044893702145418265 0.5856530436209825
0.3531317382623258 0.020163092406614156 0.6841709241556628
0.36938929642532725 0.008684868717567283 0.7601253144548707
0.4303138804885642 0.0018073026342063407 0.11979437381346683
0.4341448203612522 0.007809935926188827 0.25884750524380495
0.4276983188005911 0.004831786584882995 0.341068836435157
0.43051358954839325 0.018281132665282866 0.4305135895483938
0.4302867622443251 0.018944455830637932 0.5182088775643411
0.4272464586557187 0.0027778573959432637 0.6051005777629197
0.4344022879736075 0.00954681107287735 0.6979375002007017
0.4298379519596417 0.0018367868654825677 0.8270040883191864
0.5190748878530732 0.0017676656311003517 0.1199268375347452
0.5167919629964297 0.010019049231934338 0.25934309996040733
0.5232377542748107 0.0024308075402852476 0.34083339352756326
0.5182088775643401 0.018944455830638886 0.4302867622443241
0.5174361273009247 0.02025643795416347 0.5174361273009231
0.51899304855329 0.002315787585964105 0.6032206113255433
0.5167273716773438 0.010422791694148975 0.6937908033469322
0.5197729946826416 0.0020554261039735246 0.8284875063514203
0.5750498326117945 0.013925631298041374 0.18277101795589626
0.6013978166467814 0.009659550422213085 0.2514300146623538
0.5856530436209844 0.004489370214539682 0.3606882568642297
0.6051005777629155 0.002777857395946148 0.42724645865572014
0.6032206113255475 0.0023157875859620793 0.5189930485532906
0.5839564411029933 0.0067718414537133636 0.5839564411029945
0.5993577065606324 0.014114529119961973 0.6963208133295312
0.5804495309680128 0.00755796649167474 0.7654006760450004
0.6707210186789382 0.014060776012678342 0.15390535944210723
0.7045244840626768 0.02855970569195068 0.21441255600265527
0.6841709241556638 0.02016309240660781 0.3531317382623249
0.6979375002006969 0.009546811072880081 0.434402287973606
0.693790803346944 0.010422791694153317 0.516727371677343
0.6963208133295267 0.014114529119959297 0.5993577065606344
0.7017117325484311 0.03209352737779898 0.7017117325484309
0.6702119014520485 0.01855960291656849 0.7855236102778191
0.7697696464107702 0.009042216958259046 0.17778015594611693
0.7876556592887394 0.018559318865118194 0.2832367723922953
0.7601253144548726 0.008684868717552889 0.3693892964253289
0.8270040883191916 0.001836786865481681 0.4298379519596418
0.8284875063514243 0.002055426103976205 0.5197729946826463
0.7654006760449976 0.007557966491680417 0.5804495309680132
0.7855236102778206 0.01855960291657028 0.6702119014520477
0.7741461303929894 0.012302316007400392 0.7741461303929893
0.19999956416238412 9.069779374298469E-5 0.19999956416238526
0.17840747805787524 0.007900843500493297 0.2797934565333697
0.2026937374820315 2.0596072673467346E-7 0.3681939548730052
0.194676331310429 0.05418324746523354 0.46346750250278446
0.1936780153933363 0.05848792078000986 0.48771280498301195
0.20417149378333943 1.8261103824921638E-4 0.5815710716088122
0.1719644597442184 0.0014247936734238578 0.6693122967024553
0.20218454599381055 1.2087039092558669E-4 0.7456270267102094
0.279793456533368 0.007900843500493401 0.17840747805787519
0.2674895912917279 0.009209813693328048 0.2674895912917272
0.2772525263377155 0.018013088401633928 0.3471993866827821
0.26139280050014646 0.0041799496501734364 0.432680783361765
0.26272843644136984 0.005117446713750026 0.5183314193586436
0.27509678015022687 0.014033566256446812 0.6017002593657238
0.27414128442908164 0.00822617710157624 0.6801209236598116
0.2781037568309263 0.008710457956311318 0.7745977454419589
0.3681939548730043 2.0596072711291094E-7 0.20269373748203132
0.347199386682782 0.018013088401635624 0.27725252633771535
0.3556729565557048 0.010231876924903934 0.35567295655570436
0.34239259939523775 0.013079499001920096 0.43175699749504104
0.3433507853037477 0.01624785536739142 0.5161505971240669
0.349354803789216 0.010023404768754433 0.5945984452839561
0.3499064452158782 0.01647973974304448 0.6725981666543044
0.36959777484038386 8.636825487949634E-4 0.758792337276308
0.4634675025027828 0.05418324746523621 0.19467633131042897
0.43268078336176474 0.004179949650171848 0.26139280050014546
0.4317569974950425 0.013079499001921879 0.3423925993952382
0.4303772076569423 7.695661431490517E-5 0.43037720765694276
0.42960858295296733 5.311267408291044E-6 0.5182940499659545
0.43038605228894156 0.0077654696738448025 0.6046321814268175
0.4313684757881327 1.082253486046198E-5 0.6918916443290175
0.46008374496059806 0.04789026536890901 0.752348882257481
0.48771280498301195 0.05848792078000987 0.1936780153933357
0.5183314193586436 0.005117446713752504 0.2627284364413694
0.5161505971240681 0.016247855367389475 0.34335078530374613
0.5182940499659536 5.311267409013204E-6 0.4296085829529663
0.5174999197045288 0.0022245353190658863 0.517499919704527
0.5152353668543012 0.008274282406178914 0.6023322224918624
0.5194045525136208 2.328061798942023E-4 0.6836150244169299
0.4921434936657831 0.053891441711165264 0.7513577353030044
0.5815710716088114 1.8261103824931106E-4 0.20417149378333843
0.6017002593657241 0.014033566256447534 0.2750967801502281
0.5945984452839573 0.010023404768755663 0.3493548037892148
0.6046321814268137 0.007765469673844249 0.4303860522889431
0.6023322224918668 0.008274282406178193 0.5152353668543043
0.6048137063161382 0.010566267137908553 0.6048137063161395
0.599445673611703 0.013209501990932354 0.6729898802521452
0.5800370001264274 5.438361527965185E-5 0.7597396946356155
0.6693122967024551 0.0014247936734234801 0.17196445974421873
0.6801209236598125 0.008226177101572267 0.27414128442908064
0.6725981666543053 0.01647973974304255 0.34990644521587794
0.6918916443290154 1.082253485295123E-5 0.43136847578813114
0.6836150244169363 2.328061799017377E-4 0.5194045525136198
0.6729898802521439 0.013209501990930853 0.5994456736117032
0.6743484093870561 0.012565726126818045 0.6743484093870574
0.6709360572983482 0.0075824636848912785 0.7783413908927861
0.7456270267102085 1.2087039092523259E-4 0.2021845459938106
0.7745977454419577 0.008710457956311998 0.2781037568309256
0.7587923372763115 8.636825488022779E-4 0.36959777484038536
0.7523488822574813 0.047890265368920236 0.46008374496059407
0.7513577353030099 0.05389144171115397 0.49214349366577087
0.7597396946356136 5.438361528208087E-5 0.5800370001264287
0.7783413908927865 0.007582463684889508 0.6709360572983484
0.7435764475672866 2.2922533919157498E-5 0.7435764475672869
