512
0.27624026197956014 0.4120641474905251 0.2762335156026065 | 0.027154394281272642 0.05924546249590834 0.027159778164788047
0.24686545397937806 0.3064141459502656 0.4138765302520864 | -0.038432864042353916 -1.5719909734886524 -0.02166079766450966
0.2591136244002619 0.06501925368814286 0.4000001571703201 | -0.0021166718741530903 0.0028230814217694252 0.008046245704457836
0.1629276518610744 0.033064033682399824 0.44820995263352653 | -0.15012878203326463 0.5532032285422774 -0.08856724285391025
0.21422478879121556 7.640005716893009E-5 0.46994119306583054 | -0.008649420966874431 0.19606230822167847 0.013998274509182215
0.2932924767275714 3.1679602701261723E-4 0.6020932893749994 | -0.003436223975552926 0.004351152469326153 8.049997631678915E-4
0.3693072466251989 1.7539472688450492E-4 0.6488690262306096 | -0.003768798222267047 0.0051823116236163 0.002879315453510806
0.2986946363986569 0.033761077364419835 0.715455833311269 | 0.06831514009277997 -0.09109253561837287 0.01653291452272701
0.4138850433316438 0.306414776353301 0.24686969064261383 | -0.021682468730680412 -1.572057153091796 -0.03842215020198391
0.3439022857921188 0.4000093623358199 0.3438965147977949 | -6.698952815012678E-4 0.006797235138210784 -6.593282698597032E-4
0.3462357918490696 0.0813232503365751 0.4000001234099676 | 0.0038758552209136117 0.004861857059490942 8.823752212342725E-5
0.24197324674068976 0.06331567706804098 0.4833422860424207 | -0.23730207879199622 -1.8200491461646586 0.0033632022927801543
0.28996051089207797 0.0381695870899307 0.4829682535311339 | 0.004931279461120258 0.20682212489037347 8.531961903535148E-4
0.24598662679035962 0.029768825442036122 0.5548649873061422 | -0.2095571778437406 -1.8945741193068684 -0.12071059002552408
0.2836739646841687 0.06072352545276123 0.6382867534497652 | -0.07067513124143794 -1.5211810191064337 0.05429188873447747
0.28074673277612106 0.052048140870092845 0.7340335246004012 | -0.07410790761800624 -1.6337291256456783 0.07297502799221808
0.4000004492860806 0.0650601427776213 0.25912792652188527 | 0.0031285031188980823 0.005219771874219537 -0.0013845517767564674
0.40001536159726814 0.0956792843750482 0.33724325549535716 | 9.831319252943086E-4 -0.060906734605676374 0.006502599950138706
0.41220096951789525 0.023139443483409603 0.4112367702443444 | 0.06261209975243323 1.3551154631121674 0.05551474728947385
0.3731256345844182 0.003133698323523121 0.4670900517075975 | -0.017472600559961003 -2.1145189550527466 -0.012244855552108467
0.3551894697112893 0.07122117099404525 0.4862388730250405 | -0.07124708345792366 -1.6846106928938982 -0.04067385253335152
0.32891834132556047 0.028640461564565824 0.5609895474239911 | -0.08452284438888809 -1.575911719353539 0.048440856411241
0.35021916392363545 0.03525886350968943 0.6442530498789105 | -0.09736444240471721 -1.6915900752227682 0.05156613664816413
0.35472302386885957 0.07179956729547267 0.6886133879264948 | -0.03849099043081398 -1.622733892681474 -0.20452620595108895
0.4491825624026757 0.035925717520403924 0.16301283923507243 | -0.08530452350698835 0.5466451644154737 -0.15281925466054655
0.48371898537560054 0.06484995622233133 0.24181510337359036 | 0.004598693574956751 -1.8146345411077267 -0.23638152932674225
0.4622586516828919 6.223488194903419E-5 0.3715388969809717 | 0.20146705996535902 1.0548418827136645 -0.02708718529427438
0.4235880998391396 0.008011216335578853 0.42235437683754495 | 0.05817242375525655 0.14645534961992462 0.042656073361624774
0.4559810973009287 0.041347054432383755 0.4857785531923943 | 0.06853978408244431 0.24242202566956647 -0.08957158409236322
0.4295757738304004 0.005337618169305043 0.6046972439660233 | -2.701931615356121E-4 -1.9232828440591612 0.11261264907898681
0.4188785385272732 0.015268984776276782 0.6324832511174479 | 0.03315887436674838 0.249784384450838 0.04256970607986756
0.44050169413360024 0.0016023508926086795 0.6551620101079789 | -0.046674080932374656 -1.9387141729588644 -0.036483212528719076
0.4694985870397587 7.970838327856706E-4 0.21390976039630963 | 0.012771902826358435 0.19936368062289428 -0.008706782122807035
0.4813905788964794 0.040140590687791376 0.28980561271907385 | -0.004895546125926529 0.21247353140111716 0.006945966847613693
0.48600014384124873 0.07182664914160132 0.3557294597916149 | -0.041214348268375486 -1.679280283688228 -0.07504170791252278
0.48544281324842453 0.04063732124893997 0.4546386764044279 | -0.09022160716819753 0.2085790820747039 0.05200262957972291
0.5199783083663383 0.004763440740084974 0.5185797402964302 | -0.034644442227561516 0.14612439192565851 -0.03991797189863718
0.5095997587715416 0.004105959603010799 0.6091955705683124 | -7.864880502396149E-4 0.8729424327883349 -0.025613359967981496
0.5128206244443428 0.008189253444508304 0.6479254973709627 | 0.07000462592201798 0.09699267443367242 0.1139101237492054
0.5166514586680818 0.021583101183370177 0.6700361688844123 | 0.037595891129141065 -1.8516862001481336 -0.1527421722190504
0.6012060509722025 1.806927995196667E-5 0.2920098947115258 | 7.368447500747923E-4 0.004658795220561181 -0.00358284023888453
0.5547524050258092 0.02974424696216856 0.24602048943775412 | -0.12069680996900914 -1.8951054370103717 -0.21051575481784715
0.5611573227041541 0.028733394599504712 0.3284484663472462 | 0.05150945284221248 -1.5847548352770218 -0.08820755006401214
0.6042930378902399 0.005831889294415625 0.42949337159788264 | 0.11034787537541155 -1.9196699912325002 -0.001583933605952549
0.609292437212769 0.003962493482700096 0.5096299114563776 | -0.02390878087400276 0.8741927450188218 -4.961792722063956E-4
0.6024772389298981 0.020648048205568342 0.6024355405719889 | 0.04227933496152342 -1.4955078773208015 0.04248875415469828
0.5833147634151359 0.021573462404506086 0.6778303615408655 | 0.01619921831944897 0.035527629077571274 0.10454660560733076
0.6032840298188268 0.02641776535014266 0.6936877643022478 | 0.06292793184452354 -1.7618430662244209 -0.1370473794559521
0.6501151710121821 1.0317673530929979E-4 0.36965349370452477 | 0.0024849855615497176 0.00523258869721196 -0.003843365989099836
0.6382441233152696 0.06058295718108648 0.28350667197670487 | 0.053512554460360705 -1.5232864150961474 -0.07253431636561355
0.6444182416232018 0.03530258539735199 0.34993777585400493 | 0.050470835806239754 -1.689301616946674 -0.09856012286113737
0.6324473203139511 0.015095870906696007 0.4192323050425285 | 0.043499171008680504 0.25136839625962615 0.03540021304708474
0.6476681016708139 0.007886588863315763 0.5128873209290367 | 0.11078073744946967 0.09071076623835587 0.07125864133435553
0.6777536250267251 0.021350669765632532 0.5833685128022332 | 0.1045457437451903 0.03566806187432815 0.015978877797997636
0.6635408575753422 0.015240258180186988 0.6635247615906068 | 0.07778088293694302 0.5017063163518969 0.0778514881705699
0.6629856554520466 0.007649074861243771 0.6598674572254214 | 0.0777031207296034 0.6664054217568885 0.08295331232458288
0.715597963198955 0.033599728008963124 0.29868495914754833 | 0.017527333769921414 -0.08915874171317739 0.06833930940000477
0.7340080674261328 0.05201271146139179 0.28069956403231944 | 0.07270022941056697 -1.634575082028604 -0.0746523388976949
0.6886379027151375 0.07179105332155619 0.35469256966344753 | -0.20429535632365192 -1.6233262974363407 -0.038784274196913285
0.6550735831308748 0.0017402351872514315 0.44054606595505497 | -0.038884253758853814 -1.940796550990478 -0.047504554223439986
0.6700749894287767 0.02155858349002539 0.5167588062740767 | -0.15230286314367822 -1.8530700339171455 0.03736585196588703
0.6937017362229425 0.02641652899364391 0.6032930983688499 | -0.13709201199989457 -1.7620602700257708 0.06296055207515344
0.6598792136913421 0.007656589361685997 0.6629711740906166 | 0.08286121604676314 0.6663703013719404 0.07777174183273115
0.7236377934220798 0.03264761837664682 0.7236421340098618 | 0.05924629492413297 0.24637851552486328 0.059269371647404694
0.2751719789758391 0.40324349717692665 0.2751621112218781 | 0.03408275310693887 -0.08099409381807751 0.03394270653392392
0.222301984615032 0.369006098511936 0.4260250871714376 | -0.027026931173977253 -0.9132131200978337 0.10028121305628068
0.26021273030962533 0.14142763691896373 0.4000000336341943 | -0.008993052591667893 0.004412715836729416 1.476102687570005E-5
0.2290298265176045 0.011614865659757482 0.4000447861371314 | 4.294476581754117E-4 -0.005555759385616791 0.012085217458946024
0.2232125266033332 9.510259404423843E-5 0.46896155694461317 | -5.62354579764879E-4 0.0049720896046666655 0.002134717510146738
0.270682840584874 1.4437770243842582E-4 0.590409914614578 | -0.0018781112225652841 0.006307629231444503 0.0019375083875419186
0.30916970733967875 3.545723672794383E-5 0.6544749202856317 | -0.0064992399262832 0.005316359193014706 0.0023652523726399375
0.2545281709305235 1.870855564144817E-4 0.7040773208952287 | 0.0018036449483757714 0.004852921946931683 0.0022306255716055745
0.42603690636829067 0.3690042254767845 0.22230260404303864 | 0.1002796416916086 -0.9132572050094296 -0.027029738650142247
0.3437227636690865 0.4000050056401913 0.34371698798490674 | 0.00237185857834703 0.004994268727639284 0.002380372304771958
0.34751850428947806 0.1692377634451513 0.4014756696793904 | 0.045416168727676676 -0.7786079154150772 0.001669395419674757
0.22715601097275404 0.008816123048492714 0.48117607222669495 | -0.18851445647004922 0.8507913935179211 -0.009042334693244914
0.28824925999955914 0.04358566335302485 0.4782691035962045 | -0.008324934367752921 0.24881388856279327 -0.008790895500137912
0.23537592879169875 0.01815842511549141 0.5508012092041286 | -0.11223643707204167 0.651774593214683 -0.035823475021444354
0.23383684047885034 0.02790856635946283 0.6604743251398901 | -0.14010004906198562 0.4027815151749684 -0.002944372892166437
0.2887985297933497 0.0267442125216675 0.7988496992025333 | -0.05867118699465371 0.33617326490011734 0.12040248371551987
0.4000049364345538 0.13709085198861148 0.2594370932308398 | 2.5598000630332115E-4 -0.23793254046388648 -0.00519894315675366
0.40148295757309804 0.17001540961302755 0.34761255321404405 | 0.0018091584366568493 -0.775252986371358 0.057644705719759964
0.4363350032277369 0.04386595430756065 0.4355559285095474 | 0.07186190490965906 0.46349695374887984 0.06530827632698553
0.3314901415905129 0.0032672480777460444 0.4000644038042483 | -0.00798898047676061 0.0016836498392737201 0.003191546452259632
0.37215067769410803 0.019733462748838852 0.48550710787604273 | 0.013566984050564187 0.38010518843441343 -0.031162898111546922
0.3376189779755657 0.0049827260344295615 0.5649669903005314 | 0.04754890944092721 0.7916133799760428 0.09711115882366934
0.3458136316974958 0.0029512937622912564 0.6550299769304095 | 0.018803043627943175 0.8354802121949803 0.03166861102359561
0.3594446133694863 0.03296868819198262 0.7883820574952841 | -0.022520097825250107 0.4120854707181359 0.12947597573460423
0.40005920879969925 0.01148355638710696 0.22692164564399628 | 0.012378793962443357 -0.0055475736898117954 1.4974298021149833E-4
0.4818266127700248 0.0062690307354547874 0.22630009377865334 | -0.007577279961918689 0.8933691433130879 -0.1927691072641458
0.40008460711805544 0.010311524263908845 0.33645640077827055 | 0.0024463533835669335 3.601810848480083E-4 -0.007086185127290483
0.43146483053670165 0.012432200508409248 0.4305722763773945 | 0.09343508878707353 0.10845703919330747 0.08009420626324999
0.45798420693869285 0.04166740429641905 0.4852352583560148 | 0.06052772964425554 0.11809856077919031 -0.07378354954219778
0.42741011932939815 0.012190752719076478 0.597070458524407 | -0.009907528265668722 0.4647520983783494 0.06824469274317037
0.42436739763442205 0.016374663589829842 0.6351703750887515 | 0.03372005876854586 0.049258626236368445 0.05181928865363912
0.43772239790712963 1.4877850475932138E-5 0.6350248182522431 | -0.0010728100268253841 0.004702361935922499 0.00648863884442369
0.46820903354786453 6.170400682128035E-5 0.2225076458355843 | 0.002330270641566343 0.005314784594593845 -7.169647920208354E-4
0.4776977354543592 0.043991194790668015 0.2886921000600483 | -0.009404424106663391 0.25735239169985447 -6.642969884161724E-4
0.48750461767441405 0.01816497144917623 0.37108187736646275 | -0.012199808448708141 0.3978294512858333 -0.0019518884328041195
0.4846638927543504 0.041331116212798745 0.4565781854506103 | -0.08053757768850026 0.13019697976566982 0.04949586963860503
0.5913423438418701 3.6716468156644614E-5 0.5913927496099364 | 0.03763466242748334 -0.014109119867219012 0.037769760781961675
0.5060823572189066 0.015212313625397864 0.5917436203228715 | -0.04155946427648244 0.6676227574233866 -0.05959861566613549
0.5139016258462389 0.0022747305470126457 0.6468074805520587 | 0.052507952725841064 -0.12710701457914636 0.12973615779643502
0.5192210744881606 7.61760965109215E-5 0.6451656261608604 | -0.0023426731272350215 0.005705193737636702 0.004936926642106444
0.5902947452405031 2.0169221882984997E-4 0.2707544524117859 | 0.0019686926384531148 0.00622661205618811 -0.001954553316718391
0.5501305590980663 0.01809675358645231 0.235322910534602 | -0.04023550201588539 0.6581658996244227 -0.11354998003437729
0.565798365450666 0.0050294340242641985 0.3371871378132705 | 0.10246727032120992 0.7928855964010633 0.04884164766739685
0.5959354074914431 0.012341578547402945 0.42717853508096343 | 0.061978497251123456 0.4638287611257397 -0.011680495969811267
0.592227969304387 0.015225539683292169 0.5061391462724779 | -0.05581034301225377 0.6691317929818474 -0.04107564073755821
0.5932948416398133 0.007891980047210034 0.5933356850371312 | -0.04530458569383632 0.6207202589543763 -0.044189979175876866
0.5758515466841895 0.025598478417345326 0.6796445696684078 | 0.03465599731798772 0.535482214959803 0.05432846633487283
0.5936741744762869 0.020690476845712173 0.7788947829188334 | 0.005601349513020531 0.21109996597527306 0.11977134892889954
0.6544524048907809 9.392009027859444E-5 0.3092411009280494 | 0.002422371082851393 0.005299182274180305 -0.006509699312614524
0.6606364457012919 0.028089506575707312 0.2337236360691144 | -0.002220924756737067 0.40326489430165124 -0.14101849277480702
0.6553087200719969 3.143844866432561E-4 0.3456769211950332 | 0.05336071093550367 -1.6612526742131877 -0.113936151153737
0.6350109830506487 0.016410937255042047 0.4244701725790329 | 0.05219526724450175 0.04439810301922841 0.03476597453402197
0.6465118154833115 0.0019612495444459857 0.5139581300822748 | 0.12670814967577865 -0.13131510163835575 0.0532040725104121
0.6795994510986489 0.025586266640779697 0.5758461850334194 | 0.05393290930541808 0.5356377943670615 0.03472771719481398
0.6649713912633557 0.016616326922826073 0.6649536103087408 | 0.07628185412243957 0.4125115529992945 0.07631397724355947
0.6445204576339981 0.03319836940127305 0.8289456878441388 | 0.04552456872345167 0.035867599955452883 0.1718216890829515
0.704070653209979 2.024283241479886E-4 0.2545269946166542 | 0.002228651795823204 0.004840612812019848 0.0017881251582133927
0.7988641250104229 0.026745277172403478 0.2888064350454333 | 0.12051445574423561 0.3361199508310144 -0.058633141290839415
0.7884007123634381 0.032948630981063834 0.3594707045122347 | 0.12932157157240107 0.41144380115977874 -0.02256587928886486
0.634782804173303 5.917295015972192E-5 0.43766452083453744 | 0.0066531887663828825 0.0045645952714393895 -0.0011096349987385538
0.6451187459843902 4.3553618982990265E-5 0.5191816832878187 | 0.004782025152974459 0.005779485184356217 -0.0023461986380005034
0.7788735359786495 0.02068979289502427 0.593670107679485 | 0.11972078313955514 0.2111261464694607 0.005565440772278404
0.8289430184086659 0.03320266335024134 0.6445104928555418 | 0.17182814533638238 0.03591474582679148 0.045501976932544944
0.6781290076823258 9.496718671174524E-6 0.6781172067717189 | 0.0017389792128826675 0.005800238418794561 0.0017276660177840658
0.17348883906394627 0.40000173494126046 0.17348892167062982 | -0.006381151773203025 8.748469553768535E-4 -0.0063811403277796224
0.223567179433235 0.4000045133371587 0.3464327864315845 | -0.00420682070011711 0.0031468906037028775 -0.005395337486488558
0.25317910348612266 0.20713315217665743 0.40000000165462973 | -0.00151461365081209 0.005921781710877192 4.7186636773590117E-7
0.20403873281329757 0.10629375272253946 0.40000099599318656 | -0.02189755894340826 -0.00667172388015194 7.957326510063053E-5
0.2643879005339651 1.0603285336112313E-4 0.4550085923037501 | -0.001474098541558192 0.0044204963345143705 -0.001628097790173798
0.2676397642352873 8.776908226312816E-5 0.5822247664363336 | -0.001510677209833626 0.005264318136784519 0.003507198533333813
0.28414741122905596 1.4394448612253795E-6 0.6455556024904783 | 3.8779758383673243E-4 0.004743571032575887 0.002239745715637366
0.16722095920018165 0.02260173168069598 0.7730194266386539 | -0.09304064269124622 -0.311212449903283 0.08316557243907965
0.3465404444866517 0.40000080530260607 0.22359285397942383 | -0.005649688564675432 0.0030526944889725863 -0.004037946231537311
0.3435883744063473 0.4000159403219293 0.34358258596317864 | 0.003376329441134674 0.004431940441179094 0.0033828037126010725
0.33547146086699736 0.014862680845251107 0.4066956917735746 | -0.15566429356247596 0.4146513958260652 -0.040268669856403316
0.22373144755724986 0.013886060076296176 0.4087649483935401 | -0.014480611539284581 -1.6216209137648685 0.010907360059359526
0.29014965941095167 0.04542671777064112 0.48248480402991606 | 0.009385024960451014 0.083968994577298 0.009586632267526499
0.2497511248635042 0.023048248664525397 0.5727976681063764 | -0.06737842653984984 0.4020664326204794 0.023845315188657096
0.23493103052635703 0.026791006913139168 0.6597112021623688 | -0.12356328198594854 0.43695133720477736 -0.012152559388950256
0.3287855759416252 0.007710453259910049 0.836959129436952 | 0.03090607763367332 -0.3378556901469538 0.1589976528111804
0.40000230716013485 0.18928305568571763 0.2515192679251274 | 6.145683254694083E-5 -0.8004614357366366 -0.02108899245753349
0.40374428742141283 0.01975739044290105 0.331141800042256 | -0.05104863285248451 0.40590907991521763 -0.14403639390347514
0.4390450419889635 0.08061459589166937 0.4394159297584837 | 0.0019554144988167543 0.3132633399510997 0.014351952369185869
0.3968744249592304 0.008293100150713979 0.4252143668282199 | 0.20924881246114488 0.8302897502929385 0.006987481117286601
0.3728908069636511 5.241978479425031E-5 0.4860566923076323 | -0.0011772575317934824 0.006246880872297995 -0.0026424412261185576
0.3767525253617306 0.026227395241951203 0.5623050384724916 | 0.013678286072645807 -2.0450974988584627 0.06783122955292618
0.29982280232861463 0.01484741550700471 0.6455995255966844 | -0.176174020936724 0.24002629380522494 0.04109781495740921
0.3652065615956096 1.4265317493943551E-4 0.6441618336578193 | -0.0014569311817824125 0.005146724749790185 0.004751049357534642
0.4000001421526856 0.10669908576569397 0.2037592548748512 | 1.816972125566442E-4 0.0016373475929099609 -0.007703360831766929
0.41172701843419746 0.020759421789826916 0.22100504395945347 | 0.028030817914375727 -1.5925986967291859 -0.024408922616494414
0.42290923030904953 0.002664139417901407 0.3780649335374383 | 0.08950051768678574 -1.833883008999517 0.10629124248092604
0.4092065145506078 1.4510119820994256E-4 0.40765157433315335 | 0.0019840018915444984 0.003090196120608432 0.002786699610809121
0.4255051115274571 7.0520431035064035E-6 0.550952715209486 | 0.00164226446910828 0.0031911906321766886 -0.007266779917507511
0.4302542715498553 0.008780154165303882 0.5843561722609089 | -0.03332895116629731 0.6936881736185979 0.04854993437869086
0.4443048375249124 0.004421841173670568 0.6933900446174399 | 0.0011055555663637866 0.813729878569196 0.06480890010278997
0.4404051219072851 2.3334822190006145E-5 0.6327170787308392 | -0.003646697272848373 0.00391656850580755 0.007168048057961539
0.4553119771652968 2.475543940739551E-5 0.26419246026134124 | -0.0015667139773336057 0.004436376316008889 -0.0016949289768470864
0.4831919946726864 0.0423668377493731 0.2903780913263448 | 0.010163745531959088 0.10164857124894883 0.015101205267797275
0.4876619562620926 4.196874238228938E-5 0.37158369392684165 | -0.03769045291890646 0.048165629483650975 -0.02269023941782188
0.5509873166429795 1.0628903466833362E-4 0.4257082721213753 | -0.007084338723151964 0.0032922329540044297 0.0016954567685106016
0.5986822917852016 2.509419771326079E-5 0.5988307683894188 | -0.006101182684995879 0.0019119518986092238 -0.006160801393906145
0.511427265726718 0.009231553683666635 0.5701812416618642 | -0.05714774450033178 0.9431134167215557 0.022152353420742198
0.5125263966802724 0.010851246391759852 0.6507532086612903 | 0.057936228747105994 0.03290551218194305 0.1092057320841681
0.5154874786881641 3.190698816093893E-5 0.6339595915587165 | 8.087812631016769E-4 0.0037322742880654286 0.005936868502691056
0.583386454084728 2.0803949741938134E-5 0.267979117458948 | 0.0033941271481349525 0.005337638854231396 -0.0015095725062805752
0.5731539222846104 0.022121811916496825 0.25024250143240373 | 0.023553609715524504 0.40304709693974017 -0.06681714932484614
0.5631632841173606 0.026812846325365017 0.3770222539551238 | 0.07745183211732738 -2.0352583165681217 0.019524629340697316
0.5836573572083911 0.008916977905801076 0.4300008613286449 | 0.04275851213075905 0.6950424353268088 -0.03477243411943722
0.5699548515005665 0.009456512371175915 0.5115708017608327 | 0.02000381290566122 0.941588819768804 -0.05526847925933322
0.5917945342152404 0.01743835451478396 0.5918450192402356 | -0.05163546317846281 0.531121214364328 -0.050795902618048956
0.5889664366775132 0.010794264819431363 0.677457059666998 | -0.0014689002413652524 -0.11202527633007239 0.11138424807464196
0.6054683544344875 1.1338650636769402E-5 0.6624917069214111 | -0.0023845401786303797 0.005060759167038806 0.004606520782303339
0.6455391220560698 1.292069090130702E-5 0.28416379180766427 | 0.0023280096863857657 0.004737763954151797 4.3442421511377156E-4
0.6598687451636752 0.026828179734713214 0.23483964026899112 | -0.011325245503133127 0.4372619219772384 -0.1243299144348124
0.6461941706834841 0.014488786631320251 0.29981315537565 | 0.044459430784435455 0.23828219413412774 -0.17744809697501843
0.6932548694137364 0.004935898799709064 0.44436221715789825 | 0.0658352534021955 0.8124754865496886 0.0016202752496718201
0.6505535075336318 0.010397454744253354 0.5126049444145319 | 0.10878185166775192 0.02695785939746711 0.059519500346489236
0.6773784182339191 0.010705831536072425 0.5889482714213011 | 0.11112103638345057 -0.11187659210347692 -0.0016612649160756142
0.6978284306617802 0.00569590666099311 0.697849964186063 | 0.18189767427121925 -1.9570476296274313 0.1819958327140959
0.640275012707402 0.027909051642663923 0.8293627180028073 | 0.013516133909168952 -0.3470262531265432 0.16504088359392705
0.7730019266834937 0.02259570486897036 0.16722725513791845 | 0.0831434445935754 -0.3111781674154249 -0.09304036975664995
0.8369579802706716 0.007708723425561845 0.32878093941700015 | 0.15902910399206147 -0.3377951832178927 0.03087034916013134
0.6442215254960308 1.1346051904920614E-4 0.3652085571851858 | 0.004797204120609938 0.005117117988510798 -0.0013300849277245945
0.6326977459239352 1.0667785238953361E-4 0.4403944215016082 | 0.007200674570875885 0.0038691829833245065 -0.0036696328314946456
0.6339334494707444 7.27901461046801E-6 0.5155047918778548 | 0.005913473452170832 0.003783583236735588 8.010361424989475E-4
0.6624327218589025 3.8111906273650975E-6 0.6053899560950228 | 0.004614645683644593 0.005051067879284395 -0.002396897326991689
0.8293610686373045 0.027909896859763562 0.6402654040475662 | 0.16506206476101795 -0.34706016796903494 0.013497238625665806
0.7873544221598253 0.0361697051399298 0.7873542647185523 | 0.10980513175651535 -0.3429718539084559 0.1098049112873109
0.1921562308686619 0.4000048307831806 0.19215625642786707 | -0.006431015946567598 7.712407625570141E-4 -0.00643101553158285
0.21850705937882262 0.40000314847830115 0.34560721607482175 | -0.007638461180073209 0.0023544560458321206 1.5412045689857778E-4
0.2401342708629554 0.13012577454502391 0.4000237087349259 | -0.010113922809627578 -1.5627585788875302 1.7217115466221475E-4
0.1345724099895683 0.029891544306410184 0.40005334408858834 | -0.007060796767341284 -0.0014037943920071846 0.007759352056886841
0.15503315892557556 3.2958362384735316E-5 0.47336067477801924 | -0.002929742211908253 0.004793267602989674 5.208720253491833E-4
0.19254099359110777 1.0802404099015652E-5 0.5690235847750164 | -0.003470043073821177 0.00480529156348593 0.0013834581720440155
0.14114431090351623 0.027421558540981227 0.6438720042178449 | -0.1466308161662177 -0.6103512508346053 0.0060634714533558025
0.1674609194952078 0.006008181468706304 0.7748483090016387 | -0.07253320006177486 -0.5522199854261836 0.07032136910797675
0.34561192578814676 0.40000292827972456 0.21850639704140914 | 2.434106559469308E-4 0.0023568297521716227 -0.0076334703536849085
0.34351551705705113 0.4000026586348156 0.34350986298114244 | 0.00379329366872973 0.004128267196843048 0.003797754701776489
0.3235526908422731 0.020485098844202868 0.4000358797884779 | -0.0025015214115102105 -0.01280922899571124 0.006912546413141147
0.2716875468238349 0.17565867085639056 0.4000001530867645 | 0.0030854883394010146 0.006494365260134922 3.294029060435337E-5
0.29868172907459467 1.0967276799550248E-4 0.513197835516208 | -7.082389212148074E-4 0.004879205919737641 -1.800601361092773E-4
0.19991182975551477 0.051952986326911185 0.5106088178976725 | -0.18378190350646934 0.39484232441021416 -0.11740917594843968
0.22209473174477803 0.03610851370865013 0.6632276381776795 | -0.14667614042123855 0.14037237849624942 0.03853852888892593
0.26166767360550247 0.0033140530745983557 0.7947886871412208 | -0.09817706668912661 0.06027667125678731 0.058462248440300416
0.4000000996376363 0.21720158356720035 0.24830668797089217 | 4.916303603650762E-4 -0.2072683996370219 -0.08926932827157681
0.40002527258684173 0.014142144444064631 0.31996712961062906 | 0.008639193823297397 -0.007268707913397483 5.094551862145665E-5
0.4414525130634381 0.10630868013864388 0.44241615509366583 | -0.01067614726090965 0.16605737163669834 0.0017761429590399753
0.33672401387445255 0.002744888115698527 0.40250388823410294 | -0.24007958793372694 0.5393544539540549 -0.07088643588542663
0.3723110459609552 0.036326786979621016 0.4852123755770526 | -0.02752044410855369 0.2728331902509511 -0.03207486757197297
0.34530644185294174 0.02633958195652353 0.5716628317824707 | -0.045194712886607494 0.32166602926131443 0.09466871795526569
0.3620941408296941 0.008478738168884357 0.660659299138711 | 0.009632776370027383 0.6686853728098895 -0.00395489237895192
0.348449884537413 3.248119806732128E-5 0.7290776738821186 | -0.0012625394783996192 0.004331003087603332 0.00413409432691866
0.400000399479179 0.029604916819303273 0.1342483388165472 | 0.007618060864369739 -0.0014167268902350785 -0.007227377420400907
0.4000001360363551 0.17564889898168076 0.27155704422438903 | 8.684339323277488E-5 0.007776577778729878 5.006510611610803E-4
0.400132532755552 0.0048865816153733045 0.33483525431278344 | 0.002406238613966713 0.0012222743513338587 -0.006310616463845491
0.42167414932924135 5.792567215917356E-6 0.40483662722892366 | -0.00277967842925563 0.002504302112884146 0.003832953101697861
0.4208245828675542 1.6575145749333193E-4 0.5589805309060375 | 0.003606648442764743 0.002735383696467194 -0.00815697603609901
0.4276590952203431 0.01340389007942891 0.5417941195928208 | -0.054544963374694666 0.41254284859346835 -0.08100212284274064
0.43186532783943304 0.026340510847477978 0.7162902933515907 | -0.03910263676540664 -0.4681234421481025 0.08547637629970972
0.4370829369554635 6.369401990617385E-6 0.7392608657216335 | -0.002179376671060423 0.005191817773279402 0.00563487715819719
0.47314745002020303 7.966950138525066E-5 0.15488348537716884 | 5.227009034439928E-4 0.004752141090779993 -0.002984758724788739
0.5133503734311464 5.4128377601282064E-5 0.2989729590690403 | 5.363735857132432E-5 0.0049084565700400155 -0.0010630203225450551
0.48760132529582667 0.038579792790062364 0.3713629605151722 | -0.015078024061066701 0.24034149590580534 -0.04081466196253337
0.558815919877368 5.2611634776932856E-6 0.42100585107094873 | -0.008047543884566128 0.0028104648205728006 0.0037254029971416926
0.5984119531864084 1.8373096000402962E-5 0.5985729796843234 | -0.00612315470890165 0.0019098431794224318 -0.006197741674818029
0.5082542039442239 0.029857577145583427 0.5615934204681664 | -0.025596938616087455 0.48255268737947715 -0.007018674584801277
0.5168693883502873 0.044398873914550434 0.7540720165517824 | 0.0498063940973473 -0.1428529493785369 0.13678774494057605
0.513300231297191 3.431937138028245E-7 0.7312143078008299 | 0.0012645861462988305 0.0055579396193610716 0.0011606649160444548
0.5690109028574782 2.998174740931583E-5 0.1924938410856389 | 0.001457193072169151 0.004810398497764354 -0.0034712473451188807
0.5109454273888789 0.05152925073298602 0.20048344123160725 | -0.11421700247280779 0.38945665754740116 -0.18017227973018954
0.5728078674088497 0.02599117712447121 0.34527313167237694 | 0.09903815335327372 0.33275897420807005 -0.04118725960501796
0.5409193634788535 0.013766605688039979 0.4283788945346671 | -0.07259083108274499 0.40108376019296815 -0.05099328105188891
0.5609990281797056 0.030395793952878235 0.5083778836995454 | -0.010454057552611454 0.48806937445053994 -0.02525711363721016
0.5900769806324211 0.01939593386133658 0.5901108202434353 | 0.022134793009134224 -0.025142065923964323 0.02259252448273697
0.5677691776853969 0.03372285337976406 0.6814617876462352 | -0.015225432129030552 0.35951896418211876 0.019741249102007998
0.5979637039165018 5.982006554368149E-5 0.7168393036465469 | 8.166179267078549E-4 0.005108564318944384 0.004672232269339392
0.6438593624384435 0.02744260804146932 0.14113065926189294 | 0.006082545103708912 -0.6106635991708074 -0.14664361711786156
0.663274640615898 0.03608678569583577 0.22209245134345493 | 0.038508847540618944 0.14026998894562 -0.1465688056111345
0.6607213059406216 0.008485317508673595 0.3621576449470643 | -0.004506405402932287 0.6685198459390109 0.009995619399117535
0.716222917539602 0.026262140202665717 0.43194016686801906 | 0.08603220328435665 -0.4661896546202704 -0.03869895587995351
0.7540430263704221 0.04439928639897885 0.5168604465804814 | 0.13677626344110763 -0.14292921202913358 0.04969188794890155
0.6814659922415796 0.03372640998412835 0.5677077452416673 | 0.019795319188653886 0.3597922547436807 -0.015465307380039234
0.6761008052494792 2.87444545125513E-5 0.6760715398055064 | 0.001968885462336303 0.005029445821299161 0.001971126052899437
0.6826066869003733 0.0013250730583481058 0.7925775882345495 | 0.09162986059391445 0.08719652278787897 0.03923756026089
0.7748365017382124 0.00600863500172249 0.16746519805513596 | 0.07033857865144685 -0.5522108556046511 -0.07255311491745446
0.7948077667093096 0.0033144380977256295 0.26165948817244716 | 0.05856657074921053 0.06022286716472447 -0.09820536315540404
0.729100066855529 3.8532249764030045E-5 0.3484528242933976 | 0.004182166597224712 0.004316131830635658 -0.0012606576882652457
0.739266486746706 6.8378814961844965E-6 0.4370840737782869 | 0.005629059776192908 0.005187513901428896 -0.002165417376100314
0.7312129280561637 2.5962741292783423E-6 0.5132987291794789 | 0.0011508297731580028 0.005559612734114464 0.0012678718105330613
0.7168391927097757 5.850901496312657E-5 0.5979629773071475 | 0.004680615804392265 0.005103796156813499 8.180079398435998E-4
0.7925746232931522 0.0013274181983820548 0.6826057602417174 | 0.03922170545427742 0.0871949508602175 0.09163689435795945
0.7886691741974577 0.015906530914721363 0.7886690353018817 | 0.09605673320958562 -0.5915009241331181 0.09605662524449632
0.2140629248530909 0.4000048197214068 0.21406293638446477 | -0.005158638668128647 0.002809996168435887 -0.005158074499600015
0.23210855685321455 0.4000073546479893 0.3431599007755431 | -0.00423574049588196 0.0021151585749152064 0.0066953210826317345
0.24251110755970623 0.12852938146190832 0.4000190060618777 | -0.0010120805169928425 -1.5994973572391573 1.4865936188734178E-4
0.14327130955619374 0.030316210203735 0.40007505993906545 | -0.008018625256537027 -0.001693176354222573 0.006560573347889903
0.10058781168121667 0.0030295421836047318 0.4980940394111421 | -0.12665757302909586 0.4446583592145229 0.017939674834389505
0.20011270755101906 6.06851922824683E-5 0.5661508827840237 | -0.004776842736260403 0.0043754140490744 0.0014893780710187412
0.1440980267047883 5.0213139905738174E-5 0.654345387733837 | -0.03705477070842962 0.03028516292175017 0.00760107790349222
0.1688673991661898 1.169362895519557E-4 0.773341709517369 | -0.05343010657252072 0.10686245584974238 0.034027785087990495
0.34316243617854403 0.4000072344800633 0.2321086600234608 | 0.006710365285164039 0.0021123196587797674 -0.004217261858781787
0.3435082821909901 0.4000016534490282 0.3435028930839878 | 0.003829097564457292 0.004101056848960528 0.0038309059361258412
0.32246907074921244 0.02008502462953893 0.40002219461702043 | -3.963294505897853E-4 -0.012541622028796716 0.007065154306858826
0.28890187031742215 0.14626294839211537 0.40000028987757036 | 0.0031982289700207907 0.004244384667756438 6.1362859889245E-5
0.300161167782936 5.570277700757161E-5 0.5132524033632995 | -0.0014390644404124455 0.004910095486623191 -2.2053348760384987E-4
0.1981048601450475 0.0549883840647455 0.5071415042726426 | -0.19366907361783803 0.43853599241493685 -0.11941563156852995
0.21823769279400088 0.03846125957312735 0.6728455307599276 | -0.1464209277377979 0.06550339102215802 0.06986463910197109
0.2582498227948337 0.0012832257656976004 0.7926595008474813 | -0.08995009955390652 -0.17561008414962578 0.07789563752760065
0.4000020239769622 0.18567208496446128 0.24721259059860642 | 1.8594636841276045E-5 -1.3566442733845927 -0.02721613815082998
0.4000386190782134 0.01411264250230414 0.31856602345292945 | 0.008356238079694359 -0.007094109074947151 0.002691821220501711
0.46135155218741947 0.09140363850479845 0.468241628887327 | 0.12401328306428819 -0.2534186543361117 0.15199176210256013
0.32365450139179136 0.012834150651234786 0.4001031889461131 | -0.09291392806747448 0.052742300591859644 0.0728208071722974
0.37215935604918615 0.04416134937160891 0.48562057146136495 | -0.03817006792395746 2.3887216381579535E-4 -0.021144794497563256
0.34251536375808356 1.7863329690537798E-4 0.578990675430316 | 0.0014096839400635165 0.006124067203794969 -0.002828862344193078
0.43471195370405086 0.034619723186522774 0.7229243424078913 | 0.04567492533641331 0.12578565872216232 0.08947551039161906
0.35209851627170424 1.412385291255766E-4 0.7302554900880471 | -0.0023431990634637345 0.004248677504795078 0.003879072147572139
0.4000320790104578 0.030579945281581297 0.1430329623000609 | 0.006280324458077585 -0.0016936134631301565 -0.008001439186142623
0.4000004385586629 0.14560929946341905 0.28944017315718185 | 3.793980697949603E-4 -0.008989551186231348 0.013577978923714132
0.40005340884219054 0.008304444262940146 0.3286253241751531 | 0.0030966539292771747 0.0010784124678563226 -0.006124655569296031
0.41835975789182317 8.152996040026818E-5 0.38783249528536373 | -0.002272647653377688 0.005237004285930374 0.007121688321833018
0.4234853675202486 1.5462301539358013E-7 0.5543701795423857 | 0.0027972543732682534 0.0027926218199647674 -0.007944164067184891
0.4260187160597791 1.356821810736328E-4 0.5427252181164657 | 0.021985484787507528 0.11315583493229991 -0.06273147343998237
0.43124697031588954 0.02589430216304603 0.7191503698738436 | -0.03107079579145547 -0.5326083455214892 0.09814166036139706
0.4376316130326504 2.0520900505784805E-4 0.7443064424026292 | -0.0019139489840277126 0.005195861343916067 0.005759157543276222
0.49803948884545035 0.0029570394630048383 0.10063673115804839 | 0.017529476552732244 0.44545063015518926 -0.1258145426038724
0.5123593309481185 1.084413583469685E-4 0.30063375768259853 | 4.4026378139392557E-4 0.004893721413855469 -0.0018352509313667425
0.4877945021544508 0.044404525186432196 0.3712806884619033 | -0.011312559393578434 -0.0411616456044853 -0.04670968139283708
0.5541416134201673 1.3708207359082597E-5 0.4237214977079959 | -0.007905997926795045 0.00298577281618031 0.002937596838978534
0.5869836395597716 3.070206623119671E-5 0.5871903935877238 | 0.006046983774057126 0.0031565919722453127 0.005776470471291881
0.5043326255056224 0.04331699435028392 0.5689906451791039 | -0.005214055117224697 0.07728514297301377 0.04858784351965274
0.5156754035987733 0.0494553955522603 0.7577266030299729 | 0.030145536663979816 -0.2086351889670129 0.1434628456591812
0.5125780703380964 9.549971471206328E-6 0.7415875324720516 | 0.001499275854525724 0.005561886505813257 -1.254620462675497E-4
0.5661329204870649 9.931200033290813E-5 0.20008112762972827 | 0.0015627577089406776 0.004375910230928946 -0.004782081288769564
0.5074078599960233 0.05415316140958416 0.19853178405231672 | -0.11828621983032926 0.42783368284529666 -0.1924564519769014
0.5789302665735401 7.760756030359615E-5 0.3425332596794681 | -0.002763994660640933 0.006082667388755029 0.0014142328941143879
0.5428120276406354 1.2369126834022438E-4 0.42631363654594256 | -0.06157436421577412 0.10485938787989464 0.02112057169933251
0.5684574750191203 0.04375373641437482 0.5044277258303237 | 0.047841924731762776 0.07828138441416907 -0.0035137322616793604
0.5947148135866048 9.113490690932726E-6 0.5947565416465633 | -0.006207729935383247 0.0024913640769566 -0.006136157495191637
0.5203650274688256 0.05288959966161542 0.6988511896965941 | -0.09670967147893333 0.3299193010679123 0.011052580628838486
0.5938996897393439 6.0384320816307734E-5 0.7264657160144979 | 0.002151582226408237 0.00533663550888189 0.003487589400203794
0.6543522103996309 3.860818972763586E-5 0.1441036140594872 | 0.0075968644577031974 0.030317704354880463 -0.037046151233629566
0.6728379148774134 0.03844513023022989 0.21826406655384156 | 0.06996633681831865 0.06513211547169921 -0.14635457980849226
0.7227519513899814 0.03469377652096814 0.4347520555370851 | 0.08934265206808442 0.12595628916134333 0.04591986766604983
0.719061914242255 0.025892191602650307 0.43130580379326544 | 0.098359162619908 -0.5282606311427519 -0.030787292617352687
0.7577219166859818 0.04949473336419634 0.5156590858216588 | 0.14355161855216395 -0.20875857375666163 0.03004172872774452
0.6987757459602977 0.052859525677453334 0.520397085898647 | 0.011033705179324468 0.33058591747936505 -0.09645859296067535
0.7274243379190548 0.04987017830674723 0.7274279428006085 | 0.0963262232222022 0.6152696434950402 0.0963185673199387
0.6863594395928329 1.923733287528099E-5 0.7936476698298007 | 0.002279649109450722 0.005038977500148573 -0.0011669066211771107
0.7733285515667531 1.204837591630201E-4 0.1688721203066186 | 0.03395414106716003 0.10687067341284973 -0.05343486836481956
0.7926800243544417 0.001280265929732348 0.25823996769879515 | 0.07798558187507364 -0.1757274870903454 -0.08998190511512302
0.7302660495656155 1.4169316478487257E-4 0.35209958171918265 | 0.003926789112010769 0.00423438971221661 -0.0023374642678880876
0.74430384852198 2.0884941711303855E-4 0.4376320129534065 | 0.005752745616891056 0.005191718905007854 -0.0019048601117186822
0.741587953357087 1.0559873447019947E-5 0.5125775180699086 | -1.310669219941962E-4 0.005560891311527356 0.001497961373360707
0.7264652706178534 6.012129526081049E-5 0.5938989729655092 | 0.003495113153656832 0.005336794251259716 0.0021540575354833938
0.7936460746985547 1.98468524450765E-5 0.6863608314215558 | -0.0011686720605982807 0.005039183581063089 0.0022787440280583712
0.7886850096629172 1.670652767592738E-5 0.788685039935413 | 0.010304342986289254 0.010802695327072087 0.010304431891918354
0.2252411249884605 0.4000002772006596 0.22524113243400132 | -0.004828381003062608 0.0032046923143719676 -0.004826592246237402
0.23617535161799136 0.40000151306119375 0.3417757589287807 | -0.004347802630817979 0.0017383247663834923 0.007082409627922698
0.24845143793317837 0.21132551197421878 0.4000015333055811 | -0.02368214820666769 -1.1369346790940422 2.371631051111956E-5
0.15698005395813494 0.023368391597449464 0.40002219130863664 | -0.007726449791963255 -0.0011058615661791913 0.005084744199429953
0.10544939799300425 0.006888523379811372 0.49550645413892275 | -0.14498569568590927 0.3071911794293351 0.026466611800689786
0.1958512080144662 2.2950840422027722E-5 0.566170780261137 | -0.004025494510943131 0.0046022871176759515 0.0017235188102759458
0.1457369729414647 4.83307392224548E-5 0.6541588733633469 | -0.0033152722756664976 0.005319582259156021 1.416447862038047E-4
0.16947109606054897 5.920184559482665E-4 0.7724125972562078 | -0.05456119063383699 -0.033228168381189666 0.032058500610465716
0.3417752611880985 0.40000161049353294 0.23617502387087874 | 0.007090283988192027 0.0017373455375276634 -0.004336809727041708
0.3434911296506791 0.4000071549112912 0.3434856740530108 | 0.003881884347017156 0.00405864159241907 0.0038842732930463855
0.32308051939316385 0.02137734877384887 0.40005112938374143 | -0.0015128947915069597 -0.013025498622135326 0.0067083023969614925
0.31055932927182234 0.11163007211565808 0.40000073012013904 | 0.009813464509535333 -0.007276485915228231 6.70191274068884E-5
0.30104654427935496 8.791624505663288E-5 0.5121186102217661 | -0.0018735851454050388 0.004928121740359911 2.6659709261270915E-4
0.15961880682340313 0.05468584716804108 0.5374356887031457 | -0.24095213297124662 -0.10364731892711056 -0.0011350083558904908
0.2113547252709297 0.03542158962301815 0.7010359955859694 | -0.13189421219673889 -0.0779319894203172 0.12130174459292463
0.2580068609980243 6.960023340251228E-4 0.7928632409799732 | -0.09202671462123198 -0.18605814990155017 0.0752529863047774
0.40000176251059905 0.18643656868981856 0.24736082266385162 | 1.5834352608341205E-5 -1.3596298364850725 -0.02711227724737924
0.40004435228217994 0.014007856636144046 0.3179109137569317 | 0.008112693271903816 -0.0067630833278923405 0.003724493948103465
0.501109986851756 0.054976824964647245 0.5031368870901933 | 0.18863562813489296 -1.070581039424147 0.1933002756741807
0.3244251744215106 0.011468726885118238 0.4000710345839161 | -0.005995905816005035 -0.0017278084107676104 0.008262417352701935
0.37229030804546 0.024920728290683897 0.4856136916357098 | -0.024762290353158387 -0.2542082383422459 -0.008196078201221315
0.34487025200781635 0.03673840128178894 0.5738904702622053 | -0.04727754832663091 -0.38404822114434467 0.07186655856040232
0.35942488408086753 0.06326405880679417 0.7185806315831392 | -0.10643905656077542 0.28475300632948886 0.04839758538171814
0.3574250390366755 1.0467098794663474E-4 0.7514912675912291 | -0.0036932602213460906 0.004387645543312313 0.0014060819584400185
0.40002692765447667 0.024108478037030787 0.15717257208441662 | 0.005053852700780196 -0.0012652244699936721 -0.007847215004781907
0.4000001459587191 0.11156178306681834 0.31053408522799303 | 9.589690515643482E-5 -0.012146245942293453 0.008703886521872848
0.4000673796827386 0.010695120411129126 0.3244519920915291 | 0.005331758885424749 -4.325263849761612E-4 -0.005969925762186332
0.394190807283515 5.731408034459221E-6 0.4038523407472753 | 0.003927706419432118 0.003137575026245447 0.0014030555771876682
0.427398388596839 7.36045307993003E-5 0.5450498632981116 | 3.4886058578563055E-4 0.004662377734199089 -0.0034391395397606094
0.42593734430233476 2.0380776525965956E-4 0.5432555186283637 | 0.024807047765502764 0.0779071137041551 -0.06986484354043644
0.43126425963478193 0.022974773859976785 0.7214561631387114 | -0.018558192908161852 -0.5728939219190081 0.09668608585666758
0.43712621239793426 1.52087445571026E-4 0.7527939132899545 | -0.0011216853660826896 0.005185441364702066 0.0063478366723701005
0.49544917137133465 0.00695936654217327 0.1054595847048974 | 0.02576605845199837 0.307409933196937 -0.1441311434074153
0.511023270263428 1.94645085379822E-4 0.3012077892657841 | 9.695823520402418E-4 0.004882051771660417 -0.002089929735619677
0.48777566860596516 0.027808925155414055 0.3713515559189148 | -0.005579583800012033 -0.2854229956626278 -0.03916841883141797
0.5450951233255098 5.760239565039222E-5 0.42743597988527166 | -0.003330744058110048 0.004608801232720676 6.976390286918313E-4
0.5113795511523015 2.1300904385711424E-4 0.5115931134795068 | -0.0017238578794400341 0.006145366625360289 -0.0019023276333620513
0.5039793740104732 0.03858060151468253 0.5712086311894242 | -0.004447331049127328 -0.1300476874194133 0.04767536045740439
0.5135559963346034 0.04570816322970848 0.762015260037824 | -0.0024247123868547534 -0.3208436411363741 0.14745845845805478
0.5131122157226582 5.1719506624286126E-5 0.7514903684259172 | 7.329992850748607E-4 0.005358702283928257 -4.6580344652278314E-4
0.5661536815789993 5.721859649460861E-5 0.19582139919714917 | 0.0018014729241362336 0.004602854855793826 -0.004030794401438437
0.5375593295565074 0.05491435336152068 0.1596959817360559 | -0.0017983721062597513 -0.10209747407815203 -0.24006563604542583
0.5748015068165081 0.036363298722938774 0.34471075737669976 | 0.07537568363492819 -0.38748498882714427 -0.04721092255567576
0.5433743255681475 3.1835480422577926E-4 0.4262472692567922 | -0.068893569576577 0.07759355654033014 0.024249672070379934
0.5707696987636689 0.039487850741579 0.5040169345000656 | 0.047165124109501466 -0.12744279229898095 -0.0034428327664648367
0.5892131633760789 0.01801758163348772 0.5892361539196342 | 0.012253411521554446 -0.3185721009109912 0.01253584078364295
0.5958997518263935 0.0575966279109523 0.7758535056037245 | 0.09144394597009556 0.008526055269855073 0.18545501718652577
0.5888400869163034 2.8073029977311215E-6 0.7617824882613953 | 0.0020840562443041164 0.004258566914668193 0.003927940378112923
0.6541680267803136 4.069077074358106E-5 0.14574413827770955 | 1.363305049982667E-4 0.005319359009527815 -0.003318178535343147
0.700987622709441 0.035449498554409486 0.21138365779498894 | 0.12169798217916575 -0.0782322565380777 -0.13204533177334699
0.718782273256356 0.06320141114390965 0.35951273619343654 | 0.04969285992364772 0.28370038875685044 -0.10601114911747428
0.7213338458591615 0.022897568289667748 0.4313162243552317 | 0.09671243104676656 -0.5715385913781601 -0.018378121113644622
0.7620170895938493 0.0458131905427925 0.5135417638437131 | 0.1475463541001986 -0.32069898519056284 -0.0023523842837426274
0.7758108904383559 0.05759658340236107 0.5959119924118494 | 0.18533249619913847 0.008720083695819981 0.09141245001657675
0.7268595938737595 0.04875988003118184 0.726862904067991 | 0.08312420122945502 0.4649845640606397 0.0831278456150883
0.6867514534686331 5.227694162528143E-5 0.7941107142207166 | 0.002094575534501254 0.005015249794951988 -0.0014843117600141953
0.7723977201833016 5.963391819257066E-4 0.1694761411840849 | 0.031992407939474124 -0.03323932193974467 -0.05456418498682803
0.7928840860330314 6.915580148007857E-4 0.25799656784079383 | 0.07534286273428943 -0.1861390108155752 -0.09206687146139246
0.7514860337378504 1.0825021049372437E-4 0.3574276067381264 | 0.0013999823026865654 0.0043964064773492646 -0.0036847176481576384
0.752789919022041 1.5588929526959516E-4 0.4371265403857584 | 0.0063401780271607165 0.005183336615847163 -0.00112140310085515
0.751490668205769 5.284212924314976E-5 0.513112080260772 | -4.6565425223788425E-4 0.005353353203918775 7.30851465453041E-4
0.7617808201707355 2.2503452688063912E-6 0.5888389749859689 | 0.003929187522520074 0.0042578191111670985 0.002077339651204624
0.7941092982623829 5.268303879117632E-5 0.6867529014428977 | -0.0014864041358653613 0.005015552457734758 0.002093648636625258
0.7859391856516249 2.002006004093937E-5 0.7859392257141278 | 0.004062175600086002 0.004430349319818169 0.004062214587385191
0.2393892278999267 0.40000018324521935 0.23938924631536512 | -0.00324311205727348 0.004548038585766085 -0.0032393879533032287
0.2422307416645387 0.4000016262909018 0.34188467932271305 | -0.004697845838159342 0.0017455872701445786 0.006880968194568628
0.23951959242381704 0.009752685167656079 0.4000422830025912 | -0.008927526381492279 -0.004871221748711044 0.009184529917183042
0.1918138186759429 0.09339585705435659 0.40000897177705197 | -0.005670231234408991 0.0032544915194333097 5.557738384237462E-4
0.17299256508253275 3.794011934275273E-5 0.4744076158696507 | -0.0046383836061752275 0.004082272300404765 1.4268304267088308E-4
0.09489230068050987 0.00829911170817341 0.5781388751195106 | -0.13225782337678174 0.1131545541050183 0.022569580185766054
0.14687745747698897 7.177183858252193E-5 0.6542590196847307 | -0.0041654348058954346 0.005039703213522332 -1.8417624828951824E-4
0.17018007853546435 6.620160658384756E-5 0.7714162220587347 | -0.03832240557323655 0.00893796972171573 0.024717708471933126
0.3418846628590171 0.40000157416690624 0.24223061678701943 | 0.006883951754049519 0.0017452216671700505 -0.004694106455978039
0.34356941898490995 0.4000016311002601 0.3435651625503755 | 0.00354019336612907 0.004323479459431118 0.003529759567346074
0.32246788369618573 0.020823299950372996 0.4000064781084047 | -4.0823692969511145E-4 -0.012782076819852653 0.0068258969779103245
0.31022363088295185 0.10477399927607021 0.4000001689204707 | 0.010154372284945389 -0.0030899016252518407 6.535806020039482E-5
0.29674984438163693 5.16726760387085E-4 0.5089966707359116 | 0.015238726228616462 0.1508357981018622 0.029575834493812382
0.15064816621706914 0.048190295510965514 0.5702174330313404 | -0.21956740074339018 -0.20397589614421466 0.10832717840712577
0.2120251112889183 0.03401077101080878 0.7105490995939577 | -0.11173739323019521 -0.16171635360571351 0.1423783425217039
0.2581862742130107 1.2709036769194775E-4 0.7923272267967529 | -0.03806207806023599 0.11394408675098647 0.04881715453822574
0.4000384105442985 0.009385734299908887 0.2391835719049642 | 0.009004525021668774 -0.004661673535973366 -0.009187701377568174
0.40002679717474043 0.01103769107100662 0.31541497942226937 | 0.0069062386774000435 -0.0025837319020042488 0.0060433802110002295
0.4922322185905814 0.04081938288931343 0.49450626526863817 | 0.09955784080741388 -1.0822851276402201 0.10372186352597498
0.3199997557873648 0.013617960502566986 0.4001148919356643 | 0.00562932524684063 -0.005060014432047167 0.00830881235839217
0.37230745044436986 7.629007864272594E-4 0.4859601995696708 | -0.00915147541654814 0.10258345831520359 0.0026762717546020653
0.3449903734859024 0.04130794603079934 0.5735691883102209 | -0.04465157846341227 -0.35109295527444123 0.0696694975375827
0.35709136991018925 0.0385130474759165 0.6861036353282933 | -0.007259454332416203 -0.41066518880057123 0.0812126848065733
0.3648908938048639 0.003802431453134507 0.8701653612189388 | -0.03271172744849657 -1.034152533730124 0.24387572014708545
0.4000034226554592 0.09495585501284878 0.1923119840112344 | 5.805119656641291E-4 0.005344430059790596 -0.0016450184299644094
0.40000041772140116 0.10461636507726332 0.3101123337191807 | 1.0915796863229589E-4 -0.007756953396044036 0.010778779332066444
0.40010171260801136 0.01321574306437152 0.323842108105904 | 0.006547555278480388 -0.003619889681579282 -0.006073765707223555
0.4075848051760186 3.5352943094453494E-5 0.4086527412394962 | 0.002910992898714194 0.003134732928390844 0.0020540111159063237
0.42846577579635026 4.199161587637617E-6 0.5409964081881025 | -4.6895339330799255E-4 0.004791866887028283 0.0013065373001533405
0.42567492225176806 1.2030963946527449E-4 0.5444003378489253 | 0.013466551488690302 0.013253783707849649 -0.010522801740167684
0.43133845305056645 0.02133691225451853 0.720612870020104 | -0.021157170418140483 -0.615237015205023 0.09776518538598393
0.43979515002138014 0.001752806730392137 0.896570086038379 | -0.016900747638377834 0.4741481656108058 0.1746111932182338
0.4744557310169351 2.105100531354367E-6 0.17294581087765795 | 1.8621548872962463E-4 0.004085054050500094 -0.004612386888031962
0.5093283596256554 1.803031738109018E-4 0.2962382233196015 | 0.005233451652050676 0.011134528703470717 0.0010340394636064525
0.48778899993602065 0.0016471561613177303 0.3711162353458364 | -0.006128029257348523 0.19086837217979616 -0.013425580868896735
0.5410180090033757 4.052367347336965E-5 0.428565782273376 | 0.0011739196473921367 0.00473960064928999 -2.3038180247494588E-4
0.5083939422468725 1.07777560202692E-4 0.5085807245903563 | -0.001503933365425817 0.006173865484429507 -0.0016545159902118856
0.5052048449199482 0.023154386917976555 0.5708818331969486 | 0.005992818727413472 -0.3608229712694356 0.027765951580730742
0.5138384046107909 0.040671450114799876 0.760203501136977 | -0.007570001583491595 -0.3830590269297047 0.14026527052497764
0.5059426855920295 0.001234421636353663 0.8927348739049819 | -2.661297956040509E-5 -1.0680481273930333 0.31687563281644626
0.578105137197291 0.008223974638920493 0.09489047766269973 | 0.02256488567637201 0.11343305009144929 -0.1320224781619011
0.5701333938979515 0.048300743448642734 0.15077004210181869 | 0.1076525676116395 -0.20489768981952103 -0.21917265462018118
0.5745226254915429 0.04105569065431298 0.34481515134920737 | 0.07366626382506251 -0.35378807311352617 -0.04436786223460073
0.5448596204640477 5.8282098537241025E-5 0.4254554626253115 | -0.0029087684385740585 0.00476319205416607 0.004369995253994431
0.5705322852453578 0.024250951014275775 0.5052499642276442 | 0.0279217435232412 -0.3610227221353478 0.0067239912725796545
0.5874623201643895 0.04208467187393526 0.5874749325260095 | 0.014901030059759826 -0.33083991610104585 0.01527976582241169
0.6331323465781507 0.048761791544131766 0.7380937010428139 | 0.1590165580057244 -0.2218841732717679 0.07523076307004913
0.5787953811954892 5.606178186391719E-4 0.8814430074323333 | 0.005278060669944254 -1.0650031603904109 0.2766395718059137
0.6542687184179631 6.464913982750272E-5 0.14688514460077692 | -1.8857116732128135E-4 0.0050398966332604106 -0.004166627324288193
0.7105263890665027 0.03404361867444715 0.21203742149330262 | 0.14237279264002137 -0.1618667822082535 -0.11185696914962855
0.6856836375967338 0.0382558318324818 0.35729129402033405 | 0.07993804730066635 -0.41013373527553776 -0.0046926071207979946
0.7204862612412103 0.021350592628644867 0.4313933193312569 | 0.0974955030689127 -0.6129242500833676 -0.020891859476086676
0.7602443439438828 0.04095558643404834 0.5138126612662723 | 0.14059753500205832 -0.38297186126116384 -0.007559483830821499
0.7380730463803127 0.04876778421537708 0.6331065774835533 | 0.0751911682949259 -0.22163451547582133 0.15893879798827146
0.7231250768448451 0.048968841192713435 0.7231286994982995 | 0.04906410048820443 0.27491869182768053 0.04907992895257401
0.6868205299852469 6.3192304526911555E-6 0.7938661003745879 | 0.0019873049918328637 0.00509185902261871 -0.0012582122182578021
0.7714007830665088 6.9932825417709E-5 0.1701855452705822 | 0.0246753796519537 0.00893944088712734 -0.038340056570108104
0.7923483957060197 1.2272740811675295E-4 0.25817583423878027 | 0.04889641112974482 0.11396705240666555 -0.038107171981392574
0.8701672962156356 0.003800989644753348 0.36489483551042623 | 0.24387909196041618 -1.0341507058158697 -0.032720026564162
0.8965648981263761 0.0017502646059263628 0.43979478095476543 | 0.17459406294636284 0.4741473807561545 -0.01689941627255092
0.892730126768826 0.0012323347370144352 0.5059429479484447 | 0.31688637007083964 -1.0680591992139266 -2.075651660166924E-5
0.8814417611083475 5.596513657126279E-4 0.57879172488179 | 0.2766405301892338 -1.06500627245676 0.005275807741860892
0.7938646948091735 6.655385290485582E-6 0.6868219395876414 | -0.0012602171878780737 0.005092046724996238 0.0019862635060529724
0.7818003751387329 5.253236709370067E-5 0.7818004651571148 | 0.0047879657183237025 0.003968320269988049 0.004788169456285258
0.25213007088753747 0.40000718712305305 0.2521300802829471 | 0.0015924219900500813 0.005356582687752888 0.0015887650719565525
0.2498498871448597 0.4000012233897605 0.33922821154863536 | -0.0036540478400530108 0.0016966959782934831 0.007609596021187856
0.22447106609113476 0.036279925627676235 0.40002392698141576 | 0.006642206740205442 -0.008659249791275716 0.010219343587442989
0.20884630917840274 0.10524383017171705 0.40000071698067485 | -0.017322644564608355 -0.02388529033218796 1.0464495481400699E-4
0.23327847568022828 1.8718987489044193E-4 0.47950157542565075 | -0.003325808363986907 0.00417227053288576 -8.760822837513242E-4
0.19636832841082616 9.894749267071371E-5 0.5663767454517299 | -0.004138087800033655 0.004573986199358447 0.0016674154412470036
0.14983861887537864 6.410580908591384E-5 0.6538297079478755 | -0.005480544870126016 0.004490954273345254 -3.915455586669431E-4
0.1871550320669699 3.6796810991771356E-6 0.7575307876622696 | -0.006195518929897635 0.004432015698719641 0.00172967609889749
0.33922818798137083 0.4000012065294853 0.24984966577103243 | 0.00760703004243307 0.0016971012165905646 -0.0036583124117768465
0.3436430936977415 0.40000239507411595 0.3436374705888695 | 0.0030793735703612624 0.004622159906382802 0.0030846007992611398
0.3155671594336643 3.101728600534738E-5 0.4473060335161748 | -0.0025776447669203584 0.00459458738377151 0.0012436479601975246
0.3243409325426144 0.09345678470868529 0.4000051135329207 | 0.0025410217242129323 0.005199570881507981 1.7027775867300526E-4
0.3014191546380288 6.250959860160899E-5 0.5111086735585343 | -0.0020582627429832144 0.004942181506188063 6.959628287837267E-4
0.2647055219639744 0.03424711347570343 0.5963224136082855 | 0.04496879600381611 -0.43763493766635797 0.0896909560839314
0.21874515262567 0.01875269291910247 0.7153404800042845 | -0.07619883241407863 -0.33634019027074563 0.11892941580214039
0.25909522438056465 8.458933221683721E-5 0.7908576759771246 | -0.014876617465136343 0.028454821595098677 0.032652329400772645
0.400003851577182 0.03643984819583155 0.22430512094691094 | 0.010131561243802802 -0.009589897657156501 0.0063004079227822925
0.45771200004243257 9.132165406207078E-5 0.3057923003159465 | 7.295063550217361E-4 0.00395374904889122 -0.002545107980771358
0.49852259309740116 3.416617118205391E-4 0.49865459702101766 | -8.317431882543736E-4 0.005909329667863832 -8.879396882393374E-4
0.31640395364665735 7.334587627607625E-5 0.4018589730733075 | 0.00748290933270917 -0.043082688973291025 -0.02207083495202183
0.3737417768243167 1.94175517954317E-5 0.4845450253100892 | -0.0019435620680398004 0.006060485335380249 -0.0010978195141347598
0.34424247607027014 1.551079776659575E-4 0.5750911211151348 | 2.1678752107752807E-4 0.005182064296418709 -9.281914769835458E-4
0.36534115928733213 3.412001310488177E-6 0.649789840173531 | -0.0018930824406050005 0.00577743922824362 0.002902395361128023
0.3500435055301633 1.4931389963271558E-4 0.7432275689835852 | -0.001390046319910783 0.00508719124124745 0.0015028585182090685
0.4000005290456361 0.10396143344497231 0.20833179333195992 | 2.06673399500133E-4 0.0026197948721865317 -0.006878260982917672
0.4000008373471201 0.09332127075255157 0.32439641060917285 | 1.292559599081212E-4 0.004884548596310057 0.0035727396055024955
0.40273129893782417 1.6158644888907324E-5 0.3099849280106699 | -0.01347698588976482 -0.013764191863144478 0.006564366283911467
0.4248608146128011 1.7254233748687143E-4 0.4260172178847697 | 9.042835788887921E-4 0.0041912546657885946 6.363412812837511E-4
0.42900480491070514 1.396405225312611E-4 0.5394513414273944 | -7.87536349208333E-4 0.004464943085070176 0.0024841991483295104
0.4448830548905805 6.690779548984023E-5 0.6413607430157499 | -0.005708001667822024 0.005277000292096511 0.0015119417591707735
0.43238574896079596 0.0013557881757823719 0.7178136687527181 | -0.02610976505669166 -0.7617113037104444 0.09722473126262747
0.4277131983766197 0.010768935772940426 0.8223301589841466 | -0.03459722837425101 0.28794811095929385 0.12794219031763882
0.4795015119474629 1.949646072032398E-4 0.2332804489945515 | -7.643416211862538E-4 0.0040975326829790085 -0.0035340543181649237
0.5105562667012554 3.441802862990557E-6 0.3010470839605544 | 0.0011663130047056135 0.004886214890271681 -0.00201082562424509
0.487175644600186 8.752075895173246E-5 0.3723625501218636 | -0.0011765697309681275 0.0063506476366495855 -0.0015112622750561827
0.5391948190866079 1.4088335485013773E-4 0.4291480877602128 | 0.0025171582591840343 0.0044199021782771655 -5.588370160904483E-4
0.5346958695161649 3.197310592006179E-4 0.534920345888216 | -0.0010029250997124462 0.0042221189401053325 -0.0010820703661022302
0.49976165607328465 2.4180234431757212E-5 0.5901574996186525 | 0.0023143475785042116 0.003568806423043546 -0.0012480138114738673
0.5143208741378545 1.6603445898252095E-4 0.7323266058567577 | 9.024498232354882E-4 0.005616965806287629 0.0010538131167119223
0.5148723364810476 4.895632612734585E-5 0.832019221755978 | -0.004288551167169252 0.004936323715445953 0.00302855480992396
0.5664411600149534 1.3175351986811505E-5 0.19599196690243217 | 0.0017473413370104128 0.004587950820445212 -0.004090097559850533
0.5962220995600123 0.034219940483070845 0.2645738029706509 | 0.0893804442233653 -0.43603598259204546 0.04503430843608374
0.5755321553204846 4.5103682420302076E-5 0.3441892279069926 | -0.0057449704401716945 0.0235712507484481 9.117810469011603E-4
0.6412687284919193 1.1428423886563352E-4 0.445095820002972 | 0.001515685177788403 0.005210658551179204 -0.005851444481829669
0.5904200638456674 2.6557564419993622E-5 0.49972130022735584 | -0.001109345121863309 0.0035873350895565125 0.0022594253396983517
0.587432822307928 1.1046181187970097E-5 0.5874849146370537 | 0.0061159259094168816 0.00300964887541928 0.006097307036394767
0.6035730985263922 8.318540080847083E-5 0.666485542849545 | -0.0028527736073702603 0.005152853355068708 0.0039012568855021357
0.5844321487372272 1.5015473179734492E-4 0.7946773691177424 | -8.308164841266082E-4 0.004311032557954137 0.0038487947517929257
0.6538428680348575 5.5791033175328304E-5 0.14984618945900952 | -3.9455634728999083E-4 0.004492002015318595 -0.0054800405569321855
0.7153442181830977 0.018751303364426774 0.2187760227693351 | 0.11882099934950631 -0.3361628970635189 -0.07628018972360572
0.6498986999473528 4.195329780766721E-5 0.3653191497000329 | 0.003014343046194113 0.005758259856942291 -0.001727515829342467
0.7177428514205875 0.0017224948899398494 0.4324409463009003 | 0.09694604960830713 -0.7586608008234061 -0.02586591166445736
0.7323683691031646 1.5166469855366828E-4 0.5143165046134021 | 0.0010378698284525577 0.005618571526022449 9.067179642804295E-4
0.6664147826186436 9.194108755686438E-5 0.6035096797913282 | 0.003915886675026356 0.005143234530566392 -0.0028684117896888802
0.6979313742911817 4.2459566565793155E-4 0.6979206789999504 | 0.06721817291515109 0.21543620262525082 0.06723030964863025
0.6845873050085686 8.76714800477607E-6 0.7900146173373267 | 0.002395168160840525 0.004939435905076996 0.0016419504345246154
0.7575272874415229 3.5522181371723937E-6 0.1871561124456033 | 0.0017261629303602518 0.004429871932537206 -0.006199955339661476
0.7908800153195612 8.156192722700996E-5 0.2590843935994081 | 0.032693226985189956 0.028458970942908467 -0.014902445153643072
0.7432373188255542 1.6006715430845315E-4 0.3500525386747516 | 0.0015296419225773285 0.005084127352326371 -0.001380413215249117
0.8223048186282664 0.010794134366424795 0.42772103222408814 | 0.1280516555209112 0.28783542040417265 -0.03457885954360564
0.8319999865033517 2.7523045496933387E-5 0.51486893977623 | 0.002992859483019085 0.004933211837351652 -0.004290731091456572
0.7946805806246512 1.4311544461306723E-4 0.584424378816027 | 0.0038488145403094273 0.004309286271619401 -8.395465620341749E-4
0.7900134649013624 9.087243775810013E-6 0.6845884312150187 | 0.0016412226238400073 0.004939295140200878 0.0023946866240871583
0.7437455636135751 5.629649114125538E-6 0.743745526534862 | -4.694472028185599E-5 0.005384509958659711 -4.69409865239319E-5
