512
0.2545861539771579 0.06931563879746147 0.2545861539771579
0.2543088446918594 0.07135685664026123 0.31805411653206417
0.2524258841197274 0.07440246582773749 0.38083388288950354
0.2566335920004211 0.06224189217550764 0.4433401184569615
0.2565500695112187 0.06185261444609508 0.5064081009152145
0.2518159735330936 0.07355487983940986 0.5691673029867707
0.2542352983269723 0.06778410788879972 0.6319928712180892
0.25498163838977334 0.07002490869037822 0.6960628695273071
0.318054116532064 0.07135685664026142 0.2543088446918592
0.31461887254655374 0.0880655752681266 0.3146188725465538
0.3156651230602854 0.07477202814400104 0.38052571133191676
0.3130541895121551 0.07581483641196535 0.4436723170459788
0.31319333016326956 0.07591191007795656 0.5061948939478184
0.3153506993692483 0.07468179910219142 0.5695240937564044
0.3146035365395983 0.08670630214444477 0.6353504973329095
0.3186323952713833 0.07354395960376077 0.6956776461768773
0.3808338828895035 0.0744024658277373 0.25242588411972755
0.3805257113319167 0.07477202814400102 0.3156651230602854
0.37576560362028477 0.08098913880422642 0.37576560362028466
0.3721970268740562 0.0696950585639382 0.44117667164053914
0.3726666436343046 0.06973592961356866 0.5088753159631334
0.3755401839799528 0.08044072688563779 0.5738592483918968
0.38019624665790347 0.07452693370605686 0.634349395359704
0.3804401320969638 0.07724759023933475 0.6968882108035755
0.4433401184569616 0.06224189217550759 0.2566335920004208
0.4436723170459788 0.07581483641196547 0.31305418951215513
0.44117667164053914 0.06969505856393836 0.3721970268740563
0.43929039600504854 0.07249622726964085 0.43929039600504854
0.43972376057550644 0.07140911204002898 0.5108199971117685
0.4404118258136525 0.06905339341535685 0.5776168971107968
0.4440521136979161 0.06359433755375432 0.6344011198764182
0.4428520851756231 0.06561926136491102 0.6943147277111292
0.5064081009152147 0.06185261444609494 0.2565500695112188
0.5061948939478184 0.07591191007795643 0.3131933301632695
0.5088753159631336 0.06973592961356874 0.3726666436343045
0.5108199971117685 0.07140911204002927 0.4397237605755063
0.5103905812748945 0.07078161017390398 0.5103905812748945
0.5096781221079074 0.06912045643602531 0.5770953946020259
0.506109494389299 0.06400737966751266 0.634469009609547
0.5068875008989099 0.06555390153134255 0.6943615444467389
0.5691673029867707 0.07355487983941002 0.25181597353309365
0.5695240937564046 0.07468179910219169 0.3153506993692483
0.5738592483918977 0.08044072688563762 0.3755401839799529
0.5776168971107969 0.06905339341535688 0.44041182581365257
0.577095394602026 0.06912045643602537 0.5096781221079075
0.5739862266643525 0.08016562684703424 0.5739862266643524
0.5694591336020663 0.07482880608595094 0.6344620019029077
0.5693776647930822 0.07607204632180901 0.6971913912265447
0.6319928712180893 0.0677841078887998 0.2542352983269723
0.6353504973329096 0.08670630214444493 0.3146035365395983
0.634349395359704 0.07452693370605708 0.38019624665790336
0.6344011198764181 0.06359433755375414 0.4440521136979162
0.634469009609547 0.06400737966751274 0.5061094943892991
0.6344620019029077 0.07482880608595088 0.5694591336020663
0.632148532384915 0.07157919675383842 0.6321485323849151
0.6312671338474386 0.07010765454230748 0.6956927293677235
0.6960628695273072 0.07002490869037811 0.25498163838977334
0.6956776461768774 0.07354395960376052 0.3186323952713835
0.6968882108035752 0.07724759023933489 0.3804401320969639
0.6943147277111293 0.06561926136491095 0.442852085175623
0.694361544446739 0.06555390153134256 0.5068875008989097
0.6971913912265448 0.0760720463218087 0.5693776647930823
0.6956927293677231 0.07010765454230758 0.6312671338474387
0.6953918099338919 0.07131490241006946 0.6953918099338919
0.2387870568484932 0.0845171996937969 0.23878705684849383
0.24047860629123852 0.08970188627380538 0.3100517926607558
0.2355177646993215 0.08783088087230047 0.3813461282083669
0.250154007273616 0.06154234707163808 0.44440294008189435
0.2500530314652399 0.06161368987995233 0.5054786404040862
0.2352336348495291 0.08699785790764214 0.5685120092004604
0.24146463376999322 0.08595628842101205 0.6399897724116229
0.23925863124581798 0.08427900336730987 0.7110792649383864
0.31005179266075567 0.08970188627380532 0.24047860629123866
0.31096223073500245 0.1008445493313028 0.31096223073500245
0.31132575595298106 0.08586942375490074 0.3779723972115805
0.3074923133623299 0.08568339849809545 0.4425952772648579
0.30764432449984597 0.08638107050627952 0.5072777398349774
0.311223051241449 0.08535760426196244 0.5719584915356428
0.3106718658219938 0.09983938464603467 0.6391331569342626
0.3098024796804672 0.09499280731671952 0.7105384988212663
0.38134612820836666 0.08783088087230038 0.2355177646993215
0.3779723972115805 0.08586942375490077 0.31132575595298095
0.37356141623990285 0.08908618633547355 0.37356141623990274
0.3699280376726483 0.07344051304076435 0.439367062837862
0.37036927460047403 0.07318508513432492 0.5106316517451392
0.3733572354203911 0.08817939007708835 0.5761455151607714
0.3776644612777126 0.084406494976979 0.6382599703534773
0.38104491954276615 0.09259726754037795 0.7147589846641764
0.44440294008189435 0.061542347071638144 0.2501540072736157
0.4425952772648579 0.0856833984980955 0.30749231336233007
0.43936706283786203 0.07344051304076427 0.3699280376726484
0.43888974493276445 0.08285608051670994 0.4388897449327644
0.4391624948173092 0.08461658166454536 0.5110804738075294
0.43879262941730446 0.07178219025595337 0.5799662914655859
0.4430436977944176 0.08201816839082562 0.6412729479415719
0.4439318675919585 0.06597688201473959 0.6995204173109714
0.5054786404040863 0.06161368987995199 0.2500530314652399
0.5072777398349775 0.0863810705062797 0.3076443244998457
0.5106316517451392 0.07318508513432481 0.3703692746004738
0.5110804738075295 0.08461658166454555 0.439162494817309
0.5108522014168426 0.0867307982294581 0.5108522014168425
0.511333116508921 0.07189876042598166 0.5796130062621272
0.507095731690891 0.08358600242401029 0.6415317112808157
0.5059104428605834 0.06662448028725124 0.6995260079082511
0.5685120092004604 0.08699785790764213 0.23523363484952964
0.5719584915356428 0.08535760426196241 0.3112230512414491
0.5761455151607715 0.08817939007708844 0.3733572354203912
0.5799662914655858 0.07178219025595342 0.43879262941730457
0.5796130062621273 0.07189876042598164 0.511333116508921
0.5764090665762507 0.08794026938004565 0.5764090665762507
0.572456826209613 0.08454185182375339 0.6382104561899299
0.5687304122349363 0.09145114175038145 0.7152583275183899
0.6399897724116229 0.08595628842101213 0.24146463376999291
0.6391331569342628 0.09983938464603473 0.31067186582199385
0.6382599703534769 0.08440649497697876 0.3776644612777125
0.6412729479415717 0.08201816839082555 0.44304369779441766
0.6415317112808158 0.0835860024240107 0.5070957316908912
0.6382104561899299 0.08454185182375311 0.5724568262096128
0.6400956570307424 0.10130874093986139 0.6400956570307423
0.6401442410784095 0.09179078403074513 0.7092088239799709
0.7110792649383866 0.08427900336731033 0.23925863124581784
0.7105384988212665 0.09499280731671952 0.3098024796804671
0.7147589846641756 0.09259726754037835 0.3810449195427662
0.6995204173109715 0.06597688201473978 0.44393186759195846
0.699526007908252 0.0666244802872514 0.5059104428605834
0.7152583275183905 0.09145114175038188 0.5687304122349364
0.7092088239799711 0.09179078403074534 0.6401442410784096
0.7107628551679446 0.0837966089931885 0.7107628551679446
0.22526752551092405 0.10990280957539449 0.22526752551092424
0.2291525247434035 0.09662143492843443 0.3087236191624746
0.22657855482316408 0.08728286452777707 0.38128798732122204
0.2275059583417916 0.07475368870747486 0.44618346750842636
0.22816105958254324 0.07394478589262764 0.5038732068963679
0.22648634174258012 0.08631076159781094 0.5685818332442415
0.22956217314161162 0.0946604707476778 0.6413356971901786
0.22518720258687852 0.11134507572103754 0.7246533630030593
0.30872361916247454 0.09662143492843424 0.229152524743404
0.31063557260460734 0.09946807853549668 0.31063557260460734
0.3051056989142107 0.10925521852465848 0.37567583886213585
0.3010857570298683 0.10593689264024124 0.4416875293932159
0.30111661562933584 0.10618839421347787 0.5081792846248429
0.3051895104156899 0.1075304418933016 0.5743419993161624
0.31025645734543056 0.09810459275691799 0.639579666103951
0.3084522200839818 0.0999033050542232 0.7219018967904247
0.381287987321222 0.08728286452777712 0.22657855482316383
0.3756758388621358 0.10925521852465843 0.3051056989142106
0.3725969851361152 0.10670163178155552 0.37259698513611517
0.36957120652362146 0.07897702461768506 0.43877128859768844
0.3699525923372472 0.07812565637472069 0.5111473837157898
0.37235845959019165 0.10530380140375453 0.5771240239989501
0.3754189420692831 0.1050940394898582 0.6439553905721923
0.3809906328473385 0.09043976613348176 0.7237145916545256
0.4461834675084264 0.07475368870747535 0.22750595834179171
0.44168752939321587 0.10593689264024145 0.3010857570298685
0.43877128859768855 0.07897702461768456 0.3695712065236215
0.43934300382628294 0.08764968224616618 0.4393430038262829
0.43958998340210487 0.08976097630994123 0.5104764506249625
0.43852289548022566 0.07630613380557047 0.5800813041735151
0.4415754410804745 0.10190164231173984 0.6478420178161445
0.44585845858823436 0.07564100380629048 0.7216858763443885
0.5038732068963682 0.07394478589262729 0.22816105958254254
0.5081792846248429 0.10618839421347823 0.30111661562933545
0.5111473837157899 0.07812565637472023 0.3699525923372464
0.5104764506249625 0.08976097630994144 0.43958998340210464
0.5103703374148262 0.09111243018858213 0.5103703374148261
0.5115748812556276 0.0756635492983547 0.5797745834436638
0.5081067164389341 0.10158488937901834 0.6476962684549092
0.5041522352939157 0.07503967508805405 0.7210887978772398
0.5685818332442414 0.086310761597811 0.22648634174258048
0.5743419993161624 0.10753044189330051 0.3051895104156901
0.5771240239989502 0.10530380140375636 0.37235845959019176
0.580081304173515 0.07630613380557005 0.43852289548022566
0.579774583443664 0.07566354929835446 0.5115748812556278
0.5774483178980283 0.10419568685340218 0.5774483178980285
0.5751797647934624 0.10203726477460286 0.6432195239739584
0.5688220198428322 0.08899913473034299 0.7237809286177062
0.6413356971901786 0.09466047074767793 0.2295621731416113
0.639579666103951 0.09810459275691784 0.31025645734543067
0.643955390572192 0.10509403948985702 0.37541894206928306
0.6478420178161443 0.10190164231173963 0.44157544108047453
0.6476962684549096 0.10158488937901898 0.5081067164389341
0.6432195239739584 0.10203726477460316 0.5751797647934623
0.6406681962593697 0.09872638252448315 0.6406681962593695
0.6415183291641658 0.09796784708396616 0.7208579895613393
0.7246533630030593 0.11134507572103751 0.22518720258687852
0.7219018967904247 0.09990330505422328 0.30845222008398177
0.7237145916545243 0.09043976613348301 0.38099063284733864
0.7216858763443883 0.07564100380629014 0.4458584585882343
0.7210887978772377 0.07503967508805202 0.5041522352939161
0.7237809286177064 0.08899913473034358 0.5688220198428323
0.7208579895613393 0.09796784708396582 0.6415183291641657
0.7249290891024806 0.11227266323077785 0.7249290891024807
0.22288892861313328 0.11105470693239822 0.2228889286131334
0.21900715375989427 0.10642595800990501 0.3084751389085114
0.2163686236501267 0.09354667972111655 0.3816782273909634
0.20702091058014546 0.08830023317272492 0.4468519822767949
0.20748009474660226 0.08783258688404051 0.5032378953789501
0.2165001605376994 0.09227381159287792 0.5682862605858232
0.21847059520746107 0.10728767403686033 0.6413444551533052
0.22282286095110784 0.11263540669457457 0.7270071462286642
0.30847513890851125 0.10642595800990536 0.21900715375989424
0.3077665129736512 0.11171651329724358 0.30776651297365126
0.30118584258881664 0.12213641135991003 0.37560851956708885
0.29817379138787775 0.116864756615175 0.4416274391320728
0.29825592656652145 0.11660805174334522 0.5082721996522382
0.3010582548983434 0.12150645628320014 0.5744361311736649
0.3071922377381212 0.11056792877910002 0.6426027945634825
0.30801119857707093 0.10628203726215828 0.7313812105809774
0.38167822739096324 0.09354667972111652 0.21636862365012627
0.3756085195670888 0.12213641135990996 0.30118584258881653
0.3741889716680395 0.13401955666387433 0.3741889716680394
0.3750631447394536 0.13213057426604657 0.4435337002305708
0.37493647186667556 0.1329733052139585 0.5064237031419051
0.3743248582389105 0.13406082448017073 0.5756053234569831
0.3753934348308204 0.11968282277340452 0.6481421365144926
0.3814185320747594 0.09628304659082702 0.7339910674529281
0.44685198227679496 0.08830023317272498 0.20702091058014693
0.4416274391320728 0.11686475661517502 0.29817379138787803
0.44353370023057087 0.13213057426604716 0.37506314473945374
0.4394767810255718 0.08306645766498058 0.43947678102557175
0.43979078510432745 0.08621745933912002 0.5102799464081232
0.4436845528010158 0.13166814771730886 0.5757389149299605
0.44180324526911297 0.114201440672358 0.6511853128840193
0.44662793050981586 0.0878416175502595 0.7434032541571618
0.5032378953789501 0.08783258688404047 0.20748009474660112
0.5082721996522382 0.11660805174334515 0.29825592656652106
0.5064237031419051 0.13297330521395898 0.3749364718666751
0.5102799464081232 0.08621745933912005 0.43979078510432723
0.5101293532412113 0.08796097453752985 0.5101293532412111
0.5063464310583738 0.13224484290457011 0.5757293602114661
0.5079073164340427 0.11412667321821296 0.6510555489943909
0.5034054415020522 0.08741590647526769 0.7430257908458076
0.5682862605858232 0.09227381159287829 0.21650016053769972
0.5744361311736649 0.12150645628319995 0.30105825489834354
0.5756053234569831 0.13406082448017076 0.37432485823891065
0.5757389149299605 0.13166814771730845 0.44368455280101593
0.5757293602114664 0.13224484290457003 0.5063464310583738
0.5757877924377697 0.13456850186140568 0.57578779243777
0.5752315018518628 0.11869096315559381 0.6481957880531892
0.5684685396809137 0.0949094016031455 0.7339554696956547
0.6413444551533052 0.10728767403685995 0.2184705952074611
0.6426027945634827 0.11056792877910063 0.30719223773812104
0.6481421365144926 0.11968282277340479 0.3753934348308204
0.6511853128840192 0.11420144067235784 0.44180324526911313
0.6510555489943912 0.11412667321821302 0.5079073164340429
0.6481957880531892 0.11869096315559535 0.5752315018518627
0.643599091858769 0.10915120775047442 0.6435990918587688
0.6418261752234204 0.10778950604534786 0.732061379060611
0.7270071462286641 0.11263540669457452 0.22282286095110793
0.7313812105809776 0.1062820372621579 0.3080111985770707
0.7339910674529271 0.09628304659082879 0.3814185320747597
0.7434032541571625 0.08784161755025865 0.4466279305098158
0.7430257908458058 0.08741590647526637 0.5034054415020522
0.7339554696956542 0.09490940160314502 0.5684685396809138
0.7320613790606113 0.10778950604534761 0.6418261752234206
0.7273045039036689 0.11389762920181833 0.7273045039036687
0.2218255468042273 0.109412328918406 0.22182554680422742
0.21626584226538983 0.09694093645956954 0.3079377726761478
0.21277324956207788 0.08382941815057667 0.38105904788435124
0.2010124866152512 0.07869055716330613 0.4465781374148609
0.20132411837853598 0.07806509770287966 0.5035166119549547
0.21289429509558458 0.08264217568483974 0.5688577494596558
0.21591953700770605 0.09841365996683185 0.6419031784552733
0.22180665255835338 0.11135174306942172 0.7280437503021517
0.30793777267614764 0.09694093645957011 0.2162658422653899
0.300392631192424 0.15550386079375977 0.30039263119242404
0.29837587553323824 0.13323790090290488 0.3762485883843091
0.2965637247213649 0.12717793266887856 0.44192959584271
0.2966332022881791 0.12650627096347286 0.5080361981712413
0.29819458470542126 0.13329284539179395 0.5738404650308025
0.2996743418052108 0.15515412471593343 0.6496449450413505
0.3074510093669666 0.09700285472023931 0.7343535508956904
0.38105904788435113 0.08382941815057661 0.21277324956207744
0.37624858838430913 0.13323790090290533 0.298375875533238
0.37590574671913707 0.1458894496836005 0.375905746719137
0.3740075993354612 0.12049169049603417 0.44280021142883313
0.37380718053631173 0.12151230635989026 0.5071582880893817
0.3760287846486894 0.14607947716421363 0.5741860804664594
0.3763674768457552 0.134005026101528 0.6519172639917846
0.3807735192737781 0.08712923334852142 0.737469349060606
0.4465781374148611 0.07869055716330674 0.20101248661525473
0.44192959584270997 0.12717793266887814 0.2965637247213652
0.4428002114288332 0.12049169049603453 0.37400759933546124
0.43954651414289736 0.07913042726534215 0.4395465141428973
0.4398739476763251 0.08168641953957802 0.5102111447011363
0.44299392859271275 0.12056242480788323 0.5763728186252735
0.4423356463189783 0.12892036283610933 0.6537608869927318
0.44634372078048234 0.07902403537958744 0.7492094143041881
0.5035166119549548 0.07806509770287991 0.20132411837853437
0.5080361981712413 0.12650627096347233 0.29663320228817874
0.5071582880893816 0.12151230635989084 0.3738071805363116
0.5102111447011363 0.08168641953957793 0.4398739476763249
0.5100497425869517 0.08237043600371602 0.5100497425869517
0.5070266496586623 0.12126166117151813 0.5763536165671277
0.5076024136115674 0.1295579109850283 0.6536855533711399
0.5036919392346079 0.07844059940317864 0.7488906205147158
0.5688577494596558 0.0826421756848399 0.21289429509558472
0.5738404650308025 0.13329284539179528 0.2981945847054213
0.5741860804664594 0.14607947716421318 0.37602878464868955
0.5763728186252735 0.1205624248078829 0.44299392859271286
0.5763536165671279 0.1212616611715184 0.5070266496586624
0.5743389413687794 0.14713550159515654 0.5743389413687796
0.5743904226538598 0.13471237284169862 0.6524840848776488
0.569083579589666 0.0859952123635156 0.7371937169954813
0.6419031784552733 0.09841365996683142 0.21591953700770597
0.6496449450413505 0.15515412471593312 0.2996743418052101
0.6519172639917851 0.13400502610153023 0.3763674768457553
0.6537608869927319 0.12892036283610855 0.4423356463189784
0.6536855533711404 0.12955791098502822 0.5076024136115674
0.6524840848776484 0.1347123728416977 0.5743904226538598
0.6505363404136201 0.15353430704633209 0.6505363404136199
0.6424142796537052 0.09907997246598353 0.7348311454342499
0.7280437503021515 0.11135174306942168 0.2218066525583534
0.7343535508956907 0.0970028547202389 0.30745100936696645
0.7374693490606045 0.08712923334852339 0.38077351927377845
0.7492094143041885 0.07902403537958733 0.4463437207804823
0.7488906205147142 0.07844059940317755 0.503691939234608
0.737193716995481 0.08599521236351533 0.5690835795896662
0.7348311454342504 0.09907997246598284 0.6424142796537053
0.7283219369755223 0.11301976714810096 0.7283219369755222
0.22184215830571638 0.11152009732678675 0.22184215830571657
0.21346812811452287 0.09543810074626875 0.3076112137093996
0.21058434180619445 0.08372605364169874 0.38106951992851107
0.19503868719023285 0.0987464540293275 0.44693826077003235
0.1953017809545331 0.10096584716788284 0.5031539310727458
0.21076727753714522 0.08236845613307917 0.5688884220810208
0.21300968819874086 0.09736094369229756 0.6421541465908903
0.2217112222003972 0.11315516684864793 0.728192206616917
0.3076112137093994 0.09543810074626916 0.2134681281145229
0.2997648445394862 0.15349427085643033 0.2997648445394862
0.29786518984958726 0.1326054866031199 0.3764018089985356
0.29664493377724066 0.12301993106551953 0.4420326295915452
0.29671146344791904 0.12264269943170863 0.5079286604628879
0.2976539573516235 0.1325266594186018 0.5737186424984088
0.29907030594172174 0.15302455857351638 0.6501901656936816
0.30692020435220496 0.09483198356055274 0.7376801805422293
0.381069519928511 0.08372605364169894 0.21058434180619412
0.37640180899853554 0.1326054866031199 0.2978651898495871
0.37575447598179196 0.1374016690813588 0.37575447598179185
0.3750446125981462 0.12254524810952644 0.4434092764486035
0.37467024681967764 0.12248614147589938 0.5067061705214737
0.3758379027922378 0.1376938938644913 0.5742462789751844
0.37633923422915083 0.13412490732579677 0.6526428745556864
0.38068249281259886 0.08726409380433563 0.7401440303435958
0.44693826077003235 0.09874645402932762 0.19503868719023357
0.4420326295915451 0.12301993106551921 0.29664493377724094
0.44340927644860356 0.12254524810952652 0.3750446125981463
0.43961657674259924 0.0767397692205666 0.43961657674259913
0.4398922297501912 0.0792601630755642 0.510173058516368
0.443415072522921 0.1207348196298461 0.5757484421782149
0.44227596494913746 0.1257841276536583 0.6539554052405396
0.4467511191088944 0.09937638478426919 0.7571570458772269
0.5031539310727458 0.1009658471678823 0.19530178095453252
0.5079286604628878 0.12264269943170872 0.2967114634479185
0.5067061705214737 0.1224861414758993 0.3746702468196773
0.5101730585163681 0.07926016307556323 0.439892229750191
0.5100196620496282 0.08141738100664618 0.5100196620496281
0.506703538799977 0.12043033295128065 0.57583609590638
0.5076645287716918 0.12655701886419107 0.6538973908282624
0.5033176635397746 0.10090560096021203 0.7573544882615598
0.5688884220810206 0.08236845613307966 0.21076727753714547
0.5737186424984088 0.13252665941860234 0.29765395735162364
0.5742462789751845 0.13769389386449102 0.37583790279223794
0.5757484421782149 0.1207348196298463 0.44341507252292117
0.5758360959063801 0.12043033295128124 0.506703538799977
0.5743906515855094 0.13902296253979954 0.5743906515855095
0.5744083542254145 0.13489539360822364 0.6534417605467348
0.5692316190990367 0.08599574907443586 0.7398573706328407
0.6421541465908903 0.09736094369229713 0.21300968819874072
0.6501901656936816 0.15302455857351618 0.2990703059417214
0.6526428745556867 0.13412490732579826 0.3763392342291508
0.6539554052405397 0.12578412765365796 0.44227596494913757
0.6538973908282631 0.12655701886419188 0.5076645287716917
0.6534417605467344 0.1348953936082226 0.5744083542254144
0.6512105898262972 0.1517039135536579 0.6512105898262971
0.6429018767517503 0.09776826772412615 0.7382033983676975
0.7281922066169169 0.11315516684864815 0.22171122220039727
0.7376801805422291 0.09483198356055277 0.30692020435220485
0.7401440303435941 0.087264093804339 0.3806824928125994
0.7571570458772304 0.09937638478426544 0.4467511191088942
0.7573544882615573 0.10090560096021631 0.5033176635397745
0.73985737063284 0.0859957490744355 0.5692316190990369
0.7382033983676978 0.09776826772412547 0.6429018767517504
0.7289064987062589 0.11373941807293424 0.7289064987062588
0.22343801371777358 0.11000678636104497 0.2234380137177739
0.21817107743119046 0.12899530285815283 0.3118926424463265
0.215630096350979 0.1170016870085644 0.3852114224631639
0.19873063262656213 0.0892075323296281 0.44688004194100955
0.19902711987011598 0.09135946307142928 0.5031658780081295
0.21551600727181291 0.11734043645616815 0.564964087534991
0.217406823454334 0.12661162346656465 0.6382259474717047
0.22310715399508993 0.11115183265583456 0.7267693023007951
0.31189264244632614 0.12899530285815258 0.21817107743119038
0.2996835527465725 0.14668174252893296 0.2996835527465725
0.2999571913880919 0.16128402090430347 0.37922102644576083
0.30089791438426183 0.14935499758603668 0.44439177661502227
0.3009619363360515 0.14980001135764726 0.5057160215853971
0.2994983923880794 0.15950750364992441 0.5712354262209224
0.2990505841689539 0.1463090482869583 0.6501622210744483
0.31129878778296227 0.13343665394506746 0.7329162256430155
0.3852114224631638 0.11700168700856425 0.21563009635097888
0.3792210264457609 0.16128402090430344 0.2999571913880918
0.37615487705213735 0.13351847849925264 0.37615487705213724
0.3754933184196015 0.11866524089417789 0.4435220755962314
0.3752051821471254 0.11872224900329968 0.5065644686402767
0.3761755960612044 0.13343296826997902 0.5739078249328773
0.3786411873390297 0.15689889524667602 0.6519868280930572
0.3842008689517364 0.11499528904973526 0.7376711519820677
0.4468800419410096 0.08920753232962801 0.1987306326265627
0.4443917766150223 0.14935499758603732 0.30089791438426194
0.4435220755962314 0.11866524089417783 0.37549331841960143
0.44678387476002923 0.14308325031093067 0.44678387476002923
0.44663888321636114 0.14334004908176481 0.5037191774414193
0.4435669905180005 0.11778046125282876 0.5753479852712446
0.44375012752517723 0.14398261705976498 0.6526896031397377
0.44648670782805994 0.08886293817821263 0.7539858349264069
0.5031658780081297 0.09135946307142931 0.19902711987011537
0.5057160215853971 0.1498000113576473 0.30096193633605106
0.5065644686402767 0.11872224900329995 0.37520518214712517
0.5037191774414193 0.14334004908176506 0.44663888321636114
0.5041258018725467 0.14408687285505362 0.5041258018725467
0.506535152752233 0.11786012675916124 0.575407314953138
0.5065679590746387 0.14324702836272993 0.6527901201277011
0.503474481038546 0.09121167531607594 0.7540578683138603
0.564964087534991 0.11734043645616771 0.215516007271813
0.5712354262209224 0.1595075036499239 0.2994983923880797
0.5739078249328775 0.13343296826997816 0.37617559606120443
0.5753479852712445 0.11778046125282958 0.44356699051800075
0.5754073149531381 0.11786012675916116 0.506535152752233
0.5742406637020054 0.13443018201434162 0.5742406637020055
0.5723153042564518 0.15388954198039204 0.6539400539913454
0.5661119235403649 0.11479859276877899 0.7385034353785395
0.6382259474717047 0.12661162346656496 0.21740682345433368
0.6501622210744483 0.14630904828695812 0.29905058416895364
0.651986828093058 0.1568988952466747 0.37864118733902946
0.6526896031397377 0.14398261705976473 0.4437501275251774
0.652790120127702 0.1432470283627313 0.5065679590746385
0.6539400539913447 0.15388954198039215 0.5723153042564517
0.6511161816075995 0.1449316545026683 0.6511161816075994
0.6392276918685719 0.13017022349486213 0.7343550209696139
0.726769302300795 0.11115183265583459 0.22310715399508999
0.7329162256430152 0.13343665394506823 0.3112987877829624
0.7376711519820742 0.11499528904972861 0.3842008689517351
0.7539858349264087 0.08886293817821113 0.44648670782805977
0.7540578683138583 0.09121167531608099 0.503474481038546
0.7385034353785377 0.11479859276877961 0.566111923540365
0.7343550209696141 0.1301702234948625 0.639227691868572
0.7278779369190287 0.1122886976144697 0.7278779369190287
0.2274899694295675 0.10516173981155336 0.2274899694295685
0.2231996504653506 0.12112740362450651 0.3129725037217735
0.22153982678832052 0.10825907471247978 0.38537141087206067
0.2308127987459901 0.12420769009831653 0.44702024435003607
0.2304860550186195 0.12438562977240601 0.5030308526011205
0.22149529633622758 0.10871253246873144 0.5647850640119471
0.22171615053546243 0.11541286700679895 0.6379512378615155
0.22706325170057587 0.1051720160318081 0.722710389896349
0.3129725037217731 0.12112740362450607 0.2231996504653505
0.30007863717997657 0.14226918158760157 0.30007863717997657
0.3005818929817738 0.15121472230960142 0.3793722599829135
0.30344066863156494 0.14386422551618733 0.4446989686693468
0.3034541180542678 0.14417865513275416 0.5054392123224982
0.300048792208137 0.14913968184392315 0.5711465324698934
0.29939256317346996 0.1407831648543462 0.6498040334251973
0.31297671554890766 0.12735942369631184 0.7270291942657123
0.3853714108720605 0.10825907471247981 0.22153982678832032
0.3793722599829135 0.1512147223096016 0.30058189298177374
0.3815870708125996 0.15410409309994708 0.38158707081259974
0.383102893425565 0.14203608690065342 0.44670274915211705
0.38327015165298184 0.14336941619664798 0.5034786449416292
0.3806340836066395 0.14968896253550346 0.5701880798009409
0.37807649691952844 0.14278838257654408 0.6522052562868902
0.3845037310424366 0.10682308415908764 0.7316174329156354
0.44702024435003607 0.12420769009831642 0.23081279874598978
0.4446989686693468 0.14386422551618727 0.30344066863156494
0.446702749152117 0.14203608690065408 0.38310289342556525
0.4461880086405815 0.12487241484229966 0.44618800864058145
0.44580583367300003 0.12414041381579599 0.504410927597772
0.44642407946595136 0.13972895050779763 0.5705071506331874
0.4432924861001854 0.1283244847855486 0.653070888248884
0.44716463151413394 0.12357198457175418 0.7213041333076606
0.5030308526011207 0.12438562977240629 0.23048605501861955
0.5054392123224982 0.14417865513275452 0.30345411805426775
0.5034786449416293 0.14336941619664778 0.38327015165298184
0.504410927597772 0.12414041381579613 0.4458058336729999
0.5050915864136699 0.12495649246764085 0.5050915864136698
0.5039034863842811 0.13998841170054446 0.5706747456958865
0.5069850249131778 0.1261076402712239 0.6533315169949
0.5029232016629843 0.12437251484053485 0.7214615065613429
0.5647850640119471 0.10871253246873135 0.2214952963362277
0.5711465324698936 0.1491396818439231 0.30004879220813724
0.570188079800941 0.1496889625355037 0.38063408360663975
0.5705071506331876 0.13972895050779693 0.4464240794659514
0.5706747456958865 0.13998841170054438 0.5039034863842811
0.5721525321671227 0.14470518313612316 0.5721525321671229
0.573181941454996 0.13905098952614348 0.65424159864048
0.5657672587337874 0.10649017845561848 0.7325145837185203
0.6379512378615154 0.11541286700679924 0.22171615053546218
0.6498040334251972 0.14078316485434597 0.29939256317346974
0.652205256286891 0.14278838257654325 0.37807649691952827
0.6530708882488845 0.1283244847855473 0.4432924861001855
0.6533315169949009 0.12610764027122465 0.5069850249131777
0.6542415986404797 0.13905098952614353 0.5731819414549958
0.6509706345283657 0.13871598321156167 0.6509706345283655
0.6391671806627744 0.11829797835210071 0.7305111725320781
0.7227103898963487 0.1051720160318081 0.227063251700576
0.7270291942657123 0.12735942369631267 0.3129767155489078
0.7316174329156371 0.10682308415908578 0.38450373104243624
0.7213041333076581 0.12357198457175592 0.4471646315141336
0.7214615065613513 0.12437251484052929 0.5029232016629837
0.7325145837185199 0.10649017845561878 0.5657672587337875
0.7305111725320782 0.1182979783521009 0.6391671806627746
0.7239803126627841 0.10451258847214576 0.7239803126627841
