512
0.28069348561882984 0.4040658138962272 0.28068387117968 | 0.018904552899901058 0.10379167745156727 0.01889643177680704
0.23846465397749878 0.15571533101957624 0.4181079938423628 | -0.07419454899328393 -2.0670559821610723 0.03119697668071224
0.2591136244002619 0.06501925368814286 0.4000001571703201 | -0.0024145212215277703 0.004592935149216776 0.002597251030406441
0.13752000851432333 0.06118462902409014 0.4464738944411361 | -0.1672914205344815 -0.28391906179041787 -0.08891929446867602
0.21422478879121556 7.640005716893009E-5 0.46994119306583054 | 0.0010054340306979682 0.004701592276677497 0.0033192088614465314
0.29275532873996846 4.938892564570776E-6 0.6020573221287536 | -0.005905106751498472 0.0033817054364934243 -4.577824550858533E-4
0.3693072466251989 1.7539472688450492E-4 0.6488690262306096 | -6.812811398627723E-4 0.005265304449007887 4.714360865658921E-4
0.29042953866768806 0.006419426275613765 0.7236109138415723 | 0.07343439562465055 -0.8990397155967618 0.0010142411443014039
0.4174652663816958 0.15488474084393983 0.2394890992349858 | 0.04465516010149095 -2.1174841042574104 -0.08565354849074966
0.3439022857921188 0.4000093623358199 0.3438965147977949 | 0.004376429961903241 0.0036369386547615706 0.004380928759683837
0.3558829361528559 0.07847026003616392 0.4014325354187585 | 0.024005336448882975 -0.6394857238780476 -0.00444946399748819
0.21708623655604303 0.03575489162343599 0.4799391051763825 | -0.15621705509231135 0.48693328737044117 -0.05137085052590695
0.28815791589231693 0.05638071351249691 0.47654152014546625 | 0.011509817793987753 -0.653850548486698 0.002846433008042071
0.23751633409180128 0.0594997304697801 0.5505365131511816 | -0.10120226135089155 0.25454466846037666 -0.03551677621956608
0.281660896649808 0.029163266798238212 0.6506104719343317 | -0.041013049997741545 0.5056770153775476 0.06998354487040866
0.28105644237265187 0.04346506076946884 0.7261339150974985 | -0.020495753324614664 0.42584218901599685 -0.05254235688122003
0.4000004492860806 0.0650601427776213 0.25912792652188527 | 0.009179198047714466 -7.99935784160564E-4 -0.0018047544181278847
0.4014078809553748 0.07302713483925877 0.3453904310729607 | 5.661305778721684E-4 -0.8594812869260338 0.02138573656235525
0.41296457298371997 0.11833475881388184 0.4131240049673062 | 0.040498756832247455 0.40585012570361245 0.03901103043255031
0.3720788135799173 0.05781583617700526 0.48872530177890877 | -0.00859212540957755 0.01708769007980995 0.13392209176452113
0.36944734119309863 0.02581313973694993 0.4823963171559173 | 0.06573803725161909 0.48515404246271654 -0.013039127863395616
0.34498160468127564 0.033000129897439674 0.5736586951846474 | 0.034237332664700894 0.0494209191682144 0.08110784572905066
0.36014805202631855 0.034560669550464385 0.6576911066450274 | 0.04737642398506409 0.13054822470815539 0.05156490962300475
0.35927280759248387 0.028844974104776665 0.678658241872782 | 0.021679862595326928 0.48676169527499547 -0.05472813335223643
0.4472972674444348 0.06463268158060317 0.13702431681149227 | -0.09270285305191761 -0.27702143141228003 -0.17499553608803597
0.48021002304721966 0.034021123267405855 0.2165746188224737 | -0.05191263823711673 0.510064617782456 -0.15287741299942553
0.4894926976487991 0.054398386237065145 0.36970195112935866 | 0.11713777863871021 0.010337614197729186 -0.0236670771046986
0.42518688991891 1.5880178985309235E-4 0.4250740420676215 | 2.2990922045387175E-4 0.005031994435610001 1.1905507969470829E-4
0.4572073570132545 0.04021278971186823 0.4840488300729132 | 0.0872796789946999 -0.6752810946219718 -0.07100040868739296
0.4274868160309051 0.06645234322777469 0.621470545781457 | -0.0014051107040085893 0.06902295779188948 0.10829674347622674
0.4364731581073358 0.004356724074301301 0.6375765668872457 | 0.023138388426203922 -0.48747442167804117 0.028705925333730956
0.4415824151218164 0.05858823615921682 0.6496712238998135 | -0.003285815286050631 0.07093182118234452 -0.04226451466231414
0.47056625145456243 1.359981554853883E-4 0.21420925811224611 | 0.0032701594039487 0.00468801589552195 0.0010470357223964198
0.4748018670564677 0.057838190615435665 0.28759284638154464 | -0.0035300207315559612 -0.6474823922458354 0.014858249828665005
0.4847335157573693 0.02157339365652539 0.36805802468900506 | 1.5532596322682994E-4 0.5095292553160349 0.052050919072257264
0.48466871650207877 0.044199346618842686 0.4527570589705418 | -0.09619348995010887 -0.6031521283875839 0.07150499892559098
0.5178688111067085 1.8125491047621238E-4 0.5165620484082759 | -0.002128279969068689 0.00527874366945607 -0.0016825434008730684
0.5111709545976807 0.04753096468283053 0.60548794444545 | -0.0028172213806047577 -0.12863807484296344 0.014622433140073334
0.5178955785693785 1.3280465148739562E-5 0.6549730770294492 | 0.001966496954563575 0.0051384702147208505 1.225472416823022E-4
0.5133285392954624 0.04412725956151302 0.6638854037906067 | -0.023666984744754607 0.11691681239334989 -0.060307327872183146
0.6012060509722025 1.806927995196667E-5 0.2920098947115258 | -5.216593522887708E-4 0.00337769634876494 -0.005868603472732337
0.5499573309916569 0.05948066040865637 0.23777709499717944 | -0.038795443694087814 0.25770356748544476 -0.1026761285081583
0.5745734734872613 0.033942197904053374 0.34452210266371464 | 0.08346037324263168 0.060035406511551814 0.03079959805540738
0.6205104011376249 0.06770722482580363 0.4267510497676083 | 0.1057565257763351 0.07177160250638384 -0.004197738348155364
0.6071740362353848 0.04691197633257 0.5114883141470298 | 0.0171116706452752 -0.12831953744352945 -0.0019211343006754577
0.5897015892579575 0.015550060347995949 0.5897960446908702 | -0.05706342440103651 -0.0690082460604696 -0.05618840732237952
0.5893927084402861 0.0016953769338237516 0.6865207316481886 | 0.04125577453769106 0.2611223233085202 0.014941276501634378
0.5922581663849878 0.037127183519007755 0.6933497941652458 | -0.03218931912533442 0.08826343296189768 -0.009421829901178685
0.6501151710121821 1.0317673530929979E-4 0.36965349370452477 | 4.737806743377832E-4 0.005192502580327826 -0.001074653691014455
0.6510081970364546 0.029351490896049368 0.28164392796093574 | 0.07305210380489029 0.5110255997359366 -0.040350473426876955
0.6585161257860737 0.034021807545929185 0.36013257020256456 | 0.05341202479620408 0.12315299250349479 0.04517260280488225
0.6378171147787289 0.0034861662913231537 0.4367459319155315 | 0.028279842454765048 -0.48680678653415416 0.025022766755287515
0.653891774365932 1.6490699824383637E-5 0.5173114526355811 | 5.872483960682284E-4 0.005023024991814167 0.0024225899093128387
0.6863329040803975 8.965261232364093E-4 0.5893326932786519 | 0.013683048449924568 0.2612330218292744 0.039689449625515454
0.6689817066511211 0.041955430365011495 0.6689338393244298 | 0.06095898197372838 -0.31660130064293335 0.06097606605300637
0.6687837194209605 0.04587521663314442 0.668293632711006 | 0.057844607246439056 -0.19807642212399013 0.06002194653330203
0.7237756446420046 0.00648432349102264 0.2905721703540913 | 0.0013188508615472505 -0.8965828307936472 0.07385834209816719
0.726213327553103 0.04342148879961262 0.2811039235509322 | -0.05205090051708277 0.4272400598596407 -0.020698872263066204
0.6772381823757204 0.029586870802964307 0.35946504229993104 | -0.06305211820679776 0.48736214090979635 0.02327494137368676
0.6497113232228253 0.05868455165429426 0.44145753431460893 | -0.04571895164311487 0.07125049982285575 -0.005047042112169148
0.6642570343103564 0.04414530530890271 0.5132843435212221 | -0.05896657211895915 0.1124851283737138 -0.023414198500325712
0.6933735572193821 0.037167744286019294 0.5921841105482211 | -0.009457898016605154 0.08775864533963115 -0.03238024984347061
0.6683389238486195 0.04588091137879397 0.6687359101124196 | 0.05999734921801692 -0.1980914032811801 0.05788619899226464
0.7356981890619556 0.039391279376826 0.7356984935152191 | 0.08137364893008173 -0.5774624202834885 0.08140163743738246
0.28043030405177843 0.4000961549724934 0.2804191722539834 | 0.022447878908044193 -0.04467954419593848 0.02246594755325803
0.21916874747034656 0.25952966198327326 0.4356251368056182 | -0.03374144740768766 -1.7522652778895575 0.10948296340657335
0.26021273030962533 0.14142763691896373 0.4000000336341943 | 0.0011876888277262518 0.006764269033612268 0.0013153617965941107
0.2290298265176045 0.011614865659757482 0.4000447861371314 | -0.0012592528744888036 -0.010762222179556313 0.009945596105287897
0.2232125266033332 9.510259404423843E-5 0.46896155694461317 | -5.430435356287096E-4 0.004968966226919261 0.0033067671903101448
0.270682840584874 1.4437770243842582E-4 0.590409914614578 | -0.003502254364639256 0.004778804647084687 -1.5732572927167418E-4
0.30916970733967875 3.545723672794383E-5 0.6544749202856317 | -0.005578042192001167 0.0036279059703775247 0.0011139403609355413
0.2545281709305235 1.870855564144817E-4 0.7040773208952287 | 0.002537436151423133 0.004707630837736671 0.003187231915640856
0.43564164816330814 0.2593838492748854 0.21919938028115835 | 0.10902041147094886 -1.7507872102531163 -0.0331515090730983
0.3437227636690865 0.4000050056401913 0.34371698798490674 | 0.004817492908473769 0.00318603528018725 0.00482120753963353
0.3630248673529779 0.08013668374451195 0.40706755712922754 | 0.07752939370408829 -1.6865731687735743 0.008147511697219036
0.2107843749406162 0.03637401171866991 0.48108158384037125 | -0.14995005606808082 -0.0714379378783473 0.013093518133127719
0.2872565142690468 0.059054646171110385 0.47519441499292486 | -2.984131762738849E-4 -0.6180979508494052 -0.004723552534534087
0.23464874721704543 0.05760360953400779 0.5504503052625651 | -0.10130765214965887 -0.20146299812271856 -0.0309629769253856
0.214336879608477 0.03832938140870157 0.6519441389860186 | -0.13572764867088852 -0.48195344612987323 0.012142635475349198
0.29411686270894694 0.04530011651440412 0.8180486122225519 | -0.06419372178230484 -0.501742336623803 0.15097348823145518
0.4000033188361027 0.11009327686142217 0.25780280612749074 | 0.0029237770301355948 -0.016727130117631966 -0.00409419241856524
0.4075078833814701 0.08341567426014818 0.364614157857253 | 0.0024737753614704986 -1.6680078043884694 0.08941272780744819
0.4391985823969553 0.08260528933828154 0.43695522883777815 | 0.06263919633357379 -0.20561991120399783 0.05904771178615884
0.3314901415905129 0.0032672480777460444 0.4000644038042483 | -0.007542432205741256 0.002040057645848832 0.0029990213358940415
0.37159827585396044 0.02689309458931362 0.4821911546295433 | 0.005509851483955931 -0.4780396620341637 -0.02369242964273054
0.34612987420787333 0.04336039575631574 0.5741080898224841 | 0.019159490133580946 -0.1516161388724244 0.09122141944389786
0.3575648355778889 0.035623137791903264 0.6589415041240069 | 0.02278439416545915 -0.1321872990229785 0.01072371535748873
0.3632960246165908 0.044585574990969365 0.8061401314106899 | -0.027708553576720137 -0.41998535421619904 0.13090400076027767
0.40005920879969925 0.01148355638710696 0.22692164564399628 | 0.01123550516740205 -0.006016297585197258 -7.407469798971421E-4
0.48101060065318585 0.03756158680531124 0.2096943530343649 | 0.010469698831625513 -0.024055082305605206 -0.15205457045025053
0.40008460711805544 0.010311524263908845 0.33645640077827055 | 0.0030237992575527233 -0.001996047125147569 -0.010286933434780689
0.43894524496259185 2.2916595770584156E-4 0.43920693670678135 | 0.0019696709638955664 0.004907249081571436 0.0022173989778968167
0.4570226709821751 0.030260764976274925 0.4806934332295349 | 0.05785370045686921 -0.8013657277379395 -0.06608821780439257
0.42371919567475846 0.0528849914817228 0.6106036507512512 | -0.0050694702309619 -0.33008457539648206 0.03558973444200093
0.4372985878487971 3.267007052605781E-5 0.6385781703785653 | 0.0014670504094258 0.005404303000069268 6.226383109222342E-4
0.43772239790712963 1.4877850475932138E-5 0.6350248182522431 | 0.0010394488452468201 0.005424598624432154 0.0025386948345499966
0.46820903354786453 6.170400682128035E-5 0.2225076458355843 | 0.003447747519337733 0.0048738485844252236 -6.574812079790283E-4
0.4739205441550464 0.05999285288652643 0.28699685695606314 | -0.007662939696687754 -0.6100279043891645 0.007919867870281736
0.48585604523846665 0.028382278097665727 0.36985176924856195 | -0.006228221818948123 -0.46131382141420796 -0.008738208977512717
0.4822432682056589 0.03626079585868404 0.45362315777847173 | -0.0822790452766821 -0.7212092106434415 0.05963136070875851
0.5909403313061137 7.344197118756412E-5 0.5910103071118945 | -0.016872160076009803 -0.04638815997564016 -0.016172234993259763
0.5028793677040669 0.055313235057371 0.5773345322871504 | -0.03014256718164162 -0.20600390591340653 -0.03148931294196524
0.5154566228503241 1.0434062294976E-4 0.6494376906315522 | 0.0037192623647816867 0.004124254707963635 0.0029707003146941754
0.5192210744881606 7.61760965109215E-5 0.6451656261608604 | 8.300913470288064E-4 0.004089769984621892 0.004669849854680905
0.5902947452405031 2.0169221882984997E-4 0.2707544524117859 | -9.406841420424781E-5 0.004782881483713128 -0.0035218989466133145
0.5495204399982884 0.0578302200224165 0.23487895119967742 | -0.03438520004107286 -0.195200051716113 -0.10106691421002029
0.5754054641326782 0.043034891014205184 0.3457458887057642 | 0.09571016145339363 -0.14956499697687853 0.020306252547892714
0.6089333868287031 0.054345375544600165 0.4229234220062004 | 0.02876609816280811 -0.3282436447868289 -0.008331158638971846
0.5773471640356089 0.055229299398283596 0.5028551021761545 | -0.028923433370985185 -0.2056796596039712 -0.030737391939762028
0.5900557721872359 0.008925035673692678 0.5901427641309844 | -0.02313080503751009 -0.3057959168013424 -0.022565139716343493
0.5774240025889024 0.06313065298554216 0.6834850570420269 | 0.028478533139362296 -0.3355204912063188 0.05274065367354227
0.5930838013831172 4.589135028364616E-4 0.7992222830187201 | 0.0013349582068141587 0.2788436047801908 0.09513012813170856
0.6544524048907809 9.392009027859444E-5 0.3092411009280494 | 0.0011573914971809273 0.0035136251220973867 -0.005720292988300883
0.652137801563637 0.03855242006810058 0.2142601288590429 | 0.013093659762204498 -0.4821641368684587 -0.13653115945867833
0.6593248300594277 0.029579916696954606 0.35861885181575276 | 0.012161065106296626 -0.1186254561549423 0.02301161924990637
0.6383877119865613 1.7126476975128405E-5 0.43676714325724086 | 5.856319205526633E-4 0.005521656257306253 0.001936675335375729
0.6481046083904763 1.9722642605484407E-5 0.5148879107701242 | 0.003232692359038006 0.0039802471229356895 0.003894968599722258
0.6833657082655048 0.06304810888870563 0.5773046936514828 | 0.05241820550409748 -0.33545218403403454 0.02824903758010267
0.6699007675862192 0.03657249547535436 0.6698523875608761 | 0.061204398617166325 -0.37769271619399153 0.06119032869654693
0.6449836365702172 0.006888916361846408 0.8616560353561287 | 0.06136645199533735 -0.8493271382393702 0.2027598315425929
0.704070653209979 2.024283241479886E-4 0.2545269946166542 | 0.003173642904780959 0.004712410254557511 0.0024987300086463824
0.8180736379666733 0.045299570870269694 0.29413049598399643 | 0.15103348305979356 -0.5018205356061256 -0.0641908948357297
0.8061323177432024 0.04452784633246229 0.3633157041189961 | 0.13076830947185267 -0.4206580755144701 -0.027728339729464115
0.634782804173303 5.917295015972192E-5 0.43766452083453744 | 0.0026248027926125306 0.005409932708832584 0.001094357965793736
0.6451187459843902 4.3553618982990265E-5 0.5191816832878187 | 0.0045508481449124645 0.004171835770524139 8.070811296514995E-4
0.7992015272066255 4.6404140230137233E-4 0.5930677160555881 | 0.09511221001880713 0.2787798413901272 0.0012877683016096074
0.8616448362349115 0.006899045226194105 0.644968745827238 | 0.20275328678648918 -0.8492608062480927 0.06133850368256557
0.6781290076823258 9.496718671174524E-6 0.6781172067717189 | 0.0015041901896215367 0.00582078016969518 0.0014973767075695274
0.17348883906394627 0.40000173494126046 0.17348892167062982 | -0.006381575883079738 8.744697824784676E-4 -0.00638156452296688
0.223567179433235 0.4000045133371587 0.3464327864315845 | -0.004263948197060801 0.0035730193115674665 0.00465981111264319
0.25143682640399173 0.20837029341574853 0.40000085594699586 | -0.0011172429467384234 0.005813962748808215 0.0016884578375274842
0.20403873281329757 0.10629375272253946 0.40000099599318656 | -0.008111132458927459 0.002284490545309226 6.263901041945292E-4
0.2643879005339651 1.0603285336112313E-4 0.4550085923037501 | -0.0012811631598676804 0.005539104657403365 -0.001070425379423313
0.2676397642352873 8.776908226312816E-5 0.5822247664363336 | -0.0021268535907454284 0.005081238992327465 0.0031663878717557003
0.28414741122905596 1.4394448612253795E-6 0.6455556024904783 | -2.199720437892731E-4 0.003686625080257631 0.004655252801749738
0.15599335482748058 0.004314558063188525 0.7851036434314178 | -0.059217380606171544 -0.045456857207924056 0.06397414815145404
0.3465404444866517 0.40000080530260607 0.22359285397942383 | 0.00452089883437275 0.0036068282330153885 -0.004340615134366253
0.3435883744063473 0.4000159403219293 0.34358258596317864 | 0.005025122859520652 0.0029496321389169615 0.005028454412064537
0.3246756894337607 0.017789514232146142 0.40006108151025316 | -0.004979805733176088 -0.012917501221791212 0.006477029416731219
0.22515354490212164 0.013310809244658725 0.4000388543207027 | 0.0011430230513638931 -0.011024991744231227 0.009846503727027518
0.28834643780899594 0.05353331150998954 0.4766507298100435 | 0.014544596134331983 -0.757617961419147 0.009457066777655669
0.2474926188096153 0.051813638030626503 0.5696229195262851 | -0.061379280272671526 -0.38398210278413186 0.030953510803491697
0.215014884545484 0.039297066250217276 0.6512888242474973 | -0.12700145915767105 -0.45695909774384624 0.0027420894690480865
0.33111097284051527 1.6170425060758946E-5 0.8460604820377323 | -8.445084364386404E-6 0.005496941451691934 0.001503904506041766
0.4000444266276031 0.1637940996702559 0.2475129847987108 | -5.320070413748633E-4 -0.11425257920516972 -0.0017318238882023842
0.40008244824449585 0.02167238682336368 0.3254852110311707 | 0.004641463130777349 -0.014125016593774204 -0.006052147911714681
0.4379559371829336 0.0987140614660335 0.43943595028693283 | 0.050548633304245146 -0.4130381344577829 0.07432010630710723
0.41465046685463186 0.05165578669676263 0.41418003663085584 | 0.15168202401241623 -0.015305826889902768 -0.007212312928896183
0.3728908069636511 5.241978479425031E-5 0.4860566923076323 | -0.0012719943386593586 0.005260869771215055 -0.00303355011235026
0.34696796986936446 0.06353508346905332 0.572691511727705 | -0.13061126308079277 0.2396447624284287 0.07765576997508841
0.28234214474856445 7.479079680607283E-4 0.6545570790913231 | -0.04217773617993592 0.15309566311556078 0.03491092359831642
0.3652065615956096 1.4265317493943551E-4 0.6441618336578193 | 0.0012441521739418766 0.005079777630299294 0.0018579573578294377
0.4000001421526856 0.10669908576569397 0.2037592548748512 | 6.540750522674455E-4 -6.674280685412839E-4 -0.010306528321721976
0.40000306618936043 0.014754036025177508 0.22310274570199004 | 0.010960490533551729 -0.007082909181964342 0.002323412650896118
0.4137326835882322 0.05153105465907397 0.4031714505280126 | 0.026151505523507423 0.04507754974042687 0.12340678066254789
0.4092065145506078 1.4510119820994256E-4 0.40765157433315335 | 0.0014754512143075296 0.005163634269797083 0.0018182096896806133
0.4255051115274571 7.0520431035064035E-6 0.550952715209486 | 0.0017897517279434872 0.003772358622113064 -0.005470835453134275
0.4207005731709922 0.06247641667612252 0.5974246832574027 | -0.031690636324127656 -0.23495239807379917 0.003517021126940091
0.449048607570521 0.055585955649092335 0.6953522084542736 | 0.002189779035034205 -0.15148186108580353 0.03571129907111179
0.4404051219072851 2.3334822190006145E-5 0.6327170787308392 | -7.66949003099964E-4 0.005146589797078498 0.0036372031783454026
0.4553119771652968 2.475543940739551E-5 0.26419246026134124 | -0.0011014914043278093 0.005539726053296226 -0.0013639977950736177
0.47581911885766814 0.054417745482732024 0.28807762415666377 | 0.010023813064203812 -0.7410586314626199 0.021209039844877323
0.4876619562620926 4.196874238228938E-5 0.37158369392684165 | -0.002604457960424011 0.005397587995041729 -0.0012521706963433098
0.5509873166429795 1.0628903466833362E-4 0.4257082721213753 | -0.005143212129505868 0.0040066949679767655 0.0018400150489053487
0.5978907579862138 2.9112920297740943E-6 0.5980347864660969 | -0.013417473935834645 -0.018018892682314918 -0.013483798478178412
0.5034329877016134 0.06729499501257075 0.5740465650643576 | -0.04741159650912038 0.010114864126718498 0.014387699926042776
0.517648689240517 1.1532087902819621E-4 0.6564277097415021 | 0.001935734069070419 0.00514544541643953 -6.494749969679262E-4
0.5154874786881641 3.190698816093893E-5 0.6339595915587165 | 0.0019871429673041785 0.0038488127142539273 0.0055577589618687456
0.583386454084728 2.0803949741938134E-5 0.267979117458948 | 0.002856697883355412 0.0051141607484120844 -0.002222511440068084
0.5700488317560614 0.05077244436269368 0.24804121073010832 | 0.023837299889592083 -0.3795759058801861 -0.06250062665741725
0.5745818249332858 0.05785746298013814 0.3464642744276913 | 0.08332757619061021 0.28379881323283984 -0.1249649694506807
0.596373355868048 0.06267270427785468 0.42034357698966507 | 0.00170260040222551 -0.2401409170738491 -0.033339086270437135
0.5729876655438723 0.0675254037970643 0.5034545952754046 | 0.01247980228701193 0.00669121527546505 -0.047182747129263104
0.5899879574775619 0.02759596919076559 0.590021551938552 | -0.02813860968865714 -0.35701825202536974 -0.0274833386088231
0.5914175950129784 1.3880454014535273E-4 0.6831335387247581 | 0.0016709060204817532 0.005363631920476132 -9.112962670234353E-4
0.6054683544344875 1.1338650636769402E-5 0.6624917069214111 | -1.3646641273332196E-4 0.004144166581139721 0.00418885461683632
0.6455391220560698 1.292069090130702E-5 0.28416379180766427 | 0.004728584859104864 0.0036444817834291763 -3.335943273523918E-4
0.6514781014878936 0.0394181797017156 0.2149429891399366 | 0.0036508674472813 -0.45741749566871015 -0.12769856425943776
0.655305466179736 0.0010879058667371522 0.2823253980808775 | 0.033251474603345835 0.1307993930283363 -0.04572642647362258
0.6951482628740553 0.0568520506179821 0.4492602943183611 | 0.036135907095761984 -0.14947060020570682 0.001956271258730515
0.6559646114039515 7.172845883157301E-5 0.5176157498444256 | -5.849620423545647E-4 0.005161834691300404 0.0019094991423197199
0.6830028213841759 2.6772961069066595E-5 0.5913304173961345 | -9.444542585626171E-4 0.0053734736617327365 0.0015769302854873896
0.7119773449643465 0.030522686619729903 0.7120185121557163 | 0.06999809531365851 0.08170565466691183 0.07003318649905321
0.6374494376217477 0.009504443788420141 0.8611455954827042 | -0.007535261839079361 0.1254203070000263 0.17751524741820865
0.7851209990742474 0.004903585446171931 0.15597499345870525 | 0.06339130090680425 -0.06793063006195389 -0.05878862462877803
0.8460636431162624 1.1921928154932465E-5 0.3311069194016112 | 0.0015066433159717375 0.005496513131984934 -7.43479399878808E-6
0.6442215254960308 1.1346051904920614E-4 0.3652085571851858 | 0.0023630806434917083 0.004964544407150888 0.0013129131850087832
0.6326977459239352 1.0667785238953361E-4 0.4403944215016082 | 0.003667626954907545 0.005139136614327603 -8.131463870974429E-4
0.6339334494707444 7.27901461046801E-6 0.5155047918778548 | 0.005545130856727062 0.003826221664825116 0.0019856069570216746
0.6624327218589025 3.8111906273650975E-6 0.6053899560950228 | 0.0042017069680845755 0.00413437834811315 -1.827565629495846E-4
0.8611352329626832 0.009504109024491225 0.6374358908895507 | 0.1774567635101456 0.125449779042691 -0.007552386772010819
0.7970719711155702 0.00603958897485776 0.7970717753291116 | 0.038123581230898596 0.23774349908843195 0.03812413937773441
0.1921562308686619 0.4000048307831806 0.19215625642786707 | -0.006429399185942561 7.69527781985558E-4 -0.006429398813937683
0.21850705937882262 0.40000314847830115 0.34560721607482175 | -0.005567960263725259 0.002769986037530682 0.004772419409501655
0.23896650415767484 0.07482108262541226 0.400005105399074 | 0.008376875883385754 9.742373929587668E-4 0.0016576867048945171
0.1345724099895683 0.029891544306410184 0.40005334408858834 | -0.004938416638542782 -0.006812808612327385 0.009716152339874568
0.15503315892557556 3.2958362384735316E-5 0.47336067477801924 | -0.003423693348850423 0.004911638599000599 6.35116196643109E-4
0.19254099359110777 1.0802404099015652E-5 0.5690235847750164 | -0.0023450497503397444 0.004533346007586903 -8.650383339920809E-4
0.1341453726780321 0.006947753328223135 0.651313303554798 | -0.044944941723609806 -0.05180329783249146 0.04697869209146808
0.1575425303618714 6.702673430267521E-4 0.7843652737112105 | -0.05109504183265088 -0.040827179672181343 0.05400193690048087
0.34561192578814676 0.40000292827972456 0.21850639704140914 | 0.004810688646653395 0.0027635602307450992 -0.005544401833450574
0.34351551705705113 0.4000026586348156 0.34350986298114244 | 0.005155849761460733 0.0027920569850437543 0.005158340928634114
0.3235526908422731 0.020485098844202868 0.4000358797884779 | -0.0019277295217214458 -0.014662816799500903 0.005708468512363602
0.2716875468238349 0.17565867085639056 0.4000001530867645 | 0.007184777191806054 0.004500520179476526 0.0019951643052153567
0.29868172907459467 1.0967276799550248E-4 0.513197835516208 | -0.003473754683748333 0.005341487939753894 0.0011004512799886626
0.17780876889230962 0.0736585708308568 0.5022034821516583 | -0.2471151118182489 -0.4332980040575988 -0.11894948144764833
0.21203549502118307 0.029103974479763588 0.654129269288442 | -0.13041284218026877 -0.6882575662194057 0.04342947919980864
0.2574482818901663 1.895708407700377E-5 0.7972279733604674 | -0.0015168544953378914 0.005392714587284895 7.71483344170364E-4
0.40000552044635684 0.21829943395262635 0.246592319283007 | 0.0017654145621673742 0.005140564330268535 -4.0966686903826853E-4
0.40002527258684173 0.014142144444064631 0.31996712961062906 | 0.0075908625965876 -0.013078282940930998 0.0020277131122088446
0.44009317104942286 0.10571747511706923 0.44260774082723353 | 0.020761869907662416 -0.5855178859003191 0.04252096811054064
0.329541550889457 0.008901505935272292 0.40003217211521686 | -0.008512926072184695 7.210788045860116E-4 0.003488021695525807
0.3710180920420669 0.04642807489324824 0.48503636727100585 | -0.032760892130573774 -0.6002196238785271 -0.02017527809342744
0.34443455537461487 0.038548677609694014 0.5748961295569468 | -0.04134736944549632 -0.48757925386858614 0.08724768124928692
0.36228018029755765 0.02441508812638258 0.6588811385049705 | 0.025474962588448207 -0.2683572371953854 -0.012075640009289183
0.348449884537413 3.248119806732128E-5 0.7290776738821186 | -0.0013505207682579165 0.0033775038896007867 0.005590319588296447
0.400000399479179 0.029604916819303273 0.1342483388165472 | 0.009521037217547651 -0.006595907177657134 -0.0053611419837644725
0.4000001360363551 0.17564889898168076 0.27155704422438903 | 9.782799773995444E-4 0.0064026223346167165 0.0031928625825782334
0.400132532755552 0.0048865816153733045 0.33483525431278344 | 0.0029939865610262998 7.593006564419959E-5 -0.009185549948724999
0.42167414932924135 5.792567215917356E-6 0.40483662722892366 | -0.003439341176159944 0.004057738366677173 0.0036744147874168765
0.4208245828675542 1.6575145749333193E-4 0.5589805309060375 | 0.0033384081392335615 0.0024188093093503752 -0.006553318383064506
0.4264941822641265 2.8475706382282686E-4 0.5455068271564582 | -0.008655491278799008 0.0535846631139794 0.03334088700999849
0.4322414730128666 0.0028285056525980084 0.7305781421232931 | -0.00138066156915151 -0.045562665395834576 0.0722176564411698
0.4370829369554635 6.369401990617385E-6 0.7392608657216335 | -0.005724374701805996 0.004034428457258 -7.435152543599321E-4
0.47314745002020303 7.966950138525066E-5 0.15488348537716884 | 5.077023269829476E-4 0.004883672938328678 -0.003546377938112967
0.5133503734311464 5.4128377601282064E-5 0.2989729590690403 | 0.0014074272220890697 0.005031267593935775 -0.004180512921496994
0.48973927163502196 0.04966560633875889 0.36934987996710145 | -0.004151084700456783 -0.6341278199761387 -0.04709835080585804
0.558815919877368 5.2611634776932856E-6 0.42100585107094873 | -0.0064436994128170165 0.0024730401849269606 0.0034657622211677576
0.5976335476614889 2.69260415386245E-6 0.5977887048599849 | -0.013412734769750865 -0.018070755701892482 -0.013504406120297236
0.5032661785792021 0.062058839415673146 0.5695410924118987 | -0.02723459679347891 -0.29328934368406356 -0.012035071203355261
0.5163613929943945 0.01846965340760227 0.7815745405255359 | 0.04176385083864152 -0.9487227934137478 0.1737771460529722
0.513300231297191 3.431937138028245E-7 0.7312143078008299 | 0.0032953058073473362 0.0029709146762184023 -0.002465536858995207
0.5690109028574782 2.998174740931583E-5 0.1924938410856389 | -8.603470169953474E-4 0.004538799079585105 -0.0023338971632657496
0.5028284709095122 0.07307930169797276 0.1786322215595707 | -0.1144061978184672 -0.4374157757619277 -0.24549291233959153
0.5762349812917597 0.03911455013403453 0.34407475580007923 | 0.09169981734959887 -0.47826506312103384 -0.038165434639980546
0.5455856823677131 3.1540999701389896E-4 0.4270090956020812 | 0.0363218214629258 0.034805794464830564 -0.01014895788464088
0.5675192854050423 0.06312124164994525 0.5030050816095671 | -0.020456109954230278 -0.2996516843649388 -0.030415931543415597
0.590587390552603 0.0019604984660610966 0.5906848188993385 | -0.00861364814978097 -0.08025283394276418 -0.008015832961274753
0.5700690264927941 0.060702028486878966 0.6831240188060997 | -0.011400256769373798 -0.4639463026554958 0.025059858267255583
0.5979637039165018 5.982006554368149E-5 0.7168393036465469 | 4.94190977317124E-4 0.004226053493390589 0.003950885420491256
0.6512815013440723 0.006987976515328268 0.13412067730672877 | 0.0468969341743682 -0.051673593803363824 -0.04488632624783572
0.654205737210489 0.029188308737342936 0.212003998055899 | 0.043640985694426586 -0.6886249463264515 -0.13097167128812948
0.6594244733603012 0.022795428853230968 0.36257328830223906 | -0.008962195175558399 -0.27556215089933833 0.024838327820805133
0.7304183620563042 0.002644182000115298 0.43224934828721634 | 0.07144552106118236 -0.04362374372906418 -0.0019505684047305012
0.7815907089250543 0.018513954264506922 0.5163326213517367 | 0.17480446898418256 -0.9484793175540812 0.04158394349299192
0.683098635609805 0.060624106465673996 0.5698522789179506 | 0.024989911993829196 -0.4635425799858867 -0.011773910306943206
0.6761008052494792 2.87444545125513E-5 0.6760715398055064 | 0.001726439581215501 0.0057870535989565245 0.0017226643704127732
0.6851259882930394 4.939227292930686E-5 0.7928380499065293 | 0.003748464701803988 0.003912175391658479 0.0046466732631370265
0.7843522014074613 7.489084116358982E-4 0.15753438827832777 | 0.05409732770779302 -0.04161834403564561 -0.051251326467497
0.7972528071463828 1.714153492153016E-5 0.2574341304249697 | 7.783435232243988E-4 0.005388186832456668 -0.0015392356534941858
0.729100066855529 3.8532249764030045E-5 0.3484528242933976 | 0.00578541397166734 0.0032714490184386803 -0.0013986993580850688
0.739266486746706 6.8378814961844965E-6 0.4370840737782869 | -8.425900958979791E-4 0.0040405581347177375 -0.005673977646625764
0.7312129280561637 2.5962741292783423E-6 0.5132987291794789 | -0.002564200407456779 0.0029570366916666486 0.003267055816042189
0.7168391927097757 5.850901496312657E-5 0.5979629773071475 | 0.003988579526036464 0.004208647229308172 5.096826310583872E-4
0.7928346077503938 5.2350817337555735E-5 0.6851248329640839 | 0.004641796279833959 0.003912260758309812 0.0037497951617635555
0.7948809904321369 0.0034413702845615527 0.7948809137061463 | 0.0399003539126728 -0.21865348427205453 0.039900871163325774
0.2140629248530909 0.4000048197214068 0.21406293638446477 | -0.004117324503382535 0.0039009708211932294 -0.004117006876018695
0.23210855685321455 0.4000073546479893 0.3431599007755431 | -0.004472834237545379 0.0018057891698647747 0.007010933711478652
0.24143599954343017 0.07803004698342315 0.4000001403297553 | 0.009839569132943619 -0.0026098074914905666 0.0021817330805946763
0.14327130955619374 0.030316210203735 0.40007505993906545 | -0.007528653105703849 -0.005766093564312462 0.007947825832839933
0.08122143220807636 0.004476470336648884 0.49704069386250577 | -0.13444222250387924 -0.36392066550208446 0.0049591703320146
0.20011270755101906 6.06851922824683E-5 0.5661508827840237 | -0.004889433492384279 0.003720942413380546 -1.588628248937045E-4
0.1440980267047883 5.0213139905738174E-5 0.654345387733837 | -0.006668409293431963 0.0033436654393466728 2.6952656654566353E-5
0.16581142613410052 7.007381545818197E-6 0.7755695062928569 | -0.006041598644256316 6.67761963345439E-4 0.006826963492288807
0.34316243617854403 0.4000072344800633 0.2321086600234608 | 0.007021587187549661 0.001803323319943107 -0.00446003995008516
0.3435082821909901 0.4000016534490282 0.3435028930839878 | 0.005167819665132048 0.002778041110097411 0.005169000144520757
0.32246907074921244 0.02008502462953893 0.40002219461702043 | 2.6668384368102785E-4 -0.014602850556194695 0.0059155169288077885
0.28890187031742215 0.14626294839211537 0.40000028987757036 | 0.005310177224795203 0.004404466026967894 0.0012128571789236937
0.300161167782936 5.570277700757161E-5 0.5132524033632995 | -0.004332106599441692 0.005056906188434724 9.350539738200738E-4
0.17716824005384962 0.07720927218743096 0.4999230960166205 | -0.24442262967054418 -0.3906472657755639 -0.12252504890083382
0.21018246970009646 0.028849370261694797 0.6622245380862501 | -0.14212969276052637 -0.7014357445651276 0.0561850138822018
0.25730561556892567 5.132991940704084E-5 0.7943501998027395 | -3.59210648242099E-4 0.004695069514891908 0.003993458859294379
0.40000064108498345 0.10044235101588726 0.2427791808686171 | 0.0033165450769210222 -0.017026139606441483 -0.0010378446448919213
0.4000386190782134 0.01411264250230414 0.31856602345292945 | 0.007172062033943996 -0.011879595846472241 0.004976472602781146
0.4777277693740279 0.06562556438431438 0.49789188991679156 | 0.13925190893602804 -1.0495876058638236 0.14114258155769904
0.3234426616642817 0.01284669887632778 0.4000446373686398 | -0.00306116890150821 -0.006996090899837933 0.01017305771145565
0.37056145354734893 0.03540988936371885 0.484735629130434 | -0.041598554038320135 -0.8082809650284799 -0.014939365673302408
0.34251536375808356 1.7863329690537798E-4 0.578990675430316 | 0.002674177868657706 0.00476164506009973 -0.001617592736377575
0.4355918529056129 0.04477264993172091 0.7291348615644212 | 0.033077189999289505 -0.6834112459725967 0.0728867532436044
0.35209851627170424 1.412385291255766E-4 0.7302554900880471 | -0.0027240761074472154 0.0032205133279314072 0.005304173350381401
0.4000320790104578 0.030579945281581297 0.1430329623000609 | 0.0075502625942955905 -0.0054309761183287016 -0.007938046418858377
0.4000004385586629 0.14560929946341905 0.28944017315718185 | 5.373146351740006E-4 0.004801922211231012 0.004859845168397532
0.40005340884219054 0.008304444262940146 0.3286253241751531 | 0.003873463710964457 -7.380512124264625E-4 -0.009329768532412692
0.41835975789182317 8.152996040026818E-5 0.38783249528536373 | -0.0018777058016830053 0.00407215869466731 0.005098252894305889
0.4234853675202486 1.5462301539358013E-7 0.5543701795423857 | 0.0030413220950017542 0.0027508178704302045 -0.006503386332877462
0.42635779729501583 5.905471824867745E-5 0.5425002934037296 | 0.0011084958466526448 0.0032113272054972923 0.006297832271268636
0.43238546557110635 0.002331579345833727 0.7317681940539285 | 0.00280813536221221 -0.04460178819406854 0.06820624408591935
0.43738029481492374 3.774636254387536E-7 0.7442996310012704 | -0.005631639967923078 0.003732244446189863 -0.0017537963259936528
0.49693411274907234 0.0045179992834513925 0.08141148949254641 | 0.004505621846507237 -0.36331773979468374 -0.13328434478336618
0.5123593309481185 1.084413583469685E-4 0.30063375768259853 | 0.0018474942451260207 0.004723481312084954 -0.004879049218377157
0.48825175042527325 0.034900772701172804 0.3691319180374839 | -0.004620469906584699 -0.8463270818407296 -0.050396388958430516
0.5541416134201673 1.3708207359082597E-5 0.4237214977079959 | -0.006281706050400399 0.0029386543077674788 0.003177679911500555
0.5876592084272098 1.6233078681125416E-5 0.5878337619060592 | 0.01952686675535663 0.003046318238832459 0.018627017040278564
0.5028615743075556 0.04729041834685631 0.5746218106334176 | -0.014046209042628589 -0.6211209655832988 0.02539273926371147
0.5142537500020142 0.017517100929624087 0.7858785847022327 | 0.02254706518639084 -0.9982522892094412 0.20636111148707068
0.5125780703380964 9.549971471206328E-6 0.7415875324720516 | 0.0039031917053808166 0.0027782862748944198 -0.005252440878459438
0.5661329204870649 9.931200033290813E-5 0.20008112762972827 | -1.2467955954367007E-4 0.003708932117140887 -0.004907693735361183
0.5005046155967009 0.0761253120193138 0.1776112990126288 | -0.11968137698140871 -0.4006903750554105 -0.24669556933055345
0.5789302665735401 7.760756030359615E-5 0.3425332596794681 | -0.0015421770317956534 0.004786064549507284 0.002587123386333893
0.5425722448241529 1.643547456116253E-5 0.4266422948757272 | 0.006244828021074353 0.0033539689893789058 0.0011951059468118211
0.5735948944085816 0.04785613375645852 0.5029047906736878 | 0.026850392399338317 -0.6242417025431876 -0.0116017029292494
0.5937556398523726 5.825985921119558E-5 0.5938114651512403 | -0.019182726399970738 -0.015815079320584305 -0.018916563907204993
0.505783199726347 0.07326002904190569 0.6991439233970435 | -0.10288066622378346 -0.47288143201858396 0.05466598727670592
0.5938996897393439 6.0384320816307734E-5 0.7264657160144979 | 0.0018218385309058005 0.004219515311020404 0.0035185741343716783
0.6543522103996309 3.860818972763586E-5 0.1441036140594872 | 1.0905146834874347E-5 0.0033472724603133574 -0.006660818866271909
0.6621828244083612 0.02878081592286491 0.21021706719056935 | 0.056321481236785514 -0.7027943058775585 -0.14141714170061778
0.7289777834225559 0.04537805548033255 0.4356941818012093 | 0.07255479317833458 -0.6824595241632458 0.033236057487968665
0.7315735868987534 0.0022138076127188526 0.43238799566321406 | 0.06729641609460445 -0.043455935424110435 0.0023647017073259806
0.7859142848448251 0.017562160617808638 0.5142194383753478 | 0.20767108586336708 -0.9982820017790716 0.022312641452482455
0.6989724983776224 0.07318344605491159 0.5059697669177231 | 0.05418801625708959 -0.47167580487303074 -0.10201944527393368
0.7377224530095297 0.07506785507284712 0.7377217665497476 | 0.09857137748336559 -0.25180201325297574 0.09857236715433473
0.6863594395928329 1.923733287528099E-5 0.7936476698298007 | 0.0027734589048633777 0.004233613429038556 0.004483877091242159
0.7755541782602668 1.1479985447637645E-5 0.16581275463516873 | 0.0068560274875716564 6.50835091305182E-4 -0.006071426438424525
0.794374211130513 4.783638723065731E-5 0.25729409229609 | 0.003993611439798374 0.004692906357715702 -3.852979243795339E-4
0.7302660495656155 1.4169316478487257E-4 0.35209958171918265 | 0.005500344650496062 0.0031124770287101074 -0.002721445083681015
0.744308615110117 6.835269755981887E-7 0.4373871115612239 | -0.0017612983236384755 0.003737640939068342 -0.0055979472491349295
0.741587953357087 1.0559873447019947E-5 0.5125775180699086 | -0.00529486232908197 0.0027619230292341957 0.00384877811043168
0.7264652706178534 6.012129526081049E-5 0.5938989729655092 | 0.0035499940253122648 0.004201467213026751 0.0018470193725230865
0.7936460746985547 1.98468524450765E-5 0.6863608314215558 | 0.004478924004578341 0.004234138267177688 0.002773237686014522
0.7896547180742174 3.3462028921727534E-7 0.7896547403606216 | 0.0063143133584306465 9.899040833119988E-4 0.0063142767953376444
0.2252411249884605 0.4000002772006596 0.22524113243400132 | -0.003945631820937797 0.004083895910283983 -0.003941933898293265
0.23617535161799136 0.40000151306119375 0.3417757589287807 | -0.00480459673821336 0.0014125973469855785 0.0071963882573080565
0.24641788859683458 0.20875780364761926 0.4000104808335041 | -0.0015614318855001281 0.007285897786816242 0.002557590001604906
0.15698005395813494 0.023368391597449464 0.40002219130863664 | -0.009119971757198697 -0.0029171111038362066 0.005451309102884355
0.08349911761299099 0.0011793514644243708 0.49636566866554616 | -0.1111753834157834 0.16558403795373788 -0.01591050595522295
0.1958512080144662 2.2950840422027722E-5 0.566170780261137 | -0.0037240765571677193 0.004162646940012906 8.6042429203677E-5
0.1457369729414647 4.83307392224548E-5 0.6541588733633469 | -0.006837495723605328 0.0032043421643620723 -1.1895096901058533E-4
0.16796308735972254 2.2232537758213576E-5 0.7734557483124345 | -0.006215526924278437 7.131330742779662E-4 0.0066669556489022605
0.3417752611880985 0.40000161049353294 0.23617502387087874 | 0.007203084029996723 0.0014115019409240172 -0.0047960269098565505
0.3434911296506791 0.4000071549112912 0.3434856740530108 | 0.005179343221466175 0.0027636012360176235 0.005180828283824456
0.32308051939316385 0.02137734877384887 0.40005112938374143 | -9.803684090066967E-4 -0.014902552945253516 0.005513274121545936
0.31055932927182234 0.11163007211565808 0.40000073012013904 | 0.008614712957387182 9.554487019173902E-4 0.0011391588586031746
0.30104654427935496 8.791624505663288E-5 0.5121186102217661 | -0.00468080125957826 0.004895457511879567 0.0016409496942092583
0.12769477978814764 0.018840416806738976 0.5404994389962451 | -0.2556014723379747 -1.042366618136629 0.02426329034793968
0.1991089475364851 0.0013000678984642668 0.7182019608640845 | -0.11388522409617248 -0.9056456662520833 0.07566272343890869
0.2573625353582943 5.776988152967379E-5 0.7940850595842656 | -3.495976014660079E-4 0.004609703408376943 0.004192968065197453
0.4000007825944586 0.10097411464710636 0.2428700882843926 | 0.0032189180380752303 -0.017048371634799723 -0.0013357044628036854
0.40004435228217994 0.014007856636144046 0.3179109137569317 | 0.0069286356063358945 -0.011093567769363967 0.006068948780139572
0.5068489148930001 0.008477573235475218 0.506634096360519 | 0.05558698203625398 0.3323759370069698 0.036239865471480094
0.3244251744215106 0.011468726885118238 0.4000710345839161 | -0.005942063392009967 -0.002253561200847986 0.008436358237221143
0.3706892236827348 1.6033523668337258E-4 0.4820345797855361 | 3.7773729799130834E-4 0.005435772600150904 -3.3193490144443904E-4
0.34558028176246164 0.0029959056510659747 0.5756744732468627 | 0.008689615346323048 0.342362755492377 0.029912239677008057
0.35181183666532373 0.07189522432410644 0.7260411464694412 | -0.11933972196028557 -0.6486606346121062 0.0366543115157338
0.3574250390366755 1.0467098794663474E-4 0.7514912675912291 | -0.005838999932769263 0.003144063330251797 0.004135260123641956
0.40002692765447667 0.024108478037030787 0.15717257208441662 | 0.005029146721228462 -0.0025701547346022088 -0.009266277548408699
0.4000001459587191 0.11156178306681834 0.31053408522799303 | 8.642658244543788E-4 6.318390052963598E-4 0.009152756638314458
0.4000673796827386 0.010695120411129126 0.3244519920915291 | 0.006797623728268523 -0.005310888252291272 -0.008750262257500935
0.394190807283515 5.731408034459221E-6 0.4038523407472753 | 0.004417299467449131 0.004508296862383692 0.0011472886469203285
0.427398388596839 7.36045307993003E-5 0.5450498632981116 | -0.001178974616316714 0.004391158765323096 0.004330639641835688
0.42628687280220995 1.3295398523676774E-5 0.5429542968646885 | 0.0012372333100836444 0.0033342133823347276 0.006099866648188618
0.43253770627382954 0.0016570577191226828 0.7325047380680094 | 0.004714957775494379 -0.09405136237661046 0.06191460995712645
0.43712621239793426 1.52087445571026E-4 0.7527939132899545 | -0.005243185032620585 0.0038552999856991776 -5.497802318136706E-4
0.4962365018658425 0.0012944866667264666 0.08366498455471302 | -0.016147408251279183 0.16555708784448095 -0.11068639038868323
0.511023270263428 1.94645085379822E-4 0.3012077892657841 | 0.002526205463327673 0.0046061246443115525 -0.004964180536565599
0.4846502242082264 0.0015910455512531901 0.3692277641157103 | -0.012087984716837268 0.07254653232029412 -0.011680732684272978
0.5450951233255098 5.760239565039222E-5 0.42743597988527166 | 0.004350038655756981 0.004516995955007097 -5.357667961026883E-4
0.5113795511523015 2.1300904385711424E-4 0.5115931134795068 | -9.856784262562898E-4 0.005193893832961295 -0.001479828570010144
0.5031117022130613 0.028497343390362827 0.5775257172685577 | -0.010406170106363159 -0.7836365499232336 0.025830084081074223
0.5109753465057024 0.010357586182757882 0.7892459996229151 | -0.006416359320097525 -1.036401121445518 0.18942933823131736
0.5131122157226582 5.1719506624286126E-5 0.7514903684259172 | 0.00536939153567345 0.004556648054228897 -0.009369050668505454
0.5661536815789993 5.721859649460861E-5 0.19582139919714917 | 1.3076426399461738E-4 0.004157063252605854 -0.0037316182353573737
0.5406655787989321 0.019321665864720648 0.12757782409556948 | 0.02428591117459521 -1.041197291693412 -0.2564663851362375
0.5762323492540241 0.004104825042406213 0.34557705146689344 | 0.026389642819407214 0.3230846970547152 0.009398099238604718
0.5430568374563365 1.1544137090710247E-4 0.4265849332438916 | 0.0059428182062500395 0.00354676970969898 0.0012750008984166474
0.5768418233281122 0.030089030547063397 0.503182463610625 | 0.026294193559502427 -0.7838375153038242 -0.009412942620438297
0.5905252569942597 7.049296975554644E-5 0.5906243191439898 | -0.003986875278589048 -0.23396261453317402 -0.0033295275701638437
0.6050619972936406 0.04752742468545512 0.7955243473654946 | 0.10907883703185878 -0.7957002745007142 0.19511007337850636
0.5888400869163034 2.8073029977311215E-6 0.7617824882613953 | 0.004079220591319431 0.0040189091599661655 0.0034395687229047014
0.6541680267803136 4.069077074358106E-5 0.14574413827770955 | -1.3406667982672244E-4 0.003208794002313801 -0.006828402133314772
0.718227475764024 0.001376448844632988 0.19908402999030916 | 0.07631063999338002 -0.9045736510646964 -0.11448238005404585
0.7254407256444084 0.07171848027970222 0.35165413171513554 | 0.028129230714198095 -0.6487468743301256 -0.12210846923990334
0.7322851823725316 0.0014461662258591784 0.4325385153109253 | 0.06086129652403082 -0.0920361957626639 0.004307476594988421
0.7893038092376449 0.010495353731579704 0.510946241227673 | 0.1912172438747148 -1.0361838403298167 -0.006623868070507975
0.795472827192827 0.04754496273999384 0.6050804820971223 | 0.1949577316164625 -0.7954513982077626 0.10905015992553871
0.73730572029953 0.064889046732844 0.7373047505581404 | 0.09841599910094195 -0.37725297548248027 0.09842676957681366
0.6867514534686331 5.227694162528143E-5 0.7941107142207166 | 0.0025383646410302644 0.004420800693303547 0.004143175033585035
0.7735925814317509 3.8033062131482173E-6 0.16777383599136497 | 0.006713792571572711 7.002178337619291E-4 -0.006222047396153044
0.7941085872290251 5.300136128444781E-5 0.2573509759508207 | 0.004193598460806209 0.004607312773733397 -3.7498003355252303E-4
0.7514860337378504 1.0825021049372437E-4 0.3574276067381264 | 0.004166962536769728 0.0030849916094854704 -0.0059207348396726105
0.752789919022041 1.5588929526959516E-4 0.4371265403857584 | -4.379702444464392E-4 0.003854573596583124 -0.00523523756150065
0.751490668205769 5.284212924314976E-5 0.513112080260772 | -0.009413555959905945 0.004567298851036736 0.005306968406261302
0.7617808201707355 2.2503452688063912E-6 0.5888389749859689 | 0.003438945217672241 0.004025099326565418 0.0040797220196792374
0.7941092982623829 5.268303879117632E-5 0.6867529014428977 | 0.0041375168494768915 0.004421569293495125 0.0025378559632550824
0.7860554770408335 2.2564323165831466E-7 0.7860555174245097 | 0.005994071835186207 0.0015563434506582756 0.005994079948467501
0.2393892278999267 0.40000018324521935 0.23938924631536512 | -0.0043699008265130415 0.0036913334388708236 -0.004362995445505384
0.2422307416645387 0.4000016262909018 0.34188467932271305 | -0.0052294441637012 0.0013236235092534728 0.006991463762565014
0.23951959242381704 0.009752685167656079 0.4000422830025912 | -0.008180175667464639 -0.008307550178826131 0.007189056664342237
0.1918138186759429 0.09339585705435659 0.40000897177705197 | -0.004341990080046215 0.004530067668963133 6.220821795207935E-4
0.17299256508253275 3.794011934275273E-5 0.4744076158696507 | -0.005144186316528257 0.004004487761580355 3.6951205956029486E-4
0.07946830017971013 7.440273548508357E-5 0.5822268457375432 | -0.007165526633989293 0.0023746114497615774 0.003836679125504582
0.14687745747698897 7.177183858252193E-5 0.6542590196847307 | -0.006906026154114751 0.0031247865937818796 -3.1093040895782047E-4
0.16996988155755244 2.5479178007102068E-5 0.7715597396365139 | -0.0063881640060187515 7.645978680733732E-4 0.006509250443339052
0.3418846628590171 0.40000157416690624 0.24223061678701943 | 0.0069939907379546725 0.0013230072700550404 -0.005226766155554318
0.34356941898490995 0.4000016311002601 0.3435651625503755 | 0.0050856371057768895 0.002882021029164428 0.005081002713835135
0.32246788369618573 0.020823299950372996 0.4000064781084047 | 1.9672848499538437E-4 -0.014783006101014315 0.0056571322568606235
0.31022363088295185 0.10477399927607021 0.4000001689204707 | 0.004350461673160271 0.004135314175025253 0.001036261868171871
0.29680540197414657 2.5234570458765977E-4 0.5092100927275407 | -0.0017242198713983835 0.005271441268570357 0.0040103682286357824
0.11933568238606593 0.004452686180031882 0.5804861416266629 | -0.2653362091369033 -1.147804708579906 0.12627947593673236
0.20347826888359294 0.0039055483373596645 0.7201221083192838 | -0.012680876345017047 0.373752607681837 -0.003793027212584449
0.25770471993668687 2.2068838870153134E-5 0.7933826362120642 | -5.346625030608228E-4 0.004394744962045507 0.004639924660411959
0.4000384105442985 0.009385734299908887 0.2391835719049642 | 0.007060248911840323 -0.004066948826187734 -0.008570553499623556
0.40002679717474043 0.01103769107100662 0.31541497942226937 | 0.0059697149556192895 -0.005166601264965683 0.008933038368552148
0.5000799569265034 0.006087168119405519 0.49977295607771005 | 0.06135192773282513 0.10828306606256631 0.04120500650140991
0.3199997557873648 0.013617960502566986 0.4001148919356643 | 0.00754158466996435 -0.005925506590321312 0.007349624786172916
0.3721791542229676 1.0592003373253329E-4 0.4854919974524607 | -8.130163270709304E-4 0.005395384382495071 -0.002750605551700164
0.3452228616232498 0.0024309926599624145 0.575527732051563 | 0.009781019378321695 0.4571498788934388 0.02970717129941988
0.35742019467218256 0.0037706143119271398 0.6969270842742156 | -0.006413670677297865 0.4413197116353648 0.06836994913294785
0.3638820216114607 0.012087029137664107 0.8896841656622991 | -0.01158742439775992 -0.23634007597670686 0.15696682898750963
0.4000034226554592 0.09495585501284878 0.1923119840112344 | 7.652309868981908E-4 0.003075875958464502 -0.006763639943561229
0.40000041772140116 0.10461636507726332 0.3101123337191807 | 0.0011791963516843782 0.002276735716562171 0.007546465455612994
0.40010171260801136 0.01321574306437152 0.323842108105904 | 0.00698128792696898 -0.01023925800455242 -0.007292811606254542
0.4075848051760186 3.5352943094453494E-5 0.4086527412394962 | 0.0024347367842211857 0.005100072924431838 9.680327812313246E-4
0.42846577579635026 4.199161587637617E-6 0.5409964081881025 | -0.001704154940912946 0.0028446622199028194 0.006750222808945855
0.42567492225176806 1.2030963946527449E-4 0.5444003378489253 | 0.002395112707730189 0.003830173263943031 0.004881200338979955
0.43250646794688014 0.0012050188019079213 0.7323429467994167 | 0.003673693694826799 -0.12858904621620035 0.06402117967265612
0.43660441192741056 0.0060860957028262075 0.9154629407168502 | -0.01764304466887701 -0.34862347534128396 0.17490337487318885
0.4744557310169351 2.105100531354367E-6 0.17294581087765795 | 3.0783822750379006E-4 0.0039502065470989065 -0.005192683898309163
0.5093283596256554 1.803031738109018E-4 0.2962382233196015 | 0.004264638127759162 0.005091240632741195 -0.0019217384069465662
0.486595255836811 2.0648730096807814E-4 0.3708786325549827 | -0.0019126951452721884 0.0056123623856367474 -7.65507448849898E-4
0.5410180090033757 4.052367347336965E-5 0.428565782273376 | 0.006739127229281503 0.0030207149150677077 -0.0013104940832963363
0.5083939422468725 1.07777560202692E-4 0.5085807245903563 | -1.5141078119686047E-4 0.005199575740184589 -6.543931049536912E-4
0.5052281150244922 2.9203221807865205E-5 0.578131073221259 | -7.658613534355694E-4 0.005866707666202528 0.0015084902146088833
0.5113722918690616 0.003142437994938109 0.786396278222398 | -0.0047481826468063915 -1.0392354500541854 0.14588580140263388
0.5069562309334444 0.011847694078661437 0.9126663672824944 | 0.0030273262000508287 -0.27841940896599393 0.18787261542996594
0.5821638070487325 9.743101451858746E-6 0.07951825057407494 | 0.0038143681682140827 0.0024142804596179786 -0.007159291861466009
0.580409274603839 0.004483326536434549 0.11938613979910631 | 0.12593885136681696 -1.149231662318012 -0.26521113186711187
0.5763360691475823 0.0016667218836712953 0.3451305245634028 | 0.02510861503912299 0.45897914117381117 0.012069252789385043
0.5448596204640477 5.8282098537241025E-5 0.4254554626253115 | 0.0043283717261441 0.003928099148762183 0.0032594723652662563
0.5784256201723914 2.4700621897093137E-4 0.5050752891744676 | 0.0014404548658810438 0.005852873582544867 -6.72368015554226E-4
0.590458219140427 0.016646730700921413 0.590474524012292 | -0.004510281950396481 -0.9710733762461612 -0.0037648814770100537
0.6501398459561979 0.01399793774956467 0.7474534683365464 | 0.15919496699678695 -1.0875911470181072 0.07705965028238328
0.5800329748610286 0.011656124335642807 0.898815823314827 | 0.02152881442865085 -0.2489919818904802 0.16243803110316635
0.6542687184179631 6.464913982750272E-5 0.14688514460077692 | -3.2465544581817743E-4 0.0031295117891545557 -0.00689636723515626
0.7201278824528332 0.003953654504362197 0.2034492438365318 | -0.003621690974281819 0.37296301774644136 -0.013036977753601133
0.6956944421629334 0.0015290030720346711 0.35797775773500135 | 0.06438906238432494 0.4624967309694064 -0.004670088165667808
0.7321440433497568 0.0010470702986033903 0.43249899431600536 | 0.06321019696550505 -0.1256052538361485 0.0030200709951427513
0.7865047468772605 0.0035719973870450435 0.5113226334412404 | 0.1478991288374592 -1.039361597796748 -0.004984621737495895
0.7474328645830558 0.014015699018265597 0.6501018037777241 | 0.07706109535246657 -1.0875094503784217 0.15914594181642916
0.7345215794894603 0.05367667168393699 0.7345208609029547 | 0.0721695875906747 -0.5454249212989118 0.07218642709326364
0.6868205299852469 6.3192304526911555E-6 0.7938661003745879 | 0.0022612435367428134 0.004329191437723112 0.004490418053579925
0.7715439754628262 2.934717811908553E-5 0.16997536688829984 | 0.006528951810580674 7.7056422401705E-4 -0.006412531804678364
0.7934061318376642 1.7490127120886473E-5 0.25769305684693117 | 0.004639250315834898 0.004392348587500444 -5.58471794171766E-4
0.8896898047942857 0.012087252340614568 0.3638888280614528 | 0.15700193183071448 -0.23628725466337785 -0.011568348277842326
0.915455555618641 0.006082413020367786 0.4366053440034072 | 0.17488951826268384 -0.3486223907986932 -0.01764096940251104
0.9126587624637436 0.011846800285742632 0.5069560245915946 | 0.18787496378223506 -0.278412614676192 0.003026551480271535
0.8988152089692477 0.01165532031507633 0.5800276358884262 | 0.16244462213928207 -0.24898490133776485 0.02151941318377146
0.7938646948091735 6.655385290485582E-6 0.6868219395876414 | 0.004485285846646565 0.004329896939922702 0.0022606620906606596
0.7819680391913703 1.1863498482709908E-6 0.7819681357709999 | 0.005617813610233325 0.0021747570330106544 0.005618003498633093
0.25213007088753747 0.40000718712305305 0.2521300802829471 | -0.004348494982417436 0.0036086256527344284 -0.0043501284857394166
0.2498498871448597 0.4000012233897605 0.33922821154863536 | -0.004456691279934317 0.0011622575792787496 0.0076570057495634475
0.22447106609113476 0.036279925627676235 0.40002392698141576 | 7.970601524656765E-4 -0.013593536387885437 0.007998206795633282
0.20884630917840274 0.10524383017171705 0.40000071698067485 | -0.008247965317515376 0.0023205206953879664 5.834713665442345E-4
0.23327847568022828 1.8718987489044193E-4 0.47950157542565075 | -0.0035370485390973675 0.004761319631576175 4.5067304133558373E-4
0.19636832841082616 9.894749267071371E-5 0.5663767454517299 | -0.003913588596597958 0.004096638803260456 -1.65938220838941E-5
0.14983861887537864 6.410580908591384E-5 0.6538297079478755 | -0.006994154677753985 0.0030348570150987705 -4.0443935443075133E-4
0.1871550320669699 3.6796810991771356E-6 0.7575307876622696 | -0.00833679656437623 0.0021960453223309265 0.0013972458361249636
0.33922818798137083 0.4000012065294853 0.24984966577103243 | 0.007654472689876306 0.0011622203306975193 -0.0044609532863956495
0.3436430936977415 0.40000239507411595 0.3436374705888695 | 0.004967005410541657 0.003017836887462688 0.0049696047804715865
0.3155671594336643 3.101728600534738E-5 0.4473060335161748 | -0.0025578900343053374 0.005072857603898829 0.0018264806626149786
0.3243409325426144 0.09345678470868529 0.4000051135329207 | 5.900025153411483E-4 0.0058675795734616796 4.8259634947257887E-4
0.3014191546380288 6.250959860160899E-5 0.5111086735585343 | -0.004753466312753807 0.004808523341207598 0.002232790588668197
0.26502260118853804 0.004754917256737591 0.5944630887964714 | 0.002431104825104902 0.21080298186184426 -0.007649919536698505
0.2155556376562405 1.2481323075648696E-4 0.7170343070805791 | -0.0014917760858315283 0.005384155915243659 -0.0010644625800124742
0.2590417315869733 3.7986621992752047E-6 0.791025852507135 | -0.0011374605825477451 0.003795970355121866 0.00561883627841622
0.400003851577182 0.03643984819583155 0.22430512094691094 | 0.007822563603101195 -0.013806874144982995 7.913062287917092E-4
0.45771200004243257 9.132165406207078E-5 0.3057923003159465 | 0.0011380554908295441 0.005203401255015738 -0.0034471133785045354
0.49852259309740116 3.416617118205391E-4 0.49865459702101766 | 0.0024466391436387906 0.004944508000960503 0.002063164947054984
0.31791003227685094 4.1378798213262765E-4 0.4000403170127112 | 0.004538265044855445 0.0036967445859655518 0.00398294959765048
0.3737417768243167 1.94175517954317E-5 0.4845450253100892 | -0.0018249732658539124 0.0054173414516683295 -0.002160415492802533
0.34424247607027014 1.551079776659575E-4 0.5750911211151348 | 0.0019005422405959293 0.0051638875485074155 3.1854681436943366E-4
0.36534115928733213 3.412001310488177E-6 0.649789840173531 | 0.0012325692844350037 0.005152192616209902 2.1783871460239138E-4
0.3500435055301633 1.4931389963271558E-4 0.7432275689835852 | -0.002627077776494778 0.004166094662414387 0.004815348952906829
0.4000005290456361 0.10396143344497231 0.20833179333195992 | 6.069138365898014E-4 -2.3823109368744007E-4 -0.01019866846332652
0.4000008373471201 0.09332127075255157 0.32439641060917285 | 7.186599773226425E-4 0.006032010004732474 0.0023122802298861356
0.4000849567894462 1.9770106877162934E-4 0.31205791091387225 | 0.004959584657058453 0.0015948073892138002 0.0067897526008707096
0.4248608146128011 1.7254233748687143E-4 0.4260172178847697 | 5.909992458956897E-4 0.005017294749708267 -1.0088902789421828E-4
0.42900480491070514 1.396405225312611E-4 0.5394513414273944 | -0.0018910937177865313 0.0026329469356722963 0.00698646205545265
0.4448830548905805 6.690779548984023E-5 0.6413607430157499 | -0.0035560876491833385 0.005234212158179346 -2.775438230769943E-4
0.43193899257742924 3.8882715235770334E-5 0.7278687042876494 | 0.0014041090414677066 0.004792867094820212 0.004845678982567022
0.4269387255623941 5.446314258961092E-4 0.8340395038089471 | -0.00870786435880503 0.27237265893395585 0.06205794507525298
0.4795015119474629 1.949646072032398E-4 0.2332804489945515 | 5.553470998237104E-4 0.004607782567649753 -0.003888783157018052
0.5105562667012554 3.441802862990557E-6 0.3010470839605544 | 0.0028073317760086273 0.004599426088970485 -0.004857795204452395
0.487175644600186 8.752075895173246E-5 0.3723625501218636 | -0.0022568426101533218 0.005410480627238067 -0.0018054195752632276
0.5391948190866079 1.4088335485013773E-4 0.4291480877602128 | 0.00706750694571078 0.002753824694518251 -0.0015072694250006361
0.5346958695161649 3.197310592006179E-4 0.534920345888216 | -9.415381226995165E-4 0.00497521228238135 -0.0010201033076329108
0.49976165607328465 2.4180234431757212E-5 0.5901574996186525 | 5.774998421182899E-4 0.005667663581968329 -0.0019656742904813154
0.5143208741378545 1.6603445898252095E-4 0.7323266058567577 | 0.002861515737408264 0.0030599997305009743 -0.002897446728124613
0.5148723364810476 4.895632612734585E-5 0.832019221755978 | -7.516497224010254E-4 0.003386500342725361 0.010935915011322654
0.5664411600149534 1.3175351986811505E-5 0.19599196690243217 | 1.4462973798630005E-5 0.004126556526212508 -0.0038208598264014137
0.5943416106821777 0.004969259701189972 0.2649157374090023 | -0.007461430496688071 0.20912111917723447 0.004216898003707707
0.5755321553204846 4.5103682420302076E-5 0.3441892279069926 | 2.2571714669713893E-4 0.005163414205029734 0.0018296392710751628
0.6412687284919193 1.1428423886563352E-4 0.445095820002972 | -3.3512724333269303E-4 0.0051457571788600005 -0.0038024433632508443
0.5904200638456674 2.6557564419993622E-5 0.49972130022735584 | -0.002020041435533362 0.005695222401004023 6.113381615610951E-4
0.5880382846552071 3.3353386856242045E-7 0.5880975693311133 | 0.011778993646157027 -0.05118560940513703 0.011952300653376288
0.6035730985263922 8.318540080847083E-5 0.666485542849545 | -2.7969054881425877E-4 0.0045433249505030075 0.0034230252489230737
0.5844321487372272 1.5015473179734492E-4 0.7946773691177424 | 0.003907372915534465 0.003016442353480704 0.003885320008392937
0.6538428680348575 5.5791033175328304E-5 0.14984618945900952 | -4.1556271550360224E-4 0.0030396611562747097 -0.006984361511767198
0.7170622215737034 6.586268784422068E-5 0.21558619592001463 | -0.001037447177045084 0.0053845994638976255 -0.001495659267418061
0.6498986999473528 4.195329780766721E-5 0.3653191497000329 | 6.871538943949156E-4 0.00507804804739931 0.0013469964387795345
0.7270338088680106 1.133963917163784E-5 0.43184169015427326 | 0.004904926775298159 0.004772501375146077 0.00142578287336671
0.7323683691031646 1.5166469855366828E-4 0.5143165046134021 | -0.0030057270515127664 0.003039236083990736 0.0028294731315566617
0.6664147826186436 9.194108755686438E-5 0.6035096797913282 | 0.0034283552463925536 0.004537107322765008 -3.3780010311502284E-4
0.6983569842547344 1.3436628997225098E-4 0.6983466494174577 | 6.626630994268741E-4 0.00578376868293052 6.650827466176616E-4
0.6845873050085686 8.76714800477607E-6 0.7900146173373267 | 0.002526901289552523 0.00333556685737321 0.006471080761982515
0.7575272874415229 3.5522181371723937E-6 0.1871561124456033 | 0.0013424248410720105 0.0022698164759407235 -0.008270090172786146
0.7910485506546248 6.401319418613238E-7 0.25903068390415546 | 0.005614874972514058 0.0037940624780312105 -0.0011568148318612849
0.7432373188255542 1.6006715430845315E-4 0.3500525386747516 | 0.005017075313871303 0.004080820668258321 -0.0026515994456400385
0.834035987797493 5.611025600766781E-4 0.4269529954781628 | 0.062166407533105476 0.27242474403370615 -0.008722392698413049
0.8319999865033517 2.7523045496933387E-5 0.51486893977623 | 0.010912477851143423 0.0034214765723705643 -7.440376734686683E-4
0.7946805806246512 1.4311544461306723E-4 0.584424378816027 | 0.003883490041869016 0.003024752307039887 0.0038992335723826623
0.7900134649013624 9.087243775810013E-6 0.6845884312150187 | 0.0064679548749369 0.003334986042947261 0.002527828431098588
0.7437455636135751 5.629649114125538E-6 0.743745526534862 | -0.0010667540913352905 0.0056550975853414676 -0.0010677400509898833
