512
0.270001531361272 0.4981474135390298 0.2700015388848876 | -0.1120436207081013 -0.044169963093672625 -0.11204332197296943
0.2477243235573875 0.48495635659520303 0.3521033429042081 | -0.08911311329299967 -0.2496434223674459 -0.005660805678506683
0.2592622362869403 0.06506059481253791 0.4000815945412194 | 0.001186385490201688 -0.021754084939987484 0.0117873321505676
0.2486016411004514 0.05721867044701797 0.45349617278729487 | -0.02706509525526322 1.612820226253835 -0.1559258978297599
0.2494566554553168 0.04106599800163807 0.49372046508845 | -0.0027658179219569156 1.5847044268234503 -0.03501180265631993
0.2543337449272839 0.040156417262759404 0.5573862744271214 | 0.02303462393082585 1.6029294614037384 0.018799944389803667
0.2538861156424831 0.0463511587485619 0.6237742174064308 | -0.007838075423573957 1.548928923288119 0.07216126085508195
0.2600942455145516 0.04870605954814533 0.6906955028036902 | -0.005454028378358481 1.573463609157526 0.023040216596940197
0.35210328886070325 0.48495629506655147 0.24772428567271393 | -0.005660960908861016 -0.24964542899480005 -0.08911411331902641
0.34056978529183984 0.4954329153129858 0.3405695370464196 | 0.011448955577700077 -0.07956908618641527 0.011447062124041653
0.33508847554313365 0.10701203680602686 0.40005844870354373 | -0.003477609639999476 -0.0012917223636668541 0.0051124705832713965
0.3180239469017262 0.06320099153193816 0.45494785847216057 | -0.06654245466922634 1.7939689438056974 -0.10314656892252835
0.3216276718695354 0.03694628580407204 0.49533147377090453 | -0.030656929332676944 1.7235946455710165 -0.03924500179425846
0.32087212668972176 0.04882289569176956 0.5607164346008444 | -0.058054590591841565 1.7421519533651109 0.035065035668633907
0.32391346675644483 0.045045485766249456 0.6261129771611182 | -0.046185538751095045 1.724894749903981 0.05312568874764231
0.3258906154048 0.045339765817083474 0.6945687720324046 | -0.08311656165525816 1.7515633589322865 -0.01603980800434418
0.40007799497664337 0.06505961558945478 0.25926057876110215 | 0.01179244179032668 -0.021755929770145746 0.0011846093880805997
0.40005311674337807 0.1070352500518906 0.33509603563335794 | 0.005112717482202161 -0.0012903921695116265 -0.003478636625521194
0.40305215056205884 0.5173409343617688 0.40305999033410567 | 0.0044528575365425085 0.10376433140858618 0.00448464545971833
0.37715968553328505 0.0645459877168288 0.4403345047592249 | -0.1592769757796608 1.9516593502180661 -0.15094144340714316
0.3840318435858766 0.0450011320437423 0.4945239034322687 | -0.07373001810321025 1.8060226893956524 -0.05042412894396066
0.3847753760400081 0.03917549245256736 0.562674806219586 | -0.055162902797788675 1.7857884498893781 0.035350202934828386
0.38646615398295164 0.048224901040888585 0.6282344588896454 | -0.054098680422424876 1.71240986480991 0.04124627050821329
0.38734698033988646 0.038992465478333765 0.6951871290526094 | -0.09509935771799327 1.716942580353856 -0.05785955449916654
0.45350135834094246 0.057220441163596675 0.24860671428036152 | -0.15588016587394912 1.6126950352775138 -0.027018425151988566
0.4548764677293654 0.0632248651512914 0.3180061123845453 | -0.10342911303138351 1.7944201680648535 -0.06668770010446765
0.4403726519464596 0.06451343753031212 0.3771632977740251 | -0.1504980800729562 1.9516235616046531 -0.15923419021544974
0.43924520132061085 0.04635994569134669 0.43924115338833525 | -0.11670861182705834 1.7643742109154017 -0.11669674853918287
0.44449385924797624 0.03433740052902163 0.5020163378080824 | -0.03867118978186582 1.7128058775622723 -0.009189628766886317
0.4448285173118078 0.04135051626316126 0.5662341220505805 | -0.028682692550225274 1.7130834062055864 0.06580851766893762
0.4460331394497844 0.038771680295700627 0.6283548145330076 | -0.012941434908230206 1.5794915933597882 0.01654969132808369
0.44677864804695633 0.03868099813677908 0.6950473256931124 | -0.028969703756916577 1.6115708930109314 -0.09613778194576256
0.49372097735219606 0.041066653624556915 0.24945803468889632 | -0.0349968629777654 1.5846968925671008 -0.0027591685935793734
0.4953372241126853 0.03695138365001139 0.3216260263914306 | -0.039163188643536066 1.7236658560985703 -0.03067472568241946
0.4945207908312806 0.045018118956286504 0.38402423807917735 | -0.050496121503613045 1.806025693156355 -0.0737843646020451
0.5020193627383593 0.03433170075583173 0.4444930711112029 | -0.009180028244337727 1.7128557585768687 -0.03872197504650538
0.5051365869871742 0.03517812320637463 0.5051351570907098 | 0.0359553169174898 1.6466701425772294 0.035907966242825023
0.5040326163433437 0.0417179004339682 0.5667346443604552 | 0.018645227781228017 1.7077495262060531 0.07013891622406077
0.5038306085514359 0.0389522848116636 0.6282736894743982 | 0.015308653697572915 1.5869455612297485 0.015689167480994012
0.5031559270621764 0.03869795383897592 0.695010378525905 | 0.026660015054785047 1.597748345865265 -0.09647592028970833
0.5573864424021759 0.0401558814895358 0.2543329759055366 | 0.018801374879056143 1.6029378733219268 0.02303419101033994
0.560716516331593 0.048819458290010005 0.32087094175277825 | 0.03504264305613801 1.7422565905508718 -0.05804686335547054
0.5626770047049053 0.039174467821099415 0.38477663854061156 | 0.035388050999786584 1.78572685902019 -0.05516153020271719
0.5662326230976951 0.04135117311687179 0.44483062594969897 | 0.0657888059301729 1.712972778439569 -0.02864361978576107
0.5667344235533126 0.0417181358857644 0.5040333795292381 | 0.0701251439578279 1.7078076733005583 0.018650395802456612
0.5643888454286348 0.03960818313300687 0.5643887087622041 | 0.043701880448819216 1.7264865908195284 0.04369887797352826
0.5630410246546884 0.037422903771626465 0.6276575133663791 | 0.042500292898264375 1.6851441350026488 0.02702721492172773
0.5626765841338426 0.03871230684686634 0.6953609265319909 | 0.0900288814608778 1.6797513792434116 -0.05700282658513276
0.6237740388220637 0.046351386270965 0.253885916733077 | 0.07215519173610087 1.5489335750182978 -0.007838830912974812
0.6261129643367733 0.04504615168135423 0.32391382178491523 | 0.05312471895827841 1.7248680805140415 -0.04618446697305892
0.6282353310278819 0.04822394359518579 0.3864661466353611 | 0.04126289455220381 1.7124171866060165 -0.05410126958745043
0.6283551255358231 0.038771688101852816 0.44603317940152143 | 0.01655186119788074 1.5794899317309372 -0.012942856479801201
0.6282736336574718 0.038952468357811 0.503830699788036 | 0.015686239511987256 1.5869414728158375 0.015311009797418463
0.6276576205233219 0.037422943398110184 0.5630410920754726 | 0.027027132541109174 1.6851452211462654 0.04249987723077681
0.6261773296606917 0.04636371685606758 0.6261773472961536 | 0.03988984452245447 1.6378644622940366 0.039889700952153995
0.6240132943393725 0.04447535941165764 0.6946408215685873 | 0.07763079951405806 1.587054714663455 -0.021670812431003685
0.6906955904234588 0.0487060077564178 0.2600941607496354 | 0.023040074412069983 1.5734630406878953 -0.005454516551834909
0.69456920935663 0.045339620303804756 0.32589059943768195 | -0.01603615563994372 1.7515620989104153 -0.0831160263615945
0.6951872671672205 0.038992406244863706 0.3873469935202908 | -0.057858236384234804 1.716942468237721 -0.09509907696484952
0.6950473960374253 0.03868096953132396 0.44677864885668717 | -0.09613716086495078 1.611570967083553 -0.028969907339019534
0.6950104472718499 0.03869793218871142 0.5031559493669022 | -0.09647500113886984 1.5977482096295 0.02666019635243127
0.6953609415384616 0.03871232006841859 0.5626765868052772 | -0.057002915181305 1.6797513563653672 0.09002912406900351
0.6946408409572662 0.04447537060357509 0.6240133098937848 | -0.02167062669570539 1.5870550513425705 0.07763076210825404
0.6900009087497084 0.04877966256274941 0.6900009060137519 | -0.0031592570520031695 1.6055221313374641 -0.0031593361864167085
0.25613225727000055 0.47344068613775747 0.256132292853948 | -0.16127046043549714 -0.4457054395061513 -0.16127020785765053
0.24214269033975774 0.47917953725687434 0.3510901661990815 | -0.07760943256514917 -0.48321045504085647 0.011559035657692401
0.26044137998646605 0.1412386377220692 0.400003277206669 | -3.4914446235499415E-4 0.004693732052112282 0.001197161574151608
0.23887391264457902 0.06574477775944945 0.44428183657110965 | -0.0908493114274378 1.268164966431997 -0.1691614426780769
0.24150254872129845 0.05410097795683247 0.49060313155032115 | -0.03236131150336567 1.1699433922615217 -0.052684944265532635
0.2463050133767381 0.06083660730846607 0.558573495287337 | -0.010602804021291035 1.1864362789847067 0.017745702184601742
0.2491801688358116 0.05498909654443321 0.6274000293481334 | -0.01270227064976915 1.244805541125932 0.06630452677002714
0.25067497423617335 0.058840844967667366 0.699682616346777 | -0.062988714581206 1.21157524622163 0.06453064678247457
0.35109006066790294 0.4791794980025303 0.24214249329033222 | 0.01155853278068858 -0.4832117368741514 -0.0776104498207196
0.34136036717991064 0.48294269675421336 0.3413602691307822 | 0.023988386259127453 -0.379027553952907 0.023985453534287708
0.33594920628101427 0.19111022378472908 0.40001206186744614 | -0.00135279605415482 0.004943203132297107 7.243604196605417E-4
0.3131968229808762 0.07208367567425791 0.4471391456228326 | -0.058429107926717426 1.491390401330224 -0.10761619017966065
0.31709308950620735 0.06610853385453382 0.4964478390454584 | -0.031108324242809654 1.338381478616935 -0.027035144134949434
0.31620066202809494 0.06930811029714216 0.5633097032399346 | -0.06285520856949879 1.4522768992606343 0.05096353781572786
0.31991695282315125 0.06903618829755943 0.629346025678703 | -0.04361228106015888 1.4744726521146585 0.04411408009031039
0.3199922373700271 0.07266025082119422 0.7025796930526111 | -0.08037989209187461 1.3489314417859424 0.023844555761403246
0.40000239375972224 0.14123945235730875 0.26044274746938034 | 0.0011963331615913399 0.004694026724493162 -3.47398798107317E-4
0.4000200269433394 0.19111673575600013 0.33596657558207443 | 7.218509560199325E-4 0.004950840956700921 -0.0013435066022544134
0.4061716487776933 0.4972548397178595 0.4061723342377891 | 0.028293518391343236 -0.2492248413973952 0.028282099607062017
0.3724292731391277 0.07355861560515525 0.42833856220159705 | -0.12317580415389875 1.6070309983625792 -0.2141656785573854
0.382411716012375 0.05415114974620656 0.49652821671589786 | -0.0685856925327292 1.3951279901645313 -0.04498375064652501
0.38099941990866204 0.06065556528372256 0.5643097261092774 | -0.07327646445360264 1.4798882991118556 0.03539313752931
0.3835506031697134 0.06821547582888596 0.633499026815881 | -0.07338418662001346 1.4088053284975048 0.05541139459022998
0.385565976464104 0.059394663695675975 0.7030558116238499 | -0.07632816484321897 1.2846830242161649 -0.02269758630844727
0.44429950342671365 0.06574523420566028 0.23887457452066566 | -0.16905335880143058 1.2679894938628171 -0.09082961705179522
0.4471012777324019 0.07209803681364581 0.31317659147157906 | -0.10762827978597833 1.4914710916071308 -0.058574394519597804
0.4283621660241169 0.07355143619602221 0.3724231541964944 | -0.21392467507657995 1.606841901500889 -0.1232113496671794
0.4341253680362426 0.07162856198645724 0.43412203420144013 | -0.1740403862238388 1.3613970949319047 -0.17396593602511146
0.4428141252855089 0.06122157644645246 0.5069605369595214 | -0.04860537040322507 1.335427793264564 0.09276594698751567
0.4438141703996934 0.059120205999480584 0.5694367247394454 | -0.03508706320917573 1.4373794063028749 0.08157633997694959
0.4447910935035297 0.05574056296531646 0.633190434960055 | -0.021996915268948116 1.3130483268178526 0.026298704429364977
0.4463920313844513 0.057871148788356586 0.7053385778735053 | -0.017365249593714747 1.1206042122848319 -5.833511594506586E-4
0.49060152902746584 0.05410249455220597 0.24150344962090503 | -0.052689991329121444 1.1699378938217118 -0.03235353230821521
0.4964553665160738 0.06611896123262752 0.31709486699920786 | -0.0270344615094036 1.3384738783021064 -0.03108963197936615
0.4965228828146469 0.054147258382422014 0.38240377665374603 | -0.0450754730592598 1.3952555971145313 -0.06861854321532973
0.5069653362828818 0.061215358166409016 0.44280712286256546 | 0.09287285662692277 1.3352972272679426 -0.048759693432430626
0.5065059306725997 0.0502512600185294 0.5065059206573147 | 0.03956192440064934 1.321835029679634 0.03955276251715894
0.5051359326744562 0.05988928243578893 0.5699644870477225 | 0.025174497031138512 1.4401487802165238 0.08568447325150977
0.505248493029693 0.056105730411938816 0.6331284619171998 | 0.026789508047819818 1.3184978735269615 0.02455980862995383
0.5035358325228958 0.058201420108337655 0.7049580239359192 | 0.016413339032140567 1.133758682039254 -0.0058074954179409746
0.5585730909086862 0.060835827394585075 0.24630379278384568 | 0.017741372337916315 1.1864209785102682 -0.010613919083806423
0.5633082114509826 0.06930726501613672 0.31619962548707486 | 0.05091711896854212 1.4522996591212407 -0.06285036995264771
0.5643087147073373 0.06065836258199075 0.3810003473266545 | 0.03536479816220364 1.4797807806331795 -0.07327896861129504
0.5694357543549164 0.05911806495361086 0.4438162461178186 | 0.08159170742983546 1.4373273796147439 -0.03506192082001172
0.5699627953696303 0.05989015224450787 0.5051357888838983 | 0.08565089759659711 1.4401619157649874 0.02516548792126707
0.568241541277246 0.05923429375850443 0.5682414805606468 | 0.07649875878747771 1.4353158162642077 0.07649706115836055
0.5659822970250664 0.06771129643805618 0.6339674789067237 | 0.056409777586582534 1.3723172851728913 0.04897442420723917
0.5645181929845582 0.058687472376402164 0.7033795299396401 | 0.07764781621006327 1.251785575454874 -0.01716108490675378
0.6274000058597325 0.054989499740375064 0.24918016727815082 | 0.06630560853273025 1.2448185911203016 -0.01270061038834145
0.6293471580757583 0.06903611315012638 0.31991723394482063 | 0.044122489049468146 1.4744537587761732 -0.043613818580276756
0.6335005323743956 0.06821554748872279 0.38355055800866433 | 0.05543755412747409 1.4088060564838765 -0.07338597240953426
0.6331910479812304 0.0557408491951733 0.4447911555188739 | 0.02630980551181833 1.3130604098440095 -0.021999492470366623
0.6331285785114447 0.05610546883622796 0.5052484493869284 | 0.024560990837449156 1.3184851891029161 0.026788869761425242
0.6339675089957942 0.06771134059887113 0.5659822721503981 | 0.048973876390996526 1.3723199409354154 0.0564095964959392
0.6302778928409336 0.06836017983773147 0.6302779351647014 | 0.04171222290640755 1.454596941765637 0.041712386153716946
0.6296925751135297 0.0700995267435772 0.702560706546198 | 0.07803195958500077 1.27685805824579 0.014005786222151859
0.6996827001915739 0.0588408094755583 0.2506749256008636 | 0.06453127693124 1.2115749376793878 -0.06298906313525036
0.7025802454883129 0.07266002731665924 0.319992184711188 | 0.023846622340955765 1.348929099667586 -0.08038005085716601
0.703055937044713 0.059394602515020434 0.3855659662428919 | -0.022696368242350363 1.2846818291648197 -0.07632781474532402
0.7053386618999923 0.05787121477225722 0.44639201876554857 | -5.82391063242445E-4 1.1206038848400632 -0.01736530419574915
0.7049581139091874 0.05820140741306548 0.503535857177242 | -0.005806431729848692 1.1337585076799097 0.016413490927007966
0.7033795805611138 0.05868743892333157 0.5645181893681908 | -0.01716067883850628 1.2517845892578672 0.07764768751356786
0.7025607066364412 0.07009958124002463 0.629692579795536 | 0.01400588877012409 1.2768593424967276 0.07803195715965941
0.6993286335567491 0.05809571978887884 0.6993286332306506 | 0.05880061143353344 1.2088847212682603 0.05880061280112901
0.23137953394243096 0.4538381240185769 0.23137957125328162 | -0.14975182778070595 -0.7934102455838301 -0.14975173271726655
0.23783301919096475 0.45886819531318623 0.34992790937446316 | -0.07557120454765835 -0.7206854226266436 0.006549032132937183
0.2569749139404151 0.21510152374823788 0.4000032447114766 | -0.005197691633072138 -0.3657152894366423 2.2458738555222222E-4
0.22675205981143118 0.07258360374617738 0.4276029538035685 | -0.14359275216821082 1.01174285668361 -0.2370807501855502
0.2359681883031791 0.05534863682659023 0.49024912693429734 | -0.047963033499683276 0.8530954351073344 -0.03373486380779771
0.23885486312675797 0.06771236640966294 0.5589780247660134 | -0.05030669800817289 0.8824452363860075 0.01210571736337024
0.24319861134403178 0.06435018785719773 0.6298544167468749 | -0.04230063466894764 0.9333346589021386 0.056918742192128044
0.23993058004771947 0.0766560914339009 0.7098217045431394 | -0.11182620785448504 0.9307831737391469 0.10865563060655604
0.34992782712471493 0.4588680306154569 0.23783274650179825 | 0.0065486752647625586 -0.7206867606821142 -0.07557223209548138
0.34158489245750573 0.4747026075524506 0.3415853379409799 | 0.029298478011060957 -0.6172366238553252 0.029300978924948363
0.3358845748012451 0.28998809980413637 0.4003382317660436 | 0.009754149170236641 -0.24599532057214987 3.1991629408364015E-4
0.30213384009521166 0.10538804466168578 0.4305904500672662 | -0.10044845791220755 1.1583585323770484 -0.14709015638538606
0.31334344344450904 0.08447276447946352 0.4974051819573954 | -0.03653271485151151 1.0262953086877387 -0.010108606787441514
0.31468130729522253 0.07612414620412111 0.5642849143319498 | -0.05364386520310644 1.2345112741421822 0.042433584780865216
0.3161890810144813 0.09030981704415099 0.6318658113069223 | -0.05427328833736969 1.2170188712850347 0.04777464443998048
0.31818003832502617 0.0858376839730838 0.710694136564041 | -0.057567197786748875 1.007580809684165 0.08103413456763746
0.40000288517343185 0.21510247401520843 0.2569769856916484 | 2.2165657809016976E-4 -0.36571059219199586 -0.0051867406791457765
0.400356699558416 0.289685736582358 0.3361323364309384 | 3.6069877407730053E-4 -0.2542008742813939 0.013941784682270923
0.40994078567041 0.4742829008424822 0.4099306474425872 | 0.04964675263982822 -0.5161226145242153 0.0496024865069202
0.36896438190661834 0.1046131360285483 0.41957193045599955 | -0.1308338727639044 1.2914089662644328 -0.25126014551259696
0.38071635278185534 0.06435240643540391 0.4973262297835502 | -0.06598884274681471 1.043960730154718 -0.03929600143032013
0.3787059811169916 0.08505047195039317 0.5663162464281232 | -0.07268555534459357 1.2305057901892917 0.04297560504780838
0.38250050286862186 0.07365169090238062 0.6350450154085288 | -0.06808150648702235 1.1860442274771181 0.03944333571141539
0.3855577575664896 0.06501366604093368 0.7111543261503385 | -0.041594318546358984 0.9079256019480042 0.04328958447933372
0.42761032292699164 0.07258139941395969 0.22675058045506064 | -0.23704109753604968 1.0116571498049813 -0.1436125461700499
0.43058252281331866 0.10540722316277326 0.30211713358946074 | -0.14693766937428768 1.158249392047224 -0.10056066003956948
0.41959260262319975 0.10469184076462722 0.3689562707207428 | -0.2507662400778234 1.2913444104979943 -0.13083976400905462
0.43210211259511655 0.07827280270734616 0.4320985706175611 | -0.21780122685632206 1.037625260931375 -0.21772329411176097
0.442877767766749 0.06381814590118165 0.5075681892851706 | -0.034525239278470135 1.072040082254858 0.09537060257082593
0.4421359160666343 0.08273397693533897 0.5719327808482646 | -0.04681360658879245 1.1755473955018243 0.09401518936830762
0.4451507243467255 0.07539515516267914 0.6374942369560627 | -0.008923315433111345 1.1324997246160244 0.04780260155224872
0.446297866853664 0.06246618387985137 0.7140367924575918 | -0.0104103583115077 0.8085303934835004 0.06158634869192152
0.49024683135894626 0.055348421372957986 0.23597085195159492 | -0.033749444317800935 0.8531087941767955 -0.047937487863923156
0.49739776298631194 0.08447063164949843 0.3133466496353542 | -0.01019451646109963 1.0263417226920217 -0.036525122556419376
0.49733309276892845 0.06434981260940455 0.38070880222154607 | -0.03928511744982765 1.0441432251851235 -0.06601452253576702
0.5075726263460347 0.06380739852889274 0.44287047016591075 | 0.09552995890474361 1.0717155202655348 -0.03465863185470525
0.5068699863174273 0.06302099104637478 0.5068724475070151 | 0.04762258258559689 1.044080577934333 0.04765931387948508
0.5064222050972494 0.08329904932144844 0.5723686983711372 | 0.03047472225312324 1.1764568942473934 0.09562932161245252
0.5048040693357306 0.07499147643451949 0.6375027753236612 | 0.011279012027103383 1.1257208759662019 0.04527640175772095
0.5036865720042 0.0627438339286395 0.7137686236406416 | 0.010292813299918787 0.811973930405687 0.06028867491805755
0.5589773999920561 0.06771145886757078 0.2388530678546254 | 0.012102532453413892 0.8824301670295406 -0.050320104921512385
0.5642838215039385 0.07612461202989988 0.31468053485855013 | 0.042401472334404756 1.2344863569527724 -0.05363159628927099
0.566316033236821 0.0850450694647291 0.37870812251858654 | 0.04296409244533716 1.2304207982646704 -0.0726787129031565
0.5719333158915498 0.08273126052242796 0.4421371622915062 | 0.09404009163830429 1.1755497087161848 -0.046816355628593466
0.5723675810431599 0.08330107201463686 0.5064219469162391 | 0.0956060790162337 1.1764691652229422 0.03046274419466515
0.5698917529866733 0.08249377400805556 0.5698916600437428 | 0.057456931882125875 1.1916340601016422 0.057455486153477967
0.5671304159218126 0.07323018605589421 0.6356616286972321 | 0.05650570548331746 1.1528636609853358 0.037274628505858456
0.5644625148410704 0.06402857307322006 0.7113618593221076 | 0.04440189648637916 0.8853760685545545 0.04555866800634104
0.6298543991350354 0.06435067705414517 0.24319912445823816 | 0.056921562063810084 0.9333467071706892 -0.04229521263199331
0.6318677278436627 0.09030861111669487 0.31618970697929366 | 0.047784134911655146 1.2170097644420557 -0.0542752678936133
0.6350464073850098 0.07365245020470729 0.38250045032116614 | 0.03946343635966619 1.1860484278286214 -0.06808362189850446
0.6374944860368261 0.07539572548081644 0.4451508133291959 | 0.04780455227178472 1.132503612141668 -0.00892441173763837
0.6375029306816837 0.07499113127510901 0.5048040172736609 | 0.045274882219418236 1.1257172824595414 0.011278512541032591
0.635661680246748 0.07323024246523743 0.5671304044666599 | 0.037274924646581234 1.1528665673984402 0.05650600054830073
0.6336664060045912 0.08881840168799034 0.6336664707029801 | 0.054550022675671855 1.2109540149467835 0.05455026847114667
0.6318019529700935 0.08435511504127044 0.7108197656468302 | 0.05669262993550905 0.9647630079532101 0.07955178479203326
0.7098217946827667 0.07665603991228412 0.23993054276090223 | 0.1086566249162802 0.9307827836656456 -0.11182636377620539
0.7106946922698678 0.08583743356603352 0.31817998909904366 | 0.0810349319845822 1.007578367787062 -0.05756755792020013
0.7111544116385449 0.06501369997950109 0.38555775397577274 | 0.04328978526175421 0.907925963016003 -0.041594134582499005
0.7140367996543855 0.06246628321292689 0.44629784083760304 | 0.061586642649226774 0.8085307145803001 -0.0104104197434199
0.7137687037665665 0.06274382914498185 0.5036865845326501 | 0.06028921915854603 0.8119739368628826 0.01029287075204634
0.7113619282766014 0.06402851317084635 0.5644625184434632 | 0.04555923039685953 0.8853753541903615 0.04440182504331165
0.7108197508197668 0.08435516145883364 0.6318019486675736 | 0.07955184793050266 0.9647636934431951 0.05669261451483863
0.7100386374664186 0.0755151794783947 0.7100386379725588 | 0.11378640335301943 0.9273251199256666 0.1137864369188688
0.22026656684239024 0.4045421437080099 0.22026658833288754 | -0.051215627133655774 -0.9978985410350546 -0.05121561876477956
0.22805579519751046 0.42691664249414646 0.34835944438448313 | -0.07656177653061248 -0.8706314404251277 0.0036203725102078844
0.2572451340828308 0.27859831310914046 0.40000276122456085 | -0.011747804651792653 -0.009763945001830468 9.494760897097716E-4
0.216637831905903 0.10246292520622202 0.40903142764883743 | -0.16722434164603278 0.8146729448725685 -0.26177916800469847
0.22660460733654184 0.07116522791766453 0.489684863528955 | -0.095441023447423 0.5617423844964051 -0.01265564905386038
0.23039100643561702 0.07621097106229181 0.5594302477027052 | -0.10411173652102451 0.5692563464196465 0.010366980523231146
0.23350493333571648 0.08769571841427291 0.6316710748820354 | -0.10188920303139504 0.6328151120593107 0.048422696103261956
0.2348355995949349 0.08486247665356506 0.7147293462536305 | -0.1397742903396518 0.6996234244739132 0.13608543658002475
0.3483593949441962 0.42691639853094415 0.22805547674658613 | 0.003619993089048963 -0.8706316795432673 -0.07656254446082468
0.342805598397664 0.4571566460001068 0.342807898872572 | 0.03672883158929896 -0.7938012860832306 0.03673677679052868
0.33991806790841816 0.30279877339918804 0.40270086112669967 | 0.009386772482414459 -0.7898157858808967 0.00209277014749897
0.3001299404867271 0.1156436440153221 0.42000887484905675 | -0.10625681158932061 1.0139301091148576 -0.18259901999041625
0.312640575046404 0.08260714623468741 0.4981856547019648 | -0.04012992927117931 0.796364245815952 5.452435208783919E-4
0.31216795770729644 0.09412862715938904 0.5648378987026037 | -0.063544606784533 1.0008343292500996 0.03489431939012804
0.31507957139445647 0.0933973964881163 0.632817277348554 | -0.05697456842217393 1.0192230423115631 0.05047484360289413
0.31763898495483006 0.08679752555987778 0.7147857216456384 | -0.049397603234498835 0.7064973944459597 0.10447615312696278
0.4000027241631964 0.2785982150675487 0.25724565927992826 | 9.445867533047743E-4 -0.009520529017050116 -0.011772306978992501
0.402746135109336 0.3015210429855774 0.3399562558849124 | 0.0027220977370841053 -0.8060652344340209 0.008917500631541602
0.4124681341811135 0.4391752947556509 0.4124504649629382 | 0.05184101737726285 -0.7704881737238745 0.051803956736861445
0.3682641508136786 0.1099837242526611 0.4169593971698315 | -0.11952401816933915 1.1016784409595304 -0.237336016034095
0.3794084261421136 0.08996430140292844 0.4989753250687524 | -0.034377385159949966 0.8308853764925224 -0.021741221835438647
0.378362825340482 0.09411874640788664 0.5667594923887037 | -0.06940288383205899 0.9812997451086699 0.04439864811656154
0.381656095519666 0.09024702605734794 0.6374084203657605 | -0.054589199103972516 0.9799724755222697 0.04669215966840825
0.385748549178221 0.07501451125050224 0.7212420515051658 | -0.016007668559564463 0.5601857976222759 0.12017386324992105
0.4090363560247464 0.1024577626019076 0.2166298424635184 | -0.2617637761508152 0.8146345975936725 -0.16727221161848052
0.41999908311620887 0.11567817283892702 0.3001136203317643 | -0.1823747966401425 1.0135699598965129 -0.10630885021886305
0.4170007886808283 0.10997239880017952 0.36825818861283455 | -0.23699471475514453 1.1015511860953455 -0.11952611755555248
0.43289679699474554 0.09462475270015297 0.43289315631049063 | -0.22482538651903344 0.5852860309140833 -0.22469745118840612
0.44298424591003693 0.06840041661676811 0.5072853615262265 | -0.030163959827800124 0.7935000846078402 0.0692670213294658
0.4413863528049433 0.09552031261999015 0.5724488863517361 | -0.043127794088270006 0.9490084264846731 0.07535227866362472
0.4459123276665974 0.09027580806492297 0.6405773821955061 | -0.0032055768776756816 0.9167435326067365 0.06748369223719042
0.446100879950433 0.0711833985657654 0.7233082328769488 | -0.0050398702671317 0.48935645824005275 0.12339410929218485
0.48968262911635524 0.07115958233232039 0.22661045708155733 | -0.012688019970406526 0.5618091103767491 -0.09538648185862228
0.4981726582719554 0.08258412867746948 0.312645537003099 | 3.6964269688220775E-4 0.7962045229767264 -0.04013260990085801
0.4989829710646877 0.09002446910857702 0.3793947032129806 | -0.02169918494541588 0.8309141378997497 -0.03448648680240994
0.5072909377577386 0.06839265494807706 0.44297817997663363 | 0.06937117971008368 0.7931839152950962 -0.030228370994835864
0.5071050672338347 0.06855053579070856 0.5071089604650492 | 0.05956789494225844 0.8033776080401008 0.05962710303396158
0.5069658924512486 0.09632214155589283 0.572805636908082 | 0.027494937711265637 0.9484661030617674 0.08415380402334377
0.5039635152846041 0.0898414598031997 0.6405784559385663 | 0.005699167727452701 0.9142480869641748 0.06737318076137469
0.5039338441067098 0.0715165756109835 0.7230932301064587 | 0.005999501332864651 0.49033796278093517 0.12185299727791224
0.5594296866238434 0.07621091984802304 0.23038817217472007 | 0.010367875871402544 0.5692445773327153 -0.1041237606422674
0.5648382921882737 0.0941291331229572 0.3121673968311817 | 0.034894517060763366 1.000796262947038 -0.06352720415313097
0.5667603526378828 0.09410597016931777 0.3783652515840856 | 0.04439860736162061 0.9812274425922489 -0.06938193806648754
0.5724498999124692 0.0955164685239306 0.4413868528783133 | 0.07535069960902332 0.9490360474523514 -0.043138017029947684
0.5728056681643178 0.09632373757844584 0.5069660890418605 | 0.08415949385988289 0.9484835298825867 0.02748856937451125
0.5702739481909471 0.09289115635412391 0.570273811301385 | 0.053932936990436345 0.9461437185204603 0.05393075763168585
0.5681467457692675 0.088766080844283 0.6381121259881695 | 0.05019753300078601 0.9303591654447086 0.04917414326186356
0.5640635514396476 0.07362426129589716 0.7217547474575357 | 0.016255035384620774 0.5406905543088623 0.12419043943410348
0.6316710963638893 0.08769620241744847 0.23350596813182853 | 0.04842309389076671 0.6328235383754252 -0.10188619303186094
0.6328191542224412 0.09339603131553748 0.31508029979612745 | 0.05048090959909399 1.0192169636948656 -0.056975012735666214
0.6374096421264428 0.09024779639235977 0.38165625784350465 | 0.046707316179357465 0.979961025400779 -0.05458205687178818
0.6405770314300993 0.09027656681711663 0.44591223054256723 | 0.06748020666599593 0.9167475556793475 -0.003205809428111
0.640578561529796 0.08984133732682666 0.5039633946026754 | 0.06737267730740225 0.9142498312795345 0.005698621331305606
0.6381122407815875 0.08876612989483383 0.5681468054271519 | 0.049174238738331245 0.9303601019161608 0.05019790444036673
0.6346760595669687 0.09169831323199364 0.6346761274598341 | 0.05826798913479612 0.9983611927949199 0.058268202532259936
0.6324371458028942 0.08715700624512773 0.7151682133553441 | 0.049442238607412266 0.6920174743804842 0.10526458056468925
0.71472944878335 0.08486241443658377 0.23483555850458349 | 0.13608646716268796 0.6996230420525748 -0.13977444334244157
0.7147862836379483 0.08679736550161647 0.31763894572626794 | 0.10447711503614611 0.7064959735679068 -0.04939769809728447
0.7212420281914533 0.07501466697662758 0.38574856527819856 | 0.12017310173757456 0.5601869004277524 -0.01600778148045988
0.7233081409656907 0.07118345372464165 0.4461008682412444 | 0.12339375075016541 0.4893568355593673 -0.005039743602489081
0.7230932912693664 0.07151656754893854 0.5039338446729318 | 0.12185329300624163 0.4903378974891422 0.005999512385800611
0.7217548404283941 0.07362419776359543 0.5640635549906604 | 0.12419099441512775 0.5406900734862107 0.016254942590537218
0.7151681883012249 0.08715703575154853 0.6324371391515532 | 0.10526458000615387 0.6920178453971505 0.049442239733243715
0.7152349557576971 0.08433285809016722 0.7152349559652892 | 0.1420720324534978 0.7036751499686904 0.14207206059199953
0.21956543795692024 0.4050847942336486 0.21956545071040715 | -0.0449298464463338 0.05904360400384477 -0.04492984508211654
0.2325209901643244 0.40311802277781844 0.3436725924908265 | -0.018434553505404197 0.08297359863116431 -0.008713126160633442
0.2558523952889447 0.3008865116120873 0.40003305057910266 | -0.019545139671081097 -0.11636438704489241 -6.327952884969433E-4
0.21960686759162157 0.1142808770875406 0.4002060609474751 | -0.12349819896009079 0.3570748562048702 0.13773381584032934
0.22143591530253717 0.0919758643310595 0.4898289643695573 | -0.1651003184774477 0.2620850322833831 0.02049977928751543
0.226809765726304 0.07288665029709891 0.5596359204661857 | -0.14014151967901226 0.33868086873084374 0.00837332766732853
0.2306511061225723 0.08953427718710555 0.6318488874291985 | -0.13007794079460186 0.40166067579706877 0.045878714721731995
0.2322606978113254 0.09005927560333764 0.7173412905755758 | -0.16501438936419177 0.49631039782098235 0.16033467757958184
0.34367219739291077 0.4031179276338655 0.2325207228872327 | -0.008719593725523325 0.08297261603921602 -0.018437380774027803
0.34425140478188065 0.428553806652883 0.3442560237865073 | 0.03903007509141504 -0.9729263687870369 0.039030594799252506
0.3405560260243497 0.30176481524346244 0.4035800028933724 | 0.012986570682445847 -0.9163342496840645 0.007092884496945447
0.30031020477683895 0.11976434226211 0.40904735680451415 | -0.12644831942915638 0.8608023690441939 -0.22349898567849183
0.31078986497457833 0.09448448800906345 0.49571344302000214 | -0.045832912770470274 0.5466346184980279 -0.008946486163260364
0.3087048892278054 0.12483208200057776 0.562946004420518 | -0.08070648507212293 0.730516793678163 0.02158370788536882
0.311445110964374 0.1178808587354174 0.6362542779567347 | -0.07845524401433174 0.7641453585956749 0.0741155196076737
0.31738967477884833 0.08650293169902136 0.7177729302680996 | -0.04525781865243945 0.4653375780081493 0.14547911652959553
0.4000322459205128 0.3009016621047048 0.25584922832068163 | -5.696577556276636E-4 -0.11575370951544903 -0.019312864571162283
0.4035782767822781 0.30136497134578316 0.3405153124015836 | 0.0069635917116458715 -0.91826326410229 0.011888031710154573
0.413544265868899 0.40651990932398335 0.41352213897602974 | 0.055308744987043225 -1.0071440348761183 0.05525808348115777
0.36662459047383167 0.1146390526269356 0.4118242298510658 | -0.11858307208389382 0.8984390584024584 -0.23957350731071644
0.3801238732952942 0.11364418955023045 0.49637677741780567 | -0.012459554782083947 0.5700482523535604 -0.02847761681046324
0.37835861867050374 0.09118733884525604 0.5668249623190749 | -0.06773405159632447 0.7770295394142454 0.048343774749332456
0.38259980803008614 0.12188941148825286 0.6412082654490704 | -0.016919169993885617 0.7076715585624926 0.08845961343272431
0.3857478906434737 0.07328633127880461 0.7255077571272753 | -0.002941604685156737 0.342076040953896 0.1698420107376679
0.40020863576147525 0.11427246955479803 0.21959425436577595 | 0.13774415058378803 0.35702826283259864 -0.12356080139546576
0.4090000499424487 0.11982531038406401 0.30030009862891105 | -0.2233497461854918 0.8603548985030934 -0.12649577393896194
0.411901099799047 0.11451979753590485 0.366625779964105 | -0.23932068004211485 0.898727686167836 -0.11845357653430982
0.43316464350547523 0.09032621038008565 0.43315974062866347 | -0.21757745323881067 0.26116561629866886 -0.21745873392962684
0.4432575859954729 0.07751058913687932 0.5077618185652075 | -0.02907127815347215 0.5071144380798279 0.07978129551245033
0.44129866593880934 0.09141220634343249 0.5725724969318138 | -0.043176934968998985 0.7485886412451085 0.07687580865301116
0.44659869585063516 0.10644619730014798 0.6431350061941239 | -0.0014846581918060956 0.6698078652114184 0.08604677093086616
0.4460198873070752 0.06865072493703794 0.727103539946985 | -0.002647066143695495 0.3049464167973675 0.17632974692691075
0.4898282268750893 0.0919766416195811 0.22144043595093757 | 0.020470751251402023 0.26219813819930443 -0.16503875399105342
0.4957015473897511 0.09450124792766361 0.31078602661813454 | -0.008999828529392044 0.5466903703483479 -0.045898708318128485
0.4963926505770101 0.11369000757555506 0.38011096355143115 | -0.02846287181074998 0.5705342942696849 -0.012688954510839357
0.5077654975695709 0.07758166779647796 0.443257482674229 | 0.07978510286654092 0.5067736623659365 -0.029079426570458526
0.5072263303404824 0.07618109364817213 0.507231787503046 | 0.07000196235958969 0.5587253332186831 0.07008271657711457
0.5070674538527351 0.09278718818246438 0.5729152423247499 | 0.02848609764408809 0.7530528482054671 0.08559459900248896
0.5031671519443214 0.10644510794106353 0.6431104098103815 | 0.0033077218564423762 0.6701065064569263 0.08613840812359125
0.5040275461286307 0.06896952469441743 0.7268957127147646 | 0.004580148938233588 0.3052277734543988 0.1719957645557678
0.5596354471630924 0.07288728584359361 0.22680660279281434 | 0.00837877799965408 0.3386766587249046 -0.14015525158077743
0.5629500166630369 0.12482225286826226 0.3087039979145886 | 0.021623989421768297 0.7304664560316138 -0.08070434285279221
0.5668252324212089 0.09117412784493165 0.37836082349590155 | 0.048335848784453385 0.7769348798373648 -0.06771717934067979
0.5725737399944861 0.0914076465863279 0.44129925025057964 | 0.07687872163182179 0.748619091677782 -0.043185005911135325
0.5729152874027627 0.09278871660438608 0.5070676044201209 | 0.08559350688596097 0.7530736773885847 0.028476763370834227
0.5701372952030784 0.09028212696050848 0.5701371038628812 | 0.04793082043610256 0.7460217951872542 0.047927618541053055
0.5674290845656875 0.12046099667757297 0.6423719844665252 | 0.020191391529175234 0.66676521662115 0.09202581744106668
0.564092569711969 0.07211990666172084 0.7259471856120927 | 0.00958917831309365 0.34385053675767085 0.16726568859863258
0.6318489349241222 0.089534712664252 0.2306522182372932 | 0.04587751825722485 0.40166480185557496 -0.13007448898449137
0.6362560776156185 0.117881525266214 0.31144571371638297 | 0.07411452481439534 0.7641481732070732 -0.07845304635449253
0.6412085092777579 0.12188887497025702 0.38259990004927097 | 0.08845057055060963 0.7076570315118909 -0.016917959982758142
0.6431341652145245 0.10644665241707853 0.4465984133763549 | 0.0860417880948208 0.6698111811371182 -0.0014848227056457417
0.6431104874637582 0.10644524522788433 0.5031669513886446 | 0.08613847282641622 0.6701071390271168 0.003307705833729004
0.6423721727580355 0.12046110977256476 0.5674291785293192 | 0.0920262162482231 0.6667664247830175 0.02019132316686177
0.6383625333214393 0.11933964081837661 0.6383625964583677 | 0.0808945637107533 0.7541511925474448 0.0808947358952817
0.6327265635600313 0.08787991636375096 0.7182420610429278 | 0.046419020512145734 0.4536589885127606 0.14351536293857345
0.7173413981740264 0.09005921308259579 0.23226065553105787 | 0.16033558449386753 0.49631001826895876 -0.16501452034040356
0.7177734825460403 0.08650283455789802 0.31738963801255715 | 0.14548015825572408 0.4653361395157644 -0.04525815924636106
0.7255076711107198 0.07328647589374339 0.38574791967502814 | 0.16984031793713478 0.34207475607556365 -0.002941920586414877
0.7271034288031606 0.06865074521585983 0.44601987916224434 | 0.17632940434587005 0.30494611080293194 -0.0026467140278662806
0.726895773849776 0.0689695073560849 0.5040275429097715 | 0.17199612706846193 0.30522800488283275 0.004580236682084235
0.7259472842076993 0.07211984974611922 0.5640925771153834 | 0.16726613246359173 0.34385014187588625 0.009589233795739099
0.718242034350424 0.08787993516845295 0.6327265567454672 | 0.1435153883980866 0.4536591928207828 0.0464189901876176
0.7180718815796092 0.0899792871792802 0.7180718817350072 | 0.16843420268702528 0.501326137869426 0.1684342228946545
0.2253270903895926 0.4000511042566567 0.22532709834488931 | -0.003941120295492401 0.004457687130583213 -0.003941120982912478
0.23617535161799136 0.40000151306119375 0.3417757589287807 | 7.999413170735135E-4 0.005938995520491213 -5.3340482128441E-4
0.25418326807101344 0.31634467952373163 0.4001846909200559 | -0.010298163798177622 -0.4181470829264556 -5.687280242286426E-4
0.2240853989827052 0.11871779817926709 0.40303623094973723 | -0.11681830814262331 0.09800067035857404 0.15322158592074972
0.22374192654629843 0.093881124196693 0.4896310267428477 | -0.16335947704966636 0.02853458802789264 0.015556416314068223
0.2238332171780821 0.07578599066920778 0.5597068755990708 | -0.1736916693751562 0.1711783311585866 0.009770832082420132
0.2289258391628126 0.09536363659920016 0.6318757193711175 | -0.16379675344357583 0.18205655237584947 0.053419352544035126
0.2310560072519428 0.09949702758707436 0.7187384238669716 | -0.18633555207980146 0.26725742588344137 0.18341192443146184
0.3417752611880985 0.40000161049353294 0.23617502387087874 | -5.333551715525226E-4 0.005939007598699396 7.999359639021985E-4
0.3437171600406806 0.4035477083856159 0.343716391774639 | 0.011174573634997086 0.45150080104108614 0.011119693503564216
0.34089793003288915 0.30154849965398384 0.4037448855818613 | 0.016600207469008314 -0.9243391221171776 0.007590198078340839
0.3105366325969297 0.11157906025277277 0.40005611260319107 | -0.006281386363389559 -3.653738401961596E-4 0.005456574521444578
0.30992346752692534 0.10337200433408303 0.4931190322749115 | -0.04660521332636154 0.3303955326528436 -0.014797606136066937
0.3082104388291212 0.1298927854239014 0.5621381486860816 | -0.08874541842770749 0.5128203077555814 0.019995007858107622
0.3100012926328262 0.13408677130826285 0.6381383651844491 | -0.08512528147350065 0.5422984328705679 0.08271054275262034
0.3170208599755561 0.09442336550108055 0.7209070846117569 | -0.05867821523839842 0.2488593767140416 0.18079281724198196
0.4001848297374732 0.31639810381879263 0.2542076417122908 | -4.800839198304174E-4 -0.41739392678576237 -0.009981260745917424
0.40373906617250227 0.2996227289532032 0.3406815954248546 | 0.008978143498080913 -0.9435796712332385 0.012231646966758575
0.4146160638505398 0.18266423405335033 0.414825044401563 | 0.11489426128269906 -1.5017984148912689 0.11576785240019219
0.3664691922257579 0.133129978124312 0.40742167324945255 | -0.1381665684816405 0.5837017053378996 -0.24326338201317138
0.38062624814752993 0.11409434144127793 0.4956852937521368 | -0.00812078232506474 0.34757253102461927 -0.026744512146446027
0.37920452112301456 0.11645956415990424 0.5667035619909151 | -0.05612029069409262 0.5150816577251748 0.032542509824145686
0.38301395640228025 0.1267757922608546 0.64191003651081 | -0.02333328380989863 0.4880870178253639 0.09843876439790793
0.3858748719571044 0.07803506795788437 0.7293834728657271 | -0.012631998267242778 0.17347034449938045 0.2021874591542189
0.4030349604216412 0.11870627167064059 0.22406486611100507 | 0.15322174487007978 0.09794082394999883 -0.11689234694695726
0.4000636846287721 0.11157104947776604 0.3105249242003917 | 0.005449388144421605 -3.5789989836000077E-4 -0.006269526056604511
0.4075239162140137 0.13309712154584943 0.3664791327057962 | -0.242846895701829 0.5836119685514983 -0.1378839199902341
0.4341154242820983 0.08288288751438398 0.43410733090589104 | -0.17749339360374342 -0.07490747534813036 -0.17746119833569649
0.4438308997707703 0.1023516756092389 0.5060467490744001 | -0.02644433463753395 0.1495497858572922 0.05339093570594282
0.44210874888762197 0.11020931075857035 0.571099436402789 | -0.02989398291310614 0.4730363847217476 0.05458674093022264
0.4466063473165134 0.11205580050537228 0.6443218142717344 | -0.0022479953467688884 0.45571629335977304 0.10590463756269165
0.44599528948693073 0.07303611265017626 0.7292164215314456 | -0.007331495235347884 0.17341992893304287 0.19503793998225366
0.48963115328434603 0.09388743028695969 0.22374432184897045 | 0.015563144197024127 0.028597234365693884 -0.16332352934102545
0.4931122228875816 0.10340345728619955 0.30991417150707007 | -0.014815898066381077 0.33061684925799223 -0.04667833437520051
0.49570915167167606 0.11412160490634847 0.3806129729816968 | -0.026638946941384162 0.34824295455898285 -0.008340698038667606
0.506048671990863 0.10234847806817031 0.4438434826352567 | 0.053292069314467304 0.14914542646104387 -0.026301388089207026
0.5059473673415884 0.10141841081839938 0.5059544072592748 | 0.06443173924541844 0.27308782137368176 0.06453643762682902
0.5063141773489719 0.10974550696415221 0.5712028681078167 | 0.015225913299733666 0.47703741835711605 0.05759486363061447
0.5031297282481814 0.11245358162913278 0.6443696173319498 | 0.0032091907988997365 0.4578469644748062 0.10799778585493683
0.504057517683392 0.07342973963381352 0.729115222236902 | 0.008913920338294636 0.1699501268513463 0.19367100230239329
0.5597066328505693 0.07578667985935446 0.22382859973135963 | 0.009780638948226079 0.17116686720293944 -0.1737153470247574
0.5621424621604542 0.12988228322972992 0.30820942537474005 | 0.02002667772104707 0.5127369427087142 -0.08874249494137348
0.5667087189425881 0.11644714738118694 0.3792069020537824 | 0.03253806902072619 0.5149708364213643 -0.05609873551967397
0.5710994916887935 0.1102090283204368 0.44211013502446306 | 0.05452403616255421 0.47307377141372586 -0.029875023175151415
0.5712045854713957 0.1097430355569821 0.5063149228472885 | 0.05760442411537427 0.477055199654456 0.015212734437344536
0.569865692447874 0.11450765965021747 0.5698655231261424 | 0.04924435177340081 0.46459350330079413 0.04924083644676168
0.5671604052233126 0.12521232976765245 0.6433113478662078 | 0.02863071976910179 0.46312558787259644 0.10599762236534802
0.5639585891809746 0.076668378745783 0.730077131311557 | 0.018416280107980815 0.1713769459603168 0.20064959205289254
0.6318757645536708 0.09536397841222528 0.2289268940604203 | 0.05341590268559159 0.18205904465389686 -0.16379353682667439
0.6381398618590698 0.1340881450189766 0.31000175761302956 | 0.08270991558029109 0.5423005910611044 -0.08512370645478363
0.6419101002856912 0.12677554872472838 0.38301393514584947 | 0.09842789211153997 0.48807769418080954 -0.02333795420068456
0.6443208083392864 0.11205610131220042 0.44660606694654537 | 0.10589614145266828 0.4557193801701102 -0.0022481955131049038
0.6443696637523763 0.11245364592735356 0.5031295095384634 | 0.10799666386658521 0.4578472456702273 0.0032093967504294844
0.6433114944463771 0.12521227846703847 0.567160472240564 | 0.1059976692290718 0.4631252733423238 0.028630386756239974
0.6401563638214153 0.1360242172239596 0.640156410773055 | 0.09175956997737354 0.5359201096358509 0.0917597304619653
0.6331554247479466 0.0961555059924513 0.721642519414363 | 0.06103245714511378 0.23141219184562342 0.182320505011122
0.7187385350118359 0.0994969847268004 0.2310559707264977 | 0.18341256503347797 0.26725696867838916 -0.1863356354056565
0.7209076224811821 0.0944233112911057 0.31702082326257774 | 0.1807948868027854 0.24885676574280918 -0.05867859228495285
0.7293833173361484 0.07803526241195272 0.38587492374626514 | 0.20218884025088246 0.1734673556683491 -0.012631168207864614
0.7292162298883703 0.07303615094654815 0.44599528632305324 | 0.19503759747109806 0.1734188280634494 -0.007331088408658693
0.729115274467023 0.07342969891786297 0.5040575137447568 | 0.19367107671730385 0.16994995096993618 0.008914067035984312
0.7300772418385709 0.07666832050681256 0.5639585970806089 | 0.20065012789896366 0.17137634172631017 0.01841635936210102
0.7216424937686711 0.0961555120587778 0.6331554177884996 | 0.18232048818516658 0.23141239462082241 0.06103240969150648
0.719827562172561 0.09949245445308073 0.7198275621026954 | 0.19823338339375726 0.25852969712922097 0.1982333907499268
0.23942760229941776 0.40004600190329853 0.23942760998924364 | 0.0019058624751084002 0.006194250548980409 0.0019058590632393315
0.24223470086098506 0.4002569899149053 0.34191264149376005 | 1.5164061108479196E-4 0.006050304565244037 -6.383879944972818E-4
0.252325392455878 0.30457853820845643 0.40529464366503626 | -0.010936032689685309 -1.0044337814032795 0.01617405004679906
0.22538379383181686 0.11630783187107545 0.40347284093385755 | -0.12838904506876683 -0.02464877228521004 0.15666364381841189
0.22793755935987325 0.0922310636616837 0.4895198501441103 | -0.13305469917872884 -0.17658753239165528 0.010376883849668114
0.22626563736086583 0.10539201632298459 0.5589681387882365 | -0.14853026964207086 -0.15942177233543486 0.00599475280922272
0.22961741124985302 0.09844256832012463 0.6316491986690018 | -0.17221831563539292 -0.01517789686175942 0.06544884077834685
0.23292741051574897 0.10396672224750157 0.7168260389161808 | -0.18400060460230527 0.03994516121102231 0.1811409831921779
0.34191262761266944 0.40025693725095507 0.24223457677481597 | -6.384429252049759E-4 0.006050307683730265 1.5162594962984192E-4
0.34226090561751193 0.40001366360989776 0.34221260618966215 | -8.591058450934999E-5 0.005785570911353998 -8.337976913953628E-5
0.3416833085834032 0.3040176299041267 0.40532671770453116 | 0.00960760520920869 -1.0143650229156969 0.01224246754786661
0.3098954505995708 0.10477634999488762 0.40000628751034406 | -0.0061665990422110455 -7.217536728754108E-4 0.006801340293393029
0.31092449426452595 0.13743541787687724 0.48919049284983146 | -0.044821442475131236 0.07873079996363541 0.0062435118071013295
0.30822060877296226 0.128217804086136 0.5619011544960698 | -0.09685110520177372 0.3017865300116085 0.020823759995202768
0.30972200212025724 0.13889675966332574 0.6386680954165547 | -0.09487482983531681 0.33099105528188877 0.09265482315369394
0.3171483040237879 0.10304968180806634 0.7210246094028021 | -0.07278293340856172 0.03881716603015801 0.18164377482650648
0.405271058138496 0.30462882971476 0.25236042036165396 | 0.015806435259834155 -1.004983172063763 -0.010590598230487316
0.405348410248739 0.3037506193707536 0.3416520444740045 | 0.011883645889054065 -1.0166468549221976 0.008703294813900926
0.4212060938659005 0.16792869502786173 0.4214617138834174 | 0.16865164484154171 -1.7419194939712974 0.16980847379324981
0.3656526867199257 0.1370526295279554 0.40165012407312234 | -0.047906910503930415 0.15102193312517553 0.05723975584027853
0.3821412843544 0.1209766690121862 0.49408881600287885 | -0.009368230326110612 0.07232673885372774 -0.015853039193101923
0.38231124414427814 0.1451028446464333 0.565473539408158 | -0.045592704437034386 0.22250296125174843 0.02981097266966965
0.38300682281259885 0.12407709209461903 0.6422701120572614 | -0.032724012318733564 0.27957046684620374 0.1094248740236272
0.38823562416273055 0.107766909804416 0.727203200816275 | -0.012053943788707467 -0.17649161461817273 0.17614465047831507
0.40346921406347447 0.11629550722369755 0.22536308391049087 | 0.1566477992631604 -0.024712399504847604 -0.12845953754805323
0.4000029261442439 0.10475334251424491 0.30988873083951324 | 0.006796368930637535 -7.19037140778563E-4 -0.006150672373779191
0.4016477710984831 0.13710941158705817 0.36564470991997944 | 0.05719921565133399 0.15064919610901267 -0.0478053142492527
0.43434395290895383 0.07272542551919024 0.43433446942683296 | -0.1441054052759945 -0.32236393851701534 -0.14414534356369568
0.4446140515655883 0.1120591486822776 0.5037273975873775 | -0.01193989289871561 -0.17037948161560248 0.021134326895537445
0.4440247614398963 0.1321839271906644 0.5675384483212474 | -0.017409364279387326 0.18426351501771873 0.031303256576403204
0.4455755212277931 0.1383329812676481 0.6439468906283009 | -0.007119085169880314 0.16208089830485822 0.11006483414701777
0.4467442238577202 0.10246494162770588 0.727605883669192 | -0.010545789718171482 -0.1797695261351471 0.18550418894953033
0.48952056446843484 0.09223791542774881 0.2279372132935547 | 0.010392986264660856 -0.1765457357738088 -0.13303239215856055
0.4891951267361882 0.1374362207362337 0.3109065513839544 | 0.006194254672278523 0.07891360821457846 -0.04483975196781557
0.4941138515748003 0.12100364941737622 0.38212955400090165 | -0.01578327472931526 0.07320937491474273 -0.00950235202597918
0.5037310731493629 0.11202192297865493 0.44463022608003183 | 0.021087589896413263 -0.17057570787605536 -0.0118370398599626
0.5045520681062788 0.11397611474093722 0.5045598685800025 | 0.03802830457106471 -0.003027289932295365 0.03809017933525671
0.5046674767121342 0.13212110541131017 0.5678331329866595 | 0.006910946228260256 0.1879564851557627 0.0301131005688039
0.504449889131913 0.13872430690530946 0.6439795750725006 | 0.007638573115583514 0.16126226680346276 0.11215839827167433
0.5033366468945275 0.1029650513498682 0.7275353703020735 | 0.01224956304587663 -0.17997802022296278 0.1849980607144991
0.5589684407907346 0.10538893488696006 0.22626159965453393 | 0.006006738411262612 -0.15942415306648958 -0.1485481006897365
0.5619052929904848 0.12820798825851687 0.3082197139627908 | 0.02083938057929532 0.3016992593609566 -0.09684502011784193
0.5654840085930232 0.14510045378685255 0.38231319941005304 | 0.029851035513665813 0.22236101316593854 -0.045604854277008056
0.5675381183027363 0.1321898417386919 0.44402511839971204 | 0.03126697134869561 0.1842283368742625 -0.017416368702449128
0.567833986000899 0.1321224581192579 0.5046672863510943 | 0.03011157257109959 0.18796398569772288 0.006890479686023725
0.5688628968069244 0.14396941053699605 0.5688628705532539 | 0.05555514168415159 0.1853530129073757 0.05555184718601917
0.5672379575468115 0.12183374844516222 0.6438876338021811 | 0.036126358980340965 0.2598242648672914 0.12361245903632023
0.5618537510828235 0.10787784145979577 0.7280481609530379 | 0.015938568209159322 -0.17765300342321394 0.1820297817177095
0.6316492144282229 0.09844281557801936 0.22961835306676356 | 0.06544443505905002 -0.01517494663799904 -0.17221326366164394
0.6386693080449335 0.13889784998224822 0.3097223660994862 | 0.09265463065169144 0.3309912645357034 -0.0948745005989742
0.6422700841662374 0.12407732742084285 0.38300677213984424 | 0.1094121900927973 0.27956752718310635 -0.03273023745915143
0.6439463213381468 0.13833314379410816 0.4455755975013723 | 0.11005748020373167 0.16208983387900208 -0.007118732328792118
0.6439799680157856 0.13872386033390055 0.5044498227515666 | 0.11215913985229368 0.1612626463588746 0.007638726372801172
0.643887773302066 0.12183356951749419 0.5672380170835547 | 0.12361281448631077 0.2598231505044019 0.03612584252526087
0.6405212167025919 0.14006501136154748 0.6405212532498136 | 0.09952890752149957 0.32705698525258464 0.09952905736405125
0.6332238822024571 0.1022137108853141 0.7221531258240197 | 0.0790281851405344 0.025467375301334905 0.19206423005315953
0.7168261525793774 0.10396669939109897 0.2329273781368615 | 0.18114158804089497 0.03994454472687599 -0.1840007977211594
0.7210251518540324 0.10304968617791764 0.3171482632505821 | 0.18164770092895235 0.03881558183723791 -0.07278345913640849
0.7272029920354729 0.10776704912279732 0.3882356416421846 | 0.17614457327156002 -0.1764912092809896 -0.012053695870257258
0.727605536524452 0.10246502318252343 0.4467442476035662 | 0.18550293974447568 -0.17977047816795239 -0.010545240939740573
0.7275354054835482 0.10296500787951758 0.5033366507588108 | 0.18499786535870993 -0.17997792347749125 0.012249702065948389
0.7280482407923088 0.10787783023549528 0.5618537410997143 | 0.18203003196205209 -0.1776536054407344 0.015938541553279256
0.7221531022635003 0.10221371039149248 0.6332238751317686 | 0.19206406520342267 0.025467545405973763 0.07902812722192769
0.7183529023020226 0.10474094029601246 0.7183529023350034 | 0.2063262221554236 0.036828911404785995 0.20632622725268368
0.2519492917884769 0.400080098451257 0.2519492987074344 | 0.004615397612160354 0.004737469767963336 0.004615438355999626
0.24986170795349252 0.40013703767140124 0.339253393779133 | -4.4244061396476195E-4 0.006108200755385314 -3.33289672522711E-4
0.22946133782896438 0.05742963624729544 0.4027329169125161 | -0.09314448633715892 -2.0846758292008194 -0.015878789964724797
0.2285839341670901 0.1132482711412165 0.40226948949189695 | -0.16195189505439928 -0.20594283481800152 0.12158016135426303
0.23579863573799978 0.09445739359058998 0.4896546388832687 | -0.0829992905908709 -0.4877762460992081 0.02213104429034832
0.23401977475922248 0.1081783192252549 0.5583235318503262 | -0.11807996726258986 -0.4284503341578984 0.002386591816968213
0.23337555919351055 0.10320418839547901 0.6306947867942463 | -0.15668464848256403 -0.2844405726980524 0.07332861862137582
0.23584693209409657 0.09799409007744117 0.7136500663828332 | -0.17630669014811368 -0.1946793419914956 0.16927453381330881
0.3392533852063246 0.40013701956338354 0.24986161720609432 | -3.3350887027367674E-4 0.006108063097612558 -4.4491150458984537E-4
0.3368545101781841 0.40017089887127444 0.33685415596241464 | 5.477884293203982E-4 0.005841385437515226 5.447315344470884E-4
0.3394421128285376 0.12541354506917166 0.44356020946260655 | 0.023927291221655763 -1.964902045536267 0.06768098165467211
0.32427354019040866 0.09301021228907448 0.40005653988634843 | -0.0040983257809362635 -0.002914107729528641 0.005961182064762754
0.3117073711782205 0.1356734304170131 0.48892773972400805 | -0.04426775363067831 -0.21345127515753265 0.01753811930132323
0.3096507388801068 0.13260548334818173 0.56124323776573 | -0.09731328893315867 0.010306707815190375 0.023031642585398224
0.31044264402198873 0.14380328815602603 0.6380898999071192 | -0.11437217674273523 0.04846144854247882 0.11206431468698863
0.31899400555946295 0.11792202354674677 0.7155543171213217 | -0.07419413332948627 -0.26298609029581743 0.14731410037439116
0.40273086334225555 0.05743202988612038 0.22946297971281554 | -0.015866794176121073 -2.084768223828896 -0.09316131765452781
0.44346124494391975 0.12539812877441062 0.33956297383559564 | 0.0672894741994568 -1.9642344095087692 0.023790649713250296
0.46047951005660326 0.11080725536670502 0.4603111600622767 | 0.2424572283562754 -2.5307001964183344 0.24193773638484634
0.3649302044296541 0.11691269160129257 0.40601636905409194 | -0.0941195502073432 -0.05833002951747554 0.05613713439607762
0.38333163605506215 0.12112101615453424 0.49326001422824506 | -0.01828368491175743 -0.24476297820303608 -7.53314130728745E-4
0.3835253843559776 0.14267354467694154 0.564750837926625 | -0.03760974573440754 -0.09680816713489318 0.028608644669347497
0.3831327083719249 0.12480715275639206 0.6420637277779568 | -0.04202593337022341 -0.02430956675801854 0.11902828802982339
0.3888853272756122 0.10961773937822361 0.7191540947084007 | -0.013230402211343266 -0.45783504712848455 0.14680192246079135
0.4022640731889002 0.11323311337563803 0.22856348330727994 | 0.12157091709966933 -0.2060534082630553 -0.16202414332236925
0.40004753341444055 0.09299279113990357 0.32427302826437177 | 0.005964589232193079 -0.002921054750092074 -0.004093078866085161
0.40600700436930753 0.11695513487313056 0.36491918772280474 | 0.05623419663715834 -0.05850398647682452 -0.09414005938049112
0.43696038400869414 0.07872042617037714 0.43696077192961214 | -0.06568811306035681 -0.8360327103702558 -0.06552449806070379
0.4444866358858475 0.11054974800960123 0.5031830532370642 | -0.018860663206412935 -0.49642098939737617 0.040280921269745106
0.44484287196114375 0.1329219923307022 0.5663373831360948 | -0.013015944290731522 -0.13322873281391587 0.02933839175842492
0.4449686880426235 0.13595610988623652 0.6440326942986029 | -0.013603372744718527 -0.13918718000760869 0.13347702489606492
0.4470548645749958 0.1056775041019012 0.7202182159545412 | -0.011227232376755927 -0.4659645057998489 0.15490070051140015
0.48965482929337784 0.0944649022987694 0.23579668569694262 | 0.02214352143955363 -0.48771124468239546 -0.08298153126957519
0.4889302991594415 0.1356954972009314 0.311692675867606 | 0.01742817129603327 -0.21315710704184962 -0.044307589102722554
0.49327964250182 0.12117656913445679 0.38332444591893344 | -6.572756986771939E-4 -0.24387757064787802 -0.018450213419305524
0.5031878323195556 0.11049682401258278 0.4445011607958198 | 0.04037001858698119 -0.4965622040686736 -0.018869998967017687
0.5035888726764739 0.11496326476806827 0.5035967925817553 | 0.053448624379141954 -0.3378858003752578 0.05354348521796413
0.5040430133156709 0.13232483261751415 0.5668282330920447 | 0.00602594263810702 -0.13003514058324736 0.028686730251777908
0.5051220137606156 0.13594157995824863 0.6440693665611561 | 0.014544732426341071 -0.1407555902811689 0.13657940066667823
0.5030133416506913 0.10610760203466446 0.7201271756084805 | 0.012967646682075116 -0.4721126199241963 0.1541517578883524
0.5583241502435011 0.10817239720716228 0.23401599294996817 | 0.002403812000556233 -0.4284913291064523 -0.11810857755325176
0.5612482525355841 0.13259833408020721 0.3096497960205434 | 0.023059810066150394 0.010219385672051346 -0.09732165529937706
0.5647625750469026 0.1426678545455505 0.38352657266760143 | 0.028686605573391803 -0.0969955271420179 -0.037646713328035805
0.5663334835473952 0.1329269243764448 0.44484414854337917 | 0.029225771549284955 -0.13324967974939464 -0.012984548523533911
0.5668279077508378 0.13232849171663544 0.5040422588507569 | 0.028675371671759008 -0.13001638294024137 0.006003839592909998
0.5685879337265815 0.14051772095554477 0.5685880129786239 | 0.05590875742755335 -0.12777073336203248 0.055909386774623565
0.5674749522159283 0.11961864191847223 0.644400799545238 | 0.0494769703044887 -0.038142635040374406 0.1430607353570316
0.5612694765895306 0.11003231976695643 0.7197979179444859 | 0.013181179084256821 -0.4525382905156679 0.15959126180571606
0.6306947783789504 0.10320418499204875 0.23337608819232714 | 0.07332393384209922 -0.2844418886355705 -0.15668277928047447
0.6380905166870899 0.14380392175754558 0.3104429759351938 | 0.11205919241741334 0.04845785981633136 -0.11436966973230935
0.6420635674310871 0.12480830357555452 0.38313260582614933 | 0.11901186703081076 -0.024308997748156057 -0.04203307659597601
0.6440320475010977 0.1359575926950408 0.4449688151923246 | 0.13346492419603792 -0.13917800242330938 -0.013602554636060481
0.644069812656191 0.13594137086382843 0.5051220260085387 | 0.13658099459100778 -0.14075429420620605 0.014545244327296997
0.644400945187069 0.11961818325845579 0.567474988218021 | 0.1430616605787365 -0.038144099933161174 0.049475973315519464
0.6405922531969703 0.14121040615840477 0.6405922750041215 | 0.12667294425452091 0.033869525642845524 0.12667305366610154
0.6325127656756284 0.10955397148845968 0.7186435779428819 | 0.09318928476458872 -0.27367006536057376 0.18022230410267068
0.7136501795049809 0.09799407943336771 0.2358469020515166 | 0.1692751893763522 -0.19467991444940114 -0.1763069328452934
0.715554809095902 0.11792203657834127 0.31899396978975747 | 0.1473182797188244 -0.26298654041690345 -0.07419465900493456
0.719154021072512 0.10961781154434193 0.3888853282556438 | 0.14680382658812297 -0.45783451157144206 -0.013230023317954849
0.720217963014346 0.1056774896882965 0.44705487889509166 | 0.15489955842316655 -0.4659661443841368 -0.0112268095906379
0.7201271624719786 0.10610757221566239 0.5030133283475111 | 0.15415126776885982 -0.4721119194399964 0.012967580489413625
0.7197979642617965 0.11003232758055295 0.5612694552331731 | 0.15959123250951698 -0.45253895157218743 0.013181032241074047
0.7186435625070848 0.10955395546350205 0.6325127610477929 | 0.18022219853718513 -0.2736703989211024 0.09318921703158338
0.7153185306793781 0.09765442849488241 0.7153185311640813 | 0.19731545442776674 -0.20812437214435525 0.19731546873934097
