512
0.2624334493922853 0.4105256722850579 0.262433549983631 | 0.0015148272574249772 0.5311395798079507 0.0015155229634998958
0.24069793086454933 0.41538666852843237 0.3652802026145132 | -0.027931085454901607 0.2396330249613267 0.021038217011050964
0.2592622362869403 0.06506059481253791 0.4000815945412194 | 0.0024076221154575323 -0.017120519671347697 0.006062076797924607
0.2121347777259551 0.14508848921234946 0.4484184302993077 | -0.1350307335983326 -0.3859687440880844 -0.10120398064320928
0.22578124091267254 0.07259477570444416 0.48448506396619284 | -0.06066992494781872 -0.5308120780222534 -0.006635833131804909
0.29072520328817025 0.07322603792097775 0.5744894905654753 | 0.2025759207403351 -0.3151317655418603 0.10888998539659929
0.30482662823207013 0.07332010925892485 0.6360698604643846 | 0.5052359851183305 -0.3045487432398818 0.05105722642055656
0.2752254331844206 0.08385056565124206 0.697921148932213 | 0.16333133913844106 -0.39080995000799656 -0.020634928929403953
0.36528091292430925 0.41538651407530247 0.24069833479237474 | 0.02104191572224923 0.23963061888349813 -0.027929365966568268
0.34026450925193874 0.40533461843696555 0.34026599745843855 | 0.026753944370134296 0.6238932696731325 0.026650825937706856
0.33495018529158205 0.10598736378710492 0.4000027738872996 | -0.018548572025894758 -1.9914777043550036E-4 0.01027074127102884
0.27845943098536685 0.20741615565712718 0.47148676082502283 | -0.19226779629594531 0.0374203141296833 0.016219512273696546
0.3009743888438758 0.1001045556373077 0.49338178300202173 | -0.06883475470337162 -0.4221011461948893 -0.032428682536226903
0.28806393321418844 0.17306679531271757 0.5720649631164985 | -0.16724438751721835 -0.041254123100850165 -0.06266051653081937
0.31620626573277566 0.14988693384560936 0.6295460798355109 | -0.07632300814519621 0.2648526366025483 0.032132249897024796
0.30099529650759915 0.1783967822850132 0.7153555906483023 | -0.086888084691654 0.16144685115906796 0.08222079825539275
0.40007799497664337 0.06505961558945478 0.25926057876110215 | 0.006239896732145113 -0.017149560909240056 0.0019903178739125583
0.4000027647217314 0.10653364518895216 0.3350062960395466 | 0.008941062373188731 0.003921062088759808 -0.014934134248658954
0.4048797777588942 0.4061999217370041 0.4048969302537442 | 0.01167951745495387 -1.6159959473325949 0.011712250868264067
0.37199239152829555 0.2043521577099761 0.4421852250641147 | -0.022743471733875344 -0.501902955119581 -0.04629648385590578
0.3711477908392786 0.19772304016655345 0.48769943463504367 | -0.06870907309036853 0.08745715629225033 -0.037649149613180964
0.3508356292099933 0.14481214515518107 0.5625210218093938 | -0.1529613449706721 0.15884484178069555 0.05845414655191175
0.36020759164402794 0.16324860211269746 0.6372205080368426 | -0.11255191703736753 0.07925371180195653 0.03419481991432694
0.35698385930157717 0.19153814649166656 0.7050204319133414 | -0.08136210718627143 0.10811655463924044 -0.12421069045497554
0.44865107419494193 0.14537423898766227 0.2122406374389894 | -0.1011319294333736 -0.38259395108186006 -0.13563437569700826
0.4714374219900595 0.20798522434582956 0.2782066995047457 | 0.016433218402247773 0.042188899885769085 -0.19466621189437028
0.4417659543661556 0.2038795812479499 0.3718539763357572 | -0.05027958310158148 -0.5118956375684757 -0.02475012818861238
0.4230381509356583 0.1277530559666657 0.42316935561132385 | -0.1929920813815951 -0.23198778531065048 -0.1916353190067793
0.4461386925744561 0.10565575352943213 0.5130932759346897 | -0.12335226065734882 -0.48040312068052843 0.17339088907539793
0.4321264209813784 0.15669127573500227 0.5932396918838744 | -0.020960101610998275 -0.09866451221510539 0.0042302016135561836
0.42615377683969247 0.09092385431447708 0.6159080604804468 | -0.045360420772941494 0.03718914938311591 -0.11158130707150006
0.4427622289957079 0.16253917139608928 0.6710604496866516 | -0.003223485753573669 -0.10898922762771186 -0.07214573318836189
0.48442737683798215 0.07248628555952892 0.2258512902876253 | -0.00680227124973776 -0.5309467520829324 -0.060518888578413414
0.49327034708147344 0.10061702107173824 0.30091651084502463 | -0.0324295347435344 -0.4213483866399319 -0.06908682805667013
0.4878099333653924 0.1980387366129159 0.3711813242798697 | -0.037057669690542916 0.0899191515076653 -0.06848493047646524
0.5132543137479546 0.10473163075135966 0.4459859576433558 | 0.1733676931959561 -0.48668144976561795 -0.12410313612439991
0.5224221278435849 0.11399444192656906 0.5224242499544225 | 0.1169031858558488 -0.21144754453828118 0.1172592446185594
0.5061203526363082 0.15145638571621917 0.6043099890673785 | -0.019250824292765555 -0.12563253994236637 0.026953098624590596
0.5079552630176536 0.09929996906126956 0.6218647585970201 | 0.011919388943046453 0.01179376922383843 -0.09296711076144432
0.508288297741548 0.16406221735724064 0.6806405974129893 | 0.014073215064465808 -0.09587380689971312 -0.07562682389385987
0.5744301500796535 0.07325026798961537 0.2905420919924628 | 0.1085005712628516 -0.3155852144042382 0.20055640330995267
0.5720464578245202 0.1730192123096741 0.2880209024500997 | -0.06259123623557764 -0.04177853024315576 -0.16721225914865848
0.5625309259687115 0.14490801348120724 0.35085359876551087 | 0.058316413770284 0.15927726631782535 -0.15244371907838533
0.5932307685338196 0.1568770076701558 0.4321390549406956 | 0.0029979207935852802 -0.09856966715788142 -0.020626877912587455
0.6042247093318072 0.15147111738707641 0.5061213882742555 | 0.027020469836586066 -0.1254834994573203 -0.019059407569467345
0.5886705735388712 0.13797229163307423 0.5886608339096795 | 0.0641986859471094 -0.052965351769891166 0.06391235555223623
0.5764199575845549 0.0922772956169224 0.642096320883874 | 0.04905115509235584 -0.1758372824909953 0.022663596060540896
0.5910374054270476 0.18197987845689914 0.7043307365240007 | 0.06591351864112133 -0.1356761526397858 -0.071749689375592
0.6360694779662985 0.07331874736877306 0.3048164305282346 | 0.05107830458234946 -0.3045561107835629 0.5051155741496008
0.6295690968663642 0.14984604678875352 0.31617637249980557 | 0.03232138249994921 0.26443507302624675 -0.07656152656061121
0.6372326145615576 0.16318263746896483 0.36019049977594025 | 0.0337399673039215 0.07895272263628227 -0.11313749799162952
0.6158871253216139 0.09099472705566354 0.42614891382623293 | -0.11165700159564394 0.03782380018748124 -0.045355096423728286
0.6218419950098506 0.09929324794407247 0.5079436911914192 | -0.09316019481240578 0.01193013148701411 0.011996450582054369
0.6420897374778325 0.09228219230037932 0.5764173982354018 | 0.022696668735933644 -0.17589385198461777 0.04911413677095733
0.6519493641560676 0.11966798347033135 0.6519474622611485 | 0.037420536365556145 -0.09978520623865253 0.03741712247808097
0.6537802844423649 0.1304610351386735 0.663414640605565 | 0.07091208624773296 0.001996175852133013 -0.034047482524621114
0.697915563559236 0.08384702378843678 0.2752273581236456 | -0.020716360158839448 -0.39085096392038965 0.1633285487547325
0.7153644943415897 0.17839829459452358 0.3009907275045481 | 0.08228858709605388 0.1614416382162342 -0.08686249546329265
0.7050289921828397 0.1915311981421664 0.3569836698052729 | -0.12412172773613615 0.1079259366210456 -0.08141872029234937
0.6710705815158986 0.16255013699260992 0.4427637370673155 | -0.07234956067565104 -0.10873582790752727 -0.0031609897942746932
0.680624982147353 0.16405667946067093 0.508286745854658 | -0.07558255550326083 -0.09603514033912758 0.014379336964507147
0.7043309707031843 0.1819800999807602 0.5910373394916153 | -0.07175450821900524 -0.13566271606313185 0.06590849742999859
0.6634151731945704 0.13046134953965313 0.6537787497279781 | -0.034053629120720345 0.002018405841944529 0.07090952242303798
0.7053977158446265 0.10871671701097171 0.7053977211830359 | 0.015555334125863332 -0.20455987983896562 0.015555258031463164
0.2616249719809793 0.4235994747869663 0.26162515817194915 | 0.007496637818100879 -0.08734284391967369 0.007497065307510967
0.233200273149705 0.4179258566077251 0.3644588891639578 | -0.03387795470512181 0.01037865196660908 0.01130449065543759
0.26044137998646605 0.1412386377220692 0.400003277206669 | -0.003288365842419848 0.003678420447099283 0.006072465798860825
0.23454200252779003 0.08517840240675602 0.42496007878645237 | -0.12268251713145356 -0.6374622074382739 -0.10501691879712097
0.23552649403708198 0.038630670266200845 0.47417221867965476 | 0.016966244863941854 -0.8508208881835958 -0.05237602619762682
0.24690499015033834 0.03434825657284969 0.5633242512893689 | 0.11722429582284329 -1.1483038093875815 0.019432310837273436
0.29881130802382744 0.049174886680163614 0.641678247138764 | 0.3824869077921891 -0.5881246606342153 0.11835828816290074
0.24934390564169875 0.04184264121823006 0.6974196970826868 | 0.05774816820225198 -0.7233926294467851 -0.02439081787757825
0.36445930945962574 0.41792592986918725 0.2332000804727904 | 0.011305735911340181 0.010377987838246956 -0.03387851216042184
0.3436862785759315 0.41662134541490603 0.3436797346806739 | 0.009418180462260003 0.1278749373458956 0.009325535568309713
0.33594920628101427 0.19111022378472908 0.40001206186744614 | 6.879007888004736E-4 0.006888852069340196 0.0013856839728529254
0.2731826891584611 0.17219589808832347 0.46241213395097736 | -0.18083844536626725 -0.19347101962676236 0.006988519070606391
0.2963758318510407 0.12845489966050086 0.4853804737233777 | -0.04957431655803439 -0.556900062859684 -0.020252868106830583
0.2799809291991725 0.15851858600545357 0.5678287029838394 | -0.21161568092818872 -0.2897752655272264 -0.0945844090030133
0.2791157970960478 0.15254004658721865 0.6522603440943331 | -0.2121731626498262 -0.5422305569939767 0.13284448424556264
0.3010264190415607 0.1490220954362398 0.7585306965092373 | -0.06991819767221599 -0.5844866663355225 0.20830037314054653
0.40000239375972224 0.14123945235730875 0.26044274746938034 | 0.006065617404840662 0.0037020288602807707 -0.0033316853459495724
0.4000200269433394 0.19111673575600013 0.33596657558207443 | 0.001371941382143093 0.007157247497864927 5.899326397867628E-4
0.4116219932508223 0.3206322388806871 0.41162317167572726 | 0.028742372550977186 -1.9231070901709673 0.02873076053049216
0.3506087743265359 0.1266046025440213 0.4095206180963471 | -0.09565521862553693 -0.7466380054438991 -0.07288664112532686
0.3719956474224334 0.11157216116076946 0.4847506370785794 | -0.06781477386728932 -0.17558611477479014 -0.03452014399547009
0.35114902862061653 0.14385681569870426 0.562190274063992 | -0.12234403470095646 -0.05455851089837261 0.04825695688543178
0.3591691181975721 0.15100474677153758 0.6397099192011741 | -0.12626194436167684 -0.08355081686249707 0.04967383925871117
0.36628983652602665 0.1113528408027291 0.7378647698411709 | -0.10312150419258692 -0.2839542645052777 0.11192393537135954
0.4250536118724972 0.0852160218386844 0.23434679004144346 | -0.10485465466384505 -0.637239514881158 -0.12322538787076578
0.4625029811260334 0.17318636614774288 0.2727920061825577 | 0.0070959258133642625 -0.18679519198652286 -0.1840614786339503
0.40968550960472644 0.12616259514594474 0.3508790212932778 | -0.07180920980970132 -0.7499872766782205 -0.0920249362133953
0.4310196052848742 0.13999668896099504 0.4310998165249341 | -0.10136304262048942 -0.46215846248779896 -0.10063758167956892
0.451763246279279 0.10090067435728603 0.5100377762676855 | -0.0692892745649877 -0.6576077880280319 0.1593601973502008
0.43135315600313745 0.13912292451005068 0.5877774089957973 | -0.029540238669141225 -0.30060820429119933 -0.037099004853401084
0.42565551514968497 0.07743024238628952 0.6149157421805272 | -0.05485367553335279 -0.14618996074678328 -0.1423183508213984
0.43475134115472835 0.04512112351820305 0.6784211314587185 | -0.05183875746313533 -0.6833729870900744 -0.19386759547954613
0.47411531435135806 0.03853135124148683 0.23563297434213576 | -0.05269379056724572 -0.8511103606309238 0.017259545017803978
0.4853623910741344 0.12848842000749477 0.2965111148912008 | -0.020017786187360772 -0.5557490232594994 -0.049368871317659754
0.48466711576445737 0.11181376981134095 0.3720649157860137 | -0.03381203971103998 -0.17539615488890034 -0.0680950660123205
0.5102832520459005 0.09958270920247908 0.45150262734108443 | 0.15987226010225156 -0.6693301693748199 -0.07093512909382202
0.5481529265894047 0.072271440569829 0.548251689859326 | 0.3842736497748741 -0.570254988525228 0.3855160189452385
0.5080343557715385 0.14686087789172772 0.5946648291225157 | -5.898623721324185E-4 -0.30547388593447483 -0.0072417052573320005
0.5090120350986067 0.08488492421716137 0.6195184132586813 | 0.01945897867062551 -0.15122345672344967 -0.1305891036561193
0.516226455380623 0.05060801557804202 0.690808741967311 | 0.06438708102569696 -0.6553884783268574 -0.11248763801219246
0.563293519546956 0.03432585268861442 0.2469284126789704 | 0.01935601860442654 -1.1483231035406574 0.11722397518958848
0.5678182527441687 0.158477374034808 0.2799419783629154 | -0.09420839087770949 -0.290539993871124 -0.21105809063155834
0.5621885919302945 0.14403107685918895 0.3511721347385918 | 0.047826577091505555 -0.053812783580137774 -0.12166158149515215
0.5877318667894306 0.13928512993369604 0.43136567547776433 | -0.03817791239816272 -0.30052979898163096 -0.02927854553309603
0.5946158948176806 0.14686452414947135 0.5080373688307979 | -0.0071002313698772185 -0.3051727376931632 -4.287865149503313E-4
0.5896120760965502 0.1333708908837151 0.5896075649203797 | 0.07782381136994974 -0.25531802051256297 0.0776588010754508
0.580410983728108 0.13767595135833494 0.6553932398942913 | 0.07102170487456225 -0.33921803294418745 0.04260216364697545
0.5850002467092137 0.10050144884746968 0.7382648656289404 | 0.1094230104254153 -0.3268841016994535 0.09503050383005454
0.641668445085791 0.0491719179430418 0.29881219560663885 | 0.11831555264793815 -0.5881774702851832 0.38248695035712965
0.6522595828455179 0.15259593936648191 0.27910449984838565 | 0.13273811441560393 -0.5416736902781754 -0.2122811039592064
0.6397384284949732 0.1509528471393648 0.3591676512816193 | 0.04962897507851913 -0.08382356119437036 -0.12633132012908566
0.6148844298849588 0.0775137579416902 0.4256470356906687 | -0.14248396893417814 -0.14570444043719136 -0.054865604283150446
0.6194940709794291 0.08487193703482811 0.5090154779428252 | -0.13071062606942108 -0.1511478267727561 0.019664912168775684
0.6553914097685216 0.13768515007665216 0.5804035270519087 | 0.04260295067471337 -0.33921092605691117 0.0710023359775296
0.6532299769738553 0.12506439583234621 0.6532283003466601 | 0.04455844340133596 -0.26631050635515935 0.04455650873967731
0.6471328559145707 0.12451181442115554 0.7623203118625757 | 0.05569887204733907 -0.7473614549622619 0.2353890642392484
0.6974202670533475 0.04184475519224373 0.24934588961841583 | -0.024375302698817665 -0.7233913551022062 0.05774807596250454
0.7585311410525308 0.14902078896760082 0.3010259077756699 | 0.2083052308102925 -0.5844741189823318 -0.06991728662115282
0.7378759049592062 0.11135846786775652 0.3662969152206521 | 0.11195618633128647 -0.2839510191983364 -0.10311099927508896
0.6784077638631255 0.04511634169226525 0.4347514619397369 | -0.1938131889696266 -0.6834168563168128 -0.051827612990251425
0.6908139710252853 0.050605830902555896 0.5162280685660006 | -0.11240968148567887 -0.6553678638067297 0.06439129813182132
0.7382629072976343 0.10050062560712689 0.5850000843312234 | 0.09502742405827418 -0.3269016683782824 0.10941502507558713
0.7623201537438393 0.12451252343086545 0.6471326019960634 | 0.23538793173794517 -0.7473574927812231 0.05569816802933404
0.6811522931444133 0.02668420796043907 0.6811523164597555 | -0.15311684732880212 -0.8266729814534307 -0.15311661086118047
0.1904985063787771 0.40376141646353453 0.19049857073027038 | -0.0732747964697779 -0.4889741875342189 -0.07327480476966802
0.2251960809343917 0.40032030720923795 0.35118524119144845 | -0.020085811094607484 0.18737999818609674 -0.01734004583888994
0.25680885445407103 0.21290059266303557 0.400000736921672 | -0.008315036527668011 -9.299695284742821E-4 0.006452731559822479
0.20468781713686968 0.10635423411622602 0.40008408348024566 | -0.007089889418939906 0.003480255542395004 0.0037777659557563597
0.2626796236094912 0.00103566712992172 0.4638996147012756 | 0.08573923614105487 0.4010382680508773 -0.10777512757218406
0.23261173184637562 0.029544443115262754 0.5628730133780777 | 0.06282901849554513 -1.1960116585034966 0.0032275959713337315
0.2781924117702041 0.016843098464578057 0.645215015974594 | 0.21532670405164153 -0.910003140212198 0.1271784917492826
0.19976631179726823 0.09374521336141399 0.7443502269131064 | -0.15280708416994318 -0.9449599287652679 0.13726081906339846
0.35118514608065593 0.40031998717102796 0.22519525909404778 | -0.01734089557610904 0.18737974905196508 -0.020089270728540665
0.34409245079644424 0.41175571439405967 0.34408444118011955 | 0.008639616354561078 -0.18335320436344144 0.008565883963485465
0.33698048030572425 0.1829011509512945 0.4011292261454919 | 0.012555878027891702 -1.17967066588921 0.11028812213901254
0.24852546605879572 0.18639201144879136 0.400295011378192 | -0.10866094074871673 -0.32542346614240636 0.13224152691582283
0.2946727400177114 0.11381880795193669 0.4866357817927212 | -0.05522803790849991 -0.7600319516034802 -0.008173776155355705
0.2832060490961245 0.1370288517912134 0.5726483847533296 | -0.21628322686545795 -0.3145239182900549 -0.09361508557156467
0.2730431537501068 0.16370458109191052 0.6563634403472511 | -0.18999668126958594 -0.636311982810986 0.10826695391608167
0.30505243829846174 0.11541217931523674 0.7634669790541063 | -0.02302717222536283 -0.9138660271431948 0.2015806115412114
0.40000039285294625 0.21290212960254712 0.25681109175619565 | 0.006039235648524765 -4.588884296023378E-4 -0.007577677342283862
0.4009504446778938 0.18143889828968282 0.33736676406308486 | 0.10639160011268575 -1.1756765235866722 0.013012499698483667
0.41931431353012016 0.24996188643463096 0.41928101766960435 | 0.0502973649879846 -2.163879000504923 0.0500200663205026
0.3458088805657431 0.1598941669921958 0.40053227225993054 | -2.5658350923281076E-4 -0.528642596662097 0.08044317968339414
0.37172384069064646 0.06516374888615918 0.4857315262344365 | -0.08001798138648768 -0.40529315267121435 -0.03426446822419696
0.3624581278272002 0.1983177230544493 0.5663193277867109 | 0.03716114453501975 -0.4106710567568768 -0.01716035903960003
0.35124276254961884 0.11039035312351501 0.6362469512698938 | -0.18214987912975264 -0.24416738737980684 -0.025765978021095644
0.3607286060991515 0.03025865306671673 0.666752310691736 | -0.08463341224123039 -0.9436392088500289 -0.31995863050647544
0.40001743988385124 0.1065924025469632 0.20415132581136233 | 0.0037084086719177726 0.0034416409421557472 -0.007042624345211437
0.4003653555847206 0.18780662186877278 0.24840595048745656 | 0.13649925055998208 -0.3154828474905374 -0.11138186669690048
0.4000381304058779 0.15565901983305622 0.34580949463698524 | -0.13258302223126084 -0.9916570690898958 -0.06803856514490988
0.4203533574355452 0.08531009670283593 0.42094659676608776 | -0.2016928543153208 -0.5740927829183207 -0.19046627847840616
0.4315279220843445 0.055392908420932176 0.5352468065541505 | -0.1053265480318617 -0.8610798754883352 0.254745221047783
0.4332854999867222 0.18408750958650505 0.5764877856356369 | -0.02930120335184087 -0.550267390063217 -0.003959081292151445
0.44396663157015903 0.14779092483986303 0.6595835200895803 | -0.01680053042944629 -0.18654362725399656 0.22370732922045714
0.4383212931000011 0.003274295089226306 0.6592329343686373 | -0.018288689636864048 0.4501046458870408 -0.23054424518272015
0.46395571331523 0.0010605926533115454 0.26265706825350615 | -0.10665344654619664 0.4005397211399639 0.08481361197986001
0.4866466661789755 0.11381530211875661 0.2947825784730677 | -0.008013296452314524 -0.759471326572274 -0.0550658975555275
0.48563694783760014 0.0655223331345013 0.37180702782765257 | -0.03810056762709496 -0.4002175164840489 -0.07857887269783304
0.5358302865049135 0.05438761573750694 0.43116419229838615 | 0.2558747593094223 -0.863280524436638 -0.10611797110483166
0.5725983294076543 0.04454871907090241 0.5727428438849183 | 0.5625661664381176 -0.678270268641528 0.5644001717780783
0.5153833747590548 0.18741698643254825 0.5760431145744163 | 0.03645208396017088 -0.5186898779292413 0.002588964931184521
0.5074769854214592 0.10736141315279837 0.6308733819567208 | 0.009010315718192916 -0.16368734927746845 -0.008988550905039227
0.5124727380864403 0.0030814546936674685 0.6568336332162332 | 0.022216301199760095 0.4954373947938592 -0.23922707435028215
0.5628537948393696 0.02953535562557952 0.23259037753858286 | 0.0031707327120956644 -1.1960148359011042 0.06278034198686319
0.5726581162825303 0.1369284822031643 0.28318702134140933 | -0.09299894097862685 -0.31588310123182856 -0.21521428578450963
0.5663927690676896 0.19835108384021236 0.36239024659020336 | -0.01693099509638845 -0.4095938489934677 0.03650322451467195
0.5763140439921945 0.18406417526170674 0.4332847058924512 | -0.004620089421290545 -0.5498657997243747 -0.029248247029816633
0.5760668843904915 0.18744652756883615 0.5154078995745435 | 0.002546041634492982 -0.5185456482479648 0.036713292339506105
0.5932061622786833 0.16497581164808536 0.5932159148634022 | 0.04894874334049621 -0.5984088277834005 0.04898274219701271
0.5840091527125276 0.09219194296485743 0.6486923549988046 | 0.12079887501089422 -0.38231279423169295 -0.008314271007686084
0.5939819441916392 0.026985476290355574 0.6650911761659889 | 0.11431917701962854 -0.8256650249072989 -0.3930364442282048
0.6452028745388857 0.01684692849377597 0.27819372994831904 | 0.1271362358627247 -0.9100315807372171 0.2153193071808837
0.6563515980593025 0.16369515108723975 0.2730482489338981 | 0.10815681942470645 -0.6361554381495583 -0.19004165218548214
0.6362667929519766 0.11035861258827157 0.3512448173442718 | -0.025697179292057646 -0.24439921726023117 -0.18210039998736458
0.6594511397445438 0.14786841528651398 0.44397620006534066 | 0.22330846479708105 -0.18510935857159336 -0.01704366195124479
0.6308533839058773 0.1072865969382877 0.507472967912817 | -0.009259605092135605 -0.1641545653645603 0.009089645007294873
0.6486924732329786 0.09219781165546675 0.5840073183458929 | -0.00830270662905881 -0.3822855578167392 0.12077393367508654
0.6604403759947053 0.17721708941018638 0.6604405528204501 | 0.10571556243144073 -0.46493657451069126 0.10572255729716347
0.6439156900655332 0.09942165277026138 0.7633129448338692 | 0.017533264788927912 -1.0154130727796065 0.2140681374733752
0.7443499099072568 0.0937455771634129 0.19976685947558134 | 0.1372624321951698 -0.9449545522108616 -0.15280650164523488
0.7634663848142507 0.11540980123533376 0.30505185664493445 | 0.2015747422955083 -0.9138573721487258 -0.0230279930079074
0.6667528143400836 0.030256326152944435 0.36073024268921 | -0.32003452043241143 -0.9435919824922797 -0.08463044957728139
0.6592321010151898 0.0032850797695221663 0.43832141993683094 | -0.23053760600792378 0.4500942775236809 -0.018281609631065874
0.6568354408261018 0.003080082108080618 0.5124732947316173 | -0.2392230304978248 0.4954453361525781 0.022219035321311087
0.6650905708617789 0.026984980201649064 0.5939816003880372 | -0.39304174984541895 -0.8256654503805295 0.11431882097042012
0.7633129741483023 0.09942215780233447 0.643915524116279 | 0.21406854847272347 -1.0154102632256812 0.017532866806979946
0.7510340105201401 0.0824869465860865 0.7510340182048095 | 0.1481677566012793 -0.9889627883191217 0.14816787606466253
0.1921562308686619 0.4000048307831806 0.19215625642786707 | -0.007251584119583743 3.8420279599118425E-4 -0.007251576911006899
0.21908072266405001 0.4000003100847486 0.3465471590977982 | -0.003709735509233366 0.00417038496148724 -0.002413265898136812
0.25279544869673715 0.2729733397828203 0.4000003258650749 | -0.018484882412093284 -0.10964224991877344 9.334396147766957E-5
0.1589883716484509 0.035884363687167284 0.4121125985318158 | -0.0829750951235527 -1.3936939271210753 0.15729873536729808
0.18897766107837244 0.002124429605444166 0.48072110300023135 | -0.003271229889320694 -1.3219572206298575 -0.040248157089012394
0.20860669183329839 0.004848668296513307 0.5646241822733514 | -0.0403402378847114 -1.2623104627936785 -0.004575051126212213
0.18611249743898 0.057522099845034834 0.6399685455530028 | -0.16026816869426125 -1.3169967840214591 0.015681039605115507
0.19327705643545454 0.06686849897214366 0.751839182127093 | -0.1689693883836193 -1.1241583790958782 0.1564790047354412
0.34654705003117486 0.400000123293917 0.21908009919445443 | -0.0024134343967718093 0.00417018702391046 -0.003710193202870134
0.34427282792324776 0.4020152340247667 0.3442628619452413 | -0.01689963123009302 0.10605595348838588 -0.01694009606534059
0.3444778594905696 0.06722931599106229 0.40633908152058984 | -0.030875934853178 -1.8561737828281153 -7.235056344414837E-4
0.2716657251715998 0.17556768770354045 0.4000858461488373 | -0.005882008533953918 0.0020834996153159635 0.0036356607392869712
0.2990290755184766 0.06191999537793716 0.4965803800271071 | -0.050115469720300114 -0.884441797816094 -0.009295728072188009
0.2593441646560112 0.1544327490087439 0.5531257002891291 | -0.24223465331365607 -0.698862993901957 -0.13405842630143924
0.26631608245054944 0.14423248853064202 0.6587507215798244 | -0.24733857806109832 -0.7608649372744579 0.1257194637506724
0.30534916936651274 0.0526359705945165 0.7612598556358471 | -0.050894728643425084 -1.2055099905703077 0.15508982734972998
0.4000000560030573 0.27254791343300694 0.2530895663940178 | 5.879624751905686E-6 0.005617030244230488 -4.8267264445075276E-4
0.4064764493552739 0.06371773380098818 0.3444139601040647 | 8.898209520797325E-4 -1.8668182219642124 -0.02557076891112049
0.4243626303179728 0.17388533072686405 0.4242942298985702 | 0.07977503808582158 -2.4618743588362917 0.07856853015235149
0.34745417949138313 0.1427149320450961 0.40048899666805854 | -0.0728665404668365 -1.0345255214292688 -0.13091519604792543
0.384811545486116 0.14266809438551606 0.48785839677104453 | -0.008898312480739417 -0.7320366350654952 -0.030917448994681667
0.361008724825468 0.16748017058271042 0.560054169232948 | 0.047717787234255724 -0.62727286719801 -0.05442665137018283
0.3683726017403493 0.1570675957927737 0.644762621994253 | -0.01514682675671088 -0.3347934195725618 0.08461560391428748
0.36438938745635857 0.005944026620550932 0.7240022613295661 | -0.06578054911690868 0.4530033322503292 -0.0726645586519249
0.41207210112949383 0.0356158799658128 0.15908482331653387 | 0.1579918333432224 -1.394843849713441 -0.08259564026870761
0.4000867132065795 0.17565445346376 0.2715709128436652 | 0.003349233229988261 0.002540900701100675 -0.005295996283045367
0.40124743528228907 0.14179671838220229 0.3478278188754532 | -0.12863914181169978 -1.0567976251596485 -0.07228542971204384
0.4097027441236185 0.011880735146195727 0.39288209434096044 | 0.22642832532239213 -1.0048424709847203 -0.16424720885320296
0.42160606791952643 0.014204681037842365 0.5529558769201459 | -0.13061535372157293 -0.9508968264484067 0.2986584840934071
0.4327360943357072 0.16678618449456656 0.569229647626451 | -0.03212509275043401 -0.6710724732560642 -0.07166407950766523
0.4400352897238651 0.1042246891111146 0.6941999601640679 | 0.049138774276402244 -1.0441560311935296 0.2627570350176503
0.4385665784662589 0.009537925396128907 0.7340366867892612 | -0.021993816196641175 0.17576931926895165 -0.021270874369505685
0.4806318054262346 0.0020049048852840107 0.1890923572862211 | -0.04074726546073338 -1.3224379753105158 -0.002182084937163585
0.4965782139986692 0.062204476069037784 0.29897995634015656 | -0.008602425723056879 -0.8834540982098297 -0.05140919846043715
0.4880143637710884 0.1426493944677592 0.38512135866712344 | -0.02902056416304217 -0.7325662994685758 -0.008884320184529934
0.5530175673921123 0.013584642688873893 0.42164796942610616 | 0.2980708268090322 -0.9528324421342489 -0.12988692499099047
0.5774916581371667 0.02806504358663561 0.5776606532005144 | 0.5420060446187219 -0.711894222283315 0.5436813823728537
0.5142922769007082 0.1702656444438703 0.5714500742727526 | 0.053456014065817965 -0.6722425134613682 -0.04835090340285726
0.5074626597224702 0.11439564354570327 0.7015938173753391 | -0.035595409210249215 -1.0500660492919809 0.2938562912229234
0.5114064435898341 0.007653162866705165 0.7298164975855768 | 0.029039289004523745 0.2454006559399246 -0.04013552445976308
0.564608078169761 0.004838707236155782 0.2085740631837389 | -0.0045977320858054385 -1.2623299320531847 -0.040364914972872014
0.5531218974991191 0.15445334954773624 0.25934423796124584 | -0.13372645392263685 -0.698985770585356 -0.2419795779361994
0.5601024281969323 0.16733760322375238 0.3609085933096482 | -0.0542679633682196 -0.6259616095261415 0.046979142476283396
0.568950547342308 0.16672345222851814 0.4327610352729698 | -0.07291146589021527 -0.6696629436376454 -0.031848114320949826
0.571496015930793 0.17029927637462325 0.5143263689461625 | -0.0482739919715255 -0.6719469734256253 0.053806306309087996
0.5891543399643048 0.1331528819198303 0.5891599627023557 | 0.024582978232775454 -0.7570066091036189 0.024627979238522297
0.5764379668594294 0.13505879524404804 0.6658675828234991 | -0.036170154834127756 -0.5988145619319166 0.10202719088224112
0.5879215344766928 0.00763105621774842 0.7213740589548547 | 0.05398775704643301 0.3302005445806738 -0.07896482839562009
0.6399644627216015 0.05752462121190609 0.18611534259744894 | 0.015671336811494373 -1.316971073233863 -0.1602681982462733
0.658741425792469 0.1442416333463316 0.2663224149022664 | 0.12561359451599946 -0.7606366444595835 -0.24742069479929418
0.6448017992172533 0.15707093634994007 0.3683839743554779 | 0.08458818880291692 -0.3350701973213712 -0.015143093753449563
0.6941925775940363 0.10419239504598218 0.44002866430793686 | 0.26255657850557607 -1.0445440956358987 0.04894756679395311
0.7015817763789076 0.1143857902683306 0.5074584313840247 | 0.29381841230893607 -1.0500245217978543 -0.03562872626838772
0.6658674183824181 0.13507141169779724 0.5764304414352448 | 0.10203182588028825 -0.5988565460018752 -0.03624464077225977
0.6554409793368243 0.09809145845435421 0.6554390925173467 | 0.042670914734314225 -0.517882475492056 0.042670617327215665
0.6442642986973981 0.05192234394918543 0.7606935240826161 | 0.039409849593892134 -1.2712793378218532 0.19042002531675603
0.7518392540919666 0.06686861616491412 0.19327714485805564 | 0.15648172732662013 -1.1241523271639684 -0.16897049454121632
0.7612593429146542 0.052635391639294545 0.30534955013048737 | 0.15508470275937405 -1.2055227745428334 -0.05089875834339947
0.7240043401255601 0.005943180628071521 0.3643899718603978 | -0.07264235319019824 0.4530170608083487 -0.06577020447243719
0.7340363816804851 0.009541206560875764 0.43856676405229084 | -0.021263364082084714 0.17581747658386282 -0.02199728583293413
0.7298169716285033 0.0076533677380586935 0.5114064546908315 | -0.04014244423678352 0.24540314541767316 0.029033443255855478
0.7213745789086937 0.0076304328727859584 0.5879215024052526 | -0.07896290073736949 0.33020220765661523 0.05398578786439862
0.7606936127251985 0.05192254769051846 0.644264201888655 | 0.19042084013060334 -1.2712773221284055 0.03940947267571403
0.755584973228354 0.0632631620534797 0.7555849793154616 | 0.16594837672604745 -1.1310198201281756 0.16594845382133508
0.2140629248530909 0.4000048197214068 0.21406293638446477 | -0.005938264677651567 0.0026336418085672005 -0.005938281536465205
0.23240129614688657 0.4000010338891486 0.3431938402535326 | -0.0011446321379247036 0.005116984891192335 0.0012994566469743008
0.25176369825564643 0.2817942432707939 0.40000012976260735 | -0.0010404153713442382 -0.19828465840361365 4.476455245711802E-6
0.1649587546155898 0.02107166508760231 0.4090835710703104 | -0.02037550777488322 -1.4743317730578864 0.15035466949701531
0.1568685925312244 0.00823262874356001 0.4914577005503507 | -0.14089335072372616 0.72674453076577 0.01959531244017569
0.2057372562008452 0.0072666822836855 0.5659345875706008 | -0.03050354830027687 0.08264321246562147 0.004698321272845765
0.1796879720579047 0.0018527267181468194 0.649339745559091 | -0.07759204513858063 0.709402045668047 0.0566547425223407
0.18764915749271227 0.02636196235008834 0.7585999880268188 | -0.16957540324041195 -1.2397533216130507 0.16010341129043806
0.34319334209390334 0.4000009330888085 0.23240097241473215 | 0.0012987271920854228 0.005117027362737788 -0.0011448145586558255
0.34355697624311565 0.4000010116405825 0.3435453214531673 | -0.025825032255321654 -0.09384050956300886 -0.025846629750333413
0.3452231863952071 0.05690734798342395 0.40732107043381255 | -0.03092136436329362 -1.9250751617136537 0.008013700275003787
0.28890187031742215 0.14626294839211537 0.40000028987757036 | -0.00571078922416154 6.193024578133518E-4 0.001532674149159468
0.30004822770121753 0.049255092300742036 0.49703755346529693 | -0.04017709535155763 -0.9738852268548014 -0.012015597773974748
0.2578508278002093 0.15993792990699032 0.5462693278646952 | -0.2655181099270975 -0.8458158105712081 -0.15565060988242416
0.2627847031794391 0.14175302055698782 0.6604544384448315 | -0.2759270984093126 -0.8759947298499439 0.12610600611367953
0.29315234593742956 0.017666818814877288 0.7637553281425523 | -0.07764780783057948 -1.3343110050014277 0.13533295644498236
0.40000047233533703 0.27946098813298903 0.25149041135888484 | 1.2977039155544807E-6 -0.22483506430036962 -2.3721515292214656E-4
0.40712012332196357 0.055444758895794775 0.3449766452335799 | 0.006312392119970921 -1.9239431671096352 -0.020990858925320297
0.43061249114399053 0.09462484842223405 0.43060092074128714 | 0.07079774666278256 -2.707528252811353 0.0695730090067556
0.34857081517691435 0.13804737558022379 0.4021521871741488 | 0.01026736897150108 -0.66798293494923 0.0716606094842045
0.3860221312741469 0.12443816051292378 0.48761835865917014 | -0.004517990132578669 -0.9604409024407295 -0.021504527255730953
0.34735723524924594 0.06443753469162658 0.5791271589702888 | -0.24175432768159327 -0.7154184147071837 0.228571075830382
0.4014341635260944 0.1716685296746242 0.6867829631007745 | 0.29298531817559303 -0.8789329284010131 0.2541636915934888
0.3599578988375382 0.009729277807180395 0.7302241370427136 | -0.05585311183068497 0.17951593109781233 -0.08151596951170453
0.4090756568179328 0.020998948242746507 0.16502844716535217 | 0.15123661830399426 -1.476336333449486 -0.01974701031535755
0.40000178462917496 0.1454742014463255 0.2895849107509406 | 0.0014301854662217084 6.299530830594524E-4 -0.005543833321256134
0.40116919563648834 0.13480078845439164 0.34829478909735917 | 0.05184385131968798 -0.622609338151265 0.018900003116369128
0.41198798922630236 0.004005038263302533 0.3825963165351668 | 0.08020632754394887 0.46156303083422706 -0.07512482726262024
0.4240398358523603 0.005026074020755723 0.5507996500659625 | -0.04092454674731512 0.4099273177883231 0.132897974534014
0.4316993066634876 0.1233745340053803 0.5722343989740457 | -0.03160828376051661 -0.6764179351668361 -0.12055019723753474
0.4386016912494546 0.09160630305392299 0.7011770153980582 | 0.04893682825168045 -1.1784539966657466 0.2667062439566175
0.4379115233994969 0.0031124910426613434 0.7433640348407358 | -0.018412654302640413 -0.13921920021147077 -0.026581127884611762
0.4914180926810535 0.008232771109992269 0.15690093127996774 | 0.01951029976592263 0.7267517757567327 -0.1408418105109997
0.4970422487974222 0.049584095393737 0.2999984619180275 | -0.010949689725726333 -0.9726217164192252 -0.041349062579296054
0.4877275184194628 0.12440355507183107 0.38626133069872776 | -0.01931313311446841 -0.9603677408233691 -0.0057801459135703465
0.550544784626259 0.004583230368062692 0.42419055180023335 | 0.1328792609073843 0.41121268387086446 -0.03989355860961564
0.5759904106853719 0.004150761792019122 0.5761806445227782 | 0.467099857430795 -0.8564045457838644 0.46839280704130476
0.5105487392715364 0.14460353573757503 0.570740373694822 | 0.015872437318703116 -0.6916393975419103 -0.08432176604890373
0.5077837750887048 0.10529999204931342 0.7074130282453329 | -0.04696589109855814 -1.1877476718442928 0.31353545137602534
0.5121469978891324 0.004310549419463293 0.7408856797969415 | 0.024044976078548788 -0.1188644017449488 -0.04334920159841316
0.5659214952314879 0.007282438358143125 0.20570721958944174 | 0.004664023591341251 0.08263305399764256 -0.030616633814965426
0.5462735228636215 0.1598669579652137 0.25784508307092247 | -0.1556560411224852 -0.8467923503811395 -0.2655857302788569
0.5791019198706621 0.06445405491728662 0.34738880724075555 | 0.22808852106528124 -0.7140944834982118 -0.2411728982968691
0.5719229249506069 0.12363841777005367 0.4317457206621097 | -0.1216456256497827 -0.669480351657448 -0.031049750651287636
0.5707993871723734 0.14457911041076327 0.5105629465041903 | -0.08438883760744403 -0.690737676017156 0.016061006159660798
0.5936858189885194 0.04902734930587557 0.5936419841617414 | 0.16168620697304395 -0.7290004322674815 0.16150293849764308
0.5645496699677434 0.15600752086578118 0.683699213963634 | -0.20088507702403902 -0.9210335744557026 0.1828129918768592
0.5898923789599982 0.009263030214290157 0.7299220559522442 | 0.050960567259718835 0.08541360731696471 -0.08773710096939397
0.6493376647706786 0.0018518320409398226 0.17969217574296506 | 0.05664546074361497 0.7094027901631599 -0.07757282754219007
0.6604460959055661 0.14177104636896382 0.2627931256618445 | 0.12601329246786824 -0.8757227112651861 -0.2759965553713563
0.6867527542842541 0.17167139376773818 0.40143429658690793 | 0.25399232279477824 -0.8784246392227777 0.2929861404927085
0.7011684435598297 0.0915712713472001 0.43859601505154533 | 0.2664807180900428 -1.1787839337112394 0.048825655800384095
0.7074022471199777 0.10529734983536093 0.5077793737355737 | 0.3135171739672057 -1.1876687405652444 -0.04700409978371958
0.6836966322953689 0.15600964754047683 0.564545999843478 | 0.18280017426726608 -0.9209242467326118 -0.20090015608334824
0.6750056775086083 0.17136442472371216 0.6750061868798358 | 0.1788212923165722 -0.7701378600889792 0.17882665268319106
0.6585115824012724 4.654315821315089E-4 0.7676429968593098 | 0.04698901436845632 -1.4351134886197712 0.16765102554057984
0.7586000648459509 0.026362056233397754 0.18764914459074022 | 0.1601039832299937 -1.239750487326874 -0.1695746832573643
0.7637559016335882 0.017663068547902856 0.29315175335066235 | 0.135324843894673 -1.3343347003201904 -0.07764923333706815
0.7302256562956829 0.009728016785258444 0.35995842356725577 | -0.08150561005760887 0.1795133543259478 -0.055842493534475
0.7433619144872717 0.003115829156125476 0.437911889221935 | -0.026610594893761715 -0.13919409208150457 -0.018410359476926364
0.7408867648993082 0.004310514393856419 0.5121471222410822 | -0.04334986798199184 -0.1188636680645013 0.02404336259923566
0.7299225389592773 0.009262761184360365 0.5898922910476 | -0.08773647836734741 0.08541544536041838 0.05095947033654555
0.7676430245228518 4.658192791648819E-4 0.6585115265997565 | 0.16765232267340932 -1.4351117422222472 0.046989738153723315
0.7611564008246677 0.0312730603360411 0.7611564025890503 | 0.18399117367316004 -1.2472663594164697 0.1839912295634426
0.2253270903895926 0.4000511042566567 0.22532709834488931 | -0.0032917792557928386 0.005002870776571695 -0.003291819811028698
0.23617535161799136 0.40000151306119375 0.3417757589287807 | -0.0020803956402091054 0.004852709643150611 0.0025656651921118047
0.25150717231056835 0.258748827693815 0.40000231939315084 | -0.008331232024419653 -0.40612153747095486 0.0027935462372426973
0.16873190141912361 6.167859875195092E-4 0.40396523247994387 | -0.005822077194269805 -1.5422154447365486 0.12739202771430716
0.16680482580191183 0.014229883643735421 0.48481567998929537 | -0.11207170471548385 0.5938368130823719 0.004427808496434505
0.1999547548932975 0.007317856887727074 0.5660126475574492 | -0.04575701129566412 0.015813771532122368 0.006745189243416363
0.17874578185625023 0.013251838498116418 0.6520996488303589 | -0.07781173713856386 0.5151759773444525 0.05204660902594306
0.18816886477494774 0.004944295172212737 0.7591454066568953 | -0.15383986809598899 -1.3489466708666407 0.14903233450952655
0.3417752611880985 0.40000161049353294 0.23617502387087874 | 0.0025650598775030023 0.004852867950373671 -0.002080216188950595
0.34330173497756794 0.400348576200361 0.3432902922382503 | -0.02426053059635394 -0.0237271305728066 -0.024310509980915475
0.3454305816381849 0.05625493761248912 0.40747349714586495 | -0.030159105261216637 -1.930206884576287 0.008538152580888273
0.3105366325969297 0.11157906025277277 0.40005611260319107 | -0.0058263721657510715 -0.0020627047669615236 0.0024937539114005276
0.30048293686873623 0.0377077791897652 0.49747216247301207 | -0.040852778741458234 -1.0626547835322884 -0.008098959121912119
0.2396510869306284 0.1332492679996328 0.5474347906175652 | -0.31974903517303715 -0.9736211725174087 -0.13174880991819127
0.25808636662372275 0.13173695279159595 0.6629837458534097 | -0.3061118001778021 -0.9444452569947273 0.1419517708503582
0.2906779394146124 0.012015844733656635 0.7672177075361865 | -0.09295890503422989 -1.38296200689555 0.1505278647615414
0.40000007054061715 0.2794002012904173 0.2516658775099952 | 7.016569339674776E-5 -0.07669873704457855 -0.007786508410559021
0.40728997048894133 0.05351060831447525 0.3451063718546795 | 0.007829351852978134 -1.9353115783356274 -0.01957224317373708
0.45665707364406516 0.06698585641630482 0.4572938838026524 | 0.13977222528582844 0.5378023957473347 0.15026046393154782
0.3492486491364139 0.11785572448583496 0.4098181149673003 | -0.06959311556190304 -1.1708441767854276 0.010297437219820377
0.3840064207404275 0.10182596742707464 0.4872007434501011 | 0.01348075635224533 -1.056231776901877 -0.02978443428159023
0.3580029290405244 0.10645062735194084 0.5591997052616372 | -0.009029191969830404 -1.0892445127904764 8.331320300211288E-4
0.38160433431789625 0.14137877964275858 0.6939682541706945 | 0.07514084181972262 -0.9289175316419332 0.1693561923981866
0.36080304523630374 0.010923937124274795 0.752353191102705 | -0.028461440303859362 0.17804862670531707 -0.02240506625665966
0.40392842700904913 0.0012599730095270655 0.16862579158644206 | 0.12658057584971988 -1.5409375814124093 -0.006168907082005508
0.4000636846287721 0.11157104947776604 0.3105249242003917 | 0.002277339495981025 -0.001840180559057965 -0.005443410629850546
0.4096000496560679 0.12007529672053388 0.349694650896773 | 0.00942308447977709 -1.156825814477407 -0.06127290365253221
0.394190807283515 5.731408034459221E-6 0.4038523407472753 | 0.0026889027866177787 0.006430907531309996 0.001293038270248182
0.4296631964655164 0.011032508997704204 0.5383080962194826 | -0.036133520296868206 0.37033189195302346 0.11331712910970576
0.4320056548203201 0.11962862560157263 0.5697540817369564 | -0.030121582834586158 -0.7573262433983144 -0.08406943896679535
0.43668400997515155 0.07738882885870052 0.7079135606090442 | 0.04501699203710286 -1.2407223937041731 0.29780898645645815
0.437636716935167 0.004407274709415606 0.7513879639916965 | -0.023821307547280193 -0.09920025241631034 -0.0029591108076593734
0.48479918784592607 0.014262521488473569 0.16676535050926297 | 0.004521957860376936 0.5940765237008753 -0.11232008998385375
0.49750247597761066 0.03802398555690535 0.30043004119158434 | -0.00690513267790334 -1.0586153570489147 -0.04194411384239849
0.48717494696837993 0.10172196229938436 0.384237566623564 | -0.02813431927544389 -1.0584260808070292 0.013771811000603179
0.5381781775394587 0.010904140158619723 0.42970332498659 | 0.11302826906459276 0.37032118419693405 -0.03592007189427923
0.5135608113866849 0.0015248601414295203 0.5135897798546568 | 0.19189648688617114 -1.668040460436579 0.19283754345874868
0.5089386123592838 0.130751498028067 0.564852279573283 | -0.007884463543747154 -0.8211380222309671 -0.10102116435286516
0.5098705645062795 0.08786715216050955 0.7150682145534927 | -0.04388760953724355 -1.2728763085270436 0.33847070434527887
0.5124427257511054 0.006206522098401729 0.7501544829757825 | 0.028875398142336434 -0.10301547607161846 -0.010925503220398744
0.5659992913008969 0.007330819276723091 0.1999265917154225 | 0.006715025166945116 0.01585023355156564 -0.045847732886642116
0.5474512955871577 0.13328297418852353 0.2396819438188164 | -0.13130958237216592 -0.9729346429682111 -0.31935325972980805
0.559245127684446 0.10643989429674632 0.3579590752374705 | 5.954923645263193E-4 -1.0877260509308717 -0.00909990803740782
0.569424480553026 0.11976116011301885 0.4320629863432309 | -0.0845361804015625 -0.7553622888300611 -0.02978001411513666
0.5649022322958421 0.1307273564046723 0.5089330844140645 | -0.10131865821988378 -0.8197566236183601 -0.008055448712264511
0.586272796742426 0.10902073152965108 0.5862735620255238 | -0.01911845832626552 -0.9892583228954 -0.01913883154746822
0.5751323527546967 0.1257631699655133 0.702899213377679 | -0.14908489387522303 -1.0725462033791704 0.31003642300308726
0.5876034976269848 0.011366334659940672 0.7551028640656385 | 0.03806187363071139 0.10631920980637852 -0.020569908784017658
0.6520984626736903 0.013255249504563178 0.17875204668083533 | 0.05203722159531836 0.5151699812918241 -0.07778482834832794
0.6629771333625829 0.131758989758831 0.2580959512631036 | 0.14188573100655744 -0.9441139245210859 -0.3061811682462891
0.6939436825881421 0.14136292417768512 0.38160676644637515 | 0.16936471139302592 -0.928756836103049 0.07518949739961457
0.707894485542736 0.07736219985031788 0.4366826788162284 | 0.29761225655077433 -1.2410732715434836 0.04499357305188038
0.7150615830019654 0.0878677222358792 0.5098683170938753 | 0.33847685456628096 -1.2728400824306263 -0.04390582264886174
0.7029007925650151 0.12576113522307034 0.5751295545578438 | 0.310028308029048 -1.0725739234953215 -0.14910514931880592
0.680291613093378 0.16141173604004652 0.6802920987410893 | 0.19373438730730413 -0.8020956856783047 0.19373841355663543
0.6607680028368809 0.004015048440129046 0.7714499083778102 | 0.090689032327785 0.6609288992115497 0.1105862745869143
0.7591444410623787 0.004946668730487458 0.18816989553230212 | 0.1490203620069917 -1.3489246724238242 -0.15382606385407574
0.7672183786973752 0.01201168943065416 0.29067732076990316 | 0.15051991362340505 -1.3829863879972395 -0.09295957265216533
0.7523515186790709 0.010923407872275475 0.36080364468955567 | -0.022410661466905804 0.17805560175894272 -0.028461766978077393
0.7513852474457205 0.004410538611804732 0.4376369662002881 | -0.0029910712633709497 -0.09918891267658125 -0.023822767875359536
0.7501556178921671 0.006206494364195771 0.5124427576376713 | -0.010926468832479613 -0.10301377029513827 0.028873024301020456
0.755103032945909 0.011366107955334461 0.5876035604185739 | -0.020569440034419198 0.10631966099919872 0.03806115272117913
0.7714499511935087 0.0040154977829966725 0.6607679692471152 | 0.11058723779661743 0.6609272294445399 0.09069046548134907
0.7632654090873009 0.005307348360961651 0.7632654042640888 | 0.09369423180687624 0.6021169325641806 0.09369422936858486
0.23942760229941776 0.40004600190329853 0.23942760998924364 | 0.0035070089738641723 0.003827551852096068 0.0035069796224100353
0.2422307416645387 0.4000016262909018 0.34188467932271305 | -0.0027652618370346336 0.005014852607989156 0.0014686223575734495
0.23546773511781324 0.05781263447300353 0.40620539772663594 | 0.005073949937734256 -1.9104424777187026 0.0499810324865234
0.1918138186759429 0.09339585705435659 0.40000897177705197 | -0.005450863809401518 0.00459787020749277 0.002646736830682581
0.191493722433275 0.011583853562502869 0.4764189169180095 | -0.0031389713908652906 0.3995843680722021 -0.03124148120088962
0.16521822897851268 0.009677015642245183 0.5645691693424892 | -0.18475808116287512 0.552299948608749 0.023979417600303463
0.18042293626567915 0.01351770664886573 0.6536705115762169 | -0.06970091849806756 0.48299604595148016 0.055564143844147304
0.19038610004753517 0.0014416797113252313 0.757036469927212 | -0.06714032473618085 0.6652392110275451 0.06659148686296222
0.3418846628590171 0.40000157416690624 0.24223061678701943 | 0.0014677586877377606 0.0050149942080996695 -0.0027651388316570842
0.34269180876570626 0.40036353808262365 0.3426695076088529 | 0.010167493795352435 -0.04618054014167298 0.010954785111616756
0.34565342831385015 0.05072887848672176 0.4082215349394101 | -0.03078157617534221 -1.978328935152798 0.013770360680224494
0.3098954505995708 0.10477634999488762 0.40000628751034406 | -0.004835792594730403 -9.527443283373939E-4 0.00231078849665561
0.29080982007989514 0.08943240080775193 0.48711102003057444 | -0.07504912776277411 -1.283832667097502 0.027057049622004906
0.23107422947281972 0.11297070840555357 0.5544670726867559 | -0.32897989624535806 -1.022995382012326 -0.0809804658490187
0.2527909522040654 0.12117498643286437 0.6660852273206493 | -0.3158497576063411 -0.9841156986843651 0.15677808329122803
0.2884672646575196 0.00610227610291671 0.7667975643424483 | -0.10878319923378273 -1.4333493914967168 0.13791227888264257
0.40592834870987116 0.057569899007935625 0.23571833535322484 | 0.049696954375613896 -1.9094043736769801 0.003492151441387023
0.4078754358400393 0.049775730968922696 0.34531020733638174 | 0.010464441996273147 -1.9741413873381262 -0.020211407634799616
0.45662356587830283 0.06652760525100909 0.4572952907870967 | 0.13273214314505916 0.39746671500977493 0.1435945435164569
0.3611497492726826 0.05543500791228305 0.415466293720055 | -0.07877781485874198 -1.22549759589711 0.0559316172764935
0.38432056043398594 0.06085103866226517 0.4859532069030303 | 0.03233111505081206 -1.2472835393125663 -0.03935866011405554
0.3576004539685828 0.11310052979754245 0.559314535647574 | -0.019354581511402836 -1.266673328684071 -0.028664633951300682
0.36402861941941794 0.10461535997850858 0.6806270438087916 | -0.023956415342372247 -0.889953735156947 0.10499049387185613
0.37986540181346146 0.02097639100808074 0.8133661079768012 | -0.038542612480395644 0.7776142807261832 0.2503841269680833
0.4000410983874538 0.09473229217218002 0.19246202667569157 | 0.0026413529026923957 0.004545200367764655 -0.00540893664935215
0.4000029261442439 0.10475334251424491 0.30988873083951324 | 0.002117771582438455 -8.480399956958192E-4 -0.004533833638065164
0.413350916487391 0.05713936604460125 0.36143155322494364 | 0.014073744615248766 -1.2099564347124765 -0.06498986031196709
0.4075848051760186 3.5352943094453494E-5 0.4086527412394962 | 0.0023511568218759905 0.00557949732645369 0.002675612072448899
0.4311294121867481 0.012891934107114065 0.5341294376057656 | -0.03678507504045643 0.23817293649331137 0.10326562495607067
0.43305077661219293 0.1100842402372989 0.5634699903613036 | -0.026740090832106867 -0.8891846311458403 -0.0650316836688435
0.4362955022180477 0.07315132899344595 0.7069723833069539 | 0.03680334598587107 -1.3019057767006432 0.2968817253021538
0.4442754721491568 0.021787973917170914 0.8264956917005232 | -0.005013833792626957 0.7564821718253268 0.31720066100861805
0.4763751172759605 0.011582587807852462 0.1914924751270699 | -0.03125565437032616 0.39967409052776753 -0.003192948477535378
0.48716767842271763 0.08947690812185637 0.29081647098262753 | 0.027407173886235293 -1.283700434902902 -0.07602821032366396
0.4859398811471668 0.0611064671998095 0.3844978773950193 | -0.038696839668791 -1.2429879415523706 0.03286101901708444
0.5339811567206636 0.012784383943812096 0.43116515270342204 | 0.10288885307514954 0.23801234188946568 -0.03669859317768642
0.5094324025006024 0.004282301316003263 0.5094763871833636 | 0.09290103072227872 0.8667422405983142 0.09366357565014032
0.5080423293343822 0.11577737578940189 0.554384197974073 | -0.008930089901983075 -0.989490272451151 -0.10627562081340136
0.5107845976369644 0.0819522830104264 0.7140930207635614 | -0.033770147349156864 -1.37688857940991 0.347807957527971
0.5053438998440346 0.022313412343639656 0.8252159137234298 | 0.003448190623783173 0.7597761522725855 0.31386319343273794
0.5645527263509191 0.009625084735901861 0.16524688071473412 | 0.02387000558360406 0.5522384732782757 -0.1846020152766924
0.554492442012938 0.11303311332835811 0.23113419563943907 | -0.08058311017316469 -1.0217015152222937 -0.32846296819485876
0.5593953395299314 0.11315323750986389 0.35754492372418334 | -0.028369818271892867 -1.2657106361156802 -0.019829284250973057
0.5631180292154601 0.11016491915173628 0.43312806308825624 | -0.06267795897725593 -0.888477200435118 -0.026743405034156266
0.5544281114567148 0.11578739544880198 0.5080375855090974 | -0.10545012743138425 -0.9881238607332872 -0.009168898079347466
0.5881682785540504 0.11361411668350015 0.5881722672475062 | 0.0034403885210126275 -1.282937376732547 0.003479912267841373
0.5837023948219239 0.09804113900105715 0.704032948520014 | -0.03183916430717233 -1.1037362551955656 0.21655264707554778
0.5654364907285047 0.02251714859937423 0.8235464198463713 | 0.0024980564717774433 0.7714541949259932 0.27781440955324915
0.6536693133860106 0.01352469453099081 0.18042892771870372 | 0.055555580468337466 0.48296572458718084 -0.06967608022598984
0.666076450334986 0.12120196346132371 0.25280571925873213 | 0.15669727232697486 -0.9837926432806917 -0.31589123408942515
0.6806150395757784 0.1046053398159043 0.36402655415388474 | 0.10507282218788322 -0.8899334358858287 -0.02394900062883451
0.7069539299513098 0.07314539945982639 0.4362975255666397 | 0.29671132150572904 -1.3019983735274459 0.036841512298972555
0.7140877060034827 0.08198854321470603 0.5107813607419333 | 0.3478265641592426 -1.3759533743955352 -0.03374502510374786
0.7040335983409528 0.09803763109572325 0.5837023671242738 | 0.21652119756173543 -1.103757543930047 -0.03181487118193325
0.6839033386514866 0.14619884872865832 0.6839037862808314 | 0.16516750809228709 -0.8074523121651388 0.16516966771024305
0.6628046696119954 0.006643854764573551 0.7714134610126698 | 0.09315629015572757 0.6142191913436144 0.10737387832829502
0.7570366236722755 0.001442380770824685 0.19038593336188064 | 0.06659105215102934 0.6652369550711984 -0.06713943014327668
0.7667989541833743 0.006099421240439293 0.2884670121513081 | 0.13791217101343628 -1.4333666165244825 -0.10878347714601475
0.8133665724345003 0.020977082562630894 0.3798663556435515 | 0.2503861174826163 0.7776177513024176 -0.03853882871384356
0.8264949716385479 0.02178939869335449 0.4442754946978869 | 0.317207206684797 0.7564790302905166 -0.005014478427571087
0.8252163797749857 0.022312977499159135 0.505343773467258 | 0.3138615676485956 0.7597750849632006 0.0034461471444947158
0.8235466743279811 0.022517179484341645 0.5654367803620293 | 0.27781649625460264 0.7714549459875273 0.002499302796806924
0.7714134675310691 0.006644266241091393 0.6628046536115066 | 0.10737465918584052 0.6142175508870872 0.09315742578996003
0.7584789430418496 0.011950753261940837 0.7584789347682852 | 0.07546043109129598 0.4002299307396108 0.0754604134371634
0.25213007088753747 0.40000718712305305 0.2521300802829471 | 0.00554751628372587 0.0017461146981294319 0.005547606362419962
0.2498498871448597 0.4000012233897605 0.33922821154863536 | -9.744837470137747E-4 0.005246457059662056 4.957811241232948E-4
0.22447106609113476 0.036279925627676235 0.40002392698141576 | 0.008236702160957286 -0.013930796596644758 0.008256725431699549
0.2128153150513247 0.10726544995338225 0.4000043334735028 | -0.008017912739356044 0.0031423560399724743 0.004008036951155472
0.23327847568022828 1.8718987489044193E-4 0.47950157542565075 | 0.002808775810255072 0.005065062911056925 -8.424117748392406E-4
0.20532519988377176 0.012713475202030238 0.5653324972013422 | -0.042764998972445116 0.1843358874576812 0.007706953159986447
0.18691197180022073 0.015474445488758405 0.6552068203383432 | -0.047068680556765885 0.3916641257651361 0.060428344124906705
0.1991961304432396 0.009596467648732445 0.7486615421308201 | -0.05015474668808436 0.18994248401687092 0.05101878678427304
0.33922818798137083 0.4000012065294853 0.24984966577103243 | 4.946422393184076E-4 0.00524597137369364 -9.810274950656673E-4
0.3388105974406904 0.4000991741093255 0.33880718606801047 | 0.028237219975821074 -0.04684719065476811 0.028197496707364156
0.32997720246703405 0.040197850438699244 0.44537294302486674 | -0.05506474177846535 0.03060106836758906 0.04978300566926027
0.32427354019040866 0.09301021228907448 0.40005653988634843 | -0.021529872299992665 -0.006943260277050465 0.011890529576689238
0.2986861649064299 0.024347032648687823 0.49754597063995615 | -0.04094085329981268 -1.3064157201988673 0.017044049890286954
0.25564621892402417 0.08449743770881185 0.5712246505135528 | -0.08846944342365345 -0.9963358638105131 0.02226372850996904
0.2507327901496342 0.10550234322019647 0.670253387393945 | -0.2692354696382078 -1.0144388901024852 0.1596233284881625
0.2863889198001526 0.005288311062074284 0.7626313368191996 | -0.11189515913074455 0.6627280481368293 0.07964835436722212
0.400003851577182 0.03643984819583155 0.22430512094691094 | 0.008361015164286091 -0.013934461558112366 0.008277101523746992
0.44701349395974627 0.041984926904076576 0.3275815674120041 | 0.05356135070106548 0.08691522884641827 -0.06337149296009897
0.4933395703092746 0.04532202027648135 0.49333111093426185 | 0.17570966687962283 -0.34811106425649724 0.17503134006457624
0.3303171305313145 0.0032925115179973903 0.40825427310256185 | -0.16561937673626298 0.4858539969019123 -0.005379308186611889
0.3735237112533155 0.001750988217326023 0.48300964368440036 | -0.04029328047201529 0.7267979151996943 0.004514764922075164
0.3561798456057368 0.033684717663769494 0.568031844352466 | -0.06410047246303685 -1.4510548744702076 0.03911397301773892
0.3605400060261222 0.03945049850105879 0.6584330634222747 | -0.07889223619780807 -1.12827404317975 0.012073831776678876
0.3631610549779038 0.015904645928058028 0.7411306768281527 | -0.09065385176201361 0.39191259902618275 -0.03451908537582968
0.4001323834310001 0.10784995970004824 0.21352955479873392 | 0.00398659158744046 0.0030400389711401537 -0.008147701685959328
0.40004753341444055 0.09299279113990357 0.32427302826437177 | 0.011179243224502769 -0.005954983080635276 -0.021036731806588396
0.4079421682357853 0.0021622884584124 0.3276133577149307 | -0.009197024272884177 0.48466331729753065 -0.20144707112348925
0.4248608146128011 1.7254233748687143E-4 0.4260172178847697 | 0.003075575609161549 0.004028819241118485 0.0046824596246808296
0.4309064452699018 0.008744404364659583 0.5349396389292279 | -0.0450032043151692 -0.03676863085712878 0.12001165117334525
0.43628668006918087 0.059899784708370256 0.5792238905479866 | -0.01709620637832547 -1.0545742034501664 0.03480743557531672
0.4350725244204913 0.05602340622313674 0.7071570478061511 | 0.015863372876156887 -1.2676881297009295 0.20566823742813028
0.4386461571565847 0.022230394402620098 0.7640800102811376 | -0.05112284478301031 0.43879368515309775 0.04931987740406741
0.4795015119474629 1.949646072032398E-4 0.2332804489945515 | -8.431776711452268E-4 0.005069951718230173 0.002831501936193234
0.49757623356064584 0.024497026778161804 0.29865722189003935 | 0.01673631742982516 -1.3023759353414837 -0.04161966768951836
0.48445314680443785 0.002094329319277539 0.3732544289355695 | 0.01602633985874901 0.7252549068552988 -0.044527117980897674
0.5347464585475046 0.008616877352071416 0.43095234529346405 | 0.11938096006224368 -0.03663288820371215 -0.04481587343531248
0.5317558994604968 0.01174032367499233 0.5318657114049892 | 0.12013583285348976 0.5038142757476797 0.12082261736260992
0.49850326336054807 0.061289369543931306 0.5708342320826365 | -0.08035906830519898 -1.0381219437789844 -0.08901612999311138
0.514245623416604 0.05875011223983702 0.7141039107284354 | -0.00830828002900585 -1.3325476667913314 0.2528540451818653
0.5115443110124768 0.021330748771922717 0.75712686823659 | 0.045770434138002906 0.37364110309659176 0.019214916327924075
0.5653208938975554 0.012707633863262546 0.20530054611097082 | 0.007666874316721607 0.1842950981985065 -0.04282624045784427
0.5712620610270296 0.08446233162693884 0.2557440963201979 | 0.02235635990635231 -0.9949976244745435 -0.0882734296958217
0.5680775509577893 0.0336852882603498 0.3561584790139516 | 0.03865193431832796 -1.4504106320412047 -0.06419366843481923
0.5789446509190009 0.060179329076419506 0.4362758096687042 | 0.03492537114387035 -1.052624912341263 -0.017432989907316114
0.5709098644693676 0.06124264144483078 0.4984993592604168 | -0.08793806405815684 -1.0370975694201114 -0.08066783657488337
0.5895398594495427 0.045045228927907736 0.5895094665072318 | 0.09349625798856562 -1.2730239156516956 0.09341423848339667
0.5897904804000178 0.036171578575501274 0.670760924565186 | 0.07546798916630633 -1.0500921716539104 -0.0028131665897980895
0.5826893988712956 0.017461661137757573 0.7561609547197922 | 0.08660172709878076 0.45783800867194874 -0.015047808518127214
0.6552049158122848 0.015478416019787024 0.18691718315680847 | 0.060412775958559345 0.391643440069978 -0.047055781289326803
0.6702523744815313 0.10551450973522207 0.25073733792953684 | 0.1595812798502395 -1.0142089936973657 -0.26923789900495043
0.6584533534864552 0.039447170211265384 0.36053556239007123 | 0.012442008582628993 -1.1281197465066493 -0.07898888896757765
0.7071428028957342 0.0560878143230856 0.4350708101291381 | 0.2057424100584817 -1.2676202752846573 0.015824289548350804
0.714113036351426 0.05875358425271988 0.5142439823428674 | 0.25305193423516853 -1.3324947627797366 -0.00835253547686626
0.6707637770634857 0.03617217695091357 0.5897918249723684 | -0.0028527423640794768 -1.050087594141066 0.07548668428630062
0.6838715737165113 0.10105626002437386 0.6838717747794193 | 0.11278262924321496 -0.859115321535285 0.11278222920806734
0.6651268481174747 0.009343179181750389 0.7658076127113738 | 0.09709588730263734 0.5075118721133391 0.09002203514197998
0.7486617228383079 0.009596459567102701 0.19919574973674387 | 0.051019423361676745 0.18994508830285645 -0.05015565442929805
0.7626335150938215 0.005287619596429807 0.2863891942001462 | 0.07965462526289138 0.6627339774655223 -0.11189484506424809
0.7411328653164091 0.015901013059709666 0.3631612144952672 | -0.03450580875563519 0.3919212611353329 -0.09063683192700278
0.7640719518968335 0.02223599987414882 0.43864613084739235 | 0.049240008406754014 0.4388008905346295 -0.05112876160519251
0.7571279399587836 0.021331446177152595 0.5115444411241057 | 0.01920412027276803 0.37362661159713223 0.04576927610140501
0.756160422208861 0.017461413114716683 0.5826895374383019 | -0.015051146663620247 0.45784046351495133 0.08660195575828453
0.7658075370136346 0.009343355729986465 0.6651268779938277 | 0.0900221670021002 0.5075107704265673 0.0970967741832314
0.7449099689058007 0.009791545662422596 0.7449099433847459 | 0.00933651529333945 0.16433042371187584 0.009336331234279875
