512
0.28151147779358277 0.4000030197381564 0.28150180648858686 | -0.0019601736819847976 0.005182610171842546 -0.0019597997390258613
0.2248782501352054 0.024995886077085007 0.40001574629261355 | 3.4758975888321824E-4 -0.013617205945919418 0.00764994737659089
0.2591136244002619 0.06501925368814286 0.4000001571703201 | -0.004389153703720202 0.002859545170052051 0.005235215791464782
0.06803042543782073 0.010751587219990363 0.4161717087099159 | -0.15282584412355005 -0.4323911882774422 -0.11703964588295059
0.21422478879121556 7.640005716893009E-5 0.46994119306583054 | 3.831058726486619E-4 0.004703770396695605 0.0028909335138353476
0.29275532873996846 4.938892564570776E-6 0.6020573221287536 | -0.008094598051874619 9.993951965996159E-4 -1.3003402763105148E-4
0.3689880861456205 7.211709696990732E-7 0.6492311696086625 | -0.005181139540040231 0.002420133572710485 0.006982606588727462
0.2790853238797243 5.24599534159657E-6 0.7184093516613584 | -0.0025467459282116746 0.0019118694719192707 0.0064712741267281045
0.40008636570624323 0.016543501959660076 0.22253690268510554 | 0.14182826045468022 -0.42830664997458007 -0.030937229559910642
0.3439022857921188 0.4000093623358199 0.3438965147977949 | 0.0047289652992375105 0.003284784894764531 0.004732939681685701
0.40735025918337336 9.983791792969059E-4 0.4074446197223599 | 0.031643716306041486 -0.29087107428824166 0.006945904678769926
0.17584658624609456 0.00809626867963382 0.477741415314606 | -0.14453738741504796 0.5067733416846079 -0.027239809978703837
0.2789349062745943 0.04561958039363998 0.4713616143988115 | -0.03252882892182276 -0.49486556085766575 -0.006138043046640812
0.22203762074706992 0.017020047439345216 0.5359788087261288 | -0.07721171024164664 0.46148348195396804 -0.04050844896009096
0.28254913184988234 0.004862853264501685 0.6704431807428701 | -0.010850314314213976 -1.422245738732179 0.13753634566634415
0.2780804829874407 0.011232973349126403 0.7222734308088316 | -0.0011301598831788765 0.49449942915442824 -0.03543277118958759
0.4000004492860806 0.0650601427776213 0.25912792652188527 | 0.010745103902132506 -0.003248267017589747 0.003279041070540616
0.40001882993917987 0.0015156919527157353 0.3515503920857312 | 0.004171707396783542 -0.0031369809070312723 -0.009850004343016073
0.41860255655211775 0.0540650538648882 0.41790093908566467 | 0.060372346798852214 -1.4773831847932164 0.04407438584372303
0.3634673301775052 0.0031832596157984664 0.5153095647999899 | -0.05071217331158389 0.7488492007109343 -0.09530378098912234
0.37419938014713616 0.01324901499602264 0.4909660308133114 | 0.010130679683443451 -1.360792424143953 -0.025274247851924503
0.34807326866345645 4.23518929342965E-4 0.5759652246762513 | 0.02126519217655965 -0.07455859533493903 0.016273294811288908
0.36251902454463236 0.010681230193095925 0.659158009526542 | -9.567900406625995E-4 -0.16866955153018884 -0.043263314401337585
0.3668579983454606 0.010190763200374844 0.676731857861996 | 0.028758042277834496 -1.352231035979893 -0.03676345167466668
0.4167975393960645 0.012249604025040472 0.06701367427936568 | -0.11585854791182897 -0.3805357881569737 -0.15779650740729592
0.47719885302047355 0.006820422806592431 0.17571580507020826 | -0.023405899527684567 0.5156365335662376 -0.15580728490550022
0.5002907561622859 0.0047693295706117775 0.3663630227200686 | -0.23531685882973488 0.6553101852976745 0.025072385428001928
0.42518688991891 1.5880178985309235E-4 0.4250740420676215 | -0.0030972039610284467 0.004606448351362786 -0.0035879773109774556
0.4632565228535159 0.0038006703542056313 0.4631637993975421 | 0.014672175276112373 -0.11866201034319664 0.015485880768565418
0.43112013223897133 0.016689658430650366 0.6291909736664392 | 0.0796830860174425 0.3719535956339133 0.11824194094898519
0.4380321473812633 6.708505062724771E-5 0.6387210625352706 | 0.0011677685491905193 0.005083646037381031 -3.0063319162414084E-4
0.4519617622551539 0.02155746938883063 0.669092634641947 | 0.02399823355899454 0.41935397237946676 -0.012787531150519076
0.47056625145456243 1.359981554853883E-4 0.21420925811224611 | 0.0027055477498677473 0.004589580016131807 0.001687814622892729
0.4680717057238869 0.04855535532163693 0.2783315787799911 | -0.020353140560479533 -0.4659552961194928 -0.03533037888764381
0.4928942569345185 0.0050195369661867086 0.3712508712968772 | -0.020322482481374058 -1.3809631999739778 0.00630848791554234
0.4620069670604671 0.003387031994928314 0.46430600508410785 | 0.009077143997350552 -0.025884238422161754 0.01296302389830105
0.5178688111067085 1.8125491047621238E-4 0.5165620484082759 | -0.003261928413550137 0.00482791321883716 -0.002925529744914308
0.5003756249828253 0.025383326590340725 0.5802478160518232 | -0.06988201787325464 -0.11305116657114606 -0.09287062159653883
0.5178955785693785 1.3280465148739562E-5 0.6549730770294492 | 0.004368805811587119 0.0034205520531942943 0.004484181245875267
0.5189865544499753 0.01796960310656908 0.6627331640566255 | 0.06209875459232162 0.3073657583796216 -0.03893354918403915
0.6012060509722025 1.806927995196667E-5 0.2920098947115258 | -1.230533412894371E-5 0.0017122823220224034 -0.010491095059494478
0.5341746016697333 0.01784857608220895 0.2230555360705348 | -0.04903979635029708 0.456084000046298 -0.07559641912827822
0.5760551708071591 0.0013804091181075261 0.34796163557188337 | 0.006896710766466992 0.100882729124879 0.015587762508547535
0.628149203961456 0.014885690411076298 0.4298813554031128 | 0.11554212540121327 0.39879664627062267 0.07885642182692708
0.5903841532573593 0.02750070738036567 0.5033645933213733 | -0.02699756786343016 -0.025356814832554996 -0.055708887369379026
0.5896681125663602 1.1985219935639465E-5 0.589756911165231 | 1.47632663061427E-4 0.005422528873286264 0.0016731039631856966
0.5930740029940201 4.589073933582793E-6 0.6826404100756309 | 0.005833679918357949 0.001241608148524414 -0.006932371400665587
0.593049125943226 0.02119372241477027 0.6872690667784419 | 0.05599421366107798 -0.08214157996604357 -0.024266049692741768
0.6501151710121821 1.0317673530929979E-4 0.36965349370452477 | 0.006653587640848188 0.0024804740378682947 -0.005670327856937689
0.6713590968197692 0.005101306004041598 0.2824362794359109 | 0.13791396100054423 -1.4164076244150168 -0.010853773562531078
0.6594922591473618 0.008655318971410152 0.36281351409970114 | -0.04444953586349831 -0.14230720196958385 -7.687069201488741E-4
0.6389561757687403 2.422531000497775E-5 0.4385168201809247 | -3.985712181964002E-4 0.005156300973212071 4.3795800647096364E-4
0.653891774365932 1.6490699824383637E-5 0.5173114526355811 | 0.0049343699611182935 0.0033777893571549284 0.004101466837684155
0.6828960495342042 8.264058674111367E-7 0.5923556608321716 | -0.006636673661637495 0.0017609896870184316 0.005569805114154032
0.6822754133816104 0.002361073751903634 0.6819882701329999 | 0.023068451614669333 0.058851626534586886 0.02172188674025893
0.6824377867415532 0.0012558390096770308 0.6821868750382479 | 0.022604474836009802 0.20919026739269722 0.0213769825449292
0.7190962048890055 3.1204593240600532E-6 0.2796936305183246 | 0.006351254525080715 0.0021698467365685458 -0.002130328389378254
0.7226110657369357 0.011359998650666692 0.27838954321157006 | -0.034454486542541816 0.49510237043596156 0.003255078394260079
0.674783626457463 0.012945578985978857 0.3658317011967923 | -0.03611251862405491 -1.3520614264007602 0.02984178185983801
0.6694185309785583 0.022517132210706677 0.4516929492931438 | -0.009220823398866195 0.42237910123397043 0.028349020828759026
0.6660960589744572 0.018461311013635375 0.5176888995971053 | -0.023947340149536107 0.30924815836860126 0.05828258569371557
0.687059285320811 0.02134178113101899 0.5925203645150788 | -0.024381486122528308 -0.08269561740061353 0.054252801049443834
0.6824590529395347 0.0012586836149174442 0.6821652217252439 | 0.022565138870529456 0.20918382542420808 0.02141693144674441
0.7394113214429605 0.0012509489352633654 0.7394282336701622 | 0.007500330644609319 -0.2574752514147502 0.007630964863265145
0.2809784801992638 0.4000044860753599 0.28096827759643067 | 0.0035475780679945683 0.004328497905704623 0.003553339435562534
0.194171337810166 0.10964989952503777 0.49070352303875414 | -0.04797462365829425 0.5418809505377453 0.1448604968847652
0.2601906215291758 0.14167515205524622 0.40000000750880454 | -0.0010697114403314435 0.007234805250938432 6.330688303313595E-7
0.2290298265176045 0.011614865659757482 0.4000447861371314 | -0.0019556942954112823 -0.010182978275657735 0.009934655912598372
0.2232125266033332 9.510259404423843E-5 0.46896155694461317 | -4.7901873896357084E-4 0.0049660157431638645 0.0023259237916486903
0.2705429271115326 5.179111177680264E-6 0.5903247386335073 | -0.0041211706386067885 0.00368550213574249 -0.004165481177523959
0.30916970733967875 3.545723672794383E-5 0.6544749202856317 | -0.009403935492394025 0.001816198182872888 0.0031839959001288515
0.25475302225148544 5.910347989393475E-6 0.7043735668962 | 0.004281743489765396 0.0016632960717437625 0.006516832971619853
0.48916291385636634 0.10454780822460163 0.1929929615905029 | 0.12959332301827686 0.5495235240698836 -0.056516613572505495
0.3437227636690865 0.4000050056401913 0.34371698798490674 | 0.005069373804668228 0.0028964288257577464 0.005072733304983987
0.39497827186980017 0.06880037932525376 0.4221134111490965 | 0.13673546979846016 -0.7708615655007897 0.02957336340300216
0.1939790159861449 1.089601587045267E-5 0.48219264699687475 | -0.0055004544583855865 0.002848155254979272 -0.004243002226172907
0.27876496160181624 0.047907717690611154 0.47141221957278373 | -0.038230599574132336 -0.48221019417501604 -0.007393678492182058
0.21974975929157842 0.029797874502698867 0.5386784772759925 | -0.061540209327676426 -0.20573254762199816 -0.015568289522002851
0.21389428246771727 0.004993939875950886 0.6424048223420581 | -0.004156865475216004 0.24609299646747806 -0.008363550525254143
0.2973888456241906 0.0016605752134812477 0.8858937022697552 | 0.040948826781952934 -0.7246015807004847 0.21616736955232796
0.4000000924987839 0.10549217860217888 0.25617803522288646 | 0.0021837843846715293 -0.010626457177872986 -0.01188612730566506
0.41328111664431416 0.06673846783779633 0.4021165774924952 | 0.030923052095728938 -0.7679562835539667 0.09762549536584675
0.46378790274801157 0.034723272397343324 0.464672304652957 | 0.03135894595999051 0.14285631814017846 0.015786412599335786
0.3314901415905129 0.0032672480777460444 0.4000644038042483 | -0.0072703799514461966 0.00244338926699664 0.0023750541432834274
0.371795045776813 5.726279144448366E-6 0.48261919270090925 | -0.007938455570919947 0.0023472743663154913 -0.0029707322388645733
0.3480418641963272 0.0012824608002309488 0.5759428729921375 | 0.02005230953162608 0.01897971927236728 0.015598570963719534
0.3629608685196476 1.2988488529620476E-5 0.6577471656673419 | 0.01916902067126243 0.04533719954235321 -0.009626553194054146
0.37630080929828497 0.002993242111844176 0.828991741247748 | 0.026626607264269252 0.2349103617877292 0.036844010017567194
0.40005920879969925 0.01148355638710696 0.22692164564399628 | 0.01113318227246277 -0.005279829606142921 -0.0017280359254039726
0.4780838079672167 6.448245249752451E-5 0.17965872763316323 | -0.0017156718576698767 0.0023656383953825607 -0.008097515986986952
0.40008460711805544 0.010311524263908845 0.33645640077827055 | 0.0025758619972260236 2.5241427353753145E-4 -0.00901317472239193
0.43894524496259185 2.2916595770584156E-4 0.43920693670678135 | 0.002811809337508886 0.004916183777823844 0.0027565474630912236
0.46255407314304836 9.942440466850181E-5 0.46317519148335856 | 6.8885403646971E-4 0.0068964209598526005 5.285755595026243E-4
0.42825981128596885 0.03899663913973247 0.6250559239998035 | 0.03561342394342524 -0.1674928390064899 0.08028848572471999
0.4372985878487971 3.267007052605781E-5 0.6385781703785653 | 0.001811324790624401 0.0049701133298437495 -3.5709378112351895E-4
0.43772239790712963 1.4877850475932138E-5 0.6350248182522431 | 7.228331028400238E-4 0.005012225842574938 0.0019154144976556652
0.46820903354786453 6.170400682128035E-5 0.2225076458355843 | 0.0028737526346086706 0.004954115825755658 3.463625572748938E-4
0.4678949613459732 0.04890471445228695 0.2780332616085295 | -0.022929176438873357 -0.4403828936020334 -0.038136020406089564
0.4851190464656311 9.480798412540424E-6 0.3704029900163879 | 0.008343690902403122 7.914629234488858E-4 -0.004409258519016294
0.46233760951969144 0.004349105435202023 0.46405232304717825 | 0.009585554897236715 -0.16406473722339227 0.015655719097795957
0.5895905379329279 4.752527592853277E-6 0.5896817062192415 | 0.0011332029437675789 0.0052040765278496 0.0025475600848341062
0.5021372711756995 0.026538774029801274 0.5837055560010197 | 0.0035354782110660404 -0.1999903088764124 0.04242976174584724
0.5154566228503241 1.0434062294976E-4 0.6494376906315522 | 0.004728856811949027 0.0023667847294508043 0.005921943537519955
0.5192210744881606 7.61760965109215E-5 0.6451656261608604 | 0.0018593800553028468 0.0023784415699799845 0.007530923031440988
0.5903091089121223 2.7730019097962233E-6 0.2706286360138392 | -0.0052721819530930645 0.00428836610212219 -0.005820104622912395
0.536936949742788 0.031018949556567255 0.22143131526706858 | -0.017701372513145533 -0.1934358085366864 -0.057975856697820814
0.5760325700422267 0.0018371109889710855 0.3479934396129315 | 0.008980583238458913 0.05927169140840485 0.018304382324308498
0.6249233919096325 0.037305780079095595 0.42764639018876976 | 0.08316962668440347 -0.11166286896892222 0.03495001301919016
0.5849673557647621 0.026828415102590205 0.5025925747250375 | 0.0498223492364995 -0.17405401584702615 0.012220139947243325
0.5896503691840942 1.8422729666667983E-5 0.5897430139603727 | 3.844219588395097E-4 0.005394047705811767 0.0018320000658701256
0.5943741014654248 0.0216396437168368 0.6829812770458126 | 0.06500033467350869 -0.2210478757917761 -0.009457771785936826
0.5946338175901087 2.3073181546827377E-8 0.8091600853147114 | -0.0018001614499960677 0.002465156719929818 0.008428541408296478
0.6544524048907809 9.392009027859444E-5 0.3092411009280494 | 0.0030181634894157336 0.0015026561092637155 -0.008662655998087255
0.6423827346436513 0.00421601263926067 0.21396847138363387 | -0.008493618894890769 0.2695588156637928 -0.003570917088714726
0.6584609319375795 4.410628991270886E-5 0.3636573264464051 | -0.001598675135166578 0.005207980445040491 0.004749834878923739
0.6383877119865613 1.7126476975128405E-5 0.43676714325724086 | -4.2606272226574277E-4 0.00494735591816018 0.0019202845823872788
0.6481046083904763 1.9722642605484407E-5 0.5148879107701242 | 0.006039738633760591 0.002616739410569792 0.004541696491337277
0.6827895920231177 0.024042438962175797 0.59374341155182 | -0.008549258285122612 -0.2413445117954305 0.06464999100278028
0.6822211479673855 0.0010485247443578869 0.6819320572158147 | 0.02404738675549929 -0.12644695781920115 0.02327793646806459
0.6560382349365126 3.023827007807452E-7 0.8898931653052746 | 0.00711796457374968 0.0022275674193929346 0.00231018997305319
0.7043533171068791 4.2486142737958076E-7 0.25474518850527306 | 0.006492557801685877 0.001691571451646919 0.0042233216656556855
0.8858971722313309 0.0016620603153961048 0.29742448315064246 | 0.21608955765151242 -0.7243620311474683 0.04096402676097342
0.8285294506470372 0.0026658604610298934 0.3760671073632592 | 0.03433201016559831 0.23552774310875674 0.024964743404644725
0.634782804173303 5.917295015972192E-5 0.43766452083453744 | 0.0019279067382408411 0.005038983979526731 3.845610224145512E-4
0.6451187459843902 4.3553618982990265E-5 0.5191816832878187 | 0.007400276533574177 0.0027560088801088134 0.0018588843172024313
0.8093429529920939 7.344885901538005E-6 0.5947152903733287 | 0.008452408566101674 0.002447548214409727 -0.0018075173542594126
0.8899102870935888 4.583800574930591E-6 0.6560213750332196 | 0.002297513652618726 0.0022330137071046832 0.007117848857997802
0.6814957298132115 5.4486426438044564E-6 0.6812252593894841 | 0.004678742670682869 0.0033095839010671745 0.004295798139267114
0.17348883906394627 0.40000173494126046 0.17348892167062982 | -0.006381573986195435 8.74430986034782E-4 -0.006381562654125141
0.223567179433235 0.4000045133371587 0.3464327864315845 | -0.004466592252709975 0.003437642698428258 0.00471517124405936
0.24000971468509533 0.1405548179284413 0.4000169290063316 | -0.005294602036268104 -1.3364194605847861 3.6903816212113965E-5
0.20403873281329757 0.10629375272253946 0.40000099599318656 | -0.011308195257405255 7.474991833682664E-4 2.36245303016107E-4
0.2643879005339651 1.0603285336112313E-4 0.4550085923037501 | -0.001618911812018465 0.0058856818246931855 -2.793928692969551E-4
0.2675709226017187 6.022643850270832E-6 0.5823589895952951 | -0.002620612968196138 0.003105309169279619 0.005324792449631141
0.28414741122905596 1.4394448612253795E-6 0.6455556024904783 | 0.003014825040753055 0.002132381530391493 0.00867978751049732
0.14874765909144066 5.10443095525194E-6 0.7927996122337446 | -0.006396993283464242 0.0010324254669935122 0.0061959005782836725
0.3465404444866517 0.40000080530260607 0.22359285397942383 | 0.004576243701547124 0.003470490696179313 -0.004544604271458881
0.3435883744063473 0.4000159403219293 0.34358258596317864 | 0.005232376330977859 0.00269377494481893 0.005235428651606355
0.3246756894337607 0.017789514232146142 0.40006108151025316 | -0.005480281603277048 -0.009618350536863138 0.008389487156339625
0.22515354490212164 0.013310809244658725 0.4000388543207027 | 0.0013042941801964627 -0.010529636243382287 0.009880487795119092
0.2793225094483628 0.04471503700113292 0.47160460479345423 | -0.029970886918144046 -0.5626522630304935 -0.002787509919953846
0.2603507675868901 0.015904056041083813 0.5749838490478217 | -0.0013800155780394135 -0.4867203608325666 0.007990121459404476
0.21389469198910624 0.004531451228522982 0.6424625476162241 | -0.0050623400608011725 0.2565571701833711 -0.0077507361399232096
0.33111097284051527 1.6170425060758946E-5 0.8460604820377323 | -0.0015505836361988476 0.004301156322255409 -0.004243901118598875
0.40007345296560376 0.1218221609551539 0.23677846867461214 | 3.545964881032665E-4 -1.189083483674673 0.003343551155732447
0.40008244824449585 0.02167238682336368 0.3254852110311707 | 0.006008799103441715 -0.010577319996741523 -0.007128368525553401
0.46442608369947036 0.03854451913904543 0.4645729167816147 | 0.05545892911734723 0.08715970436527523 0.0028632590257152576
0.41356920681076964 0.006326115924513613 0.4064365926354061 | -0.0962722554026341 0.3880015178263819 0.0540650501183124
0.3726069217979274 1.437925498374498E-7 0.48547224315533205 | -0.008439666565419486 0.0024067132767847956 -0.01656829979974738
0.28679566567843534 0.005745299835872964 0.5999647406803434 | -0.27271823114856875 0.7697152613546239 0.07683195687633614
0.282551989162245 6.331252380688218E-6 0.6560383740044008 | 0.00542781488503351 0.0025323168028344566 0.007507823667040324
0.3651406199027185 4.083558148597505E-7 0.644691225825735 | -0.0010242369188298247 0.002189849473435949 0.009504536256419626
0.40000005706474967 0.10679918547354969 0.20322035879594036 | 3.1032511882272306E-4 -4.2753041894310576E-4 -0.011250059582523063
0.40000306618936043 0.014754036025177508 0.22310274570199004 | 0.010929880120558169 -0.006923594470108189 0.0024466009173294383
0.4088021142559707 0.01231719179530477 0.4079858478544502 | -0.012099581037826419 0.177110769826365 -0.0065367301997517205
0.4092065145506078 1.4510119820994256E-4 0.40765157433315335 | -7.655993121631709E-4 0.005870170419202593 -1.4957634225051347E-4
0.4255051115274571 7.0520431035064035E-6 0.550952715209486 | 0.00398972279814164 0.0023433368060042695 -0.0064300331498275375
0.4186224339888378 0.05343929455094183 0.6169674095486544 | 0.024991139572378522 0.07935947992862538 0.08720898575969796
0.46007252137101345 0.05225581951775797 0.6848140670834525 | 0.02403109823498494 0.08374239503443605 -0.031894667108317835
0.4404051219072851 2.3334822190006145E-5 0.6327170787308392 | -0.0019763853800437723 0.004558508704172681 0.0033721053258925432
0.4553119771652968 2.475543940739551E-5 0.26419246026134124 | 3.44203114561254E-5 0.005673304074213238 -0.0018727130201113586
0.4685136209142554 0.047466803767090955 0.27889992907190314 | -0.013415326525465817 -0.5405057805361015 -0.030291523515652622
0.48750089360874643 2.789812245558698E-6 0.37144803242928615 | -0.006281727263417943 2.250314357478134E-4 -0.007594233386322048
0.5506824426651966 1.0466947798088126E-6 0.4259018423162632 | -0.006332479028643693 0.002218288834385679 0.004163576011488563
0.5896950882863002 1.6340217685586607E-6 0.5897865674173997 | -2.300147313564098E-4 0.005465085033736056 0.00129923541872101
0.5024460416240514 0.027671983902120244 0.5838189174082289 | 0.03504455600554312 0.19622691835572814 0.06598937354426099
0.517648689240517 1.1532087902819621E-4 0.6564277097415021 | 0.004770987880631565 0.003633844181914873 0.003401548119407652
0.5154874786881641 3.190698816093893E-5 0.6339595915587165 | 0.0027275521166373346 0.0024069066765827446 0.007366544717170546
0.583386454084728 2.0803949741938134E-5 0.267979117458948 | 0.004689506949710715 0.004924257412417424 -0.005351550435869398
0.5755844829028057 0.01588608771393471 0.2609338577564462 | 0.008476141805812054 -0.5091742353603296 0.0016440995309517166
0.6045308277414138 2.506108900189258E-4 0.29142465588444777 | 0.07730473443090422 0.8241986770664906 -0.25410600095816477
0.6174304213219289 0.051675866562971164 0.4192496220912798 | 0.08747847532821688 0.08043959072906448 0.027798008374788494
0.5854726027355847 0.027857929720207293 0.5028797949587932 | 0.0896096290880463 0.2119570627412145 0.04808662614928323
0.589890994925424 2.762268399473426E-5 0.5899801540531255 | -0.002671862330743194 0.005078648621820684 -0.0013063910611190049
0.5934175045864708 1.415807989578716E-6 0.6813111922113066 | 0.0067307037084657515 0.0014573854471584989 -0.0058164605657586585
0.6054683544344875 1.1338650636769402E-5 0.6624917069214111 | -2.2328413991119415E-5 0.002758138545111983 0.0075386899816551325
0.6455391220560698 1.292069090130702E-5 0.28416379180766427 | 0.009453947553661735 0.002151494126554292 0.0031360164118127845
0.6424441651943187 0.0036712550822551072 0.21397871360535017 | -0.007947481182736464 0.2800903941653641 -0.004408139035115552
0.6566870632937601 1.7938393791052348E-6 0.28244399939676545 | 0.008153880338598611 0.002483321032404095 0.00557582182467975
0.6841342539983762 0.04930786918328313 0.45981481837205146 | -0.03260420115248471 0.10095848770354308 0.02576197652971241
0.6559646114039515 7.172845883157301E-5 0.5176157498444256 | 0.003976770445345509 0.00376109879422147 0.0041003058129844274
0.6814693717733501 1.0217768592413049E-5 0.5926933159589824 | -0.005501213522721666 0.001979822781343024 0.0064469767058437785
0.7393265892893148 0.001515826632479611 0.7393452944409109 | 0.02997947446493905 -0.134411064439528 0.03000696270487334
0.6488772714442838 4.693366919849036E-6 0.8841945536730493 | 0.007376275257185281 0.001392209140576198 0.003541312816920595
0.7931048896765003 1.4755925614342345E-5 0.14844605205371153 | 0.006203563307010603 0.0010167039526351397 -0.00640582311989309
0.8460636431162624 1.1921928154932465E-5 0.3311069194016112 | -0.004814951630911859 0.004039038850362835 -0.0012937046038578256
0.6442215254960308 1.1346051904920614E-4 0.3652085571851858 | 0.008726367481679936 0.0021720448784997492 -7.464412746047032E-4
0.6326977459239352 1.0667785238953361E-4 0.4403944215016082 | 0.0032255433701124277 0.004568020779159428 -0.0022313090998294974
0.6339334494707444 7.27901461046801E-6 0.5155047918778548 | 0.0072826977032902215 0.0026685013526034627 0.0027076615087665476
0.6624327218589025 3.8111906273650975E-6 0.6053899560950228 | 0.007365956623141886 0.0029450685944984864 -5.795839624221504E-5
0.8841960757245906 5.222419333738567E-6 0.6488704899666455 | 0.0035508780529086583 0.0013934642664142514 0.0073720361601344086
0.8060655610134106 9.163733873239583E-7 0.806065577119326 | 0.0060055212933639406 0.0015480159546862225 0.006005248045352051
0.1921562308686619 0.4000048307831806 0.19215625642786707 | -0.00642833210405791 7.691170983043637E-4 -0.006428331631674532
0.21850705937882262 0.40000314847830115 0.34560721607482175 | -0.005642300630740186 0.0027028641285376433 0.004783506503889523
0.23896650415767484 0.07482108262541226 0.400005105399074 | 0.007441668131409491 -0.012492702374610571 0.004931710452023984
0.1345724099895683 0.029891544306410184 0.40005334408858834 | 8.904262145604178E-4 0.0011128639017629115 0.008741271954770565
0.15503315892557556 3.2958362384735316E-5 0.47336067477801924 | -0.0031855847350976156 0.00453573043408019 1.3049078816603768E-6
0.19254099359110777 1.0802404099015652E-5 0.5690235847750164 | -0.0066062187904073096 0.0030300144968462258 -0.002066577052896436
0.1286690190081818 2.368473425844018E-5 0.6571443800117248 | -0.0025856105107523206 0.0033810754080901818 0.006201216052094051
0.1553112935438506 2.880030357329924E-7 0.7868345292779456 | -0.006142850678918396 0.0012842339990116079 0.006174568544902586
0.34561192578814676 0.40000292827972456 0.21850639704140914 | 0.004821768812370841 0.00269662782036166 -0.0056187200104799336
0.34351551705705113 0.4000026586348156 0.34350986298114244 | 0.0053412276430477666 0.0025524179167403624 0.005343526345325008
0.3235526908422731 0.020485098844202868 0.4000358797884779 | -6.528199033410399E-4 -0.01310016752891543 0.007576073751343648
0.27992617908242645 0.11032173645330096 0.40000099944242773 | 0.04487800153943611 0.006813206272845946 4.517998144868805E-4
0.2985145925822886 4.902064049985979E-6 0.5133198137923365 | -0.0048118416836401895 0.004556836676345929 -2.7649966232229686E-5
0.11521718079240266 0.038519519852757 0.5046602718046999 | -0.17022738569842083 -0.30219253481733166 -0.025088331304642688
0.21402633008498734 0.007494718491408598 0.6425009040659622 | -0.006289865545255258 0.05011182232540967 -0.015400896968665206
0.2574482818901663 1.895708407700377E-5 0.7972279733604674 | 0.002144022044509106 0.0025729673797192615 0.007450513359473431
0.40005895224023386 0.14726507957577573 0.2331798154380135 | 3.2650554683498863E-4 -1.4056760978890823 -0.016775005190343147
0.40002527258684173 0.014142144444064631 0.31996712961062906 | 0.010093714209217074 -0.0082218990449976 0.0021999608686420597
0.46457217670406636 0.04003446847090124 0.46474935638059467 | 0.058375885326562814 0.040666518760200915 0.00908417336129781
0.329541550889457 0.008901505935272292 0.40003217211521686 | -0.007442052532477304 0.00215880953993219 0.002710909139603732
0.3706705019550281 6.431130293469607E-6 0.4815673017743091 | 0.002064072022690077 0.004011266004877874 0.007627976628800621
0.3469590711500715 3.289588845450019E-6 0.5751083312846472 | 0.005962577900195604 0.0021186142051382 0.004504233753668831
0.3660231191028453 4.8485061154568654E-5 0.6556215980168274 | -0.005545147149316702 0.0036889485106955783 0.0051922061463088
0.348449884537413 3.248119806732128E-5 0.7290776738821186 | -0.0018826521056716213 0.0026228558099550387 0.006774373399367152
0.400000399479179 0.029604916819303273 0.1342483388165472 | 0.008180940669445391 0.0018825587813582972 -7.000028014657159E-4
0.4000240031539752 0.1203464144642588 0.2866910755737779 | 1.9953721644180234E-4 -1.221149173264614 0.016405766325368082
0.400132532755552 0.0048865816153733045 0.33483525431278344 | 0.002635763031788118 0.0014925182972022923 -0.008286188453057466
0.42167414932924135 5.792567215917356E-6 0.40483662722892366 | -0.006845219592259867 0.003463381862978495 0.0022161842280028496
0.42114782894048947 1.715846462240171E-6 0.5582204458987754 | 0.004501997442574517 0.0015547278717970593 -0.006879542188723789
0.42651645428248813 8.881252366508765E-5 0.5458652615100461 | 0.005517729550591041 0.0032303583160962334 0.003424259972075618
0.43256297760419565 9.156237852747201E-6 0.732496594337782 | 9.529634304226064E-4 0.0028331483462793175 0.00704791906919282
0.4370829369554635 6.369401990617385E-6 0.7392608657216335 | -0.007548267859474583 0.002468283841798489 0.0018491387967726604
0.47314745002020303 7.966950138525066E-5 0.15488348537716884 | 4.478428169095168E-4 0.004914782024209657 -0.0017196373755955943
0.5133503734311464 5.4128377601282064E-5 0.2989729590690403 | 6.439419671562655E-4 0.00378797733721598 -0.005597244797719531
0.48412405702944195 4.254966407235483E-6 0.3700107760008606 | 0.00944562531440145 6.976853438800638E-4 -0.001253230208562678
0.558815919877368 5.2611634776932856E-6 0.42100585107094873 | -0.006885982765070311 0.0014771446444874288 0.004548575863950416
0.5896744193815457 1.207972157813088E-5 0.589765208483844 | 6.193253138953501E-5 0.005437479684482847 0.0015664063068928503
0.5022291001536062 0.03234719013101502 0.5842815828800719 | 0.004780628664749837 -0.16937697460442558 0.05741127344305101
0.507244999708718 6.735176398964689E-4 0.8365276608140093 | 0.00511143013166407 -0.04610925540023298 0.0669241035488907
0.513300231297191 3.431937138028245E-7 0.7312143078008299 | 0.0049219094413440944 0.0032029461132685746 0.005142850418342495
0.5690109028574782 2.998174740931583E-5 0.1924938410856389 | -0.0022832255238307746 0.002976208140541201 -0.006578018646626959
0.5067536349683026 0.03841160757500856 0.11492946051238598 | -0.026432805890137138 -0.2765632174601846 -0.16696791914283
0.5755235387206762 8.142663837614291E-6 0.34700603235403354 | 0.0024851378880141623 9.535696766200067E-4 0.0069180843777433745
0.545957770670766 3.481945452229206E-5 0.42699537528656817 | 0.0033759750116985846 0.003112215767946185 0.005642357894762473
0.5857460037176078 0.03172732516721417 0.502771658121417 | 0.07464806193668551 -0.11823150106542096 0.016920710142021397
0.5896126721756456 3.2191175748601494E-5 0.5897049069225958 | 8.492171112072642E-4 0.005296056881096491 0.0022373983879513133
0.5943330801390675 0.02068898138805987 0.6819561909658207 | 0.06956726849585897 -0.32133555728881835 -0.006002755031538026
0.5979637039165018 5.982006554368149E-5 0.7168393036465469 | -4.1966862856133416E-4 0.0034618639612375907 0.0073946559401540405
0.6570513637936161 1.4248575821164916E-5 0.1286731030836223 | 0.006345926100495799 0.0032775627924989804 -0.0026344990375937564
0.6425034949731412 0.008110737191405598 0.21407664571082852 | -0.01575464109468963 0.048718735538101285 -0.007598916617859484
0.6559189559807599 6.702095356255503E-7 0.36604650176522724 | 0.004250487400730926 -0.015529199151925313 -0.004684075470377069
0.7326659214243246 1.46483003587387E-6 0.4325703990966069 | 0.0070113678570947295 0.0029745080429751337 8.149205849135685E-4
0.836480424698124 8.1970985401833E-4 0.5072153859490607 | 0.06704066483780027 -0.06957507274429463 0.004789518833526325
0.6817963169919715 0.02042644663966119 0.5938465346058998 | -0.006113967621343766 -0.3217069885023646 0.06748303931765622
0.6813514262345964 1.1103561358550774E-6 0.6810936239190504 | 0.004906873504138885 0.00304106708087044 0.0045080079242705165
0.6851259882930394 4.939227292930686E-5 0.7928380499065293 | -0.0032267174790427864 0.0016145260683049706 0.007932124071921507
0.7867338055553547 1.1029341372717236E-6 0.1553856783665232 | 0.006167848527980655 0.0012977802957026975 -0.006134086548444656
0.7972528071463828 1.714153492153016E-5 0.2574341304249697 | 0.00747605256651008 0.002559028669098993 0.002127332169210009
0.729100066855529 3.8532249764030045E-5 0.3484528242933976 | 0.006805960877233607 0.002649344064024944 -0.0016818126903994364
0.739266486746706 6.8378814961844965E-6 0.4370840737782869 | 0.0019037015201410225 0.0025089285015744743 -0.007513406538056523
0.7312129280561637 2.5962741292783423E-6 0.5132987291794789 | 0.005105890133456097 0.0032927541740687275 0.00478332573111426
0.7168391927097757 5.850901496312657E-5 0.5979629773071475 | 0.007377112641024512 0.003491410121334651 -4.470029424886139E-4
0.7928346077503938 5.2350817337555735E-5 0.6851248329640839 | 0.007928770983792138 0.001618474797042864 -0.003222211889755152
0.7988240301739596 6.403574516737072E-6 0.7988240159895251 | 0.005836397842487109 0.001739644972511116 0.005834957665216215
0.2140629248530909 0.4000048197214068 0.21406293638446477 | -0.003864393730194501 0.004092412148722031 -0.0038641698015013807
0.23210855685321455 0.4000073546479893 0.3431599007755431 | -0.004622028253340367 0.0016421429489151403 0.007040768504118921
0.24143599954343017 0.07803004698342315 0.4000001403297553 | 0.003656137040489602 -0.015941942004031446 0.004122645430387787
0.14327130955619374 0.030316210203735 0.40007505993906545 | -0.008741209823839106 -0.0010177561814910115 0.004957012421962987
0.07010329317645064 2.5225322369263042E-5 0.49284100581386425 | -0.005245834445775005 0.004315835167031144 -0.0010095361800891635
0.20011270755101906 6.06851922824683E-5 0.5661508827840237 | -0.007361350155126915 0.0026044150421447696 -0.0013531784636182699
0.14374458903254214 9.180905820624201E-7 0.6543798742831259 | -0.008940954721016997 0.0013725796453168077 8.76724575031482E-4
0.16581142613410052 7.007381545818197E-6 0.7755695062928569 | -0.006267639845764508 8.792318872633533E-4 0.006456993239973642
0.34316243617854403 0.4000072344800633 0.2321086600234608 | 0.007051506878598122 0.0016398867814924139 -0.004609066778686661
0.3435082821909901 0.4000016534490282 0.3435028930839878 | 0.005351255986864245 0.002539874051948368 0.005352359148086452
0.32246907074921244 0.02008502462953893 0.40002219461702043 | 0.00243946877818931 -0.012619983830795017 0.007655142193429326
0.2974970647891729 0.10779596214599017 0.4000014212110713 | 0.00895978788871298 0.0011670508764620986 1.0640058770007383E-4
0.300161167782936 5.570277700757161E-5 0.5132524033632995 | -0.005765383866764304 0.004021064546123027 -6.4009571955851E-6
0.11522887515706773 0.03808315413022775 0.5032561032626587 | -0.1664601239014909 -0.2690953282366654 -0.021475506710027792
0.21399219997641047 0.008304206032859465 0.6420613393000236 | -0.007421463857489117 0.010655720801373858 -0.01910093864515676
0.25730544743426453 8.993329332961659E-7 0.7944005439610066 | 0.0020988278839084904 0.001644358111818724 0.008384652641345764
0.4000000391867322 0.10047815533883042 0.2428535683834677 | 0.0032144070010317136 -0.007165016878593012 -0.014576862227797593
0.4000386190782134 0.01411264250230414 0.31856602345292945 | 0.009068251024172358 -0.00717911295769404 0.005430941277590318
0.5183530935514455 0.0557760104431053 0.504856477419086 | 0.12476014079493204 -0.573947294443421 -0.014601954285212451
0.3234426616642817 0.01284669887632778 0.4000446373686398 | -0.002467721319302706 2.020689290472854E-4 0.008997395009826683
0.3713270480901011 7.810225547035684E-6 0.4821358266852434 | -0.006622195738231458 0.003605248628708979 0.0018952428615530753
0.3427766351954669 5.239201265472033E-6 0.5788050848694907 | 0.007547756539750544 7.516760158038942E-4 -0.003774596000160231
0.4327673607007148 3.575469732658472E-5 0.744111779661189 | 0.0031920587468297038 0.00411442911394963 -0.004382006019738587
0.35178725486084494 7.382543621244406E-7 0.7305608266788157 | -0.004177808497394057 0.0024206813556861386 0.005911890780901772
0.4000320790104578 0.030579945281581297 0.1430329623000609 | 0.004735983246530593 -2.2207636576788146E-4 -0.008555150193359399
0.4000000102210465 0.14905681460793532 0.2986355335092788 | 2.095189317443916E-6 0.004951866170148212 0.002500218930588644
0.40005340884219054 0.008304444262940146 0.3286253241751531 | 0.003283172015117607 0.0014680952258894016 -0.007795436637271584
0.41835975789182317 8.152996040026818E-5 0.38783249528536373 | -0.0031957721711305914 0.003243683717955301 0.005933270252502105
0.4234853675202486 1.5462301539358013E-7 0.5543701795423857 | 0.004367070156787534 0.0017262170415762851 -0.006871359384391513
0.42635779729501583 5.905471824867745E-5 0.5425002934037296 | 0.003961165086936696 0.0016486222536915354 0.00713309760988183
0.4326654201642717 3.3023156082803704E-5 0.7332537831601882 | 8.879555397966063E-4 0.002970125801274763 0.006914473343577612
0.43738029481492374 3.774636254387536E-7 0.7442996310012704 | -0.007960514706468235 0.002162235793139454 -0.0014239363454997245
0.4925644507846743 1.0489743187501544E-5 0.07033684935767652 | -0.0011424518437930888 0.00435452433525133 -0.005124864250143665
0.5123593309481185 1.084413583469685E-4 0.30063375768259853 | 0.001232300592094581 0.0033238776753736084 -0.006232477759074139
0.4847865498689008 7.006710790759455E-7 0.37030424446027804 | 0.009807116995805321 3.4565590666985556E-4 -0.0035087064890663906
0.5541416134201673 1.3708207359082597E-5 0.4237214977079959 | -0.0067229694824591365 0.001616960566694535 0.004582917188387563
0.5896713800571952 2.388617532882321E-5 0.5897633136333612 | 1.0474987496029676E-4 0.005436676767367188 0.0015699447692750664
0.501850962529407 0.0022978794071224027 0.5825366554000122 | -0.00357668243521394 -0.16988034827411494 -0.010069898716900208
0.5072907923466452 8.275797278660801E-4 0.8366250600068564 | 0.006662780359602165 -0.04549678459626619 0.062082395309077915
0.5125780703380964 9.549971471206328E-6 0.7415875324720516 | 0.006716349200710911 0.003237729941392051 0.0018509856762690265
0.5661329204870649 9.931200033290813E-5 0.20008112762972827 | -0.0014692397809810565 0.0026108369519457215 -0.007313281148929078
0.5055718689902282 0.038857241084056526 0.11484616608139839 | -0.022311486901199735 -0.2595608786119356 -0.16266434187562567
0.5787182496894752 3.571906568303744E-6 0.3427942244320894 | -0.003669486005043843 4.089800189327257E-4 0.006734800680902354
0.5425722448241529 1.643547456116253E-5 0.4266422948757272 | 0.007125467151355423 0.0014206714387441947 0.004208912420823348
0.5834455232070859 0.0035386551020019407 0.502071667285119 | 0.0074111880685229364 -0.11796653491424255 0.0025599415476133458
0.5895488702257363 1.2783646010098582E-5 0.5896399454279557 | 0.001575693179842931 0.0050530183488193305 0.0029174332777434286
0.5205379719535496 0.044627256051328265 0.7338738465259471 | 0.08319885426178417 -0.22475084006884571 0.06622417540874562
0.5938996897393439 6.0384320816307734E-5 0.7264657160144979 | 0.0013468712816253532 0.0033594422992562585 0.007181504572279203
0.6543522103996309 3.860818972763586E-5 0.1441036140594872 | 8.628578440156054E-4 0.001324864718676676 -0.009023233927940766
0.6420830239730068 0.00753290982574745 0.21409636248248093 | -0.018467075882557905 0.0342508694527493 -0.007981096876422962
0.744180134627864 9.008486106795962E-6 0.43284407785485524 | -0.0041776521146982505 0.00429800434798371 0.0026793225285607404
0.7328588302725068 1.4516473375029179E-5 0.43261488053111247 | 0.0069762157683335635 0.0030136468471782573 7.606438727840894E-4
0.8366281359195566 8.096874454145145E-4 0.5072771548884172 | 0.0612762374205719 -0.055135545214079554 0.006578591966581617
0.7316621815229045 0.04962601000350642 0.5199933105949123 | 0.07019833140296888 -0.2516778575593227 0.08589421006778483
0.7400269216567592 0.031845863168344674 0.7400362851035134 | -0.024989412777001615 -0.11989188497877036 -0.024939404756543295
0.6863594395928329 1.923733287528099E-5 0.7936476698298007 | -0.0038827426111314855 0.0015971702009800078 0.0076372908609018365
0.7755541782602668 1.1479985447637645E-5 0.16581275463516873 | 0.006439294802774375 8.875787841854029E-4 -0.006276325847827751
0.7944259654653775 6.425700419292668E-7 0.25729476265022627 | 0.008390495041622219 0.0016480262961464126 0.002081039483071619
0.7305859373889841 2.7327223163783884E-7 0.35179253384957665 | 0.00608656920125028 0.002479977171075733 -0.003833272931280447
0.744308615110117 6.835269755981887E-7 0.4373871115612239 | -0.0011927282235949916 0.002229065177802759 -0.007961107128974344
0.741587953357087 1.0559873447019947E-5 0.5125775180699086 | 0.0020011903093040085 0.003319079531188633 0.006567530912943537
0.7264652706178534 6.012129526081049E-5 0.5938989729655092 | 0.007184082005392697 0.003364895856309696 0.001324662101198386
0.7936460746985547 1.98468524450765E-5 0.6863608314215558 | 0.0076330227953995645 0.001600310769741357 -0.003882374794644796
0.7896547180742174 3.3462028921727534E-7 0.7896547403606216 | 0.0059308558979107 0.001490923530874974 0.005929061727477225
0.2252411249884605 0.4000002772006596 0.22524113243400132 | -0.0035771873975985894 0.004312709830594022 -0.0035727386164896785
0.23617535161799136 0.40000151306119375 0.3417757589287807 | -0.004935107638059946 0.0012467910811858303 0.007214184372735133
0.23591364378939253 0.13833865128738312 0.40008533114004435 | -0.006423254557674209 -1.3551228376424018 4.297015055284328E-4
0.15698005395813494 0.023368391597449464 0.40002219130863664 | -0.009346442901218324 -4.284636030063324E-4 0.003340072196313262
0.07383820665782587 7.776516265711741E-6 0.4929270361711914 | -0.00544763118092363 0.004216480550605207 -0.0011496392452541308
0.1958512080144662 2.2950840422027722E-5 0.566170780261137 | -0.007070413451815688 0.0029178775714883746 -9.433591057625801E-4
0.14533161919146603 1.7071662525860345E-6 0.6541914435898009 | -0.009038545114079677 0.0012839136461135505 7.413698990555463E-4
0.16796308735972254 2.2232537758213576E-5 0.7734557483124345 | -0.006507395787835619 8.108783002050274E-4 0.006280971815145388
0.3417752611880985 0.40000161049353294 0.23617502387087874 | 0.007220939107433204 0.0012457842437435707 -0.004926521205355432
0.3434911296506791 0.4000071549112912 0.3434856740530108 | 0.005359680296782716 0.0025284464501713756 0.005361063059266253
0.32308051939316385 0.02137734877384887 0.40005112938374143 | 8.54399971393257E-4 -0.013432213859116682 0.007176369414494168
0.3157306885101661 0.10932405878547802 0.4000000208846354 | 0.008739291921834156 8.190322222318688E-4 7.134522241635225E-5
0.30104654427935496 8.791624505663288E-5 0.5121186102217661 | -0.0061214616184314214 0.003813965634860777 8.433951837996454E-4
0.1063093051171343 0.004204603439527883 0.5649143544124114 | -0.0395101463034319 -0.09761908855406215 0.0673778011597654
0.2066127838328461 6.124853449002236E-6 0.7163318388800656 | -0.008733012270127563 0.022734863742789706 -0.0016945690527261999
0.25736179776768553 3.275665371712407E-6 0.7941432903599162 | 0.0020043479238448106 0.00160368838927514 0.008444089028407254
0.4000000811606528 0.10094793133832125 0.2429722112912426 | 0.0028959188922643223 -0.007246253996782016 -0.014515782664709619
0.40004435228217994 0.014007856636144046 0.3179109137569317 | 0.00851682754967611 -0.006505093943975482 0.006422193998959114
0.5097977291625425 4.5420133716179794E-5 0.5088872965019655 | -2.9635314763116227E-5 0.005661449164570939 2.5214040566427407E-4
0.3244251744215106 0.011468726885118238 0.4000710345839161 | -0.004553575298658093 0.0021966281720683318 0.006349009895531453
0.37068840890812177 6.443322434519015E-6 0.4819736992608878 | 0.0032922905375455847 0.004249085243039467 0.004901531252402245
0.34713359041869674 8.100434782701592E-6 0.5763244378067971 | 0.0068267813936629266 0.002506904640408253 -0.001545214417888426
0.33924922422646203 0.02805508109876018 0.7703901342084829 | -0.02270422066462045 -0.3209161774566444 0.06858486813262196
0.35700616337511504 7.4145301731308005E-6 0.7516223616943728 | -0.007033725249466617 0.0020722086247652416 0.0031523560925466815
0.40002692765447667 0.024108478037030787 0.15717257208441662 | 0.003290274336345072 1.2779963183972187E-4 -0.008670704962646705
0.4000000159266015 0.11144098135684428 0.31102773910493475 | 2.230252167899638E-5 -0.0012777545525305036 0.01032132671303634
0.4000673796827386 0.010695120411129126 0.3244519920915291 | 0.005923869311956902 -7.94560721250788E-5 -0.007346906020700616
0.394190807283515 5.731408034459221E-6 0.4038523407472753 | 0.005206982888493882 0.004054973930453597 0.001232547010951483
0.427398388596839 7.36045307993003E-5 0.5450498632981116 | 0.002655586664721366 0.00334846907373695 0.005749353585264742
0.42628687280220995 1.3295398523676774E-5 0.5429542968646885 | 0.004273992356223785 0.0017286549867396332 0.006872957095023106
0.43268043535682704 1.5463177917001672E-5 0.7332991877876873 | 8.678466452401906E-4 0.002969809502631614 0.0069187930496296506
0.43691130095095415 1.961597915096788E-6 0.752734087771628 | -0.0072320905374126596 0.002010996780965836 -0.0037612009869229615
0.4926103253827054 6.030892281880471E-6 0.07381290204429695 | -0.0012662492110599118 0.004252716217709739 -0.005314590987393731
0.5113228258185358 7.827215417737997E-6 0.30086285629701875 | 0.0018813397207076722 0.003283985073437453 -0.006215586582423524
0.48449726238374663 1.044187402678522E-5 0.36931106324007645 | 0.009268719840127964 7.361979185344767E-4 0.0019485135885023597
0.5450951233255098 5.760239565039222E-5 0.42743597988527166 | 0.005621909458001998 0.002887416271157807 0.0039163268264456675
0.5112834035417795 5.787722150364453E-6 0.5114551349446671 | -6.775331211406322E-4 0.005555043068592786 -0.0015446706334174894
0.501996505472215 2.41113278307504E-6 0.5824174793215363 | -2.3031679207269915E-4 0.005547373370506478 -3.4596339732062255E-4
0.507325392677665 7.075320809954582E-5 0.8365998585293368 | 0.008769566205068934 -0.12269439256771811 0.06500622364655612
0.5131122157226582 5.1719506624286126E-5 0.7514903684259172 | 0.006271592025737792 0.003415645826980516 -0.0022458005898119667
0.5661536815789993 5.721859649460861E-5 0.19582139919714917 | -0.0011224656362481638 0.0028962521579231452 -0.007047898781695695
0.5657215154378553 0.004936454469202322 0.10485591029307394 | 0.07023527522150598 -0.07462460479615843 -0.04315349432651214
0.5766992653352854 7.336994628156176E-7 0.3471105239768642 | -0.003581019404987437 0.0012743366757501508 0.006033148909508455
0.5433194415705626 2.006148475259977E-6 0.4267791717382035 | 0.006827658699698021 0.001646169718813785 0.004346628300494178
0.5829498531631058 4.5702552301504536E-5 0.5020560516072412 | -2.5756010085611165E-4 0.005616922586923224 -1.3282161137688332E-4
0.5896076951070887 5.602565259392675E-6 0.5896989642955113 | 9.296560459910235E-4 0.005264029060240419 0.002365666791597596
0.6004856541094507 0.0038409496203977572 0.840459288412159 | -0.016456711388662264 -0.7822302520964759 0.11424636961387881
0.5888400869163034 2.8073029977311215E-6 0.7617824882613953 | 0.0010927420850629075 0.0024933718272507678 0.007901323027612017
0.6541680267803136 4.069077074358106E-5 0.14574413827770955 | 7.249973764603174E-4 0.0012365580307911112 -0.009121891890987053
0.7163995669038771 4.528127309893522E-5 0.20670473890608976 | -0.0013111983303475637 0.02347358024440026 -0.0088060189824412
0.769889229984074 0.03332361545161527 0.33790381777283246 | 0.07674226895710226 -0.31529954102123403 -0.02662989080574793
0.7332639367695889 5.245030762306441E-7 0.432745346867637 | 0.006925091799381521 0.0030814530389755967 5.659246873963023E-4
0.8365928057167851 1.9563622700104986E-4 0.5072925620841167 | 0.06480189966051707 -0.12114115919788901 0.008729898976148957
0.8404158904669397 0.003900631601777539 0.6004574133978394 | 0.11432031112856571 -0.7817837859509801 -0.01648850846019044
0.7396878856633857 0.023468048079032015 0.7396995818512186 | -0.008347493917719028 -0.3670207255553106 -0.008262889246879143
0.6867514534686331 5.227694162528143E-5 0.7941107142207166 | -0.004088536031426346 0.0016159886322529556 0.007514350344922359
0.7735925814317509 3.8033062131482173E-6 0.16777383599136497 | 0.006288595548947792 8.197052369316854E-4 -0.006490648276033343
0.794167934090622 1.714688044946329E-6 0.2573509003211367 | 0.008449305096655353 0.00160722852105652 0.001988657971524463
0.7516446898088837 5.233789507682303E-6 0.357011673919892 | 0.003291799550398807 0.00236437054820881 -0.006709842908924413
0.7527365103987042 1.374213393020184E-6 0.4369070391621088 | -0.003263588660269372 0.0021222125749486764 -0.007367723338802211
0.751490668205769 5.284212924314976E-5 0.513112080260772 | -0.002021279294515451 0.003469416636179061 0.00627780913838998
0.7617808201707355 2.2503452688063912E-6 0.5888389749859689 | 0.007997991269875064 0.0024218216734630126 8.813561207219004E-4
0.7941092982623829 5.268303879117632E-5 0.6867529014428977 | 0.007509582089155639 0.0016190878854135235 -0.0040890047986365
0.7860554770408335 2.2564323165831466E-7 0.7860555174245097 | 0.005929467401069962 0.0014983564402470768 0.0059275767672893115
0.2393892278999267 0.40000018324521935 0.23938924631536512 | -0.004824448901072661 0.0031802553520879373 -0.0048166896319695885
0.2422307416645387 0.4000016262909018 0.34188467932271305 | -0.005362241870077787 0.001133705836744712 0.0070082863517685065
0.23951959242381704 0.009752685167656079 0.4000422830025912 | -0.008335401173899555 -0.007581508870096702 0.006756973249211543
0.1918138186759429 0.09339585705435659 0.40000897177705197 | -0.006980713544913787 0.0032435181621141354 1.5546749526848454E-4
0.17299256508253275 3.794011934275273E-5 0.4744076158696507 | -0.006484501677090307 0.002791868919710922 1.4129415685321936E-4
0.07923898284870387 5.11269271584872E-6 0.5823521985801908 | -0.00573938784607677 0.0021826925897885396 0.005476261158439243
0.14641192996084107 1.1591101741758605E-6 0.6542830962401859 | -0.009097716449828914 0.001233812631748244 5.864706754501041E-4
0.16996988155755244 2.5479178007102068E-5 0.7715597396365139 | -0.0067378169879686286 7.636856220048099E-4 0.006078623418616699
0.3418846628590171 0.40000157416690624 0.24223061678701943 | 0.0070108008140528835 0.00113309861653604 -0.005359616292472244
0.34356941898490995 0.4000016311002601 0.3435651625503755 | 0.005284652182028923 0.0026310128711535662 0.0052804683951745215
0.32246788369618573 0.020823299950372996 0.4000064781084047 | 0.0024252137985440237 -0.01299642030389941 0.007280330130047989
0.31061426444162016 0.1048042954340287 0.40000000030756133 | 0.007219005343636224 0.002488916723128816 6.722615431254586E-5
0.2967009151116409 7.779772486753117E-6 0.5095676320638081 | -0.002911915707328069 0.00498771655110155 0.003368649302968134
0.07627357993212962 8.354097708176794E-4 0.5867540210723873 | -0.07311659529377226 0.030603483018532447 0.020043247257894036
0.20795635128386314 3.740740696899355E-6 0.7165564392918764 | -0.005020052551777597 0.0042374382586012945 -9.19302623121019E-4
0.25770471993668687 2.2068838870153134E-5 0.7933826362120642 | 0.0015457872592501169 0.0015188468022775087 0.008614337548067135
0.4000384105442985 0.009385734299908887 0.2391835719049642 | 0.006836630026247 -0.00396749011449479 -0.00908517344504185
0.40002679717474043 0.01103769107100662 0.31541497942226937 | 0.006479215899621611 -0.0018825195533243586 0.007865365697058582
0.5040771643774702 7.318854155960957E-6 0.5034016414957238 | 0.0029895028297569353 0.004731825929235122 0.0031110479658638074
0.3199997557873648 0.013617960502566986 0.4001148919356643 | 0.007483836053573012 -0.0015967150187451839 0.006885047833823325
0.3720846777752196 8.532972242250936E-6 0.48520348877187536 | -0.003525117849576494 6.062653651858327E-4 -0.009290228552997454
0.34702038044405337 9.218194430493158E-6 0.575965837295166 | 0.007069674678757269 0.0024367049800786086 4.674665292170757E-4
0.3518161507083078 1.0499424344090653E-4 0.7138726780990197 | -0.00282939677224462 0.002312906550135315 0.008950463847253788
0.3621894223044689 1.7970192963687146E-5 0.9114021624246703 | 0.0023202545585727236 0.00149546665542489 0.007747948794752928
0.4000034226554592 0.09495585501284878 0.1923119840112344 | 2.759660956866613E-4 0.001630177417660303 -0.008842382996697068
0.4000000242103419 0.10458776940771057 0.3106064839018286 | 2.3581900913051634E-4 -3.737262693094752E-4 0.010158882270610615
0.40010171260801136 0.01321574306437152 0.323842108105904 | 0.007556050640789702 -0.004093592367846334 -0.007570072885020697
0.4075848051760186 3.5352943094453494E-5 0.4086527412394962 | 0.0010115309141709205 0.005735216929574777 -0.0014256488291064541
0.42846577579635026 4.199161587637617E-6 0.5409964081881025 | 1.1279453899713328E-4 0.0015929274575225314 0.008231022492816683
0.42591027749343197 9.685190953449402E-7 0.5445862621074156 | 0.005750294793969721 0.002118809027362389 0.005186383232968112
0.43264846781196964 2.955578441588168E-6 0.7334852877745202 | 9.717746312833315E-4 0.0029922961991633726 0.0068811337345184576
0.4343467491744055 9.860772874817897E-6 0.9279855378641969 | -9.801219062540716E-4 0.0029855730292246948 0.006995119053283755
0.4744557310169351 2.105100531354367E-6 0.17294581087765795 | 6.016388416271721E-4 0.0028282094289851394 -0.006457089794209034
0.5096948002803741 4.38204881889739E-6 0.2961394893987545 | 0.0037852751814615045 0.004448455340036701 -0.0030197969685949308
0.4865152201800912 2.186258136940367E-6 0.3708157165014697 | -0.0025376016379932975 5.946350370916677E-4 -0.009281381945944913
0.5410180090033757 4.052367347336965E-5 0.428565782273376 | 0.008306235064940257 0.0013939852276643456 6.197223887380768E-4
0.5083939422468725 1.07777560202692E-4 0.5085807245903563 | 0.001083524645631807 0.0055935674481114046 2.1502157547825392E-4
0.5018267399112829 3.324539197595651E-5 0.5826678346250047 | 2.634343294854085E-4 0.005384727292570545 -9.59652340427276E-4
0.50724061673207 1.6606215865658095E-4 0.8362276265032034 | 0.01112711867730571 -0.018670084514707662 0.04737571634430018
0.5070378972914792 6.223873947178316E-7 0.9288220651051893 | -8.656040042748029E-4 0.0023618077423049047 0.0076665657249277265
0.5821638070487325 9.743101451858746E-6 0.07951825057407494 | 0.005559370691105354 0.0024203965752186015 -0.005337551047232274
0.5868382454460613 8.482968270479834E-4 0.07628727980072152 | 0.019249999751234013 0.007414048893256853 -0.0716102123323656
0.5767932452458153 1.7578779569255856E-5 0.34722282916096703 | -0.0040803201548577665 0.0013098785258094374 0.0056667581380810276
0.5448596204640477 5.8282098537241025E-5 0.4254554626253115 | 0.004246394956173009 0.0016602307155400239 0.00686393713087599
0.5821471096838394 9.644279015865618E-6 0.502371329662716 | 0.0013726206836293408 0.005519586132685281 -7.755273466513658E-4
0.5898656503515507 2.2737013604558417E-5 0.5899562278918156 | -0.00242413829552113 0.0051724120263014674 -0.0010316516531592773
0.643298980976724 0.005321173046761988 0.7502580681221316 | -0.028477579919503202 0.4297858848401286 0.01760999917905716
0.5760221869900171 6.029829802502752E-6 0.9144600206683774 | -0.0018454375015601306 0.0022783128995913803 0.007255612111253673
0.6542960722089592 4.732565267566853E-7 0.14646427534059026 | 5.969584568059163E-4 0.0011954917759005093 -0.009168863255513816
0.7166275866957869 2.6947031521757167E-5 0.20805306002602547 | -8.374390314210336E-4 0.004225452972262984 -0.0051830192144721845
0.7095646493889748 4.2752537600202555E-6 0.3536843580723861 | 0.009655705260795233 -0.01661813572191798 -0.0030392331618435855
0.7328546195092547 3.917014758639748E-5 0.43265173048044037 | 0.006968435495336367 0.0030271956107269862 6.849949514062022E-4
0.8361634458487327 2.6177747761402134E-4 0.5072208607001185 | 0.0479723776476251 -0.034492411979187065 0.011102996821527815
0.7502846252660546 0.005381262829217923 0.643066213034362 | 0.017562902953278153 0.4295115999458124 -0.029712556347614383
0.7395689325339007 0.0011847313120019317 0.7395838730107185 | 0.0071058914038090604 0.2803603511532166 0.007245265377799754
0.6868205299852469 6.3192304526911555E-6 0.7938661003745879 | -0.004112359868101698 0.001582156145382159 0.007524167651119039
0.7717508044161708 2.585389320303673E-7 0.16974346742940138 | 0.006087889298018306 7.715945124196417E-4 -0.0067212916192001555
0.7934061318376642 1.7490127120886473E-5 0.25769305684693117 | 0.008616654663291893 0.0015229196666045526 0.0015386980279212517
0.9113934226877716 2.2785118947999958E-5 0.3621964593241436 | 0.007732349320824888 0.0014949263234643297 0.0023685121640202316
0.9279869666374027 4.250936375135607E-6 0.43435100167944996 | 0.007003756552537808 0.0029786489301931508 -9.785396834753757E-4
0.9288071846723568 1.5810225995730586E-6 0.5070365279908844 | 0.007658829088467598 0.0023655397691073575 -8.655115158401151E-4
0.9144627639211115 4.497365613203612E-6 0.576018166835132 | 0.007251859064483302 0.0022834938862202107 -0.0018436915755100573
0.7938646948091735 6.655385290485582E-6 0.6868219395876414 | 0.007519614153176009 0.001585109227955523 -0.00411291369128679
0.7819680391913703 1.1863498482709908E-6 0.7819681357709999 | 0.005923647487884075 0.0015715801770599912 0.005921687945165209
0.25213007088753747 0.40000718712305305 0.2521300802829471 | -0.005277194784833887 0.0026316589799310806 -0.005279169893931951
0.2498498871448597 0.4000012233897605 0.33922821154863536 | -0.004605073459260511 9.461448057535454E-4 0.0076869020143421314
0.22447106609113476 0.036279925627676235 0.40002392698141576 | -3.9651076948216997E-4 -0.014458601347293917 0.0061971763853253
0.20884630917840274 0.10524383017171705 0.40000071698067485 | -0.011400490881662518 0.001048338491406306 1.988397220583112E-4
0.23327847568022828 1.8718987489044193E-4 0.47950157542565075 | -0.002999847934648683 0.005043467480319819 -0.0011071171998664256
0.19636832841082616 9.894749267071371E-5 0.5663767454517299 | -0.007108824167985566 0.002864527697856743 -0.0010909477565975959
0.14933298995757707 1.4709061305156777E-6 0.653856133786227 | -0.009191707378421508 0.001147830025993816 4.876371601268221E-4
0.1871550320669699 3.6796810991771356E-6 0.7575307876622696 | -0.008882371368070938 0.0010328541665022264 9.651159229903429E-4
0.33922818798137083 0.4000012065294853 0.24984966577103243 | 0.0076843388794814995 9.4599753701197E-4 -0.004609418479963323
0.3436430936977415 0.40000239507411595 0.3436374705888695 | 0.005188665572055251 0.0027497287664123736 0.005191041619184161
0.3155671594336643 3.101728600534738E-5 0.4473060335161748 | -0.003131315096341326 0.005087026195607503 0.001485983129293061
0.32453173443567884 0.09394467513155105 0.40000004741487893 | 0.002762498011612892 0.005075899784547214 2.1093425319202268E-4
0.3014191546380288 6.250959860160899E-5 0.5111086735585343 | -0.006191567811443337 0.0037339906813627093 0.0015318180496063508
0.26633290753696925 4.993122087162778E-5 0.5915906635167367 | 0.0033347708464080868 0.003007643178290883 -0.005733849375528465
0.21552537608681296 5.985948633848913E-6 0.7170747420644855 | -0.007814288176054607 0.002221675374094 -0.0010699200668376032
0.2590417315869733 3.7986621992752047E-6 0.791025852507135 | 3.0642891155941516E-4 0.0013106363781883853 0.00892054856593636
0.400003851577182 0.03643984819583155 0.22430512094691094 | 0.0064078240100963356 -0.014949099001666634 -0.0012069921741073215
0.45771200004243257 9.132165406207078E-5 0.3057923003159465 | 0.0011827088779530828 0.004797296553851087 -0.004413770792689089
0.49879091967319883 5.3208438555669356E-6 0.49888350035452644 | 0.004173379234750014 0.0040013121165822715 0.003842082684393849
0.31791003227685094 4.1378798213262765E-4 0.4000403170127112 | 0.004192133649202127 0.0038202610064416572 0.0041326730839580245
0.3735275519790896 1.179783800799194E-6 0.4843761980418473 | -0.00756038924306722 -0.01719232791869197 -0.006288961294526032
0.34440753475015823 2.513691107498894E-6 0.5751016607056184 | 0.00813142866775228 0.0010851029313582537 0.0015292975407402987
0.36534115928733213 3.412001310488177E-6 0.649789840173531 | -0.0018110752322779064 0.0024902418232088763 0.008491606609032712
0.3498514454841719 2.1111282667957754E-6 0.7433066440663195 | -0.0041068389525982475 0.0035271446590141283 0.0043058727480628925
0.4000002749833236 0.10410683658557185 0.20780713545047383 | 2.871770646848949E-4 2.107138884446313E-4 -0.011350062088680885
0.4000008373471201 0.09332127075255157 0.32439641060917285 | 3.1502223729126843E-4 0.003796329800997477 0.005773295675252461
0.4000849567894462 1.9770106877162934E-4 0.31205791091387225 | 0.005495842905058133 0.002185098832494817 0.005511640555100562
0.4248608146128011 1.7254233748687143E-4 0.4260172178847697 | -0.0027002803938999394 0.004633491171941707 -0.0037420891275193246
0.428854075726197 4.662777838337452E-7 0.5399527091987091 | -3.1837115869525205E-4 0.001426233729427495 0.008357061088267292
0.4448830548905805 6.690779548984023E-5 0.6413607430157499 | -0.0038554943956242544 0.004550317156776542 -8.818386178799297E-5
0.43193899257742924 3.8882715235770334E-5 0.7278687042876494 | 0.001107138097955105 0.0023955981258629282 0.007380098752949747
0.427278090236816 1.6679669932938349E-6 0.8404157360018067 | -0.00734201520436746 0.001907388060903994 0.0028661510280763454
0.4795015119474629 1.949646072032398E-4 0.2332804489945515 | -6.164447286218971E-4 0.005088999334362343 -0.0030556797158180237
0.5105562667012554 3.441802862990557E-6 0.3010470839605544 | 0.0023258399580381914 0.0032543049034935633 -0.006200255644832973
0.48703278922634974 3.3001632189638053E-6 0.37217502119551904 | -0.0031508555356149766 2.7809595598136055E-4 -0.009293423587634532
0.5397224174452131 1.4285666554095904E-6 0.429042619615321 | 0.008478109866933582 0.001206633646639411 2.574531063552274E-5
0.5344864026165003 7.872713841860204E-6 0.5346634581227684 | -0.003083451027118844 0.004606802983809434 -0.0033493211304867114
0.5017912042922756 2.5880294973939557E-5 0.5831995698581609 | 2.366298158895459E-4 0.005416219060700219 -0.002322045097142913
0.5145467619750319 6.512959772887733E-6 0.7321090918252116 | 0.004147535968563366 0.0034335532836695893 0.0054115882542225095
0.5107996849702265 5.799392727484908E-6 0.8337735720027316 | -0.0056782294275737975 0.0011738656546399196 0.0068951000728541476
0.5664411600149534 1.3175351986811505E-5 0.19599196690243217 | -0.0012691603712747274 0.002864097532406439 -0.007054403758382153
0.5916555166368405 8.220532653992982E-5 0.2662986542467843 | -0.007754720338201721 0.003714040220858947 0.00322554642163308
0.5755531383207215 1.1406122436503419E-7 0.344493983003014 | 3.645634705243383E-4 6.46767166877211E-4 0.00792459563114689
0.6412687284919193 1.1428423886563352E-4 0.445095820002972 | 7.242861387565676E-6 0.004510709947975039 -0.004045511708548313
0.5850099735065256 6.217472022465712E-6 0.5014950528905 | -0.004090161658752857 0.004880201407638019 8.548217217216921E-4
0.5896687490155892 2.667120422026167E-5 0.5897620778972946 | 1.403881065202056E-4 0.005435047501134311 0.0015805308218426913
0.6035730985263922 8.318540080847083E-5 0.666485542849545 | -7.904055053977623E-4 0.0028217112482399683 0.00738275729504251
0.58473452064231 4.950980420608395E-6 0.7949387181928382 | 0.0021243430454090557 0.002188891021060475 0.007117183906193738
0.6538699406777032 6.399890183007166E-7 0.1493343340802689 | 5.027656948010654E-4 0.0011092373593716814 -0.009265294013319474
0.7171318855559878 3.9222027172945776E-7 0.21556626398244877 | -0.00103358511082468 0.002188448668880918 -0.00789367929659493
0.6498986999473528 4.195329780766721E-5 0.3653191497000329 | 0.008592863794448673 0.002510596196273917 -0.0014718431567595132
0.7270338088680106 1.133963917163784E-5 0.43184169015427326 | 0.007424895962290926 0.0024391631267433197 0.0010194272870404746
0.7321494270864868 2.3220597970458168E-6 0.5145494293055952 | 0.005348876569934513 0.0035223436391203376 0.004019711725153542
0.6664147826186436 9.194108755686438E-5 0.6035096797913282 | 0.007106274893672104 0.003064084385035452 -9.062875447957464E-4
0.6979070154695667 3.4090037499737413E-6 0.6978961267887843 | -0.005485061223212207 0.001417546497081833 -0.0054983230864977285
0.6845873050085686 8.76714800477607E-6 0.7900146173373267 | -0.003067754215224634 0.0014489923228248435 0.008049118354572976
0.7575272874415229 3.5522181371723937E-6 0.1871561124456033 | 8.819497917421507E-4 0.0010453202664358282 -0.008883165656594803
0.7910485506546248 6.401319418613238E-7 0.25903068390415546 | 0.00891558581019573 0.0013217795520072849 3.1731160447240944E-4
0.7433598272626595 8.872058021329775E-6 0.3498568288061868 | 0.004618965961925346 0.003643470888030999 -0.0035598475277270935
0.8404772738779821 1.0000170610394276E-5 0.4273359647787492 | 0.0028906887793944975 0.0018440332690164386 -0.007376479874193565
0.8337789171407595 7.996825525299716E-6 0.510692477356106 | 0.007026229565745173 0.0011259143559694434 -0.005665576532731815
0.7949393381819183 2.509567504380568E-6 0.5847268494825159 | 0.007110269384095218 0.0021996621343108127 0.0020538799229574633
0.7900134649013624 9.087243775810013E-6 0.6845884312150187 | 0.008047406374562256 0.0014517512940804924 -0.0030641393890561575
0.739072476256323 3.193716382335837E-5 0.7390854517523788 | 0.0029569134705991944 0.004924736205179811 0.0029844574830077625
