512
0.28788162207894324 0.8769844779210569 0.2878816220789433
0.28532136129829483 0.8795447387017051 0.34849500850310294
0.2845959507675618 0.8802701492324387 0.3998868292609553
0.28454409356795196 0.880322006432048 0.44999454636990543
0.284544093567952 0.880322006432048 0.5000054536300946
0.2845959507675618 0.8802701492324387 0.550113170739045
0.28532136129829483 0.8795447387017051 0.6015049914968968
0.28788162207894336 0.8769844779210569 0.6621183779210568
0.34849500850310294 0.8795447387017051 0.28532136129829483
0.34794461062085635 0.8821300664399374 0.34794461062085635
0.3474987473393669 0.883021584226528 0.3998633193187317
0.3474202343687563 0.883116714499403 0.449993361151466
0.3474202343687563 0.883116714499403 0.500006638848534
0.34749874733936703 0.883021584226528 0.5501366806812683
0.3479446106208565 0.8821300664399374 0.6020553893791434
0.34849500850310283 0.8795447387017051 0.664678638701705
0.3998868292609553 0.8802701492324387 0.2845959507675618
0.3998633193187317 0.883021584226528 0.3474987473393669
0.39981186282991715 0.8840288346466306 0.39981186282991715
0.39976060484591364 0.8841565418119421 0.4499946079770094
0.39976060484591364 0.884156541811942 0.5000053920229908
0.3998118628299171 0.8840288346466306 0.550188137170083
0.3998633193187317 0.883021584226528 0.6025012526606335
0.3998868292609553 0.8802701492324387 0.6654040492324386
0.44999454636990543 0.880322006432048 0.28454409356795196
0.449993361151466 0.883116714499403 0.3474202343687563
0.4499946079770094 0.8841565418119421 0.39976060484591364
0.4499907556141096 0.8843043888494126 0.4499907556141096
0.44999075561410967 0.8843043888494126 0.5000092443858907
0.44999460797700935 0.8841565418119421 0.5502393951540866
0.44999336115146593 0.883116714499403 0.6025797656312437
0.4499945463699055 0.8803220064320483 0.6654559064320481
0.5000054536300946 0.880322006432048 0.284544093567952
0.500006638848534 0.883116714499403 0.3474202343687563
0.5000053920229908 0.884156541811942 0.39976060484591364
0.5000092443858907 0.8843043888494126 0.44999075561410967
0.5000092443858907 0.8843043888494126 0.5000092443858907
0.5000053920229908 0.8841565418119418 0.5502393951540866
0.500006638848534 0.883116714499403 0.6025797656312437
0.5000054536300946 0.880322006432048 0.665455906432048
0.550113170739045 0.8802701492324387 0.2845959507675618
0.5501366806812683 0.883021584226528 0.34749874733936703
0.550188137170083 0.8840288346466306 0.3998118628299171
0.5502393951540866 0.8841565418119421 0.44999460797700935
0.5502393951540866 0.8841565418119418 0.5000053920229908
0.5501881371700831 0.8840288346466306 0.5501881371700831
0.5501366806812683 0.883021584226528 0.6025012526606334
0.550113170739045 0.8802701492324387 0.6654040492324386
0.6015049914968968 0.8795447387017051 0.28532136129829483
0.6020553893791434 0.8821300664399374 0.3479446106208565
0.6025012526606335 0.883021584226528 0.3998633193187317
0.6025797656312437 0.883116714499403 0.44999336115146593
0.6025797656312437 0.883116714499403 0.500006638848534
0.6025012526606334 0.883021584226528 0.5501366806812683
0.6020553893791434 0.8821300664399374 0.6020553893791434
0.6015049914968968 0.8795447387017051 0.664678638701705
0.6621183779210568 0.8769844779210569 0.28788162207894336
0.664678638701705 0.8795447387017051 0.34849500850310283
0.6654040492324386 0.8802701492324387 0.3998868292609553
0.6654559064320481 0.8803220064320483 0.4499945463699055
0.6654559064320479 0.880322006432048 0.5000054536300946
0.6654040492324386 0.8802701492324387 0.550113170739045
0.664678638701705 0.8795447387017051 0.6015049914968968
0.6621183779210568 0.8769844779210569 0.6621183779210568
0.28532136129829483 0.8163710914968969 0.28532136129829483
0.2827360335600624 0.8169214893791436 0.3479446106208566
0.28184451577347236 0.8173673526606335 0.3998633193187317
0.2817493855005968 0.8174458656312438 0.44999336115146593
0.2817493855005968 0.8174458656312438 0.500006638848534
0.2818445157734724 0.8173673526606335 0.5501366806812683
0.2827360335600624 0.8169214893791436 0.6020553893791434
0.28532136129829483 0.816371091496897 0.664678638701705
0.3479446106208566 0.8169214893791436 0.2827360335600624
0.34703545564879634 0.8178306443512036 0.34703545564879634
0.34640985837811444 0.8184562416218856 0.399842270194394
0.34628236955030023 0.8185837304497002 0.44999544788785306
0.3462823695503002 0.8185837304497002 0.500004552112147
0.34640985837811444 0.8184562416218856 0.550157729805606
0.3470354556487964 0.8178306443512036 0.6029645443512035
0.3479446106208565 0.8169214893791436 0.6672639664399372
0.3998633193187317 0.8173673526606335 0.28184451577347236
0.399842270194394 0.8184562416218856 0.34640985837811444
0.3997731176462032 0.8191952731502407 0.3997731176462032
0.3996967903359282 0.8193605928628283 0.4500011940460208
0.39969679033592814 0.8193605928628284 0.4999988059539793
0.39977311764620327 0.8191952731502407 0.5502268823537968
0.399842270194394 0.8184562416218857 0.6035901416218855
0.3998633193187317 0.8173673526606335 0.6681554842265278
0.44999336115146593 0.8174458656312438 0.2817493855005968
0.44999544788785306 0.8185837304497002 0.34628236955030023
0.4500011940460208 0.8193605928628283 0.3996967903359282
0.44999599115948774 0.8195479178975144 0.44999599115948774
0.44999599115948774 0.8195479178975144 0.5000040088405123
0.45000119404602074 0.8193605928628283 0.5503032096640721
0.44999544788785306 0.8185837304497001 0.6037176304497
0.44999336115146593 0.8174458656312438 0.6682506144994029
0.500006638848534 0.8174458656312438 0.2817493855005968
0.500004552112147 0.8185837304497002 0.3462823695503002
0.4999988059539793 0.8193605928628284 0.39969679033592814
0.5000040088405123 0.8195479178975144 0.44999599115948774
0.5000040088405123 0.8195479178975144 0.5000040088405123
0.49999880595397933 0.8193605928628283 0.5503032096640721
0.500004552112147 0.8185837304497001 0.6037176304497001
0.500006638848534 0.8174458656312438 0.6682506144994028
0.5501366806812683 0.8173673526606335 0.2818445157734724
0.550157729805606 0.8184562416218856 0.34640985837811444
0.5502268823537968 0.8191952731502407 0.39977311764620327
0.5503032096640721 0.8193605928628283 0.45000119404602074
0.5503032096640721 0.8193605928628283 0.49999880595397933
0.5502268823537968 0.8191952731502407 0.5502268823537968
0.550157729805606 0.8184562416218856 0.6035901416218854
0.5501366806812683 0.8173673526606335 0.6681554842265278
0.6020553893791434 0.8169214893791436 0.2827360335600624
0.6029645443512035 0.8178306443512036 0.3470354556487964
0.6035901416218855 0.8184562416218857 0.399842270194394
0.6037176304497 0.8185837304497001 0.44999544788785306
0.6037176304497001 0.8185837304497001 0.500004552112147
0.6035901416218854 0.8184562416218856 0.550157729805606
0.6029645443512035 0.8178306443512036 0.6029645443512035
0.6020553893791434 0.8169214893791434 0.6672639664399374
0.664678638701705 0.816371091496897 0.28532136129829483
0.6672639664399372 0.8169214893791436 0.3479446106208565
0.6681554842265278 0.8173673526606335 0.3998633193187317
0.6682506144994029 0.8174458656312438 0.44999336115146593
0.6682506144994028 0.8174458656312438 0.500006638848534
0.6681554842265278 0.8173673526606335 0.5501366806812683
0.6672639664399374 0.8169214893791434 0.6020553893791434
0.664678638701705 0.8163710914968971 0.664678638701705
0.2845959507675618 0.7649792707390451 0.2845959507675618
0.2818445157734724 0.7650027806812685 0.34749874733936703
0.2808372653533688 0.7650542371700831 0.3998118628299171
0.2807095581880584 0.7651054951540867 0.44999460797700935
0.2807095581880584 0.7651054951540868 0.5000053920229908
0.2808372653533688 0.7650542371700833 0.5501881371700831
0.2818445157734724 0.7650027806812685 0.6025012526606334
0.28459595076756183 0.7649792707390451 0.6654040492324386
0.34749874733936703 0.7650027806812685 0.2818445157734724
0.34640985837811444 0.7650238298056061 0.34640985837811444
0.34567082684975925 0.7650929823537969 0.39977311764620327
0.345505507137172 0.7651693096640723 0.4500011940460207
0.3455055071371721 0.7651693096640723 0.4999988059539794
0.34567082684975925 0.7650929823537971 0.5502268823537969
0.34640985837811444 0.765023829805606 0.6035901416218853
0.34749874733936703 0.7650027806812685 0.6681554842265278
0.3998118628299171 0.7650542371700831 0.2808372653533688
0.39977311764620327 0.7650929823537969 0.34567082684975925
0.3996853562316671 0.7651807437683329 0.3996853562316671
0.3995894302320786 0.7652766697679215 0.450011687438382
0.3995894302320785 0.7652766697679215 0.4999883125616179
0.3996853562316671 0.7651807437683329 0.5503146437683327
0.39977311764620327 0.7650929823537969 0.6043291731502406
0.39981186282991715 0.7650542371700831 0.6691627346466305
0.44999460797700935 0.7651054951540867 0.2807095581880584
0.4500011940460207 0.7651693096640723 0.345505507137172
0.450011687438382 0.7652766697679215 0.3995894302320786
0.4500054075293749 0.7653835163269125 0.4500054075293749
0.4500054075293749 0.7653835163269125 0.49999459247062517
0.450011687438382 0.7652766697679215 0.5504105697679214
0.45000119404602074 0.7651693096640723 0.6044944928628281
0.44999460797700935 0.7651054951540867 0.6692904418119417
0.5000053920229908 0.7651054951540868 0.2807095581880584
0.4999988059539794 0.7651693096640723 0.3455055071371721
0.4999883125616179 0.7652766697679215 0.3995894302320785
0.49999459247062517 0.7653835163269125 0.4500054075293749
0.49999459247062517 0.7653835163269125 0.49999459247062517
0.4999883125616179 0.7652766697679215 0.5504105697679215
0.49999880595397933 0.7651693096640723 0.6044944928628281
0.5000053920229908 0.7651054951540867 0.6692904418119417
0.5501881371700831 0.7650542371700833 0.2808372653533688
0.5502268823537969 0.7650929823537971 0.34567082684975925
0.5503146437683327 0.7651807437683329 0.3996853562316671
0.5504105697679214 0.7652766697679215 0.450011687438382
0.5504105697679215 0.7652766697679215 0.4999883125616179
0.5503146437683327 0.7651807437683329 0.5503146437683327
0.5502268823537968 0.7650929823537969 0.6043291731502406
0.5501881371700831 0.7650542371700833 0.6691627346466305
0.6025012526606334 0.7650027806812685 0.2818445157734724
0.6035901416218853 0.765023829805606 0.34640985837811444
0.6043291731502406 0.7650929823537969 0.39977311764620327
0.6044944928628281 0.7651693096640723 0.45000119404602074
0.6044944928628281 0.7651693096640723 0.49999880595397933
0.6043291731502406 0.7650929823537969 0.5502268823537968
0.6035901416218854 0.765023829805606 0.6035901416218854
0.6025012526606334 0.7650027806812685 0.6681554842265278
0.6654040492324386 0.7649792707390451 0.2845959507675618
0.6681554842265278 0.7650027806812685 0.34749874733936703
0.6691627346466305 0.7650542371700831 0.39981186282991715
0.6692904418119417 0.7651054951540867 0.44999460797700935
0.6692904418119417 0.7651054951540867 0.5000053920229908
0.6691627346466305 0.7650542371700833 0.5501881371700831
0.6681554842265278 0.7650027806812685 0.6025012526606334
0.6654040492324386 0.7649792707390451 0.6654040492324386
0.28454409356795196 0.7148715536300952 0.28454409356795196
0.2817493855005969 0.7148727388485339 0.3474202343687563
0.2807095581880583 0.7148714920229907 0.3997606048459136
0.28056171115058753 0.7148753443858907 0.44999075561410967
0.28056171115058764 0.7148753443858907 0.5000092443858907
0.2807095581880584 0.7148714920229907 0.5502393951540866
0.2817493855005968 0.714872738848534 0.6025797656312437
0.28454409356795196 0.7148715536300951 0.665455906432048
0.3474202343687563 0.7148727388485339 0.2817493855005969
0.3462823695503002 0.7148706521121473 0.3462823695503002
0.34550550713717204 0.7148649059539797 0.39969679033592803
0.34531818210248594 0.7148701088405124 0.44999599115948774
0.345318182102486 0.7148701088405124 0.5000040088405123
0.3455055071371721 0.7148649059539797 0.5503032096640721
0.34628236955030023 0.7148706521121473 0.6037176304497001
0.3474202343687563 0.714872738848534 0.6682506144994028
0.3997606048459136 0.7148714920229907 0.2807095581880583
0.39969679033592803 0.7148649059539797 0.34550550713717204
0.3995894302320785 0.7148544125616185 0.39958943023207855
0.3994825836730876 0.7148606924706256 0.45000540752937485
0.3994825836730876 0.7148606924706256 0.49999459247062517
0.39958943023207855 0.7148544125616185 0.5504105697679214
0.3996967903359281 0.7148649059539797 0.6044944928628281
0.39976060484591364 0.7148714920229907 0.669290441811942
0.44999075561410967 0.7148753443858907 0.2805617111505876
0.44999599115948774 0.7148701088405124 0.34531818210248594
0.45000540752937485 0.7148606924706256 0.3994825836730876
0.44999736069234325 0.7148687393076568 0.44999736069234325
0.44999736069234325 0.7148687393076568 0.5000026393076566
0.45000540752937485 0.7148606924706254 0.5505174163269124
0.44999599115948774 0.7148701088405124 0.6046818178975142
0.44999075561410967 0.7148753443858907 0.6694382888494125
0.5000092443858907 0.7148753443858907 0.28056171115058764
0.5000040088405123 0.7148701088405124 0.345318182102486
0.49999459247062517 0.7148606924706256 0.3994825836730876
0.5000026393076566 0.7148687393076568 0.44999736069234325
0.5000026393076566 0.7148687393076568 0.5000026393076566
0.49999459247062517 0.7148606924706256 0.5505174163269124
0.5000040088405123 0.7148701088405124 0.6046818178975142
0.5000092443858907 0.7148753443858907 0.6694382888494125
0.5502393951540866 0.7148714920229907 0.2807095581880584
0.5503032096640721 0.7148649059539797 0.3455055071371721
0.5504105697679214 0.7148544125616185 0.39958943023207855
0.5505174163269124 0.7148606924706254 0.45000540752937485
0.5505174163269124 0.7148606924706254 0.49999459247062517
0.5504105697679214 0.7148544125616185 0.5504105697679214
0.5503032096640721 0.7148649059539797 0.6044944928628281
0.5502393951540865 0.7148714920229907 0.6692904418119419
0.6025797656312437 0.714872738848534 0.28174938550059686
0.6037176304497001 0.7148706521121473 0.34628236955030023
0.6044944928628282 0.7148649059539797 0.3996967903359281
0.6046818178975142 0.7148701088405124 0.44999599115948774
0.6046818178975142 0.7148701088405124 0.5000040088405123
0.6044944928628281 0.7148649059539797 0.5503032096640721
0.6037176304497001 0.7148706521121473 0.6037176304497001
0.6025797656312437 0.714872738848534 0.6682506144994028
0.665455906432048 0.7148715536300951 0.284544093567952
0.6682506144994029 0.714872738848534 0.3474202343687563
0.669290441811942 0.7148714920229907 0.39976060484591364
0.6694382888494125 0.7148753443858907 0.44999075561410967
0.6694382888494125 0.7148753443858907 0.5000092443858907
0.6692904418119419 0.7148714920229907 0.5502393951540866
0.6682506144994029 0.714872738848534 0.6025797656312437
0.6654559064320481 0.7148715536300951 0.6654559064320481
0.28454409356795196 0.664860646369905 0.28454409356795196
0.2817493855005969 0.6648594611514664 0.3474202343687563
0.2807095581880583 0.6648607079770096 0.3997606048459136
0.28056171115058753 0.6648568556141096 0.4499907556141096
0.2805617111505876 0.6648568556141096 0.5000092443858907
0.2807095581880584 0.6648607079770096 0.5502393951540866
0.2817493855005968 0.6648594611514663 0.6025797656312437
0.2845440935679519 0.6648606463699052 0.665455906432048
0.3474202343687563 0.6648594611514664 0.2817493855005969
0.34628236955030023 0.664861547887853 0.34628236955030023
0.34550550713717204 0.6648672940460206 0.39969679033592803
0.34531818210248594 0.6648620911594879 0.44999599115948774
0.345318182102486 0.6648620911594879 0.5000040088405123
0.3455055071371721 0.6648672940460206 0.5503032096640721
0.34628236955030023 0.664861547887853 0.6037176304497001
0.3474202343687563 0.6648594611514663 0.6682506144994028
0.3997606048459136 0.6648607079770096 0.2807095581880583
0.39969679033592803 0.6648672940460206 0.34550550713717204
0.39958943023207855 0.6648777874383818 0.39958943023207855
0.3994825836730876 0.6648715075293748 0.45000540752937485
0.39948258367308764 0.6648715075293747 0.49999459247062517
0.39958943023207855 0.6648777874383818 0.5504105697679214
0.39969679033592814 0.6648672940460207 0.6044944928628281
0.39976060484591364 0.6648607079770096 0.6692904418119419
0.4499907556141096 0.6648568556141096 0.2805617111505876
0.44999599115948774 0.6648620911594879 0.345318182102486
0.45000540752937485 0.6648715075293748 0.3994825836730876
0.44999736069234325 0.6648634606923435 0.44999736069234325
0.44999736069234325 0.6648634606923435 0.5000026393076566
0.45000540752937485 0.6648715075293748 0.5505174163269124
0.44999599115948774 0.6648620911594879 0.6046818178975142
0.44999075561410967 0.6648568556141096 0.6694382888494125
0.5000092443858907 0.6648568556141096 0.2805617111505876
0.5000040088405123 0.6648620911594879 0.345318182102486
0.49999459247062517 0.6648715075293747 0.39948258367308764
0.5000026393076566 0.6648634606923435 0.44999736069234325
0.5000026393076565 0.6648634606923435 0.5000026393076565
0.49999459247062517 0.6648715075293748 0.5505174163269124
0.5000040088405123 0.6648620911594879 0.6046818178975142
0.5000092443858907 0.6648568556141096 0.6694382888494125
0.5502393951540866 0.6648607079770096 0.2807095581880584
0.5503032096640721 0.6648672940460206 0.3455055071371721
0.5504105697679214 0.6648777874383818 0.39958943023207855
0.5505174163269124 0.6648715075293748 0.45000540752937485
0.5505174163269124 0.6648715075293748 0.49999459247062517
0.5504105697679214 0.6648777874383818 0.5504105697679214
0.5503032096640721 0.6648672940460206 0.604494492862828
0.5502393951540865 0.6648607079770096 0.6692904418119419
0.6025797656312437 0.6648594611514663 0.28174938550059675
0.6037176304497001 0.664861547887853 0.34628236955030023
0.6044944928628282 0.6648672940460207 0.3996967903359281
0.6046818178975142 0.6648620911594879 0.44999599115948774
0.6046818178975142 0.6648620911594879 0.5000040088405123
0.6044944928628281 0.6648672940460206 0.5503032096640721
0.6037176304497001 0.664861547887853 0.6037176304497001
0.6025797656312437 0.6648594611514663 0.6682506144994028
0.665455906432048 0.6648606463699052 0.2845440935679519
0.6682506144994029 0.6648594611514663 0.3474202343687563
0.6692904418119419 0.6648607079770096 0.39976060484591364
0.6694382888494125 0.6648568556141096 0.44999075561410967
0.6694382888494125 0.6648568556141096 0.5000092443858907
0.6692904418119419 0.6648607079770096 0.5502393951540866
0.6682506144994029 0.6648594611514663 0.6025797656312437
0.6654559064320481 0.6648606463699052 0.6654559064320481
0.2845959507675618 0.6147529292609551 0.2845959507675618
0.2818445157734724 0.6147294193187319 0.3474987473393671
0.2808372653533688 0.6146779628299172 0.3998118628299171
0.2807095581880584 0.6146267048459138 0.4499946079770094
0.2807095581880584 0.6146267048459136 0.5000053920229908
0.2808372653533688 0.614677962829917 0.5501881371700831
0.2818445157734724 0.6147294193187319 0.6025012526606334
0.28459595076756183 0.6147529292609553 0.6654040492324386
0.3474987473393671 0.6147294193187319 0.2818445157734724
0.34640985837811444 0.6147083701943943 0.34640985837811444
0.34567082684975925 0.6146392176462033 0.39977311764620327
0.345505507137172 0.6145628903359281 0.4500011940460207
0.3455055071371721 0.6145628903359281 0.4999988059539794
0.34567082684975925 0.6146392176462033 0.5502268823537969
0.34640985837811444 0.6147083701943943 0.6035901416218853
0.3474987473393671 0.6147294193187319 0.6681554842265278
0.39981186282991715 0.6146779628299172 0.2808372653533688
0.39977311764620327 0.6146392176462033 0.34567082684975925
0.3996853562316671 0.6145514562316675 0.3996853562316671
0.39958943023207855 0.6144555302320788 0.450011687438382
0.3995894302320785 0.6144555302320788 0.4999883125616179
0.3996853562316671 0.6145514562316674 0.5503146437683327
0.39977311764620327 0.6146392176462034 0.6043291731502406
0.39981186282991715 0.6146779628299173 0.6691627346466305
0.44999460797700935 0.6146267048459138 0.2807095581880584
0.4500011940460207 0.6145628903359281 0.345505507137172
0.450011687438382 0.6144555302320788 0.39958943023207855
0.45000540752937485 0.6143486836730878 0.45000540752937485
0.45000540752937485 0.6143486836730878 0.49999459247062517
0.450011687438382 0.6144555302320789 0.5504105697679215
0.45000119404602074 0.6145628903359281 0.6044944928628281
0.44999460797700935 0.6146267048459136 0.6692904418119417
0.5000053920229908 0.6146267048459136 0.2807095581880584
0.4999988059539794 0.6145628903359281 0.34550550713717204
0.4999883125616179 0.6144555302320788 0.3995894302320785
0.49999459247062517 0.6143486836730878 0.45000540752937485
0.49999459247062517 0.6143486836730878 0.49999459247062517
0.4999883125616179 0.6144555302320789 0.5504105697679215
0.49999880595397933 0.6145628903359281 0.6044944928628281
0.5000053920229908 0.6146267048459136 0.6692904418119417
0.5501881371700831 0.6146779628299172 0.2808372653533688
0.5502268823537969 0.6146392176462033 0.3456708268497593
0.5503146437683327 0.6145514562316674 0.3996853562316671
0.5504105697679215 0.6144555302320789 0.450011687438382
0.5504105697679215 0.6144555302320789 0.4999883125616179
0.5503146437683327 0.6145514562316674 0.5503146437683327
0.5502268823537968 0.6146392176462034 0.6043291731502406
0.5501881371700831 0.6146779628299172 0.6691627346466305
0.6025012526606334 0.6147294193187319 0.2818445157734724
0.6035901416218853 0.6147083701943943 0.34640985837811444
0.6043291731502406 0.6146392176462034 0.39977311764620327
0.6044944928628281 0.6145628903359281 0.45000119404602074
0.6044944928628281 0.6145628903359281 0.49999880595397933
0.6043291731502406 0.6146392176462034 0.5502268823537968
0.6035901416218854 0.6147083701943943 0.6035901416218854
0.6025012526606334 0.6147294193187319 0.6681554842265278
0.6654040492324386 0.6147529292609553 0.28459595076756183
0.6681554842265278 0.6147294193187319 0.3474987473393671
0.6691627346466305 0.6146779628299173 0.39981186282991715
0.6692904418119419 0.6146267048459138 0.44999460797700935
0.6692904418119417 0.6146267048459136 0.5000053920229908
0.6691627346466305 0.6146779628299172 0.5501881371700831
0.6681554842265278 0.6147294193187319 0.6025012526606334
0.6654040492324386 0.6147529292609553 0.6654040492324386
0.28532136129829483 0.5633611085031035 0.28532136129829483
0.2827360335600624 0.5628107106208569 0.3479446106208566
0.28184451577347236 0.5623648473393668 0.3998633193187317
0.2817493855005968 0.5622863343687566 0.44999336115146593
0.2817493855005968 0.5622863343687565 0.500006638848534
0.2818445157734724 0.5623648473393669 0.5501366806812683
0.2827360335600624 0.5628107106208569 0.6020553893791434
0.28532136129829483 0.5633611085031034 0.664678638701705
0.3479446106208566 0.5628107106208569 0.2827360335600624
0.34703545564879634 0.5619015556487967 0.34703545564879634
0.34640985837811444 0.5612759583781148 0.39984227019439406
0.3462823695503002 0.5611484695503001 0.44999544788785306
0.3462823695503002 0.5611484695503001 0.500004552112147
0.34640985837811444 0.5612759583781148 0.550157729805606
0.34703545564879634 0.5619015556487967 0.6029645443512035
0.3479446106208565 0.5628107106208569 0.6672639664399372
0.3998633193187317 0.5623648473393668 0.28184451577347236
0.39984227019439406 0.5612759583781148 0.34640985837811444
0.3997731176462032 0.5605369268497596 0.3997731176462032
0.3996967903359282 0.560371607137172 0.4500011940460208
0.3996967903359281 0.5603716071371722 0.4999988059539793
0.39977311764620327 0.5605369268497596 0.5502268823537968
0.39984227019439406 0.5612759583781147 0.6035901416218855
0.3998633193187317 0.5623648473393668 0.6681554842265278
0.44999336115146593 0.5622863343687566 0.2817493855005968
0.44999544788785306 0.5611484695503001 0.3462823695503002
0.4500011940460208 0.560371607137172 0.39969679033592814
0.44999599115948774 0.560184282102486 0.44999599115948774
0.44999599115948774 0.560184282102486 0.5000040088405123
0.4500011940460208 0.5603716071371722 0.5503032096640721
0.44999544788785306 0.5611484695503002 0.6037176304497
0.44999336115146593 0.5622863343687565 0.6682506144994029
0.500006638848534 0.5622863343687565 0.2817493855005968
0.500004552112147 0.5611484695503001 0.3462823695503002
0.4999988059539793 0.5603716071371722 0.3996967903359281
0.5000040088405123 0.560184282102486 0.44999599115948774
0.5000040088405123 0.560184282102486 0.5000040088405123
0.49999880595397933 0.5603716071371722 0.5503032096640721
0.500004552112147 0.5611484695503002 0.6037176304497001
0.500006638848534 0.5622863343687565 0.6682506144994028
0.5501366806812683 0.5623648473393669 0.2818445157734724
0.550157729805606 0.5612759583781148 0.34640985837811444
0.5502268823537968 0.5605369268497596 0.39977311764620327
0.5503032096640721 0.5603716071371722 0.4500011940460208
0.5503032096640721 0.5603716071371722 0.49999880595397933
0.5502268823537968 0.5605369268497596 0.5502268823537968
0.550157729805606 0.5612759583781147 0.6035901416218855
0.5501366806812683 0.5623648473393669 0.6681554842265278
0.6020553893791434 0.5628107106208569 0.2827360335600624
0.6029645443512035 0.5619015556487967 0.34703545564879634
0.6035901416218855 0.5612759583781147 0.39984227019439406
0.6037176304497001 0.5611484695503002 0.44999544788785306
0.6037176304497001 0.5611484695503002 0.500004552112147
0.6035901416218855 0.5612759583781147 0.550157729805606
0.6029645443512035 0.5619015556487967 0.6029645443512035
0.6020553893791434 0.5628107106208569 0.6672639664399374
0.664678638701705 0.5633611085031034 0.28532136129829483
0.6672639664399372 0.5628107106208569 0.3479446106208565
0.6681554842265278 0.5623648473393668 0.3998633193187317
0.6682506144994029 0.5622863343687565 0.44999336115146593
0.6682506144994028 0.5622863343687565 0.500006638848534
0.6681554842265278 0.5623648473393669 0.5501366806812683
0.6672639664399374 0.5628107106208569 0.6020553893791434
0.664678638701705 0.5633611085031034 0.664678638701705
0.28788162207894324 0.5027477220789435 0.28788162207894324
0.28532136129829483 0.5001874612982953 0.34849500850310294
0.2845959507675618 0.49946205076756167 0.3998868292609553
0.2845440935679519 0.49941019356795224 0.44999454636990543
0.2845440935679519 0.49941019356795235 0.5000054536300946
0.2845959507675618 0.49946205076756167 0.550113170739045
0.28532136129829483 0.5001874612982953 0.6015049914968968
0.2878816220789433 0.5027477220789435 0.6621183779210568
0.34849500850310294 0.5001874612982953 0.28532136129829483
0.34794461062085635 0.4976021335600629 0.34794461062085635
0.3474987473393669 0.4967106157734724 0.3998633193187317
0.3474202343687563 0.4966154855005973 0.449993361151466
0.3474202343687563 0.4966154855005974 0.500006638848534
0.347498747339367 0.4967106157734724 0.5501366806812683
0.3479446106208565 0.4976021335600629 0.6020553893791434
0.34849500850310283 0.5001874612982953 0.664678638701705
0.3998868292609553 0.49946205076756167 0.2845959507675618
0.3998633193187317 0.4967106157734724 0.3474987473393669
0.39981186282991715 0.4957033653533696 0.39981186282991715
0.39976060484591364 0.49557565818805827 0.4499946079770094
0.39976060484591364 0.49557565818805827 0.5000053920229908
0.39981186282991715 0.4957033653533696 0.550188137170083
0.3998633193187317 0.4967106157734724 0.6025012526606335
0.3998868292609553 0.49946205076756167 0.6654040492324386
0.44999454636990543 0.49941019356795224 0.2845440935679519
0.449993361151466 0.4966154855005973 0.3474202343687563
0.4499946079770094 0.49557565818805827 0.39976060484591364
0.44999075561410967 0.4954278111505877 0.44999075561410967
0.44999075561410967 0.4954278111505877 0.5000092443858907
0.44999460797700935 0.4955756581880584 0.5502393951540866
0.44999336115146593 0.4966154855005973 0.6025797656312437
0.4499945463699055 0.49941019356795213 0.6654559064320481
0.5000054536300946 0.49941019356795235 0.2845440935679519
0.500006638848534 0.4966154855005974 0.3474202343687563
0.5000053920229908 0.49557565818805827 0.39976060484591364
0.5000092443858907 0.4954278111505877 0.44999075561410967
0.5000092443858907 0.4954278111505877 0.5000092443858907
0.5000053920229908 0.4955756581880584 0.5502393951540866
0.500006638848534 0.4966154855005974 0.6025797656312437
0.5000054536300946 0.49941019356795224 0.665455906432048
0.550113170739045 0.49946205076756167 0.2845959507675618
0.5501366806812683 0.4967106157734724 0.347498747339367
0.550188137170083 0.4957033653533696 0.39981186282991715
0.5502393951540866 0.4955756581880584 0.44999460797700935
0.5502393951540866 0.4955756581880584 0.5000053920229908
0.5501881371700831 0.4957033653533696 0.5501881371700831
0.5501366806812683 0.4967106157734724 0.6025012526606334
0.550113170739045 0.49946205076756167 0.6654040492324386
0.6015049914968968 0.5001874612982953 0.28532136129829483
0.6020553893791434 0.4976021335600629 0.3479446106208565
0.6025012526606335 0.4967106157734724 0.3998633193187317
0.6025797656312437 0.4966154855005973 0.44999336115146593
0.6025797656312437 0.4966154855005974 0.500006638848534
0.6025012526606334 0.4967106157734724 0.5501366806812683
0.6020553893791434 0.4976021335600628 0.6020553893791434
0.6015049914968968 0.5001874612982953 0.664678638701705
0.6621183779210568 0.5027477220789435 0.2878816220789433
0.664678638701705 0.5001874612982953 0.34849500850310283
0.6654040492324386 0.49946205076756167 0.3998868292609553
0.6654559064320481 0.49941019356795213 0.4499945463699055
0.665455906432048 0.49941019356795224 0.5000054536300946
0.6654040492324386 0.49946205076756167 0.550113170739045
0.664678638701705 0.5001874612982953 0.6015049914968968
0.6621183779210568 0.5027477220789435 0.6621183779210568
