512
0.26345059140702715 0.4192375936639552 0.2634507091814195 | 0.0015277027291906403 0.3386746294070563 0.0015284192865158287
0.2406225314049374 0.41945855516446034 0.36787127275626724 | -0.02621739399034459 0.05811332627219705 0.017661207494915156
0.2592622362869403 0.06506059481253791 0.4000815945412194 | 0.008348445804731486 -0.013488220527633238 0.0071784754551704275
0.20747029930545308 0.13921273839594847 0.4505111396582119 | -0.14261525562081157 -0.5682833509709617 -0.10222601958080328
0.2223754836804563 0.0654517324345138 0.4857094342115052 | -0.030194635984989875 -0.6897364897119894 -4.824713841037806E-4
0.29366002066834496 0.06621558465511163 0.5768386901267888 | 0.20704949499107866 -0.46842582063341187 0.1061771053796637
0.3131479089290316 0.06608550931513194 0.6362995098879421 | 0.5069596839861223 -0.45909218826415704 0.04699306741859175
0.2800308473964039 0.07372757267431784 0.7014879920703998 | 0.1972229142157189 -0.5589402140509618 -0.01172489403065384
0.3678723459822826 0.41945853667135496 0.24062313358569937 | 0.017664344372664762 0.05811109652539297 -0.02621611058919146
0.34123796549629626 0.4127795036599309 0.34123569618889543 | 0.024872904368390784 0.41750616775782523 0.024780673554346107
0.33495018529158205 0.10598736378710492 0.4000027738872996 | -4.8475712302414447E-4 -0.022703953354226935 5.12345847387422E-4
0.2757125190651624 0.20821100842231144 0.4736420543195262 | -0.19578034363041924 -0.12862838119852196 0.01616576559836104
0.29856486691047507 0.09471567647184954 0.49213239840625506 | -0.06945550123742253 -0.6051225927314561 -0.03142819987369311
0.2843529072505141 0.17449391516964477 0.5714514679671391 | -0.18488546766843703 -0.22752875095196487 -0.07936688718155678
0.3154080384341513 0.15481046209915542 0.6299316887257476 | -0.0964083388160787 0.12196542408816909 0.041146902512946726
0.2994581488170085 0.18175088943833762 0.7180467830160032 | -0.08543122920132262 0.00791371555264947 0.07124682900383501
0.40007799497664337 0.06505961558945478 0.25926057876110215 | 0.007552630683512484 -0.01337732622281223 0.007946184445886675
0.4000027647217314 0.10653364518895216 0.3350062960395466 | 5.240966999787215E-4 -0.02273468752016403 0.005505364785474736
0.405948813193368 0.37769730827367953 0.40596694159795604 | 0.009217802165692516 -1.8084674464726236 0.00924879693753762
0.37204390411789434 0.1977080215205519 0.44342171214467463 | -0.02164566841269073 -0.6425832154096767 -0.0474096442635544
0.3697108057887893 0.19970908323939215 0.48754916679538984 | -0.06791512323123633 -0.0736793991434846 -0.03808873877547265
0.34870690528338305 0.1468449314420431 0.5614016299144596 | -0.13885717981886722 -0.013132440429323152 0.05279011012179254
0.35889329869167286 0.16495789272606073 0.6380447365723482 | -0.10534587474345708 -0.0777853225675634 0.042372416370382006
0.35538734520823495 0.19503475508235338 0.7048796949182828 | -0.06765069176058815 -0.05293438856924963 -0.1421749626201292
0.4507520109172456 0.1395369273409257 0.20760251821628606 | -0.10187163797716019 -0.5650649230138804 -0.1434588172859779
0.4735255687370872 0.20886878176819076 0.27541788665741906 | 0.01620829460361705 -0.12382079526379342 -0.19812688817515917
0.4427931117244278 0.19698378116661103 0.3717726940458362 | -0.05174868121746226 -0.6526768287028181 -0.023444707190947517
0.42205589934087373 0.12505592839663493 0.42223026153469423 | -0.18839613711161163 -0.45057759782525936 -0.186559897803929
0.4461861233788999 0.09716345115082141 0.5139742578271086 | -0.1362255430378962 -0.679506368593103 0.17546226631869696
0.4314553562991142 0.15690936611759104 0.5937480961103517 | -0.01932918303145896 -0.3026240160565349 -0.007148943470933788
0.42392789105794215 0.08697518194224707 0.6177597995102643 | -0.047705296765126894 -0.10598857640569266 -0.10407176355549844
0.44400727821746955 0.160720828779878 0.6696378452519145 | -0.021927124142601506 -0.2765770376087528 -0.06464815705238651
0.48564305927293444 0.06536796989961612 0.22243508398031075 | -5.468688806467678E-4 -0.6895303280004569 -0.030008593759779347
0.492060607969199 0.09536744066440715 0.2984973260845716 | -0.031341063307185016 -0.6050612284391659 -0.0700009896727444
0.48767765675862107 0.20006451040001663 0.3697446721846911 | -0.037429840739595516 -0.0709318877945217 -0.06774127796735896
0.5141467607247429 0.09604333511190932 0.4460418543266002 | 0.17372024055343105 -0.6860583947989072 -0.13623939408805474
0.5224390598337937 0.10782200476010763 0.522422442094603 | 0.1070087177283897 -0.4094810337018237 0.10721963309178606
0.5064439127804224 0.1507960194030148 0.6072162241082683 | -0.014813554499354536 -0.33045845323408674 -3.391427870965283E-4
0.5070180819592911 0.0950332886953099 0.6237724741109445 | 0.007309518314344746 -0.13675288895336382 -0.08538070088216042
0.5079912486721693 0.16496537429446165 0.6804348859867831 | 0.024371499492150322 -0.2498852516673113 -0.07832999184458864
0.5767953403559775 0.06623355378470508 0.2934535014865288 | 0.1057777177997212 -0.46849920045826826 0.20519115632665227
0.571432898088714 0.17443977049478307 0.28430526004397405 | -0.07932619425364583 -0.22806272524853932 -0.18496705588739773
0.5614053943770897 0.14696815394023738 0.34873340745967285 | 0.052771778022566974 -0.012693308069429412 -0.13852504343085748
0.5937476521004164 0.15709524564051278 0.4314670100043642 | -0.008416156595348903 -0.30259528782498507 -0.018976602819132077
0.6071246947260012 0.15081311321000876 0.5064483102607783 | -8.719032875491133E-5 -0.3304367430409735 -0.014565267441924636
0.5899382078699 0.13769989568921617 0.5899294824493491 | 0.06152738483956586 -0.23476895289484762 0.06123831508867258
0.5767497645739545 0.08447511722739791 0.6448347663216711 | 0.04367624985518894 -0.35756357042884557 0.026851448787455465
0.5931569694076056 0.18176934700794867 0.7052077081362499 | 0.05763924964659873 -0.3212486052191945 -0.0879078807167002
0.6363004742258602 0.06608043660552342 0.31313847123818805 | 0.04698345628040213 -0.45910387269792563 0.5068615600490934
0.6299542029055197 0.15476063518526043 0.3153772303113589 | 0.04132793375083763 0.12162227538269142 -0.09663454930896498
0.6380537086922289 0.16488493912517668 0.358867921300815 | 0.04189345637530274 -0.07808282233745062 -0.1059948986314676
0.6177331678100586 0.08706188150858847 0.42392596780076935 | -0.10429176350769052 -0.105276884160287 -0.04767755625412854
0.6237492458133131 0.09502662213784419 0.5070055973848083 | -0.08557318008938164 -0.13664042416550584 0.0073911769521169315
0.6448266664302007 0.08447592644283225 0.5767474950742614 | 0.026903696966561017 -0.35769771953546314 0.043760446758430056
0.6522214588564854 0.11504924661870014 0.6522185103208042 | 0.03304850000708276 -0.25005915242968624 0.03304354945066947
0.6533956661006559 0.1275969168194093 0.6606721444313534 | 0.06318885989380918 -0.15420126692384142 -0.0380590721260806
0.7014788630420409 0.0737246339110819 0.28003111526879726 | -0.011825836853176945 -0.5589840535578973 0.197197297880428
0.7180575457250441 0.18175234064131232 0.2994541110119184 | 0.0713196313775838 0.007905150177495874 -0.08539660253734492
0.7048897240627526 0.1950248782052137 0.35538625301579857 | -0.1420909107088699 -0.05310114636882522 -0.06772499307469113
0.6696428731304046 0.16073592655599805 0.4440116629381728 | -0.06492711385514102 -0.2761656454995722 -0.021894677272850962
0.6804154384719565 0.16495367074048164 0.5079940678118294 | -0.0782852112484514 -0.2500132963914845 0.02473150196521449
0.7052082639692879 0.18176955529534863 0.5931570867100491 | -0.08791522192823802 -0.3212328716232068 0.05763146060673647
0.6606734056816446 0.1275975885823054 0.6533932037482597 | -0.03806677560873955 -0.15416871253617648 0.06318326969034493
0.7090665550590176 0.10150826208398338 0.7090665765476388 | 0.020484053892946493 -0.3813609837935672 0.020483508985145768
0.263070638719243 0.4229217361164707 0.26307082893667033 | 0.0071958457591226495 -0.24121208212332837 0.007196296311585781
0.23255151173478833 0.41825072387241913 0.3667099431714808 | -0.03103836213532687 -0.1446642703363937 0.011517202238959119
0.26044137998646605 0.1412386377220692 0.400003277206669 | -0.004558754678738597 0.0031317683302990408 0.005805207476436665
0.23361139235410402 0.07325203265657605 0.42486656141429063 | -0.12347026573182623 -0.7713113425650473 -0.12000205573324718
0.23515176437484056 0.02345308279799853 0.4737850118322924 | 0.03669689391176272 -1.003146104463832 -0.05097036969248058
0.25236333758326623 0.012903228609831787 0.5642452054101621 | 0.1711943422133048 -1.3394537466172878 0.017642442436553846
0.30420171821231473 0.03735087544288511 0.6430589709801116 | 0.38292984556310145 -0.7530453057908886 0.12088510257249661
0.25014422212959914 0.026857459197631238 0.6974253968462693 | 0.0622379752568118 -0.8923039136263698 -0.023150522257201024
0.36671061549901396 0.41825093953080417 0.2325513548161084 | 0.011518342388342045 -0.1446647875582798 -0.031038922293005332
0.34361586652274345 0.4155573676329473 0.34360778777555895 | 0.009707171067394963 -0.03495260545136562 0.009620660519525046
0.33594920628101427 0.19111022378472908 0.40001206186744614 | 8.453750874155943E-4 0.006629957056009727 0.001435766220867829
0.27018444100555883 0.16925219085266913 0.46549555426241007 | -0.18157309643243197 -0.3598497337886195 0.02463448551980595
0.29585818237930983 0.11862033718155592 0.4847716937217932 | -0.05426935479238145 -0.7348678628757055 -0.019084139967696
0.27605086808568496 0.1543532312472726 0.5665275752720311 | -0.237059763613801 -0.484329274983105 -0.11174276416193446
0.2745063944552771 0.14441911227584714 0.6547123883464387 | -0.22685481912084943 -0.7497960665452549 0.13992379948687497
0.2991759833083716 0.13822388134255528 0.7631503817032153 | -0.06758375003715024 -0.7596331333624988 0.2032918438750328
0.40000239375972224 0.14123945235730875 0.26044274746938034 | 0.005904329626024958 0.003124413675222703 -0.004539422688220897
0.4000200269433394 0.19111673575600013 0.33596657558207443 | 0.0013649672987914637 0.006644192616483283 8.34303984806421E-4
0.4120233194398711 0.28778576866473954 0.4120247665184592 | 0.028771483954584384 -2.0893172252742502 0.02875994899175862
0.34950707879195136 0.11344306726459748 0.4090726574109766 | -0.12746953569400346 -0.8958139999272778 -0.07823464206879795
0.3720623382160701 0.10884461226129535 0.4845136572350183 | -0.06542653379667611 -0.357016629948615 -0.03397696830228339
0.34927115324554886 0.14246308132481597 0.5610540268864407 | -0.10871793179674488 -0.2231805765744905 0.03957695425117349
0.357684887663227 0.15032386953184704 0.6401637678931673 | -0.12526821340803365 -0.22677650983189918 0.053777746942709176
0.3648089361254723 0.10487852759992153 0.7420921502279121 | -0.10526311094415958 -0.43901779313762795 0.10812622736284112
0.42499132744588985 0.07327449723594522 0.23335693285089246 | -0.12013278642493264 -0.7712849325304518 -0.12408107785283477
0.4655796063888027 0.17033169703001 0.26976594027442785 | 0.024191959821115033 -0.3525572710175109 -0.18478592042963357
0.40905842265757847 0.11307828918659751 0.34981701744413196 | -0.07822116148540581 -0.8945880278664143 -0.12821989812197943
0.43008193080695023 0.13416120153318742 0.43015727164531914 | -0.10894276674027335 -0.6634199748943413 -0.10863650325411664
0.45157125361007155 0.09024820007058636 0.5114857180997534 | -0.07750349289450678 -0.8398667715913499 0.1559243982284929
0.43027854857746956 0.13409002762068775 0.5876809680633635 | -0.027055711815634247 -0.4961163949030317 -0.05306400636659795
0.42348737197360115 0.0719447910624295 0.6157114254857713 | -0.056095205899103294 -0.29109261893899036 -0.1357299578846695
0.434303398480489 0.02931580744314282 0.6712404184004401 | -0.04775898242669474 -0.875662144798146 -0.22769794610547256
0.4737118036890825 0.02329393657445999 0.235240336682361 | -0.05118709715195691 -1.0057042673888406 0.03708767171274996
0.4847707488234537 0.11871753950859176 0.29598890675227296 | -0.018356760980061615 -0.7339352066322624 -0.05437145121727533
0.4844790329414468 0.10911388896441704 0.37215244798721353 | -0.03331019852682427 -0.35621175785647735 -0.06552163439786397
0.5117096379312358 0.08867396629374422 0.4513463208070353 | 0.15329730153920137 -0.8543485014795527 -0.07805349737260425
0.5534210194064906 0.060272386516604874 0.553536517044376 | 0.37667045129534515 -0.7410284722463956 0.37778831033581906
0.5083210192121533 0.14331552191927732 0.5964531490866402 | 0.004347326337482911 -0.5035800679133703 -0.026638067442566908
0.5084135249822512 0.07914976014877176 0.6201091106744148 | 0.014997602326010514 -0.2969068334024423 -0.12646782291437755
0.5182641685901012 0.03612976976095495 0.6849755761097078 | 0.0731358780173951 -0.8475720710333278 -0.13911972730824376
0.564216920638829 0.01286902305819006 0.252381179966403 | 0.01759169351635083 -1.3397573766647115 0.170835640796193
0.5665245831450889 0.15430837910806453 0.2760196921361 | -0.11131433020145225 -0.485286294859942 -0.23640792199212762
0.5610408494665309 0.14267294928845375 0.34930766367304095 | 0.03927279670213956 -0.2223305603030184 -0.10818075192685196
0.5876269138858987 0.13427601888130491 0.43029359553119295 | -0.05429441908448427 -0.4959429397560427 -0.026693631178560703
0.5963969313260774 0.1433233567813944 0.5083275569049716 | -0.026415927137594185 -0.5032359676620515 0.004560055056206867
0.5903136723039623 0.12962424443993556 0.5903099343238946 | 0.07092283225984164 -0.4302185268337954 0.0707529563060713
0.5794548012966166 0.1338180022893954 0.6583389672514915 | 0.06788351594741181 -0.5002127868167853 0.05124700711444091
0.5867621585591524 0.09405468608881085 0.7421711269423146 | 0.11122955629424289 -0.489479217622895 0.09319182662091653
0.6430468264524719 0.03734687641114579 0.304204403251084 | 0.12081147649893911 -0.7531427869267667 0.3829433538053017
0.6547097487816095 0.14448810687802396 0.2744930576361409 | 0.13981343096011906 -0.7491809643460403 -0.22698916247344728
0.6401911557692594 0.15026557838769503 0.3576806346876438 | 0.053689818583646486 -0.227051051981675 -0.1253814552275344
0.6156655398673109 0.07204367766342289 0.42347997125451403 | -0.13611541999391416 -0.2904875936035023 -0.056076267717077445
0.6200826420008251 0.07913643921123686 0.508421095776226 | -0.12660261508804024 -0.29688090255803257 0.015267998801798693
0.6583358229450078 0.1338279208819359 0.5794447368292773 | 0.05124875381248055 -0.5002090948907797 0.06786097219551897
0.6531830851034366 0.11778646337790476 0.6531804005250345 | 0.04067840099190256 -0.4094506026569432 0.04067562688122701
0.6487280863889442 0.11205861574615998 0.7672470013852843 | 0.054743710586745466 -0.9188591705069771 0.23500012712823434
0.697425998242346 0.026860969250110923 0.25014650787808357 | -0.02313106843056696 -0.8923067539257729 0.06224255098918305
0.7631507717194023 0.1382223850435554 0.29917537386975285 | 0.20329300610736098 -0.7596162100346747 -0.0675819160527931
0.7421036538372202 0.10488516145108621 0.3648182642852077 | 0.10815325582487327 -0.4390146450499989 -0.10524961320818887
0.6712176685611473 0.029308190484594612 0.4343047267430184 | -0.22763173314173016 -0.8758130260359679 -0.0477233106320409
0.6849820221602875 0.0361262014254871 0.5182675436451682 | -0.13902387021860638 -0.8475231297915607 0.07315060091865419
0.7421683618607395 0.09405385265146447 0.5867618754689269 | 0.09319043087310172 -0.4895007457061001 0.11122147349791972
0.767246762286298 0.11205939406137383 0.6487277555025059 | 0.2349988593090415 -0.9188553819521571 0.054742879329364294
0.6787483313650113 0.010139641043731874 0.6787483060207858 | -0.15447459357026636 -0.9903297263511991 -0.1544742312688515
0.18732706165762697 0.40203425735364634 0.18732712841281593 | -0.08560262766573408 0.17772028310973448 -0.08560258565392159
0.22473431475933014 0.40149351821020113 0.35024344490397136 | -0.019801678404399878 0.013785355799558027 -0.014904212177580641
0.25680885445407103 0.21290059266303557 0.400000736921672 | -0.007447801119986053 -6.349237233157177E-4 0.007015170143971954
0.20468781713686968 0.10635423411622602 0.40008408348024566 | -0.007245225796632428 0.0014535497370886238 0.003959458915762729
0.26402991508879076 0.0015251342853731856 0.4594357645000024 | 0.07721326815646455 0.24712480496503209 -0.13265878472821385
0.23655896662888296 0.008425453042420943 0.5631067467074505 | 0.09297596485679442 -1.26345118488114 0.002608987849526331
0.28017839039265613 0.002132547480946728 0.6463991557379645 | 0.06157123115347644 0.5231876728227715 0.04018157372547657
0.19717049003028203 0.07921744844205807 0.746594073733771 | -0.153221130734177 -1.1116308345224648 0.13728370885358387
0.3502432686665409 0.4014931270240729 0.2247333095365865 | -0.014904950930584897 0.013784851247276932 -0.019804906556872878
0.34379608058849354 0.40629603787530655 0.3437869899563188 | 0.008372956338576876 -0.33493028763131094 0.008305914572168085
0.33868294037703 0.1690342952804225 0.40217801944963827 | 0.051830371851646705 -1.320618450871033 0.11313498534287512
0.2446673300230422 0.18129282360972768 0.4006973981109268 | -0.10639713481226869 -0.4681983870291282 0.12670919788006063
0.2938025481977341 0.10187017612059762 0.48635752780054814 | -0.058909320828911246 -0.933735126868748 -0.007833411257442595
0.2797264652913198 0.13029592818925137 0.5722886611826008 | -0.2467916486502318 -0.5152229978722876 -0.11369997796049304
0.2694234518284663 0.15447559331527896 0.6578761078864894 | -0.20055623847501466 -0.8235231810093445 0.11247740591559688
0.3040801990327621 0.09887303441958335 0.7680692695249772 | -0.019304391523150322 -1.0859661506532228 0.19400977557941657
0.40000039285294625 0.21290212960254712 0.25681109175619565 | 0.006886116394223055 -5.247894506090816E-4 -0.00749263967393869
0.4020055124049134 0.16803871707509285 0.33891680875776 | 0.1101888420244836 -1.315529093189571 0.050129075640482974
0.4207669187068184 0.21375121517356174 0.42071095691918187 | 0.05725573777413837 -2.3309858807267965 0.05666524067890917
0.34745772232770106 0.1544222540741561 0.4022154459545192 | 0.044327478606181324 -0.696475594050409 0.08714242823758821
0.3723983776486346 0.05496634939281033 0.4866080576637131 | -0.08038955493072726 -0.5601919741119256 -0.03869655272424979
0.3627875255721465 0.19481369704623192 0.5656698739996739 | 0.04935971959130072 -0.5771267944689858 -0.019866704882521933
0.34808984954181654 0.10248892623839412 0.6361669797639073 | -0.17960824990250693 -0.40769032769801455 -0.027683388014788663
0.35978134716121024 0.01182391975143882 0.6590180383667608 | -0.08699921875011166 -1.1365520363355006 -0.320977565399871
0.40001743988385124 0.1065924025469632 0.20415132581136233 | 0.003944656726015333 0.0014767514785024244 -0.007200102756286874
0.4008451159868273 0.18347630829271136 0.24452527547653147 | 0.13093002950924076 -0.45844832611029174 -0.10992871181775726
0.4013676245555588 0.15058628906895752 0.3475369144784799 | 0.07021704137229452 -0.6669852348683488 0.04776507100092777
0.4176399051490192 0.07402459722174828 0.4183596651500459 | -0.23634683394372927 -0.7333169022679186 -0.22028239474138875
0.42972519028030065 0.03986239933007407 0.5386337429534329 | -0.10432454164010332 -0.9990334446247338 0.2517037127538149
0.4329573492069331 0.1780751800541716 0.5760601517765476 | -0.028698655533497347 -0.7142840840123945 -0.006168301802601499
0.4448496487485432 0.14546805089185738 0.663907324155106 | -0.030895951038743145 -0.3398605524860161 0.23817184389691895
0.4385163416512319 0.006253851242354197 0.6526479169876837 | -0.004096136638275999 0.30877799472106615 -0.2678286966850842
0.45959646276334803 0.0014904236767374556 0.26392064145731176 | -0.1313121944733363 0.24589817271537937 0.07632000960731336
0.48640613524075976 0.10202325909282102 0.29387229020147404 | -0.007454216090138167 -0.9339417444681747 -0.05905871163223946
0.4862731066542277 0.05538717678360536 0.37248865917473506 | -0.04143628112387457 -0.5579875680352328 -0.07842329054079551
0.5393026041768957 0.03870073563130237 0.42932772929321933 | 0.25251341697771623 -1.0008652595764223 -0.10496750646357075
0.5825906581983958 0.02910223680290977 0.5827552645661633 | 0.5526796786172682 -0.8434422330185943 0.5544110120379339
0.5164685522214977 0.1825418263725699 0.5756074502934966 | 0.039112536214163995 -0.6876837563643634 -0.002113425101585538
0.5062764749192403 0.10013739051330671 0.6318928521813867 | 0.008401717783651163 -0.3321956057117403 -0.01000016614454224
0.5129370593643235 0.00788996372363869 0.6501723030218954 | 0.015608619638505626 0.3561103404839192 -0.2610564167359011
0.5630858701786342 0.008416025982024882 0.23653198472951895 | 0.0025482699475770556 -1.263348338141054 0.09296465583561563
0.5723231901496976 0.13015404799113442 0.2797360401076967 | -0.11280298653620982 -0.5173570991340936 -0.24511273431678615
0.5657617476715229 0.194879852865893 0.36270931425297404 | -0.0195903885684556 -0.5758612581901692 0.048639970683584534
0.5758747879529132 0.17806949563006552 0.43295742134576054 | -0.006885390522665155 -0.713867229663517 -0.028613800320216244
0.5756354058527121 0.18257508754986057 0.5164981594666948 | -0.0021224419417584213 -0.6875169069836365 0.039396464729155076
0.5948541740529976 0.15888985258073157 0.5948670123478611 | 0.04872685194631189 -0.7613788182308266 0.048766837101239226
0.584728101840852 0.08109712815904828 0.6497400294428956 | 0.12814069928233754 -0.547130369996801 -0.013041434581755143
0.5968980299739497 0.009862526431747875 0.6590241020392246 | 0.11682983095621093 -0.9959326901916745 -0.39084894319038377
0.6463856831988002 0.002136388745256775 0.28017929756682425 | 0.04014807163477335 0.5232043086488347 0.06155110757197156
0.6578625415112955 0.1544669539348187 0.2694265464474732 | 0.11237074811050009 -0.8233647498312495 -0.20063536612892233
0.6361851999218902 0.10245335577545508 0.34808777877934693 | -0.02753601012081759 -0.40804164187728803 -0.17951183284275096
0.6637795281853077 0.14555939547899374 0.44485940591940265 | 0.2377157429844921 -0.33842963035767204 -0.031115184099730697
0.6318715235193506 0.10005571541071112 0.5062727082860731 | -0.01026690173991503 -0.3326942110733251 0.008473840300366978
0.6497380919201239 0.08110259171184508 0.584724697251101 | -0.01301275397896611 -0.5469750416535465 0.12809761585062637
0.661811242627921 0.17488893720261386 0.6618115963750401 | 0.1190678972891842 -0.6178831351933595 0.11907644059616791
0.6449606177436503 0.08319378277511322 0.7680102058013368 | 0.016212413573199812 -1.175381703857942 0.21580454548735087
0.7465933983402783 0.0792180206427738 0.19717135477928796 | 0.13728529885563046 -1.111625282353576 -0.1532206396267002
0.7680681438592925 0.09887055299349348 0.3040795161212999 | 0.1940025264429997 -1.0859523743844846 -0.01930311410194735
0.6590183077219184 0.011822044620223331 0.3597828985306273 | -0.3210466332830961 -1.1364994476994905 -0.08699718681511487
0.6526326861369888 0.00627167066353615 0.43851628455415365 | -0.26807497714775386 0.3088282724909733 -0.004055504215514213
0.650175876628136 0.007888212135392984 0.5129388310262799 | -0.2610215296774146 0.35608797519343505 0.015609782819060426
0.6590140641918105 0.009859928536371979 0.5968937974210475 | -0.3908558792552192 -0.9960702989236879 0.1168091869317861
0.768010271281213 0.08319434019767134 0.6449604251120997 | 0.21580549830968018 -1.1753791472867796 0.016211801688650475
0.7536620374101601 0.06838721427710671 0.7536620478100475 | 0.14337285955994641 -1.1521843650861867 0.14337296018829354
0.1921562308686619 0.4000048307831806 0.19215625642786707 | -0.006503206236539076 5.46721423783558E-4 -0.00650320004416943
0.21908072266405001 0.4000003100847486 0.3465471590977982 | -0.003727240832893023 0.004416417785919565 -0.0033018400042939483
0.2523777832279547 0.27207633285161004 0.400000168769719 | -0.022779976523296448 -0.1765551244114779 5.778973259026742E-5
0.155106848582798 0.010673554093787913 0.4126145722994161 | -0.08882087324374557 -1.5716496795408905 0.15346968550187007
0.18658191741078692 0.009402166766859428 0.4809296599196315 | -0.06911272795183382 0.5139788101418027 -0.002214737145002671
0.2073516370719664 0.00595691780548227 0.5652302000340224 | -0.051579151766341744 0.4741737892362535 0.01495491195509204
0.18326600133556928 0.038397863067024515 0.6398132951796482 | -0.1594723799850699 -1.445285562893989 0.026833304493821607
0.19022047552431656 0.05145869197990037 0.7544786751862891 | -0.16836518982643842 -1.2714351913627384 0.15582027930825953
0.34654705003117486 0.400000123293917 0.21908009919445443 | -0.0033019694229455454 0.00441623649469742 -0.0037276304530423888
0.34353227646448736 0.40271596645085844 0.3435220939467294 | -0.014717623088811449 -0.05435573600902334 -0.014752316021007166
0.34344401630746774 0.03118257293079232 0.4060910245044512 | -0.04718673959890153 -1.9523331485375401 -0.0020877807421370836
0.2716657251715998 0.17556768770354045 0.4000858461488373 | -0.005713765952976704 0.0026937768279422644 0.003757817742863015
0.29873973511342633 0.0440878145601491 0.49824709308118187 | -0.05403665851353651 -1.0572006604206272 0.006782793779149983
0.25400384628340344 0.14363244879395146 0.550017742186454 | -0.25860471770846727 -0.883883239600063 -0.14412167935081938
0.26111986835350687 0.1316090533525288 0.6605354117853988 | -0.25433471237569416 -0.9520065153591281 0.1301045767160572
0.30377623257215963 0.03541116731300943 0.765398553990117 | -0.05997493842809695 -1.3388958246337512 0.1635309173682691
0.4000000560030573 0.27254791343300694 0.2530895663940178 | 7.195243635493303E-6 0.005559821767414309 -5.852495836630603E-4
0.40586266057106074 0.028558770039241968 0.34286480073331793 | -0.011686003350619593 -1.9587668050450466 -0.04300035136911297
0.42767877241901775 0.13299054016264938 0.4276023946827922 | 0.07436055351137061 -2.658387521381545 0.07268296040972824
0.3480296446479964 0.13001888144069598 0.40050487623529474 | -0.006465742043865714 -0.5852341192885632 0.019039731565653733
0.3843613711476012 0.1307994548370142 0.48787774731524103 | -0.01855180306627929 -0.883777639359721 -0.02270214849992145
0.3602950104328129 0.15757310995064217 0.5576758997262944 | 0.047659739594321626 -0.8071798026674386 -0.052034735337976055
0.3672881035860808 0.15228956031851693 0.6445601324745346 | -0.012129206588831196 -0.4682504257717554 0.09263645467432155
0.36207805030961154 0.010963917867103814 0.7234826966695149 | -0.06745468266562848 0.29684401532103255 -0.06406507767752284
0.4125501525573893 0.0103915839408941 0.15526392949251985 | 0.1540724611327559 -1.5729086778383363 -0.08843194165553374
0.4000867132065795 0.17565445346376 0.2715709128436652 | 0.0035939466830294162 0.003223341852487361 -0.005209829451486813
0.4005468375475895 0.12370668805835999 0.34799647207639495 | -0.11767834377873114 -1.1364044758939689 -0.07829398298888891
0.41404997670338395 0.0011396567756011894 0.3951055349776485 | 0.15903304215582906 0.4215593844567834 0.06077057984612152
0.4204475722632013 0.0019274756704456236 0.5565843629191343 | -0.04513227686406544 0.47957239069437135 0.12878993679614917
0.43218942634786145 0.1593589656954794 0.5674344562211749 | -0.028359339201386433 -0.8211828570491347 -0.07786849972124885
0.43982781066503457 0.08617088512646759 0.699298749929024 | 0.04487335693504226 -1.2366938894528967 0.26219414040531286
0.43797373791470284 0.005967463348847204 0.7363987961432704 | -0.02549103408022609 -0.02516316458541336 0.0041644564053251445
0.48084636923645246 0.009266513073511727 0.18672713552941364 | -0.002144338519312089 0.514068447679902 -0.06802779679587065
0.49833940798042137 0.044384755932796956 0.29864149792296724 | 0.009470490651071374 -1.0558496706521048 -0.05634778076854785
0.4880456674029213 0.13081016936264672 0.38469302774433684 | -0.020534852276496127 -0.8841880493652297 -0.018812145002557474
0.5567007995497296 0.0012985119502293301 0.4205115897279497 | 0.13031633493022787 0.4796242991100475 -0.04459859087821945
0.586676786069123 0.012885878238643123 0.5868633680481529 | 0.5331740484625765 -0.8781787576447113 0.5347237627629735
0.5149093523640332 0.1626070273304591 0.5702835336725071 | 0.05612167324328156 -0.8356648698709618 -0.0628712557896729
0.5063865175106128 0.09762936891627985 0.7085184899563983 | -0.034374667052930005 -1.247682398828561 0.2948717697735304
0.5120655507778968 0.005663685616516157 0.7304657089715727 | 0.03408261842221075 0.06291331758094851 -0.03065434470948014
0.5652138368916141 0.005952398140207044 0.2073161341589075 | 0.014949305646378577 0.4742023910990178 -0.05168140537904769
0.550019093290799 0.14365817898463207 0.25400471833462124 | -0.1437815867007148 -0.8839667880705783 -0.25835012157738657
0.5577272049079666 0.15741958246746413 0.360164263407621 | -0.05185975711448913 -0.8057814647366941 0.04685879850571746
0.5670812261664107 0.15929415845109976 0.4322286672975789 | -0.07945797665484218 -0.8195881114572687 -0.027911974027099662
0.5703446396347761 0.16265453816694378 0.5149523609977901 | -0.06276031070061037 -0.835180053366671 0.0564983375160669
0.5889919850260646 0.12095427269816637 0.5889982818934052 | 0.01262823446781289 -0.9147285797102089 0.012675139015219604
0.5745970138990419 0.12680491441796785 0.6680924187470951 | -0.04621979865158111 -0.7503260374333628 0.12016115545777083
0.590144481517726 0.009504160363961088 0.7201251730154004 | 0.057120204017183596 0.16479544544885646 -0.058410659076682254
0.6398085047692913 0.03840100158696134 0.1832692232552513 | 0.02683024324569362 -1.4452573061739844 -0.15946788721632393
0.6605268378792197 0.13162243151747427 0.2611220916044062 | 0.13000289467080292 -0.951781543636778 -0.25444491135049185
0.6445966228548 0.15228559476185272 0.36729590714821436 | 0.09260189831055589 -0.46855619441697066 -0.01215001666040781
0.699285769421232 0.08613399399501304 0.4398158643175526 | 0.26192228811979157 -1.2371063666560922 0.04464973078346471
0.7085026366623735 0.09762059546002061 0.5063793404766264 | 0.2948471898106 -1.2476188801288066 -0.034422136156098196
0.6680905929855343 0.12681737282619737 0.5745863068024084 | 0.12016645415634016 -0.750432268296911 -0.046318817670977584
0.655636981636747 0.08390073909950656 0.6556342650402787 | 0.03669641424347769 -0.6609191667870854 0.03669686667102661
0.6461965444461242 0.03241645266051145 0.7640360426886998 | 0.036592737108098926 -1.395814169461375 0.19073506971128942
0.754478808807237 0.05145891717368781 0.1902205342650215 | 0.15582290396928394 -1.2714286192677136 -0.16836614492385518
0.765397625220726 0.03541088691516102 0.3037767361101893 | 0.16352633049462567 -1.3389151157825583 -0.05997956926244091
0.72348586546577 0.010963306622020035 0.36207967308448996 | -0.06403725013275334 0.29686123129159536 -0.06743331638619753
0.736400599048218 0.005969647056698417 0.4379740356517668 | 0.004202806235372032 -0.025101958673484442 -0.025500956213369903
0.7304650938348843 0.005665619380426069 0.5120647209470922 | -0.030685116024708792 0.06295115884975779 0.03406030449090611
0.7201257711338293 0.009503497965671672 0.5901443454971125 | -0.058400166979842696 0.16480679574471369 0.057118449303682046
0.7640361932164852 0.032416702134873805 0.6461964525169843 | 0.1907359629557463 -1.3958120784502754 0.0365925601168475
0.7583844525635579 0.04737522192536192 0.7583844616272225 | 0.16184775946098443 -1.2877227215514944 0.16184781555399397
0.2140629248530909 0.4000048197214068 0.21406293638446477 | -0.0053064512616397864 0.002724602174826385 -0.0053064699213739176
0.23240129614688657 0.4000010338891486 0.3431938402535326 | -0.0013274655614446081 0.00541340895143042 -0.0014893829624183276
0.2516911482816096 0.2794151525416631 0.40000006614904915 | -0.002654115340865275 -0.22231662523296644 1.2354097461747574E-5
0.1627195535027916 0.004931927686687039 0.40884030126281307 | -0.05972373641162985 0.7752353434086208 0.008297387445651004
0.15135510653573733 0.019202818265160133 0.49221573646017486 | -0.14570252162804886 0.5847008270561985 0.02289539893765184
0.20446654882733956 0.005632897136739629 0.5661347310405551 | -0.06145607434484785 -0.0862186771885413 0.003514650283434368
0.1780278006094673 0.01146121969555556 0.6517428814429485 | -0.08083255305287496 0.5243982806943596 0.060103021569390805
0.18466439291342263 0.0025388215583094314 0.7615370109064682 | -0.16531962988207352 -1.354223295124377 0.1563708480141903
0.34319334209390334 0.4000009330888085 0.23240097241473215 | -0.0014898823938578945 0.005413327805850527 -0.0013275900859973913
0.34288459181494113 0.4001944328382592 0.34287379579138816 | -0.027811917380004353 -0.10452385856553478 -0.02779820659222647
0.34324904845897514 0.02187541139143718 0.4071254455425181 | -0.04748697718443576 -2.0372001666092214 -0.0038363767645222934
0.28890187031742215 0.14626294839211537 0.40000028987757036 | -0.0053686064971790815 0.001316576773770743 0.001208351730468071
0.30030145633210586 0.029250614573880458 0.4991588462855901 | -0.04253501861666457 -1.1336972478184657 0.013830622047017802
0.2515856147173907 0.14686193434092396 0.5426330226746728 | -0.2889252931524142 -1.0074296988483882 -0.16928405221149811
0.2569445363244005 0.12673516079108307 0.6622288998967295 | -0.2788363980229532 -1.0635693319157262 0.12983443843798548
0.28940293888785157 0.0023618391843502184 0.7668572689167353 | -0.10858681698112356 0.6844919160515777 0.09858720418588775
0.40000000978939665 0.27685062154099144 0.2514601519814671 | 1.1139663942702154E-5 -0.10886882329710654 -0.0024131487520511054
0.4063786557751555 0.021275623697580532 0.34262299810256974 | -0.015495473944723292 -2.0262446342258356 -0.045754685304850155
0.43156978886540587 0.048170856355835664 0.4316781749419498 | 0.09399437747752902 -2.825891317419333 0.09570271864109381
0.3496177659260772 0.12597196594585378 0.4045745154256483 | -0.02705584867863822 -0.8103214434463711 0.06113725363075185
0.384414392616452 0.10941102159223498 0.4874524712596497 | -0.00969210385445535 -1.114858213017929 -0.01787414748970096
0.34407634668233794 0.04831715729608322 0.5822054218836688 | -0.24865081691410323 -0.9168848928664397 0.22586466433741945
0.4077716024192735 0.15808933102519973 0.6936559305486755 | 0.276695926099615 -1.0514402186532268 0.2304558185179388
0.35940560487645806 0.010681188637002011 0.7289213575147572 | -0.05331444033651052 0.03651031869531659 -0.07716115446582568
0.4088339219885047 0.004875857299244484 0.16280432120461602 | 0.008741291239852251 0.7763521833186537 -0.05975503938723574
0.40000178462917496 0.1454742014463255 0.2895849107509406 | 0.0010534351421608713 0.0013273341280637457 -0.004910138727780992
0.403340301793948 0.12302993888044694 0.3494125332574585 | 0.041996744755369894 -0.7804899274045343 -0.02196972539275842
0.41480211534169137 0.003247085819651087 0.38495090104278623 | 0.12125869542381033 0.16585055838454899 -0.026026700810300125
0.4238212786020907 0.007646014261243439 0.5524721906603637 | -0.04187404325577938 0.21556507628270805 0.13361250938199387
0.4307386434902431 0.11018299168528123 0.569636747683284 | -0.030370016466886387 -0.8341832368777633 -0.13815940107605132
0.43742325256634784 0.07160193029930116 0.7061863107785195 | 0.04119628720979632 -1.3554862063830542 0.2584584911903833
0.4376316130326504 2.0520900505784805E-4 0.7443064424026292 | -3.496313159265101E-4 0.005691938084046731 0.0031071223113238087
0.49217979929409456 0.019211355190357528 0.15138150832101474 | 0.022772895126741608 0.5847535231387136 -0.14561004546275164
0.499242428913354 0.02959010938443083 0.30022232435831464 | 0.016549270262670734 -1.1302492016055259 -0.04467940635740417
0.4875634604546027 0.10941156282590483 0.384657183942266 | -0.015177156032528854 -1.1146596736588055 -0.011695289733951742
0.5522491258763793 0.007252542546698732 0.4240163746853303 | 0.133591933831532 0.2164823938707801 -0.04082910905261258
0.5799415793138272 0.002515757326123244 0.580153504012737 | 0.19672569237805126 0.3169158726220999 0.19758574346446048
0.5102065187410377 0.13329080289043072 0.5678521855296934 | 0.020532685579716145 -0.8696576356724274 -0.10542145399947928
0.5072877325656938 0.08634864908418456 0.7142695804238305 | -0.04205998456809757 -1.3741942489197734 0.3070715161571489
0.5125203201745195 1.1655130063860849E-4 0.7416400014545868 | 0.0025298101719207202 0.02717563388600952 0.016330099723763335
0.5661197762213473 0.005654683164227064 0.20443175505528438 | 0.0034850453915415947 -0.08605786627008591 -0.06154866341886777
0.5426325333241898 0.1467797088515896 0.25157533656333664 | -0.16939562318840556 -1.008626612297013 -0.2890755900414116
0.5821692986955761 0.04835880796199127 0.3441218093514881 | 0.22530865591457608 -0.9155491550460311 -0.2479963262637591
0.5692625706393657 0.11057750590855452 0.43080648900884716 | -0.13959528850210368 -0.8275166004838667 -0.02958019410731537
0.5679121649206562 0.13327203676475588 0.5102185487090497 | -0.10580329830413594 -0.8683436413023943 0.02076977640575113
0.5958140949774919 0.03215611464318058 0.5957577048901809 | 0.1690673887322249 -0.897191884294096 0.168862221397094
0.5608521622508496 0.1429250961722936 0.6865442454167466 | -0.20909762409302146 -1.0685851072984678 0.19057024035169964
0.59109525573717 0.007587511645268875 0.7283889705600735 | 0.049295061854644294 -0.05688280955609067 -0.0723863147074389
0.6517403938705902 0.01146040083649868 0.1780326799544382 | 0.06009260107890585 0.5244011040574214 -0.08081146869656661
0.6622209396176303 0.1267581910397657 0.2569498433255303 | 0.12974672035365845 -1.0633046006379347 -0.27894980410330095
0.6936240166914434 0.15810043925075595 0.4077758494156235 | 0.2303283931742605 -1.050769453024449 0.276716654083193
0.7061693159932297 0.07156295994496392 0.4374143368416616 | 0.25825726477963035 -1.355769158448324 0.04109089122349641
0.714256618237821 0.08634744090735635 0.5072822333164558 | 0.3070674888548779 -1.374096612428864 -0.042103810663304375
0.6865398177962182 0.14292780537861768 0.5608472482274417 | 0.19054344941092421 -1.0684817751209397 -0.2091193342722673
0.6800411074840406 0.16300718314350515 0.6800419361265406 | 0.19981991668127674 -0.8975919997076303 0.19982745803499224
0.6623234854483875 0.008905549087447565 0.7704104510064145 | 0.11591935036212238 0.5490262714171875 0.12054987135826518
0.7615370356516727 0.002538956663728093 0.1846644480707619 | 0.15637124263382077 -1.3542197094531754 -0.1653187848761763
0.7668577347093888 0.002357717891644926 0.28940240679397244 | 0.09858320348540373 0.6845051669179884 -0.10858243937336358
0.7289238228357036 0.010679904737128713 0.3594070162184372 | -0.07714747500783398 0.03651467648671065 -0.05329201821236977
0.74430384852198 2.0884941711303855E-4 0.4376320129534065 | 0.003106110901952427 0.0056909868648246376 -3.492592330420427E-4
0.7416404424986387 1.1765020600365068E-4 0.5125201287696263 | 0.016328285988731643 0.027176679492912116 0.0025249570597732783
0.7283894386720746 0.007587127924522754 0.5910951599480005 | -0.07238758427144051 -0.05688043715890793 0.049293330201004786
0.7704104988781566 0.0089059392759062 0.6623234919080948 | 0.1205507263122226 0.5490248232708629 0.11592116352937282
0.7647523218917248 0.0074687852236573335 0.7647523248375064 | 0.17687375029802982 -1.354768470298913 0.1768737931858949
0.2253270903895926 0.4000511042566567 0.22532709834488931 | -0.002772172257992162 0.004853956516696596 -0.002772209905467521
0.23617535161799136 0.40000151306119375 0.3417757589287807 | -0.0018199062499878059 0.005464031017356738 -1.9077011157042615E-4
0.2513322183165487 0.2588256377499722 0.40000057518712817 | -3.937794305629126E-4 0.004747735807563447 1.6298054250921923E-4
0.16660535242906743 0.009502712657880857 0.4026601713994167 | -0.03539098551716506 0.5868056084391643 0.003466636004875752
0.16177904998787043 0.022865918542643537 0.4861916411753343 | -0.12034985682006522 0.45965911964235956 0.013369775450131814
0.19874610512229648 0.004823167985336986 0.5662249346648869 | -0.07186458186096022 -0.13416092442555694 0.005466906866332747
0.17724549949562204 0.01914644946896285 0.6538455181694977 | -0.08177242692772241 0.3333171384071525 0.05570329046845146
0.18679021641514287 0.006388840590110157 0.7605372892496491 | -0.07313956244067922 0.5596812719615107 0.07251008060136645
0.3417752611880985 0.40000161049353294 0.23617502387087874 | -1.9129879445198148E-4 0.005464044374967412 -0.001819761262108376
0.34276477817648293 0.4004981154106101 0.34275357567312187 | -0.023631901688061605 0.007949005771996667 -0.023629025588428672
0.3433640051062208 0.021301369992747687 0.407266561375089 | -0.047137364441334026 -2.043670338096644 -0.003932182507526397
0.3105366325969297 0.11157906025277277 0.40005611260319107 | -0.006101824234980689 -0.00956184410222844 0.0030255160763102066
0.30089001614709365 0.016244955899192042 0.4997688527024392 | -0.039547780132283286 -1.2105230155413813 0.01496353927168266
0.22988026298894104 0.11458392366889832 0.5440650095717737 | -0.3030618060591859 -1.1666197192718393 -0.12667761713358003
0.25086255643414257 0.11433691040022144 0.6653253185021907 | -0.31024093356660787 -1.1303326734143508 0.14592145030809398
0.2872433172883178 0.006892134205931717 0.7697576598273407 | -0.10852634821571139 0.6253974062715221 0.09563588213488804
0.4000000060228183 0.2789977338410757 0.2515799010699025 | 1.9531788848472602E-6 0.011956200274899104 -0.010719079953802606
0.4065036142669161 0.019591097124169763 0.34254354049108277 | -0.015660537311826064 -2.040334212636766 -0.04676778977741664
0.45957562132118684 0.07183755915521871 0.4602962042596439 | 0.16718621107218826 0.3831842675974389 0.17721274617735502
0.348398420112402 0.09954237515992553 0.4103039394318954 | -0.09948892584075922 -1.2503386163616073 -5.318340728942988E-4
0.3823039081822362 0.08392532521724923 0.4869252212179618 | 0.009237047868402279 -1.211629692698595 -0.03150497563697176
0.356625375786949 0.08507457976611013 0.5595625055460032 | -0.012828981472085596 -1.2539169980078217 0.0013775935987320772
0.38196572090239334 0.12417612061969234 0.7000132967792395 | 0.06389744182861755 -1.1084123482916266 0.15297952150926145
0.3613848600346142 0.01237294612067085 0.7509043986070606 | -0.02597600257027697 0.040546477721430545 -0.026638619784972166
0.4026306424905737 0.010190906910388351 0.16644851373349587 | 0.0032588388579080207 0.5858499250445719 -0.03685398559654219
0.4000636846287721 0.11157104947776604 0.3105249242003917 | 0.0028960249762971188 -0.00872973857126939 -0.006082987177077602
0.4100442632634566 0.10203736941879137 0.3491373087373906 | -9.290516252275407E-4 -1.2346611699429042 -0.09008859875915935
0.394190807283515 5.731408034459221E-6 0.4038523407472753 | 0.005966494608649099 0.010004054461916531 0.004179404077448854
0.4289471745754307 0.012554860637041717 0.5402742584215722 | -0.03887444700146252 0.16005616066219636 0.11509093433632407
0.4310474620233701 0.10531359540613479 0.5676577928478126 | -0.029302842968162462 -0.907969366001162 -0.10491808932906187
0.43525038916007963 0.05752564363411622 0.7125206484452806 | 0.04650235466998061 -1.4038910887579248 0.2911261153607704
0.43712621239793426 1.52087445571026E-4 0.7527939132899545 | -0.01128718808616523 0.07612436618134918 0.03711537989364998
0.4861843899267067 0.022918149248191723 0.161722601998663 | 0.01330161111543417 0.4600739846806067 -0.12043779431184333
0.4998481431262673 0.016632283159178737 0.3008218431096992 | 0.015365163089731715 -1.2018179425406288 -0.041208476105756085
0.4868943661442421 0.08372332004228804 0.3825611060251886 | -0.02611117681013355 -1.2107070839122132 0.008436870698598246
0.5401482310740121 0.012425331986843688 0.4290185148448249 | 0.11517922403229226 0.15990866309977791 -0.03876650142505448
0.5149030928123548 0.010613227716932348 0.5149465070313911 | 0.09176921366907849 0.6762634511562894 0.09242197652228645
0.508243430895914 0.115309478042794 0.5608012149360251 | -0.0018883260929980733 -1.0118688394485011 -0.09444334198794511
0.5103157616118353 0.06785316722133919 0.7215183391768284 | -0.0358173746073497 -1.4327265311961594 0.32916994830345125
0.5131122157226582 5.1719506624286126E-5 0.7514903684259172 | 0.03173737591009911 -0.26701192173780075 0.006900371830711119
0.5662097373377118 0.004842897792081618 0.19871298357942452 | 0.005444440517577725 -0.13404413456903866 -0.07189404274919131
0.5440835424203468 0.114634821254427 0.2299091067698605 | -0.1262246584659368 -1.1659762191548502 -0.30271477150737913
0.559599114093049 0.08507661246613162 0.35658577418249304 | 0.0011246318407157375 -1.252496670033981 -0.0128389079495646
0.5672784389896662 0.10551095694526584 0.43112439743164743 | -0.10556544470476685 -0.9053977344790157 -0.028739669280675742
0.5608342889143122 0.1152978244793971 0.5082290738752667 | -0.09479012105915158 -1.0106724465942438 -0.001950955806441874
0.5851735734647462 0.09266487768985532 0.5851724745933711 | -0.043209600606752364 -1.1319742762342941 -0.04327270691064917
0.5747179730368134 0.10671453619520198 0.7116475018582754 | -0.1469552723823543 -1.2325157566896803 0.30708751475062357
0.5874451049376003 0.011115584163967103 0.7555227673964542 | 0.03349261684205268 -0.04866243332031368 -0.018532562786907476
0.6538437288859424 0.019149908221512305 0.17725224379235302 | 0.055693291692440784 0.33330998664405376 -0.08174397693983279
0.6653191553771353 0.11436415323910892 0.25087023164322564 | 0.14585828456360805 -1.1300316369948835 -0.31030315705432754
0.699990255758147 0.12416071647898734 0.38197501707108966 | 0.15297255552274822 -1.1082508943837244 0.0639433780798368
0.7124931699861483 0.057494167700395546 0.4352486587195043 | 0.29092786057564757 -1.404213221342738 0.0464779613047916
0.7215115867503684 0.06785673886743288 0.5103136082796825 | 0.32918001969666594 -1.432647309432681 -0.035833126650787944
0.7116494199781587 0.10671160965622573 0.5747162396902312 | 0.30706076295688856 -1.232556563614691 -0.14696455357560476
0.6864873871626502 0.152173549320007 0.6864882162109047 | 0.21939027644166903 -0.9261766851585872 0.2193968123952325
0.664310806844154 0.012062193554626236 0.7740181864682737 | 0.11168290480140065 0.47937016326360166 0.12226052776801659
0.7605362022257297 0.006391066411916151 0.1867913673519676 | 0.07250309202082232 0.5596724719963837 -0.07313203603605561
0.7697582552734173 0.006887896975805757 0.2872428208044764 | 0.09563289008872156 0.6254120851613353 -0.10852265083157751
0.7509023049953271 0.012372672042872453 0.36138565832150066 | -0.026645059567157705 0.04055990609040119 -0.025964689646004124
0.752789919022041 1.5588929526959516E-4 0.4371265403857584 | 0.03709180354890926 0.07612368726997729 -0.011286301736354603
0.751490668205769 5.284212924314976E-5 0.513112080260772 | 0.006880121462566429 -0.2670095839641617 0.03173102896092172
0.7555228568922492 0.011115243869720475 0.5874451971373532 | -0.01853276297586417 -0.0486621029597039 0.03349213896685684
0.7740182475471417 0.012062628473854442 0.6643108239464343 | 0.12226139361111528 0.4793682732856738 0.1116844206872468
0.7653856905821356 0.01163709833806937 0.7653856857254911 | 0.10512353586941482 0.4058510174409234 0.10512351829060393
0.23942760229941776 0.40004600190329853 0.23942760998924364 | 0.0026260110402467904 0.004901351149041703 0.0026259764777621787
0.2422307416645387 0.4000016262909018 0.34188467932271305 | -0.0017168075184204943 0.005448569446826726 -8.706355445088133E-4
0.23772120803141678 0.022700850960844163 0.4044124098594713 | 0.02346826486381485 -2.004862884200784 0.027871107726693583
0.1918138186759429 0.09339585705435659 0.40000897177705197 | -0.0059061788460263555 0.002712369258012118 0.0025127519909962765
0.18953051023227097 0.015516491199915194 0.47734479071226166 | -0.022128039970475043 0.25246966492665635 -0.011554801106820764
0.15623750927448218 0.018266407680969814 0.5656578241804201 | -0.1885487136838215 0.43205102463418515 0.024330803665068988
0.17886196038064117 0.01886544585646088 0.6551603177698093 | -0.07397684695302686 0.3026909800538493 0.059332452730902985
0.18903345751925485 0.00908035880507054 0.758384103221935 | -0.06830103073207332 0.47441985981972856 0.06777831336114745
0.3418846628590171 0.40000157416690624 0.24223061678701943 | -8.714496167582865E-4 0.005448518558392991 -0.0017167047505467783
0.3426981092715583 0.40058532694019333 0.34268911674272345 | 0.0022916112924916674 0.003907879237087089 0.0030263385934137903
0.34296561981323287 0.016066405291218142 0.40789530427044185 | -0.051348509391440166 -2.101163258602797 -0.002461537952043634
0.3098954505995708 0.10477634999488762 0.40000628751034406 | -0.006122691081852841 -0.007429204089389625 0.0035170350130944413
0.2894878875279904 0.07003326504109361 0.48764418182368885 | -0.07463111000270699 -1.4367978376366062 0.02664500411439246
0.2213328535162871 0.09312616736617273 0.5528447430493197 | -0.32176872315048866 -1.2147389605727636 -0.07905168583066612
0.24463997974326068 0.10196795529985586 0.6689346674028527 | -0.3233043551679406 -1.1661978077347912 0.16035298634590148
0.28536669465749814 0.00772936118791063 0.7690461771274619 | -0.10978419875512271 0.5886219487782403 0.09174873509826219
0.4041156177850474 0.022501048247357564 0.23785441267385868 | 0.028572091851617288 -2.0046381746919977 0.020004027369344757
0.4069664683608353 0.01595927111606833 0.3422717657353208 | -0.015058978723857037 -2.0844925115549113 -0.052654179003627996
0.45937432674413503 0.06920157256274714 0.4601287022399063 | 0.1574272835390126 0.24849905845375986 0.16792838794271495
0.35697310855444775 0.032630068707584246 0.4160636155028694 | -0.08735658008330648 -1.3860813209432477 0.03550055238190863
0.3836636734488847 0.036983303983097224 0.4859864245355462 | 0.02369641224595889 -1.4008357790433583 -0.051307677778247324
0.3560596332587976 0.0884511925677264 0.5591857396171581 | -0.022071610417855644 -1.4216016993150844 -0.02632369589007479
0.36192316393410134 0.08667112962768798 0.68366078793298 | -0.03510608952511975 -1.0640674873377973 0.08948553411143799
0.37803847053203654 0.032824394928542194 0.8195778026686894 | -0.03913555111101647 0.6232059591768558 0.24776178255552359
0.4000410983874538 0.09473229217218002 0.19246202667569157 | 0.0026008740839390193 0.0026768229131059755 -0.0059537288777566835
0.4000029261442439 0.10475334251424491 0.30988873083951324 | 0.0033214974490321275 -0.006707935947418621 -0.005996468545512393
0.4131768960164101 0.03509180178072574 0.3575653879437071 | -0.005000282916607306 -1.3509885796091774 -0.07439596842814708
0.4075848051760186 3.5352943094453494E-5 0.4086527412394962 | 0.004626106726656589 0.007032358212580763 0.003919094283657312
0.4302513705755087 0.012243442371509934 0.5361907105929886 | -0.03970929544396739 0.033572956211622255 0.10469111639878567
0.4320434705672263 0.09396550865708393 0.5620577536451773 | -0.028007219821703268 -1.0602414561473645 -0.04084771662353602
0.43483689734703856 0.05251218791671751 0.7113852040516417 | 0.039763509814438304 -1.4608091028074406 0.28868041264208816
0.4441479872750312 0.03313160475512359 0.8337262688658159 | -0.005701693189658517 0.5988783901078444 0.31376784944451275
0.4773044404551487 0.015513132048419285 0.18953336275054292 | -0.011629377533785616 0.25253742531770373 -0.022053334958691898
0.48778081056543116 0.07013822794898161 0.28940830378399063 | 0.02732468871510436 -1.43587609836912 -0.0759723267146136
0.4860655734287626 0.03743976779611853 0.3838059087411244 | -0.04719065450804653 -1.397800610138072 0.028020791899530953
0.5360397007674942 0.012128569879853023 0.430313636314237 | 0.10495470620140113 0.03349209433063299 -0.039804555692361104
0.5111219891912222 0.014610850865324546 0.5111801484246843 | 0.09148821531682365 0.6810685908073917 0.09222922461385605
0.5075606026839529 0.09637266091771762 0.5504545902647899 | -0.0021943189602173143 -1.1661271120939751 -0.08465052068220076
0.5116220812278144 0.06005566698482481 0.7202980292027852 | -0.031620426146822964 -1.5280382377862252 0.33832367348450176
0.5053353110115311 0.033735970309848554 0.8319762112217832 | 0.003795592873205099 0.6027872903274029 0.3105268541331815
0.56563731683631 0.018204492798293063 0.15627466965396547 | 0.024210763231253506 0.43199636517329854 -0.1884713183410166
0.5528695447525015 0.09320072947596215 0.2213826088625148 | -0.07862125203232614 -1.213514119505187 -0.3212375651146451
0.5592587853730838 0.08849767436020205 0.3560059757985162 | -0.026045087666823667 -1.4207821627100685 -0.022505013609501003
0.5617163488697487 0.09407108931794221 0.43213405697097884 | -0.03777308045633429 -1.060937432644162 -0.02825252608377345
0.5505022732711491 0.09641995242680586 0.5075525645828823 | -0.08342223289970185 -1.164955410175949 -0.0023674658821854926
0.5870268083390837 0.09250830814667005 0.5870294138665217 | -0.024753922446209584 -1.4215273325444917 -0.024751184633679365
0.5861421672345358 0.07765048405308254 0.7106154126981573 | -0.023978877486978613 -1.2739005895837348 0.19942971574393764
0.566551607412974 0.034145935551676096 0.8297905842775735 | 0.003044218807141677 0.613191390192915 0.27498772915747405
0.6551584757485294 0.01887183581093218 0.17886842825671928 | 0.059322777336955346 0.30265885064537046 -0.0739505948491548
0.6689258029625975 0.10199936126983493 0.2446541782918791 | 0.16028441187576906 -1.1659424685764164 -0.3232981642096552
0.6836531942220503 0.08666077078835599 0.36192155894509825 | 0.0895395342734942 -1.0640157212538037 -0.03510443313958275
0.7113608056692187 0.052505625065572555 0.4348391748928985 | 0.2885081565877435 -1.4608911465159538 0.03979225307844158
0.7202961553643733 0.06011064849884995 0.511617976551077 | 0.33834994457852635 -1.527198047633235 -0.03149779446100634
0.7106147731615567 0.07764683404058356 0.5861427950981435 | 0.19939558989483117 -1.2739260235673444 -0.02395387125793478
0.6901536967144173 0.13546953172955226 0.6901544622583266 | 0.14230631448302047 -0.9252387903709983 0.14230723281352917
0.6659509866134468 0.013731663174181648 0.7738813157785108 | 0.11386450222261744 0.43485775062660836 0.11831015619805543
0.7583841757255072 0.009081076402828474 0.18903337564131834 | 0.06777766727013251 0.47441762276298144 -0.06830004017616957
0.7690475023163004 0.007726494302618185 0.2853665096951464 | 0.09174814610193738 0.5886322472233443 -0.10978243424428245
0.8195781945970139 0.0328251097859759 0.37803965490662556 | 0.24776421253359088 0.6232086615561542 -0.039132022994343
0.833725339297728 0.03313288537204879 0.4441479919495323 | 0.31377556120407424 0.5988740866387254 -0.005702213497985062
0.8319766320632581 0.03373544855579967 0.505335046196094 | 0.3105253782594735 0.6027864734179326 0.003794039251091551
0.8297908450208623 0.03414598922624731 0.5665519261092113 | 0.2749898406415043 0.6131920869439886 0.003045286197676773
0.7738813388791269 0.013732064296087218 0.6659510094283477 | 0.11831081554604049 0.43485598411657955 0.11386569913986395
0.760244541513823 0.014602170545296547 0.7602445344106593 | 0.07646631996931859 0.212493207244377 0.07646630391198898
0.25213007088753747 0.40000718712305305 0.2521300802829471 | 0.00499440234247406 0.0029978558238156427 0.004994498307354927
0.2498498871448597 0.4000012233897605 0.33922821154863536 | -2.518025311208874E-4 0.005572762190351395 -8.674572239253057E-4
0.22447106609113476 0.036279925627676235 0.40002392698141576 | 0.00811416334072166 -0.012824541569577885 0.009396425023377725
0.2128153150513247 0.10726544995338225 0.4000043334735028 | -0.008018372463401834 0.0014833460601700176 0.00411270657082801
0.23327847568022828 1.8718987489044193E-4 0.47950157542565075 | 3.756004878733389E-4 0.004933644119638333 -8.438741219356537E-4
0.20385715866166074 0.012257460281751587 0.5656229306349086 | -0.07185106619991534 -0.00127140076668277 0.005437357664570208
0.18495171224128157 0.01926639272959182 0.6564525575329342 | -0.05241475871157919 0.21581066883994565 0.06347766142651656
0.19724093075625285 0.008765576117391536 0.7502064870534194 | -0.05313897448864611 0.0031143481419376035 0.052989679109870416
0.33922818798137083 0.4000012065294853 0.24984966577103243 | -8.683105629771292E-4 0.00557257634981219 -2.5686291663621697E-4
0.3401026832962423 0.40006029651044617 0.34009768470694 | 0.03225147411536333 -0.09651212217354038 0.03221255465619615
0.32761659739616233 0.0371367703408469 0.44696744989256265 | -0.06062083595351501 -0.13198106446437516 0.05939542838954724
0.32427354019040866 0.09301021228907448 0.40005653988634843 | -0.011329615441676917 -0.001036110977017271 0.008389278854877141
0.2994852572301463 0.00138849042468019 0.4997361636698676 | 0.024971653191854237 0.7116253751852901 0.05553057686564219
0.2548018087503888 0.06586793993696345 0.5734976494257782 | -0.06282844754309168 -1.1697216535348722 0.031004896855928138
0.243105457438422 0.08508432774455488 0.6734089565458753 | -0.2693384576521416 -1.1964377643949673 0.16224503365610485
0.2832174898268472 0.012605492028674876 0.765307462418638 | -0.11796366703892561 0.4447259547333245 0.08349505947321433
0.400003851577182 0.03643984819583155 0.22430512094691094 | 0.009501015841417779 -0.012745400187351257 0.00805385491570823
0.4489143037323719 0.04060695751007913 0.3245793104169097 | 0.05456434885102075 -0.06730149356349108 -0.06386755184522613
0.49582504763910445 0.03704094035690768 0.49581615533210477 | 0.17072824771004344 -0.49445477269624766 0.16970130939859807
0.32299050479763464 0.0033128940234108148 0.406708802152235 | -0.2259579566918203 0.19837202183509967 -0.011948200828466985
0.3730375524372234 0.008064625523750028 0.48381852301635386 | -0.033774736290331564 0.5727046152705966 0.011680716341103776
0.35275854594400613 0.005526335759773594 0.5697659103144918 | -0.07486121773037527 -1.6551486199488987 0.040328248845120374
0.36015307956700227 0.017241531909188555 0.6574522880054333 | -0.07483612389862782 -1.3068056230622378 -0.006169457991779872
0.36151778429068965 0.02041394438429806 0.7398891224249545 | -0.08897162746635673 0.24120909358868522 -0.034651509794418896
0.4001323834310001 0.10784995970004824 0.21352955479873392 | 0.004126505771132429 0.0014472415434572021 -0.00809229670436518
0.40004753341444055 0.09299279113990357 0.32427302826437177 | 0.00865620114304575 -0.0012904519606523107 -0.012021719283548057
0.4062145082084674 0.002206090230116217 0.31832770912091074 | -0.015408327013270693 0.21344592331475906 -0.2943391259696035
0.4248608146128011 1.7254233748687143E-4 0.4260172178847697 | 0.0026593304324412305 0.004064930819835334 0.0032718938062614037
0.43000775893799525 0.004563603766058313 0.5372027641642411 | -0.04042610829426409 -0.19564633193146863 0.11355808256457724
0.4370865044849107 0.04015563177449081 0.5842739599248017 | -6.893988384344459E-4 -1.1893345105298312 0.05521342177391492
0.43423414964811197 0.03561649128687767 0.7088518459920413 | 0.02753548879506315 -1.4293032259775071 0.18847903247492362
0.43756593454810144 0.02823058910367795 0.7690611044089696 | -0.055972878920182975 0.29447349974283304 0.11498921562224461
0.4795015119474629 1.949646072032398E-4 0.2332804489945515 | -8.675774810360421E-4 0.004939231866199003 3.992869946909528E-4
0.49977032717061826 0.0015662709693739503 0.2994456058744124 | 0.05442226185303192 0.7086660813916486 0.02464478866428434
0.4858064581906341 0.008471572580323524 0.37232920605327385 | 0.021860412731156315 0.567860312920508 -0.0410968661190236
0.5370040360342115 0.004449558630495477 0.43008460573830687 | 0.11332781415922215 -0.194646712424028 -0.04059891626387103
0.532404664572011 0.01575738408251698 0.5325253575420943 | 0.10913920101552238 0.37364602008163117 0.10975883986470909
0.4970636553189018 0.039803025121931714 0.5714937564723326 | -0.09257017189183184 -1.2137147412397122 -0.07005290648549777
0.5152398981730228 0.03622494541561484 0.7165113712807641 | -0.019059780870930278 -1.4772847243329938 0.23362459857676332
0.5125527845273091 0.02419506587807682 0.7613364056202077 | 0.04774162728054001 0.16483202286649962 0.08077964848653392
0.5656087357609453 0.012259373604874972 0.2038283869459207 | 0.005403470399727218 -0.0011124414025905638 -0.07187693120421021
0.5735418087885245 0.0658426515721973 0.2549108321992851 | 0.03115387915441235 -1.1683513822835654 -0.06263077199465306
0.5698463666207175 0.005551907473564373 0.3527337244325367 | 0.040213907482005005 -1.6547460167900734 -0.07514280833767731
0.5839967008953058 0.040473985258421066 0.43703748702114065 | 0.054956277784857954 -1.1878068961327324 -0.0013106389095558775
0.571599185580446 0.03974463151979621 0.4970656718356396 | -0.069164129554975 -1.2128367357986893 -0.09284259968832542
0.5905399928118367 0.020046676159905946 0.5905044501923689 | 0.10910184166123622 -1.4158873650318375 0.1087510126373747
0.5925309172475849 0.0150293810004613 0.6691042939147174 | 0.08609143175098569 -1.222543177369938 -0.023413715199900292
0.5844351678288431 0.02302994655238114 0.7574454780258876 | 0.08204121822044073 0.28601189006405686 -0.0027285570125237576
0.6564500035485515 0.019270108302161096 0.1849573731649811 | 0.06346192630285594 0.2157882395938556 -0.05240080884704376
0.6734085953391014 0.08509769690669325 0.24311056760490388 | 0.16220471388764088 -1.1962465187840579 -0.2692883722008709
0.6574754407442563 0.01724119964672025 0.360147858844897 | -0.005824060114266784 -1.3066807297948475 -0.07491494150336264
0.7088444066061692 0.03569578789426655 0.4342288728610075 | 0.18850742701866283 -1.4290522316169343 0.027486461264112617
0.7165266082157855 0.036227537135837026 0.5152385266548124 | 0.23382176926037748 -1.4772068705582362 -0.01910197528108932
0.6691002604348473 0.01502889720503403 0.5925309955885807 | -0.023480806293045477 -1.2226244980091054 0.08608975103330627
0.6886369797424222 0.08007555189506126 0.6886373572449671 | 0.08499129273578516 -1.0004926722686593 0.0849886583573715
0.6679116371026994 0.014571832961737393 0.768563041402075 | 0.11536851686222276 0.3347814741275146 0.09832903154085648
0.7502066356468341 0.008765645158848931 0.19724053852629256 | 0.052990312356598325 0.003116683639899996 -0.05314015674502663
0.7653096097028554 0.012604776237047963 0.28321769633592336 | 0.08350126209015071 0.4447336363465102 -0.11796309750513037
0.7398918621767845 0.02041060564169943 0.36151881332208674 | -0.034638357895779875 0.24123104901907444 -0.08894995555741757
0.7690515587361306 0.02823607763365035 0.4375658263190284 | 0.11491000634572128 0.29450191325829495 -0.05598197855855825
0.7613360196448741 0.024196206618215012 0.5125527349204914 | 0.08073004951651712 0.16482315241586593 0.04773449174231853
0.7574448093396904 0.023029635805893234 0.5844352213172984 | -0.002724638504288939 0.28600721017388403 0.08203846341696318
0.7685629771480303 0.014572031757113966 0.6679116870724771 | 0.09832900810135632 0.33478057644446507 0.11536929967088254
0.744953009385949 0.008287303902451275 0.7449529848709321 | 0.006129280238279103 -0.03957159211033275 0.00612911166234685
