512
0.27344124559912547 2.581145976629013E-6 0.27344124559912464
0.20780569753636136 0.029747989732074775 0.29731448568663427
0.26215923576010486 2.168660537049659E-4 0.35216737571796863
0.23944822631306978 2.1390388984560257E-5 0.43673361515344095
0.23851024674147106 8.21714440613022E-5 0.5189114382020792
0.2724986703525638 7.033951049452956E-5 0.6030519775801392
0.27523742261623385 2.554091982875348E-6 0.6855164964374121
0.29513496647736454 1.5753676534323425E-5 0.7165806052120208
0.2973144856866371 0.02974798973209328 0.20780569753635839
0.26408010538972143 0.006235160702138127 0.2640801053897194
0.3388857733563668 2.8267794822325963E-5 0.3374667874998477
0.2958790177461148 0.02564733605459935 0.41714816007141264
0.28097396097042066 0.02328843052093076 0.5554680818630325
0.331553080176111 1.5916151426915244E-4 0.6087866405500498
0.24797300231251468 0.014846372943495134 0.7067770543953318
0.30494617228770726 0.02405826248165613 0.746719446525157
0.3521673757179673 2.1686605375352704E-4 0.26215923576009686
0.3374667874998476 2.82677948216636E-5 0.338885773356367
0.3303723290788281 0.05126495001517582 0.3303723290788293
0.3279814495895849 7.30245625261556E-5 0.42688986709189725
0.33013016126678796 6.405421055089274E-5 0.519746666637455
0.32084217102768925 0.05350146253331585 0.6281504605120645
0.3329051111954541 8.468273133675792E-5 0.6102796183022164
0.36916871932314393 0.026368691949975542 0.8210076555757972
0.4367336151534404 2.1390388996551967E-5 0.23944822631306265
0.4171481600714131 0.025647336054599554 0.29587901774611786
0.4268898670918981 7.302456251490134E-5 0.3279814495895871
0.42856269160630994 3.739890981521908E-5 0.42856269160631083
0.4276696272751272 6.613528506037089E-5 0.5193803803403345
0.4231273233193509 1.5024977323242331E-5 0.6174537015081484
0.4262253506234201 1.0029468607572017E-4 0.6168898034831511
0.4423882605893201 0.01632590730007868 0.7974457788239283
0.5189114382020803 8.217144405731883E-5 0.23851024674147553
0.5554680742840014 0.023288430790660127 0.2809739626338785
0.5197466666374527 6.405421053834608E-5 0.3301301612667794
0.5193803803403315 6.613528506274418E-5 0.427669627275128
0.518240446334404 9.32489367111794E-5 0.5182404463344018
0.5176258037184075 1.294018436760838E-4 0.6134106238310191
0.5152634246572074 6.599807057653779E-5 0.6129138279295123
0.5004130983405617 0.004429303214750123 0.7877288562156504
0.603051977580139 7.033951048108109E-5 0.2724986703525677
0.6087866405500536 1.5916151428426744E-4 0.33155308017611046
0.6281504431576059 0.05350147570685175 0.3208421950465893
0.6174537015081473 1.5024977293153414E-5 0.42312732331935093
0.613410623831049 1.2940184373555898E-4 0.5176258037184087
0.625510266417943 0.051702825707305826 0.6255102664179467
0.5930608016342362 8.443810202274196E-5 0.6587213627134378
0.5937665074923625 0.01326039652295166 0.8415543407603373
0.6855164964374165 2.5540919810377187E-6 0.2752374226162351
0.7067770200210011 0.014846318897018488 0.24797302684248962
0.610279618302213 8.468273136772375E-5 0.33290511119545213
0.6168898034831547 1.0029468608048489E-4 0.4262253506234268
0.6129138279295265 6.599807059380864E-5 0.5152634246572136
0.6587213627134405 8.443810208440933E-5 0.5930608016342286
0.6486555333059444 2.0632285280866762E-4 0.6486555333059542
0.6603478824984711 7.647609530738716E-5 0.7436238948667677
0.7165806052120088 1.575367651555636E-5 0.29513496647736076
0.7467195150208973 0.024058345583021692 0.30494619586965604
0.821007656362066 0.026368691721376576 0.36916872035038806
0.7974457788128845 0.016325907286647567 0.44238826061220754
0.7877288562154136 0.004429303214870484 0.5004130983406423
0.8415543407603656 0.013260396523088365 0.5937665074923616
0.743623894866821 7.647609552106915E-5 0.6603478824984976
0.7444363124602333 0.0014153993962786409 0.7444363124602331
0.20715824116364212 3.472505694858645E-6 0.20715824116364356
0.1496826350540897 1.8933189654115447E-6 0.2758646831739729
0.09701649790718647 0.022374139992901537 0.3507603420022069
0.3193060526882806 4.0255581639616E-5 0.4254399044502794
0.3306169858703569 6.573059111917564E-5 0.5209362254587283
0.11063306500091422 0.021983438572389248 0.5947677499277115
0.2031808516557173 1.1922295822379978E-7 0.6658214666886968
0.2141048785601397 1.735589593575214E-4 0.7275531602460678
0.2758646831739714 1.8933189626148418E-6 0.1496826350540915
0.2653140139901387 6.014618805031987E-4 0.26531401399013754
0.3344242576391989 4.731173073854621E-6 0.33634451848164576
0.3285803848992243 3.210452679722512E-5 0.4290090055994236
0.3365771327019061 3.6542824396579055E-5 0.5189476235891445
0.3259958232524173 1.8447392406645705E-5 0.6049648449809258
0.26398754405488667 0.008811760836886107 0.6992579097918564
0.23708590782669914 0.019092974341464918 0.8861956624905075
0.3507603420022297 0.02237413999291536 0.09701649790719052
0.33634451848164654 4.7311730728739706E-6 0.33442425763919764
0.3405087861137137 1.8256564715304915E-4 0.340508786113714
0.3280795176085901 1.1073642151353365E-4 0.42868564047589336
0.3350271645405817 3.459718585835378E-5 0.5181106820398453
0.3333868301331032 1.7979887230904008E-4 0.6079951889263935
0.3382344820975744 2.010457639631033E-4 0.62462336106957
0.3368500067729563 5.349976936683006E-4 0.8879404767712704
0.4254399044502784 4.025558163792345E-5 0.31930605268828105
0.42900900559942423 3.2104526794628105E-5 0.32858038489922425
0.4286856404758936 1.107364215108279E-4 0.3280795176085887
0.43016401349791417 6.163726837243462E-5 0.43016401349791494
0.4290143976043014 5.401349623354167E-5 0.5181840902179231
0.42492349270292795 1.0733650299001409E-8 0.6180303226756856
0.42732569648799124 1.7908315339072466E-6 0.6418675405386289
0.4349835988088561 4.305487419629264E-6 0.7060839543505539
0.5209362254587284 6.573059112082721E-5 0.33061698587035854
0.5189476235891473 3.654282439914436E-5 0.33657713270190204
0.5181106820398474 3.4597185859110574E-5 0.3350271645405775
0.5181840902179198 5.40134962361031E-5 0.4290143976043014
0.5183461548930811 2.7293272196081285E-5 0.5183461548930789
0.5204177431351202 1.0825076797490863E-4 0.614814744385538
0.5361328089972136 3.0445335513062927E-6 0.6418507764741203
0.5091862924993317 5.861030546275057E-6 0.7349084619500237
0.5947677499295486 0.02198343859091664 0.1106330649508211
0.604964844980929 1.844739241395745E-5 0.32599582325241716
0.6079951889263941 1.7979887224175517E-4 0.3333868301331069
0.618030322675684 1.0733642715938949E-8 0.42492349270292695
0.6148147443855525 1.082507679953871E-4 0.5204177431351232
0.5777855697727 0.011633949921654762 0.5777855697726936
0.6005763961611542 9.468064597023838E-5 0.6510595132271775
0.6180382820253857 3.504605561015997E-5 0.8925780812533864
0.6658214666887042 1.1922294404621652E-7 0.2031808516557208
0.6992578596675335 0.008811747613791698 0.2639876303865897
0.6246233610695682 2.0104576398873427E-4 0.3382344820975767
0.64186754053863 1.790831526894173E-6 0.42732569648799656
0.6418507764741058 3.0445335675162095E-6 0.5361328089972194
0.6510595132271636 9.468064583902189E-5 0.600576396161166
0.6979261055616766 0.008869825453474613 0.6979261055617246
0.7226423486625614 0.01939747214160246 0.883329904819349
0.72755316024607 1.7355895938452078E-4 0.2141048785601383
0.8861956624898868 0.019092974341011364 0.2370859078273059
0.8879404767785322 5.349976905009209E-4 0.3368500067639979
0.7060839543505572 4.305487410622212E-6 0.4349835988088524
0.734908461949918 5.8610305435380495E-6 0.5091862924993655
0.8925780812533819 3.504605560481739E-5 0.618038282025386
0.883329904819363 0.019397472141604942 0.7226423486625415
0.7221315712298477 6.190139541237734E-5 0.7221315712298476
0.09491714786649395 1.9851682079698976E-4 0.0949171478664905
0.1501299512502846 1.7813007096399267E-6 0.2762542604392439
0.12907654159160176 3.98069448283696E-6 0.35629085034788344
0.25926392126293063 5.319431540298126E-7 0.4359628490832859
0.26483211043871735 7.005517140081877E-5 0.516889020773057
0.12746596432456214 6.2039172131256934E-6 0.5892113950147186
0.1496325186066115 0.002522839611006551 0.6704222916033974
0.11783462878464117 0.002491194099139986 0.8662536429631639
0.2762542604392423 1.7813007073744016E-6 0.15012995125028575
0.26618179358223387 1.7266332032584357E-6 0.26618179358223215
0.2622799047540614 0.01629140617365239 0.35145212538549714
0.17356781937355928 0.03474413239644294 0.438404209506561
0.17502244580857787 0.03599627409537995 0.5261337198016621
0.2435073194747436 0.02284106546600833 0.6195132316737982
0.27781550430512064 3.7058725880977413E-6 0.6835853503980226
0.2697716324452402 3.2194003096370596E-6 0.806646953492021
0.35629085034788016 3.980694480698537E-6 0.12907654159159573
0.35145212538549936 0.016291406173644475 0.2622799047540605
0.3847375145441554 0.015614739371656939 0.38473751454413346
0.33520055985410546 4.267652218300881E-5 0.42776444406953734
0.3355263211984897 1.223363600217069E-5 0.5197664631874295
0.38160328061537535 0.023184109044321173 0.5685754883475467
0.3540265432734935 0.017005384221378764 0.6842936367308969
0.3659820579789029 9.694839511375306E-6 0.7664560894812503
0.4359628490832861 5.319431549041098E-7 0.2592639212629292
0.43840420949955267 0.03474413239644895 0.17356781937344906
0.4277644440695368 4.267652218173577E-5 0.3352005598541043
0.42981237040107007 1.9924843564153196E-5 0.42981237040107056
0.4298162250902088 2.4021589894309804E-6 0.5186281897315417
0.40427631935980196 1.3859702452566068E-4 0.6145904847303305
0.43464690748541646 3.345130127024496E-5 0.7046212416735468
0.43533964295810723 7.002375548849622E-6 0.69390606135477
0.5168890207730563 7.00551713985539E-5 0.2648321104387166
0.5261337195075777 0.03599627422572302 0.17502244570400946
0.5197664631874301 1.2233636003996867E-5 0.335526321198488
0.5186281897315399 2.402158990915382E-6 0.42981622509020784
0.5164886472078081 2.539394228626161E-7 0.5164886472078065
0.5517466580121119 5.446556231651533E-7 0.6185067548363152
0.5208541901115076 0.027595316824425408 0.7048671977874811
0.5170488820986863 3.6729144284895413E-6 0.6854983916654255
0.5892113950147169 6.203917215074418E-6 0.12746596432457552
0.6195132146658875 0.022841078810852556 0.24350736922912397
0.5685754881582423 0.023184108871953567 0.38160328075643574
0.614590484730332 1.3859702451850568E-4 0.40427631935979
0.6185067548363229 5.446556218890304E-7 0.5517466580121096
0.5767301929147678 0.015647565940447323 0.5767301929147745
0.5943894762780488 1.998837011133242E-4 0.6615482258205448
0.5817849017684839 3.052969009277125E-5 0.7712631681491977
0.6704222915700456 0.0025228396732777762 0.14963251849446418
0.6835853503980254 3.7058725914690578E-6 0.277815504305121
0.6842936453017324 0.0170054116317875 0.3540265374470325
0.7046212416735437 3.3451301183358535E-5 0.4346469074854126
0.7048671977885821 0.027595316830011776 0.5208541901244504
0.661548225820516 1.9988370127862765E-4 0.5943894762780322
0.6734672236652068 5.98706270189676E-5 0.6734672236652101
0.6759597457755039 5.595660916171004E-7 0.8060425315527909
0.866253642957082 0.0024911940994665556 0.1178346287879911
0.8066469534920245 3.219400316056668E-6 0.26977163244524044
0.7664560894812547 9.694839515438296E-6 0.3659820579789037
0.6939060613547741 7.002375553165431E-6 0.43533964295810806
0.6854983916654153 3.6729144329013395E-6 0.5170488820986869
0.7712631681491987 3.052969010481924E-5 0.5817849017684855
0.8060425315527934 5.595660892106561E-7 0.675959745775504
0.8114318910576949 3.505923860130342E-4 0.8114318910576951
0.14284446351268448 9.862363833445298E-6 0.14284446351268534
0.1506473800727403 1.1450295579904005E-6 0.2766575006125748
0.17070786290325718 1.0097621235172152E-6 0.36944612462609033
0.11203761147164235 6.59340128481788E-5 0.4315157205964249
0.1188278638686494 2.9461999994259275E-6 0.5115221555900754
0.15602306928406887 2.913403864627781E-5 0.5799768421532133
0.05543889601629997 4.493768248158428E-4 0.6616892491526002
0.14244748651981712 3.459044432557084E-5 0.8032702161251929
0.276657500612573 1.1450295572741782E-6 0.15064738007274092
0.27109697999117266 8.798456685097026E-7 0.27109697999117227
0.26225942814962705 0.01870882204797127 0.35163318293759427
0.17378915533405787 0.03497127464438713 0.4471431051513091
0.24126870543030268 4.1684894138271456E-5 0.5189900223421356
0.24493826103306393 0.026295191438058994 0.6179615578081201
0.2796287700754742 1.6753352925067077E-5 0.68141361433111
0.2731906376400177 5.2604064803908624E-5 0.8017592507875564
0.36944612462608845 1.009762122652991E-6 0.17070786290325815
0.3516331829375969 0.018708822047958165 0.2622594281496269
0.3853669919511413 0.004564770161476087 0.3853669919511252
0.3770610369843643 0.02797256526025521 0.47309226328568493
0.37716707927695003 0.025352374297378404 0.47199018895136696
0.3842013408370541 0.015953046729351255 0.5627281635499509
0.3543275672097427 0.018898552165796483 0.6842051852628995
0.3664952547101256 1.2888770382737315E-5 0.7643853846674747
0.43151572059644044 6.593401284253683E-5 0.11203761147168478
0.44714310514191885 0.03497127464470337 0.17378915533403477
0.47309226328462656 0.02797256525695661 0.3770610369812218
0.4300799445219498 2.87903362513776E-5 0.4300799445219501
0.42987333332734823 3.1637244457274E-5 0.5181314472504139
0.47621844152734505 0.029296404523231814 0.5775833173863902
0.4343648516543517 1.8600787182813384E-5 0.7047329782773175
0.4299300697653095 2.5069770858073544E-5 0.8393292389252314
0.5115221555900923 2.946200014241452E-6 0.11882786386860356
0.5189900223421375 4.1684894181416116E-5 0.2412687054303017
0.4719901889519464 0.025352374294937783 0.3771670792740155
0.5181314472504134 3.1637244457442484E-5 0.4298733333273468
0.5172717508524133 2.0502670021101245E-6 0.5172717508524116
0.474414459170648 0.02677959350438494 0.5772332068048006
0.5209764021262007 0.028167041822283707 0.7048208493415739
0.5140858889162956 2.0974696437189784E-5 0.8242335552732986
0.5799768421532105 2.9134038648737737E-5 0.15602306928407353
0.6179615977042103 0.026295313122782472 0.24493839315139376
0.5627281634184209 0.015953046604321362 0.38420134095604896
0.5775833173828582 0.02929640452513617 0.476218441533645
0.5772332068007607 0.02677959350608278 0.47441445917874864
0.5763731669090901 0.018349688294861426 0.5763731669091074
0.6169356587970094 0.024809044998513715 0.7108415684179771
0.5811187081012196 7.709649615800839E-7 0.7680036687189861
0.661689249153003 4.49376824526932E-4 0.05543889601486276
0.6814136143311118 1.675335293129088E-5 0.27962877007547376
0.6842051992922952 0.018898404931697328 0.35432754035248126
0.7047329782773147 1.8600787109341353E-5 0.4343648516543475
0.7048208493425953 0.028167041827403358 0.5209764021380473
0.7108415684180523 0.02480904499866364 0.6169356587976165
0.6735655877193123 2.5402853046664327E-4 0.6735655877193164
0.6753922546990664 2.1672623015437246E-5 0.8054539562956706
0.8032702161251847 3.459044431119357E-5 0.14244748651981937
0.8017592507875551 5.26040648055331E-5 0.2731906376400178
0.7643853846674782 1.288877038043592E-5 0.3664952547101274
0.839329238925242 2.5069770848787166E-5 0.4299300697653066
0.8242335552732506 2.0974696385376095E-5 0.5140858889162793
0.7680036687189844 7.709649677683542E-7 0.5811187081012205
0.8054539562956714 2.167262301378026E-5 0.6753922546990665
0.8084928179100143 2.326001153602269E-5 0.8084928179100141
0.15574365465702833 1.701896599933064E-5 0.15574365465702808
0.15673555853291532 6.000354159659814E-7 0.28046370056265185
0.19879374505400174 1.159407435994709E-4 0.3677863576616244
0.11721154937791992 5.0162317796436646E-5 0.430452263437174
0.1216449580195554 4.126049961051004E-5 0.517276699844686
0.19897918556588398 4.715443586659953E-5 0.5822073502890163
0.1448567536408145 3.808350492322165E-6 0.6710993524719671
0.15340388574306885 6.175149478175972E-5 0.7945957922741789
0.2804637005626497 6.000354178911077E-7 0.15673555853291463
0.2074314513305038 0.023838605569908217 0.20743145133050556
0.26224650166536095 0.01593206250809271 0.3517021972893968
0.23569976099075854 1.861179728350108E-5 0.43535690159854507
0.23953960985273168 6.409574203410322E-5 0.5189768671570731
0.24755483226242064 0.02133744845504703 0.6153227493767016
0.20295400020959017 0.025127402587844325 0.743334616234981
0.2781906159901536 3.2464911250963704E-6 0.7822717237456206
0.3677863576616231 1.1594074359969682E-4 0.1987937450540008
0.35170219728939883 0.015932062508071963 0.26224650166536057
0.3850279706025757 0.02578556205090137 0.3850279706025882
0.37843312383850075 0.006189257462793049 0.4726151046220946
0.3780702673682242 0.06169747374364675 0.4715163024147428
0.3836691600830771 0.01921884207822263 0.5651761324252543
0.35558375352117316 0.016743366284235693 0.6834995626974504
0.3691691467149138 2.890500684525186E-6 0.7622411226382756
0.4304522634371759 5.016231779165927E-5 0.11721154937792379
0.4353569015985424 1.8611797226337617E-5 0.23569976099079162
0.47261510462340783 0.00618925746500641 0.378433123834918
0.42945566035305366 8.643206712358102E-6 0.42945566035305377
0.4298629376048903 2.8926027206307384E-5 0.5180747383086387
0.4745733245143262 0.03313507571921547 0.5754386392289544
0.4344596102465387 3.888806850191952E-6 0.7052923705677224
0.4312557408557676 2.4374185506751447E-5 0.8268386862004222
0.5172766998446895 4.126049961979914E-5 0.12164495801954738
0.5189768671570748 6.409574203942081E-5 0.23953960985273723
0.4715163024084294 0.06169747374318784 0.3780702673670294
0.5180747383086383 2.8926027206099624E-5 0.4298629376048896
0.5173664042759747 8.227838454357465E-7 0.5173664042759728
0.47369301436728617 0.0558379843068263 0.5744815398286406
0.5210141657154467 0.024649729091209455 0.7043893253884774
0.5157992390637807 2.0887890988844653E-6 0.8177624121191274
0.5822073502890157 4.715443586692266E-5 0.19897918556588426
0.6153227776271099 0.021337523893555133 0.24755489616026866
0.5651761324016139 0.019218842034464282 0.3836691600844749
0.5754386392277817 0.03313507571910458 0.4745733245229794
0.5744815398301819 0.055837984307103065 0.4736930143760862
0.5772019242712868 0.023040928186176715 0.5772019242712878
0.6182088242931353 0.04010762033322437 0.7110942825201818
0.5800402281512886 5.6612308453751845E-5 0.7588581715690548
0.6710993524719635 3.808350492024575E-6 0.1448567536408154
0.7433346190565783 0.02512739711269663 0.20295399571248995
0.683499552859606 0.016743388665994872 0.3555836923089857
0.7052923705677211 3.888806812509355E-6 0.4344596102465359
0.7043893253894444 0.02464972909635079 0.5210141657281574
0.7110942825201806 0.04010762033312324 0.618208824293377
0.6931527651741893 0.02719734397998163 0.6931527651742468
0.6734484012625961 1.4763278874841731E-6 0.8017561368306146
0.7945957922741775 6.175149477850628E-5 0.15340388574306943
0.7822717237456183 3.2464911230869304E-6 0.27819061599015293
0.7622411226382791 2.8905006935976643E-6 0.3691691467149148
0.8268386862004302 2.437418550841132E-5 0.43125574085576657
0.8177624121191256 2.088789074601813E-6 0.5157992390638121
0.7588581715690522 5.6612308455373744E-5 0.580040228151291
0.8017561368306153 1.4763278849201942E-6 0.673448401262596
0.8006722985548136 6.549294541189637E-6 0.8006722985548135
0.16061901894679584 6.648158169232724E-6 0.16061901894679564
0.1592652918182084 1.4592351098798206E-5 0.2813866144831264
0.19694793597284904 1.3057211710678865E-5 0.36752795906863095
0.10045252281232109 2.3005076167800393E-6 0.425997388987981
0.07636384232943376 5.146522748161999E-8 0.5284172411290127
0.19705968776769411 8.308239542301236E-5 0.5829589671810725
0.14687197195401444 5.674554861021909E-7 0.6703599224084107
0.15719645721877143 1.8025490970104827E-6 0.7914747486205237
0.2813866144831241 1.459235110032229E-5 0.15926529181820775
0.20738518472118078 0.027340667203667898 0.20738518472118234
0.2620616331107662 0.01406894346802125 0.35169016520194507
0.23831143673859012 5.406356754273506E-5 0.4361283583766882
0.23891222345613308 6.640504092915287E-5 0.5188235281143702
0.24858962763979872 0.016212436605465026 0.6145329692165828
0.2026293373817925 0.027128866604753617 0.7436273111702597
0.2783763079037866 2.2583546499095656E-6 0.7837573525337838
0.3675279590686299 1.305721171105986E-5 0.19694793597284788
0.3516901652019472 0.014068943467999915 0.2620616331107662
0.3849086499346117 0.05006949392705155 0.38490864993468965
0.33116446235449637 4.974586107195643E-5 0.4302302907426019
0.33283051689409243 2.1632603632068916E-7 0.5175544951352296
0.38354935057987605 0.05880355207234097 0.5648476331720644
0.35479216303312006 2.9918363568926345E-4 0.6839158192472226
0.3694903129500806 9.226970374132565E-6 0.7617769981717564
0.42599738898797823 2.3005076179320584E-6 0.10045252281231476
0.43612835837668823 5.4063567545154306E-5 0.23831143673858624
0.43023029074260194 4.974586107424968E-5 0.3311644623544951
0.42788371015769866 9.89950575385096E-6 0.4278837101576986
0.42883575121580025 6.116569365520558E-5 0.5191671416019424
0.4284237538000837 1.3992535576491164E-4 0.6116800344633961
0.4349074974059203 1.8606492878552782E-6 0.7059866896959939
0.4292137297679639 2.383208530664966E-5 0.8454650812230056
0.5284172411289912 5.14652028496681E-8 0.0763638423294771
0.5188235281143716 6.640504093028517E-5 0.23891222345613677
0.5175544951352316 2.163260327345414E-7 0.3328305168940903
0.519167141601942 6.11656936542575E-5 0.4288357512157995
0.5190616650746732 2.1181093999076195E-6 0.5190616650746731
0.5146562245528455 2.974320081131727E-5 0.6071288689197889
0.5206996726855249 4.970327971732334E-6 0.7006087577384806
0.5248724717490478 5.409648747442758E-7 0.8888770303271117
0.582958967181072 8.308239542351267E-5 0.19705968776769475
0.6145329911809152 0.016212515682145327 0.2485896903437872
0.5648476326355512 0.05880355201670602 0.3835493511073104
0.6116800344633909 1.3992535576867182E-4 0.42842375380008985
0.6071288689197976 2.9743200810688868E-5 0.5146562245528514
0.5822598537122855 0.006597787974392157 0.5822598537122807
0.6162417679894875 0.03148200615777876 0.7092854638518213
0.5800611395232596 1.773294390960042E-5 0.7588787501136858
0.6703599224084094 5.674554852385324E-7 0.14687197195401464
0.7436273136653693 0.027128859244752758 0.20262933497384913
0.6839158280328401 2.991847244351363E-4 0.3547921347086263
0.7059866896959944 1.860649285978043E-6 0.43490749740591794
0.7006087577386222 4.970327763409378E-6 0.5206996726940261
0.7092854638518371 0.03148200615750561 0.6162417679899671
0.7448963358002878 0.002621276825624398 0.7448963358002879
0.6728983826822612 1.4838527793283666E-5 0.8000661346618226
0.7914747486205226 1.802549094906612E-6 0.1571964572187717
0.783757352533782 2.2583546487374956E-6 0.2783763079037865
0.7617769981717601 9.226970385428498E-6 0.369490312950082
0.8454650812229939 2.3832085289052806E-5 0.4292137297679684
0.888877030327182 5.409649658143682E-7 0.524872471749061
0.7588787501136831 1.7732943910937404E-5 0.5800611395232622
0.8000661346618225 1.4838527790738173E-5 0.6728983826822608
0.7955787084910275 3.783834817786237E-6 0.7955787084910273
0.16948859659731777 1.4955021397895386E-5 0.16948859659731794
0.15257618485987498 4.74478603783607E-6 0.27842175438441896
0.17717685886362314 5.40862157112166E-5 0.37120118645990446
0.11539398789120518 4.9673414460456213E-5 0.43000711816731024
0.11390638880267351 2.47436163063377E-5 0.5189867190566246
0.1625377654325017 1.6711567628268692E-6 0.578117116523338
0.1368715436192215 3.0740217673198104E-6 0.6746770061177799
0.16246767845241758 3.218812589068436E-5 0.7865304917895218
0.27842175438441674 4.744786038086803E-6 0.1525761848598747
0.20732863904611248 0.026781928660545466 0.207328639046114
0.2621692388870425 0.008851035671423022 0.3516775938615948
0.2378214465248478 5.049015169313704E-5 0.4366754532381602
0.23844893082075455 5.463555465374446E-6 0.5188057266574493
0.24844513355990205 0.020884465669579317 0.6143662496758917
0.2026044900917868 0.025753245826520926 0.7434922799395582
0.2738616261779009 1.8175307268637354E-6 0.8011297397606962
0.3712011864599031 5.4086215710418905E-5 0.1771768588636236
0.35167759386159675 0.008851035671406386 0.26216923888704197
0.3500029893382879 6.452579958913408E-6 0.3500029893382875
0.3396763654011436 1.0434739304697447E-4 0.42813213222199986
0.34031483378905003 1.5446240915359895E-4 0.5229226738373676
0.34456915522401765 1.3377397081293587E-5 0.5971853901259098
0.3547570977375612 3.553223693708181E-4 0.6839011572763846
0.3676502970267559 2.4847851702895156E-6 0.7631202797853693
0.4300071181673106 4.967341445711019E-5 0.11539398789120663
0.43667545323816004 5.0490151698067125E-5 0.23782144652484455
0.4281321322219998 1.0434739304644977E-4 0.33967636540114304
0.4303162381828203 6.618624239528739E-5 0.430316238182821
0.42991132143621075 2.0301059052499985E-5 0.5178619327659385
0.4266579698936224 9.00629841658881E-5 0.6060799551989111
0.4355658489884414 7.0934523599291625E-6 0.7065539301430055
0.43011868411207277 1.8105353142067716E-7 0.8309422362418876
0.5189867190566262 2.474361631275503E-5 0.1139063888026698
0.5188057266574508 5.463555467542986E-6 0.23844893082075752
0.5229226738373679 1.5446240915488585E-4 0.34031483378904903
0.5178619327659362 2.0301059055387128E-5 0.42991132143621
0.5182798300790351 2.216721709103417E-5 0.5182798300790333
0.518718045228632 2.0033242970599814E-4 0.6033817048002119
0.5209116536285342 4.1935318114472756E-5 0.7004609474942762
0.5186637770384384 4.15726050786564E-5 0.8327895194964089
0.5781171165233369 1.6711567591001309E-6 0.16253776543250606
0.6143662734369515 0.020884537591389453 0.2484451930079546
0.597185390125918 1.33773970697505E-5 0.3445691552240109
0.6060799551989063 9.006298416849983E-5 0.4266579698936239
0.603381704800217 2.003324297036551E-4 0.5187180452286327
0.5801889849698263 4.686813692193753E-4 0.5801889849698173
0.6163770962287617 0.025823652363961343 0.7093089155225968
0.5811171587675278 3.4142290277036375E-5 0.7678600284937
0.6746770061177785 3.0740217683580932E-6 0.13687154361921947
0.7434922825319499 0.025753237353457983 0.2026044876981002
0.6839011631422615 3.5532310284327556E-4 0.3547570853383931
0.7065539301430076 7.0934523586689605E-6 0.43556584898843914
0.7004609474944183 4.193531783094269E-5 0.5209116536370074
0.7093089155226263 0.0258236523636285 0.6163770962292964
0.7447470197510553 0.0030112076567176053 0.7447470197510553
0.6742539264556332 2.276961152267815E-6 0.8032146508030124
0.7865304917895205 3.218812588911296E-5 0.1624676784524174
0.8011297397606949 1.8175307317739515E-6 0.2738616261779011
0.7631202797853714 2.484785163124945E-6 0.3676502970267578
0.8309422362418925 1.8105353104009848E-7 0.4301186841120731
0.8327895194964108 4.1572605078716374E-5 0.5186637770384432
0.767860028493698 3.414229028340618E-5 0.5811171587675287
0.8032146508030131 2.2769611516061975E-6 0.6742539264556331
0.7895703192361962 2.9051747603856944E-5 0.789570319236196
0.2057026524756222 1.1090270486966989E-5 0.20570265247562355
0.15916146042822032 2.0776716327411845E-5 0.2812574739226342
0.2026937374820315 2.0596072673467346E-7 0.3681939548730052
0.1677240277674468 0.007738355795687624 0.48479247839679984
0.1681849551168506 0.006252836804320635 0.48263363208037136
0.20417149378333943 1.8261103824921638E-4 0.5815710716088122
0.15741694072722343 5.256625763970902E-6 0.666684820321243
0.20297872947775214 1.2722083730513176E-6 0.7444470103712407
0.28125747392263223 2.077671632824583E-5 0.1591614604282197
0.2680248235287465 3.9919333829291266E-6 0.2680248235287452
0.26309173071218345 5.979534585890487E-4 0.3524341589677254
0.2572300635790091 9.019031243980566E-5 0.4333203830186726
0.2569003771376116 3.0721211370559625E-5 0.5184637400079132
0.2755793689985713 2.407279001609325E-4 0.5991530397473573
0.27826339552460916 1.9344112965027886E-5 0.6842895244223656
0.2773442277637847 1.8655065136700656E-5 0.7890117496434104
0.3681939548730043 2.0596072711291094E-7 0.20269373748203132
0.35243415896772373 5.979534586179572E-4 0.26309173071217695
0.3488097882621319 7.528873578645283E-5 0.3488097882621315
0.33501580150050914 1.0377583634185616E-6 0.4300693417692325
0.33517104111550294 4.506132849403679E-5 0.5184063981728302
0.34206197191305376 2.088025283620825E-5 0.5994562242349135
0.35463975657517255 5.8280072085310815E-5 0.6831896439966975
0.3696376115078343 1.1808771194611649E-5 0.7612752514561301
0.4847924784007453 0.007738355791789078 0.1677240277692602
0.4333203830186724 9.019031243918997E-5 0.2572300635790068
0.43006934176923295 1.037758365482537E-6 0.33501580150050825
0.4303772076569423 7.695661431490517E-5 0.43037720765694276
0.42960858295296733 5.311267408291044E-6 0.5182940499659545
0.42777735000047284 3.863368876305749E-5 0.6081965051314844
0.4313684757881327 1.082253486046198E-5 0.6918916443290175
0.4672250211466092 3.148631617115114E-6 0.7756742678226298
0.4826336320830038 0.00625283679971403 0.16818495511834075
0.518463740007913 3.0721211371416836E-5 0.256900377137612
0.5184063981728316 4.5061328491386674E-5 0.33517104111550117
0.5182940499659536 5.311267409013204E-6 0.4296085829529663
0.5173476495049236 2.7928342530312803E-6 0.517347649504922
0.515956325630785 7.973814271843989E-5 0.6036931666971794
0.5192736078279051 1.9012261324081915E-5 0.6840127621613415
0.47837337381219736 1.0913414554924712E-5 0.7746527309880742
0.5815710716088114 1.8261103824931106E-4 0.20417149378333843
0.5991530397473559 2.4072790015248905E-4 0.2755793689985748
0.5994562242349164 2.0880252837375636E-5 0.34206197191305204
0.6081965051314795 3.863368876210225E-5 0.4277773500004756
0.6036931666971856 7.97381427177669E-5 0.5159563256307889
0.6093755416105832 5.670510705640543E-8 0.6093755416105844
0.6017757474789184 1.8988296628429682E-4 0.6782520861362736
0.5800370001264274 5.438361527965185E-5 0.7597396946356155
0.6666848203212428 5.25662576341741E-6 0.15741694072722437
0.6842895244223662 1.9344112961717386E-5 0.2782633955246085
0.6831896459897644 5.827985644882454E-5 0.354639754540687
0.6918916443290154 1.082253485295123E-5 0.43136847578813114
0.6840127621613483 1.901226133167181E-5 0.519273607827904
0.6782520861362729 1.8988296628368544E-4 0.6017757474789172
0.6753370145529259 4.8275946061228565E-6 0.6753370145529286
0.672594590655245 2.261639937791369E-5 0.7988489126284408
0.7444470103712395 1.2722083727336599E-6 0.20297872947775283
0.7890117496434075 1.8655065135887654E-5 0.2773442277637846
0.7612752514561334 1.1808771202231219E-5 0.36963761150783575
0.7756742678226246 3.148631781402121E-6 0.4672250211466345
0.7746527309885446 1.0913414486477128E-5 0.4783733738124234
0.7597396946356136 5.438361528208087E-5 0.5800370001264287
0.7988489126284413 2.2616399375890162E-5 0.6725945906552451
0.741789641632392 1.0400387118477636E-6 0.7417896416323913
