512
0.27142677739865284 0.49625672762883954 0.2714267805681941 | -0.10659710660264966 0.13020788936949484 -0.10659681739401726
0.24902304193528654 0.48529329263108817 0.3515896373946378 | -0.08674356292850546 -0.06968639149641515 -0.005658559661796842
0.2592622362869403 0.06506059481253791 0.4000815945412194 | -5.274241779151108E-6 -0.01764145215138724 0.011377258866674992
0.24960732249928563 0.03538118991905936 0.4592170786080124 | -0.04429407474349306 1.8821875719741175 -0.15194404647329185
0.250269026130123 0.02141064217919287 0.49500895861992084 | -0.030168780057264002 1.8238420522148813 -0.027616695823677387
0.253860446712224 0.01930569809001302 0.5565840796930062 | -0.011928261842636921 1.8359082883451885 0.01476422884262618
0.2543976389598176 0.02629739635007363 0.6206821826798766 | -0.04263317991129318 1.7740141078420253 0.06067538423290399
0.26102957899478446 0.028983097764134994 0.68907671913481 | -0.030611218544947055 1.794137539081218 0.0400390333264569
0.3515895848099061 0.4852932635088427 0.2490229956547141 | -0.005658720447084663 -0.06968822978876005 -0.0867444345488205
0.3405693196291462 0.4936896846390087 0.3405692042340896 | 0.010971304597758802 0.09974132812711956 0.010969237731799107
0.33508847554313365 0.10701203680602686 0.40005844870354373 | -0.0037573209945730313 5.386662371195441E-4 0.004026544605343459
0.3207039059870212 0.039512572688813224 0.45957371032424893 | -0.06389750738619868 1.9780481994466228 -0.11289678306389088
0.3231165900402909 0.015430920820050507 0.49606556851867595 | -0.03253077845330708 1.9095420921430897 -0.03713546161676414
0.3234370898149066 0.02491550824963329 0.5592040683730582 | -0.05544653153643457 1.9117558217351696 0.02488870536443797
0.3257965549329261 0.021378264127799355 0.6240377405391658 | -0.046015244990616815 1.9007428234971042 0.051279067596477906
0.32920995405364445 0.023343670344154632 0.6947753490653857 | -0.06134334787444008 1.938851887687583 0.030894278785113208
0.40007799497664337 0.06505961558945478 0.25926057876110215 | 0.011381567326210158 -0.017646751693323366 -7.0530411069122595E-6
0.40005311674337807 0.1070352500518906 0.33509603563335794 | 0.004026005950142235 5.40923403877163E-4 -0.0037589473864776866
0.4030608803515015 0.5123703450118067 0.40306740793463025 | 0.003928014799882879 0.2782648919551845 0.00396051540481678
0.3834653764396311 0.03991952250379639 0.4465282230965635 | -0.12767480098285663 2.0617519023632096 -0.15259094242236543
0.38708430396113913 0.02105278305764095 0.4955672032507153 | -0.0546011382806852 1.9753009109594752 -0.04299560879936501
0.38708781654072144 0.01636181882739921 0.5612896787089636 | -0.047097469088811114 1.954787518343618 0.03244429462457767
0.38876956422966574 0.02484255765798582 0.6262166298864618 | -0.04174467756661996 1.8851652938273218 0.04222288640893552
0.39079241221905203 0.017508270594462475 0.6961518440091584 | -0.05872232343374304 1.8980446436497238 0.005377884460246664
0.4592199794708466 0.03538430646612578 0.24961196760189594 | -0.15190119232230756 1.8820972273877696 -0.04426842013931048
0.4595069924793036 0.0395320167040264 0.32068876005897645 | -0.11315673687864114 1.9785812435073673 -0.06406118548859094
0.4465545799735417 0.039889918898727936 0.38346653344367065 | -0.15216144909523333 2.0617541164674327 -0.12754603689289287
0.4430966631809486 0.025025807362338063 0.44309198469501565 | -0.10385515979665372 2.0031091734163384 -0.10385794827940603
0.4461333823655738 0.013478204832823614 0.5021671980642044 | -0.02969675888773225 1.8994947842607965 -0.012938523959391175
0.445849967552168 0.02013107033512772 0.5635568103387925 | -0.024390537234135992 1.8800445794903466 0.054585858918241366
0.44688052977478315 0.01873652372360156 0.6269363041475216 | -0.008519844426872723 1.7605869501158349 0.022716194852719074
0.447766880033774 0.019590572705144988 0.6968583452289276 | -0.014409568369139859 1.8178775400401717 -0.011622164074499787
0.4950093827944696 0.021410927456765663 0.25026918220675265 | -0.027608780187915256 1.8238329868353889 -0.030161007983911074
0.49606807072674153 0.01543366984781691 0.32311539322620686 | -0.037056001795589724 1.9096006821962421 -0.032557670289940756
0.495565059416045 0.021065894839597046 0.3870787715719863 | -0.04305353996689135 1.9753046693125922 -0.05463807520006986
0.5021696796303806 0.013473566599504074 0.4461337847362984 | -0.012933653621773676 1.8995383944158584 -0.029703976652583727
0.503539215380334 0.014732477465249394 0.5035395093735276 | 0.02858983003831575 1.8502128792883512 0.02855853365378954
0.5033903657725091 0.020473282656599322 0.5639481923700966 | 0.01752764934136124 1.8745933373643608 0.05847466024932529
0.5030839634895821 0.018637184473810804 0.62685556874047 | 0.011516738174440606 1.7659900222110452 0.021535708612835654
0.5022402741352087 0.019828376207248238 0.6968413543469347 | 0.014326671888413809 1.8033913628990947 -0.011824818503645147
0.5565842732484315 0.019304973433795624 0.2538597225003663 | 0.01476714950947963 1.8359225790686167 -0.011931627309252686
0.5592048913543207 0.024910633502121835 0.32343604330625053 | 0.02488262788841275 1.9118694812355128 -0.055431725048507734
0.5612921291819761 0.016362149664424553 0.38708910036773464 | 0.03248749192952995 1.9547359297776297 -0.04709341815968876
0.5635561796052703 0.02013343933574769 0.44585104059680186 | 0.0545702634168523 1.879949368924165 -0.024363998398190544
0.563948656537365 0.02047228964102344 0.503391123504624 | 0.05846900316132747 1.8746556319177539 0.017532987039540596
0.5626286479154139 0.017868373434069676 0.5626286218431831 | 0.04041601250256925 1.9003239449234142 0.040415242311330195
0.5612471026462577 0.015193341259989732 0.6261137768762323 | 0.03625548472379229 1.8576935170134898 0.02844089843130731
0.5593254762074448 0.017628107494390054 0.6962450728538088 | 0.05723599633370839 1.867178417265414 0.006742568501778896
0.6206822024890233 0.026297515558859074 0.254397451892393 | 0.06067027877323753 1.7740144187960567 -0.04263385411830104
0.624037740675267 0.02137926783892185 0.3257970028135367 | 0.05127707829512868 1.900711793465695 -0.04601451573336915
0.6262169187884796 0.024841872246757657 0.3887694541899334 | 0.0422298869234222 1.8851766432102743 -0.04174771627112133
0.6269364763836424 0.01873667554244194 0.4468805999375301 | 0.02271604621885614 1.760583201070747 -0.008520340319495527
0.6268555988719521 0.01863736679368571 0.5030840392932578 | 0.02153436679037441 1.76598712080499 0.01151819987428792
0.6261139180540729 0.015193340252349762 0.5612472082418916 | 0.028441113919461906 1.8576943995628936 0.0362555727412248
0.6238557419475768 0.02376323817423309 0.6238557615132766 | 0.03711317407646882 1.808665455150998 0.03711312076374958
0.6207177772856843 0.025295414241037734 0.6948760106330639 | 0.05835174639079201 1.7756857870067433 0.028137010770410503
0.6890767930274448 0.028983096736289234 0.26102953602949003 | 0.04003917456609867 1.7941360482185507 -0.03061143140496229
0.6947756030550439 0.02334363499485367 0.32920995133396663 | 0.030896466360496536 1.938851313259979 -0.06134291003446046
0.6961518955613367 0.017508242240788716 0.3907924221196515 | 0.0053788808856849776 1.8980459852899567 -0.05872202502130272
0.6968583938576479 0.019590532674921456 0.4477668742242935 | -0.011621576663790517 1.817878738413682 -0.014409654717058825
0.6968413903462908 0.01982836506265788 0.502240286213909 | -0.011824213162748481 1.8033916983592875 0.014326835275180947
0.6962450849619974 0.017628120809948057 0.5593254699944537 | 0.00674269010400646 1.867178279537452 0.057236126520184366
0.6948760288426 0.025295418718287523 0.6207177910086502 | 0.028137175520373155 1.7756860534021826 0.05835167923018556
0.6890292353953329 0.028814444886126795 0.6890292349156942 | 0.0288780863320405 1.804222066475118 0.02887806246450422
0.25789674951292424 0.47762231331193616 0.2578967792180913 | -0.15643623505762497 -0.2922181364451129 -0.1564359949643308
0.2429487074699219 0.482834710076422 0.3502861183868892 | -0.07457420471054746 -0.31340438029592327 0.010335247182950046
0.26044137998646605 0.1412386377220692 0.400003277206669 | -3.1333535953599747E-4 0.0054581649364001264 0.00107555598450358
0.24110637313562727 0.0493616281538474 0.4502743526671071 | -0.09866934537344593 1.5115577062481333 -0.17866367704751848
0.24365800592276576 0.03969686750980517 0.49298139098631116 | -0.047436608604119926 1.3943305669081 -0.042662139270664895
0.2479078071609511 0.043518081180630275 0.557634906601957 | -0.028216027881104437 1.438464652425315 0.013401918604964511
0.2499117722434558 0.03927090850336645 0.6244920088994202 | -0.03802552453140733 1.4717448003868885 0.055365032343169696
0.2530750856854487 0.04394315190610088 0.6970382903256447 | -0.06008559588730535 1.4331745699222367 0.06239975668658396
0.35028601777429125 0.4828346874682385 0.2429485206028199 | 0.010334698904150556 -0.3134056207248885 -0.07457518365376062
0.3411225844562929 0.4854829387740378 0.3411224441798846 | 0.02385023937983156 -0.20798033059536908 0.023846914183385012
0.33594920628101427 0.19111022378472908 0.40001206186744614 | -0.0020311161246042613 0.004781050182987756 0.0016455322680726146
0.3157276554752096 0.05410412506609114 0.4504765428412794 | -0.0614280146365896 1.6580073937081716 -0.12092025844549682
0.3195793189072796 0.046054322684880265 0.4969174439547829 | -0.03132377563590223 1.5242176648152244 -0.02577294423839413
0.31876841519185367 0.049131291584918496 0.5614560112075815 | -0.0661717219744362 1.631028367465833 0.03778207948558465
0.32225064965304845 0.04753235789108997 0.6274321614759638 | -0.043041907946438765 1.6482879018172136 0.043877739741664264
0.32396837586648997 0.05140524290825317 0.7006979658798261 | -0.06775131204032593 1.560906599834781 0.04306311395026056
0.40000239375972224 0.14123945235730875 0.26044274746938034 | 0.0010751765532852147 0.005459878350858508 -3.1268368785189585E-4
0.4000200269433394 0.19111673575600013 0.33596657558207443 | 0.0016373870253998247 0.004795879288741057 -0.002020295756521129
0.40571665612430213 0.4982162571446126 0.4057168900230924 | 0.027639781073320248 -0.08214610122541255 0.027631190819696293
0.37733964418310273 0.05453993986490822 0.43395326747588003 | -0.125297086718188 1.7541557195490578 -0.22473582033975262
0.3852320983331516 0.03749874389229218 0.497527976068165 | -0.04768921284847084 1.5567990210619516 -0.039801107938651784
0.38392881190277556 0.040240900120510556 0.5630333977783064 | -0.05721349299837043 1.6441748640495164 0.02844710800342711
0.3861357888705374 0.0487584866359093 0.6311800662661827 | -0.05343166663804531 1.5921638850931674 0.06216968471465062
0.3886305571520421 0.04187055863600107 0.7023865442885834 | -0.05173440101031687 1.5088644325168576 0.023134300698685016
0.4502881555856244 0.04936361669137389 0.24110658822937212 | -0.1785623895816871 1.511400587076218 -0.09865996162228934
0.4504379000480862 0.05411847360830752 0.3157106443868032 | -0.12109028974502137 1.6580189052979617 -0.06154381986119899
0.433971963135322 0.05453516884827747 0.3773337903900511 | -0.22448391351569008 1.7539907182352432 -0.12532441805378686
0.4382999485253283 0.04968753937212974 0.43829512713221874 | -0.11704369978431065 1.5980495990892343 -0.1170442140538515
0.4443827622108591 0.0432063174807354 0.5048129225943079 | -0.026322780124894127 1.5140204209982973 0.043189257123529765
0.4449679448925664 0.04072970792956176 0.566612384003571 | -0.028744188145285562 1.5979016906731198 0.06367791635026497
0.44591458578095006 0.03899657478698152 0.6314941730947257 | -0.011532700324340471 1.4879212903756227 0.03601271584706637
0.4473061584538993 0.042726186556109144 0.7042480660445644 | -0.010931104464709327 1.3960927146568662 0.03065620307983743
0.4929801064558056 0.03969829842880372 0.24365810778998262 | -0.042667405715416426 1.3943204006380918 -0.047433184261217176
0.4969235766649971 0.04606084952587855 0.31958008690596407 | -0.02576577767320697 1.5242963449616442 -0.03130310225426183
0.49752493463940983 0.03749264086896856 0.38522539103674575 | -0.03986900991537562 1.5569149176164223 -0.047714644126438166
0.5048161670216134 0.04320504959685132 0.4443798078766795 | 0.043211324776307444 1.5140161648257087 -0.026383556040368943
0.5049786932526196 0.033749906932946175 0.5049787787248131 | 0.024319792106116636 1.5193503903604038 0.02430605337956077
0.5043023178297111 0.041179566393659 0.5670987843435396 | 0.022696777555156446 1.601393988094197 0.07032204068585118
0.5041496018716141 0.03910728022093154 0.6313810415202427 | 0.01885888794542716 1.496279459962249 0.03485919974951942
0.5026311417038647 0.0427668438436375 0.70401365563381 | 0.010088852732926992 1.4118224715401844 0.02771866330207135
0.5576349724995606 0.043517832300609835 0.24790672756885226 | 0.013401894698451669 1.438455668106715 -0.028223747814068417
0.5614557228156299 0.0491296827205415 0.31876785988998463 | 0.037758014170306706 1.6310615079575983 -0.06615942329628423
0.5630332125098456 0.04024357984777898 0.3839299326369922 | 0.028428392052364432 1.6440894977298628 -0.057206416042321385
0.5666107188166123 0.040729380175530336 0.44496904629688033 | 0.06365878276729257 1.597851679326726 -0.028726078999968766
0.5670980090156292 0.0411797344526425 0.5043024033405871 | 0.07029845954615767 1.601413696850787 0.022690090676878088
0.565777785672286 0.03987439382446102 0.5657777808598136 | 0.06700970126386167 1.6040995343811324 0.06700979412731463
0.5636595132396663 0.04833867641881803 0.6314147472064171 | 0.04416491703692675 1.5648626949548905 0.055658067682887655
0.5614781233664516 0.04172477265695351 0.7025510152838039 | 0.056238430536586496 1.4848467148071123 0.02626011754823189
0.6244920795016264 0.039271073089827344 0.2499117118339475 | 0.055364833076500794 1.4717529332084696 -0.03802598406140259
0.6274329161208055 0.04753278227405108 0.3222508694367815 | 0.04388440135505987 1.6482709199611745 -0.043043399068116
0.6311808966798114 0.04875842850602986 0.3861356906849777 | 0.0621846583520739 1.592173276428427 -0.053435070298145676
0.6314946028098336 0.03899667854853103 0.44591468145655083 | 0.03602061676850748 1.4879293771783144 -0.011533562008922924
0.6313811487607146 0.03910729634612978 0.5041495284646208 | 0.034860017497423956 1.4962697936307965 0.018858560990674053
0.631414812511844 0.04833868086712289 0.5636595310211628 | 0.05565778435495877 1.5648653539834796 0.044164460159097946
0.6279244086419914 0.04768611483842749 0.6279244357640628 | 0.0404433952038302 1.6282792931211099 0.04044350066403719
0.6258086599510654 0.05049814528446277 0.700957067424674 | 0.06124424088580766 1.5052842204389194 0.04175033487438064
0.6970383736233393 0.04394313577741026 0.2530750623508911 | 0.06240036132322403 1.43317398110162 -0.06008567322619273
0.7006983004981813 0.05140514178210439 0.32396835461440376 | 0.04306494754248387 1.5609044366721625 -0.06775133621792769
0.7023865849633361 0.041870522501133295 0.3886305511814559 | 0.023135023289115812 1.5088647133583855 -0.05173418038904607
0.7042481154261454 0.04272621124984671 0.4473061415262583 | 0.030656678638353724 1.3960926647990828 -0.010931235998293298
0.7040137103402484 0.04276683108632088 0.5026311600787503 | 0.027719279520558467 1.4118221762155292 0.010089060647293197
0.7025510458163485 0.04172477040126527 0.561478117624599 | 0.0262602703353255 1.484845700334937 0.056238376131661064
0.7009570710265474 0.05049816436832974 0.6258086666500596 | 0.04175036784463476 1.5052854076107378 0.06124424691504013
0.6970347791864511 0.04352403246440516 0.697034779769852 | 0.058018517071855846 1.4334373025945295 0.058018518121754126
0.23487900608358261 0.46130014323365237 0.23487903879975106 | -0.1567352485732682 -0.663062870405124 -0.15673515568609636
0.23916158551003558 0.4650061594881051 0.34912302456196825 | -0.0745498049955165 -0.5725685291615361 0.005496287930233946
0.25746219229496936 0.22091915180672425 0.4000034775106993 | -0.00392434359896632 -0.20036721451841624 1.8694550053386947E-4
0.23181126620506873 0.059840266003394406 0.43522453117981397 | -0.14575593076265247 1.2232587878936356 -0.25127903366446613
0.23844793611111526 0.04526396296680619 0.492459906989691 | -0.059574389878976106 1.0509247489520153 -0.02560204923403983
0.24190938815188884 0.053806860123171395 0.5582131851970114 | -0.05255984500605796 1.1132542265384155 0.011338323463853725
0.24504914604689673 0.0513712090370424 0.6270817416245876 | -0.05420426867669067 1.153374607659609 0.050622467061382945
0.24488714799820102 0.061113493682328185 0.7049897119996411 | -0.10327126702631281 1.1276830818652588 0.10401317018431343
0.3491229408229532 0.46500602002707236 0.23916133913891247 | 0.005495858682676966 -0.5725700654287917 -0.07455077539114556
0.34120010955474916 0.4806337780990934 0.3412002583885945 | 0.02900245387394336 -0.4542532663225141 0.029002616285488277
0.33423632022042954 0.2927116553145621 0.4000057663655169 | 0.009994429918565728 -0.05274062274466265 1.9686107708418346E-4
0.3076513380134319 0.08443712485057638 0.4347874787197474 | -0.09168860045425826 1.4127224319465757 -0.17277279505553675
0.3162638031452715 0.06712402067577398 0.4979297079863675 | -0.036805159354859486 1.2080756497520058 -0.008329293499101201
0.3169193408343576 0.058875015652516294 0.5626910329044068 | -0.05792026508540263 1.3959543989302856 0.03415148395202003
0.3190070505277967 0.07121103035295182 0.6297591388935291 | -0.05271295629704812 1.3868529044802413 0.045239989032803095
0.32141199054870395 0.06713571425077124 0.707014789701654 | -0.05913783433666334 1.2096218483650494 0.07700956008253251
0.4000031399480597 0.22091930771179724 0.25746365094453605 | 1.8483103138999652E-4 -0.20037004640086728 -0.003914679303082794
0.40000626349597246 0.2924649818716675 0.3344223439476568 | 2.1533822415134506E-4 -0.06093911074319729 0.014381956532270547
0.4089993151081369 0.4807903755801544 0.408990019074983 | 0.05089017834505392 -0.3550648662203278 0.05084222171759614
0.3722929949480297 0.08271866042113304 0.42418435673431704 | -0.13538966429640034 1.510157297601859 -0.2538172166171403
0.3833148269052105 0.05229447987877341 0.4979606092195399 | -0.04079367445109628 1.1948115494648577 -0.03488871944256213
0.3815354013932099 0.06489068140427301 0.5649370792380289 | -0.06191410794001854 1.3824901795419364 0.03733302339818249
0.3848737906778167 0.05739496711398255 0.6331272575445224 | -0.049368269199854195 1.3519362708508862 0.05164574401654915
0.387916739522101 0.05184566632955265 0.7086300253344336 | -0.03364104533917135 1.1304762967934525 0.05628475634153404
0.4352307591720589 0.05983901666632126 0.23180991844912585 | -0.25123573568699786 1.2231585489083168 -0.14578047735001534
0.43477314954554674 0.08445500343733271 0.3076372788775558 | -0.17268536938093276 1.4126101150394614 -0.0917868198054249
0.4241926416729803 0.08277573415898 0.37228221631887365 | -0.2534601352209703 1.510187089106209 -0.13543141359074687
0.4356655176577426 0.06026721076202624 0.4356605369096833 | -0.1521991139336747 1.2348269358214625 -0.15219005934343272
0.4440670389945326 0.04977834490102499 0.5054958331956846 | -0.013655760063250063 1.2456053272136136 0.042467831846999766
0.44362879650171194 0.06345151002929561 0.5688677590948422 | -0.03754857374722557 1.3266189135254292 0.07347891465998192
0.4457258333552872 0.058886095407957445 0.6350881847896902 | -0.004671462489770896 1.2880407858652725 0.05223258631874829
0.44703058380057165 0.05086852088928277 0.7110655021932331 | -0.00924890497521594 1.0528160207700688 0.06614459927559918
0.49245795763637656 0.04526406065896394 0.2384495674100961 | -0.02561310187969364 1.0509361946557647 -0.05955722605943834
0.4979256143336942 0.06712362916405289 0.31626526985003 | -0.008416634797345036 1.2081103545724876 -0.03679842191204115
0.497970132476019 0.05229330381122654 0.3833080360135811 | -0.03486679743961139 1.1949554579736699 -0.04082814491032453
0.5054982926745014 0.0497706136679528 0.4440633189259256 | 0.04248059698734542 1.2455898378401644 -0.01368948405211214
0.5052790400488383 0.04943213688079964 0.5052805173895122 | 0.021256224239761153 1.2287288221411685 0.02126300000554541
0.5052495536021687 0.0637086707175667 0.5693852480345567 | 0.026577871352029624 1.328455891403943 0.08009289332234326
0.5042213153841086 0.058712408331782734 0.6351506658740285 | 0.009299686060676594 1.28238809904685 0.05141087740894507
0.5029472678990097 0.05099048568064033 0.7109106101123186 | 0.00914000587852743 1.0581997084044505 0.06516891552823391
0.5582128445310975 0.05380637645771296 0.24190803088383095 | 0.011338058222837719 1.1132426888985496 -0.052569556262848954
0.5626910646128364 0.058874870036006235 0.31691899080644026 | 0.034133806897778805 1.3959387487470722 -0.057901083638510945
0.5649367797304178 0.06488827164654508 0.38153743228572 | 0.03732348654587095 1.3824241862374071 -0.06190715598031761
0.5688669082662497 0.0634500780124073 0.4436295803381433 | 0.07347763968172592 1.3265998671020724 -0.03755490723894608
0.5693845863810455 0.06370980306246873 0.5052493678507446 | 0.08007952992332776 1.328462610722037 0.026570700969330896
0.5676054811970369 0.0633261992715122 0.5676054590486183 | 0.05509384754866859 1.3556478681134045 0.05509391169069567
0.5649456192722945 0.056894058857306425 0.6334708779109001 | 0.043151459568027836 1.3299225094165288 0.04915439174402282
0.5621267413825257 0.051447481135050266 0.7087424964412545 | 0.039076507998828204 1.11503680571911 0.055132141554288035
0.6270817522756029 0.051371446991639806 0.24504946013093765 | 0.05062340420633941 1.1533841607450126 -0.054201200675176295
0.6297605716286812 0.0712105565570586 0.31900747251442707 | 0.04525047164383842 1.3868479012399002 -0.052714312315158995
0.6331280619800757 0.05739537432058079 0.38487371895139305 | 0.051657281412454355 1.351945850126488 -0.04937078824231186
0.6350885015885556 0.058886365598238816 0.44572598544609104 | 0.05223651142903705 1.2880473478081227 -0.00467075804821716
0.6351508542056222 0.05871224873921685 0.5042212467215981 | 0.051412600087809866 1.2823850876152014 0.009299547863456641
0.6334709428997425 0.056894067458314254 0.5649456306004886 | 0.0491547375056382 1.3299260271683169 0.04315136118251623
0.6311204475975726 0.07050195126005547 0.6311204949435966 | 0.05400651715624767 1.391502500047522 0.05400675317890294
0.6285394177535459 0.06610674230648579 0.7071210919662063 | 0.05745487518941126 1.1803485401525502 0.07549051715931372
0.7049898015808131 0.061113463206011444 0.2448871296811999 | 0.10401402726121714 1.1276825463530462 -0.10327134026721947
0.7070151488291034 0.06713556214720862 0.32141196581062614 | 0.07701048544938499 1.209619633100561 -0.0591381103044257
0.7086300341014856 0.05184568228707888 0.3879167359674769 | 0.05628483906031892 1.130477311701397 -0.03364099861103795
0.7110655115707724 0.05086857071440145 0.44703056029774735 | 0.06614472195701812 1.0528163580197463 -0.009248992091562332
0.7109106592727314 0.05099048015025803 0.502947276982642 | 0.06516926297437842 1.0581994881086558 0.009140116586063998
0.7087425396037635 0.05144745160245796 0.5621267426248456 | 0.05513243165495367 1.1150360935833628 0.03907654712124448
0.7071210857932902 0.06610676668111952 0.6285394176287211 | 0.07549055024641119 1.1803491073668773 0.05745487114954275
0.7051253859461348 0.06051601763287566 0.705125386675554 | 0.10385983183298574 1.1254172416414707 0.10385984792884302
0.2228193845054286 0.42168064025944346 0.22281940605556919 | -0.05571893571461724 -0.8964571536977869 -0.05571892818243191
0.23130128408906478 0.44017869966151435 0.347866387474867 | -0.07778515182927156 -0.7529181566701636 0.002860725296186392
0.2572451340828308 0.27859831310914046 0.40000276122456085 | -0.007390125415419852 -0.014700260954529235 0.0010516898299603845
0.2234697651549898 0.0852017547269005 0.41735086494315043 | -0.16029369574185418 1.0715001169371423 -0.29284582035881035
0.23112089347516507 0.06056165550009032 0.49172364378748923 | -0.09390112155528656 0.7139722239823706 -0.011955238393723215
0.23474137713966384 0.06601659959127464 0.5588253979195948 | -0.09629865286302668 0.7773825038425668 0.014187237162676123
0.2380787703017749 0.07274203927139418 0.6290962348377147 | -0.09392188235254219 0.8386219091026546 0.05302322574212583
0.24011674324633653 0.07071241510233431 0.7096595486082082 | -0.13093688258013864 0.8853995546756739 0.13109762604849906
0.3478663306724369 0.4401784977013598 0.23130099323093142 | 0.002860352149842456 -0.7529187449461784 -0.07778590067302686
0.34211714516170744 0.4660532551705131 0.3421183356147021 | 0.036689628029859624 -0.6349464698305327 0.03669655442360015
0.3390609260934341 0.31450253595495414 0.40191426915928385 | 0.00826801863085457 -0.6159964907413311 0.0017652761148808291
0.3048656351931822 0.09575654943016115 0.42515779871880893 | -0.10479180491578878 1.2641468882110236 -0.19366513455807555
0.3152390280282113 0.06919842692181492 0.49874387121453073 | -0.038961429560123585 0.9538754847223593 0.002160006061242722
0.31498643526170156 0.07740729910306789 0.5635172301591398 | -0.06112746598895115 1.150645034356056 0.034954361572902735
0.3178074264423891 0.07714203015370755 0.6308099469123378 | -0.05401266161216825 1.1751119043254405 0.04683997886646421
0.32054844541112565 0.07257741198480944 0.7110020526174353 | -0.05351056396414408 0.8988939136450592 0.095458857212299
0.4000027241631964 0.2785982150675487 0.25724565927992826 | 0.0010465577457035473 -0.014572247696449728 -0.007540404591255707
0.40195276720734613 0.3135224461514012 0.3391326113244661 | 0.0023804367158423156 -0.6326502304206264 0.007946881106907774
0.41127815802781453 0.45302715347812206 0.41126199753359616 | 0.05365799023549124 -0.6071396099632813 0.053614224557971255
0.3711100783248895 0.0898273302404575 0.42093023933582946 | -0.1333716362842047 1.2946099035558887 -0.24338777195832653
0.38137541323678825 0.07380336666754074 0.4995580569389645 | -0.028530847699928412 0.9762402807461713 -0.021091844331011834
0.3808798710086934 0.07764889544057947 0.5655608891836609 | -0.060122828348208694 1.1276235097636076 0.038775783996350614
0.38388419364059434 0.07456768148487616 0.6350314912457784 | -0.047195733828564894 1.1237863156796921 0.05325237783163463
0.38744644221546626 0.06531198011850868 0.7164743439091921 | -0.023420762126034604 0.7716993285635506 0.10923350573216518
0.4173563989542675 0.0851971604301541 0.22346303483066143 | -0.2928292089499614 1.0714642936431173 -0.1603437090777034
0.42514311499063595 0.09578877939258759 0.30485246245842623 | -0.1934515607719209 1.2638202892861101 -0.10485400721962955
0.4209604056380427 0.08982112428674315 0.37110244319237007 | -0.2431222991374878 1.2945127299927888 -0.1334383631104523
0.43537366238581116 0.08307872069861583 0.4353671788391896 | -0.15279838749581762 0.8174622819101998 -0.1527611897254569
0.4439228968809065 0.0582807446740041 0.5054472563570819 | -0.00919241943483285 0.9672791713665126 0.012650025849191757
0.4426740770193029 0.07819471019523286 0.569967346488863 | -0.04018338733808557 1.090899288856946 0.07142820825178281
0.4462180836157617 0.07463017192535107 0.6373891245162356 | -0.002472679121556083 1.0658657798398898 0.0621163274521134
0.44664080661111305 0.06283532969637408 0.7183730405122425 | -0.007901389612032305 0.7049833638034091 0.10847652947776958
0.4917218101699381 0.06055810989464489 0.2311250377938927 | -0.011980407490320324 0.7140376123369251 -0.09385664710923262
0.4987337788846033 0.06918188894076555 0.3152411332673148 | 0.0019753612142993384 0.9536702347664684 -0.03896402220596923
0.49956395544444715 0.07384871083827996 0.38136197241789466 | -0.02104930028305287 0.9762059345188557 -0.028600003265213694
0.5054510266521598 0.058275552500504466 0.4439196028556098 | 0.012727035334051635 0.9672837140440481 -0.009210127305886228
0.505464927446333 0.05804573028402637 0.5054676634728733 | 0.02983978187580438 0.967240348433467 0.029859127692069744
0.5059949005867559 0.07868635309343584 0.570447381967629 | 0.02740464275292529 1.0940690255133352 0.0795194605550457
0.50357244948142 0.07440909056897319 0.6374716269594821 | 0.004171014912200508 1.063348665762998 0.06192695370991616
0.5033751274263818 0.0630255584098734 0.7182566976893263 | 0.008428334301302623 0.7071139598164289 0.10754538451759763
0.5588249103757754 0.06601652007266808 0.23473931138088902 | 0.014189419889875925 0.7773715559112573 -0.0963081066386619
0.5635184863373092 0.07740639608817643 0.314986168181233 | 0.034957440409951385 1.1506232708129231 -0.061109003633817244
0.5655609698076537 0.07763999255180538 0.3808821310580057 | 0.038770239960791826 1.1275703726240232 -0.0600980646309391
0.5699673105240508 0.07819154775770402 0.44267426924324593 | 0.07142900241021514 1.090901714337666 -0.04019723940687061
0.5704473897522515 0.07868747488950734 0.5059949616138438 | 0.07951959284054329 1.0940824537116827 0.02739964445107313
0.568150610341471 0.07692771122968399 0.5681505215828959 | 0.05178684493026594 1.1078850841206527 0.05178603668999587
0.5660336153988689 0.0735926664806057 0.6354520436022142 | 0.04501582562523295 1.0888609348317302 0.0545164512121881
0.5623533686907374 0.06457441072412928 0.7167710135227154 | 0.023927984906946972 0.7560502995660602 0.11106437830840067
0.6290962832902383 0.07274232075791269 0.2380794783554933 | 0.053023232908577335 0.8386299910164544 -0.09391898750825729
0.6308113991339765 0.07714136440688438 0.31780795318019106 | 0.04684740021570319 1.1751092203884075 -0.054012595696873444
0.6350321058020634 0.07456831035553109 0.38388425536069376 | 0.05325992829932599 1.12378418045173 -0.047192834851246736
0.637388987287548 0.07463065493516412 0.4462180757085469 | 0.06211483447249711 1.0658702460964113 -0.0024720597312243146
0.6374717275083185 0.07440901782621401 0.5035723139412296 | 0.061926578394233066 1.0633497781214196 0.004170725756688072
0.6354521509311131 0.0735926720750336 0.5660336778304952 | 0.054516710837202546 1.0888623997404563 0.045015982709721895
0.6322406745578882 0.07632917034615211 0.6322407273290876 | 0.05503909644644994 1.175508021445491 0.055039327568099566
0.629503352977378 0.07258630336729278 0.7111938209490414 | 0.05377276066733672 0.8950864453223318 0.09501759112175359
0.7096596486462751 0.07071237166337214 0.24011671868013942 | 0.13109850740046858 0.8853990047232566 -0.13093698140672802
0.7110024161742469 0.07257731554520165 0.32054842366473685 | 0.0954595336274981 0.8988933662317727 -0.053510743580023425
0.7164742783861913 0.06531207785013945 0.3874464490695738 | 0.10923254529740649 0.7717008479636649 -0.023421028410405487
0.7183729943476468 0.062835360366063 0.44664079323517447 | 0.10847625473654858 0.7049836115861322 -0.007901279822699751
0.7182567349650876 0.06302555319816486 0.5033751261405885 | 0.10754557684315445 0.707113674965474 0.008428398523740988
0.7167710751403578 0.064574373247762 0.5623533681864328 | 0.11106483081524289 0.7560497608347237 0.02392795389496394
0.7111938081170887 0.07258632000552882 0.6295033501041329 | 0.09501759276146815 0.895086703774208 0.05377275514324727
0.7098480571472818 0.07034255497898334 0.7098480576742758 | 0.13068134088531982 0.8882901624315792 0.13068135504254583
0.22164681119143517 0.4038765701590335 0.2216468241962868 | -0.04510479555804537 0.2470711844802618 -0.04510479724162967
0.23255655125105973 0.40332860631756373 0.3441911492541805 | -0.01786759999829749 0.26403705842013575 -0.009141028048990496
0.25773368186621287 0.30108839164378676 0.40000273527358027 | -0.0096072606310169 8.724115726603149E-4 1.9287248484523592E-4
0.22451670271463955 0.09890752138112346 0.40630431490837415 | -0.13866309992125425 0.9929891563582351 -0.29730970101057663
0.2268756401112164 0.08132296398562958 0.4909071950491848 | -0.14078839311363933 0.3919075256028169 0.002576439524746851
0.23156762054883187 0.06661300638403493 0.55902041766177 | -0.12103687402373771 0.5336020148078688 0.014468553119817434
0.2354233140340944 0.0778885098221542 0.6293596696752219 | -0.11260924404995208 0.598201755885531 0.052387173441745045
0.23743497789641813 0.07848062969534395 0.7124020839999026 | -0.15068874939009783 0.6723589011714975 0.15014214300939607
0.34419086475696914 0.40332850202971265 0.23255633057730893 | -0.009147738623340696 0.26403647785345136 -0.017870366375738956
0.34319843157755514 0.4445686472986672 0.34320125809579444 | 0.03970735211985506 -0.818176961613507 0.039709855339261774
0.3398114533547389 0.3156036679591436 0.402837614690699 | 0.01176499786680831 -0.7479645416647122 0.006769711834632226
0.30452595592797116 0.10293228870870212 0.41513015584552954 | -0.12268725108602217 1.07426273560864 -0.23410589156975442
0.31378174325095665 0.08424706165674523 0.496074554036871 | -0.04177592573533661 0.6954785530095863 -0.012056163850057222
0.3127565747203425 0.10543703692206843 0.5626105012324988 | -0.07183781288734616 0.8925433716321275 0.03008726733823935
0.31515696964818973 0.10070968205917234 0.6333820989100801 | -0.07243840101113763 0.9251520870348704 0.06803385792547131
0.3202064787079181 0.07611444681007415 0.713675758357902 | -0.05264558728651982 0.6448526344430714 0.11946850035425054
0.4000028122768854 0.3010881421468186 0.25773412371291454 | 1.9656072164732355E-4 8.949744144990634E-4 -0.009546578227715964
0.4028359514768306 0.3153308236780646 0.3397846944591969 | 0.00661567822189646 -0.7498620296991094 0.010747951246894519
0.4124861622918201 0.4243368349899314 0.4124653418982817 | 0.05551357174521159 -0.8427242929039844 0.05546210881780925
0.36905010581088493 0.09676867133947004 0.415179038183117 | -0.14110269794336594 1.0741206421212768 -0.24839709488464345
0.380757791451621 0.09650736771485274 0.497548651380688 | -0.02348325831109862 0.7237772534363754 -0.029327012692528187
0.3808372025937524 0.07823402729832751 0.5656111057191624 | -0.05759747006406485 0.9157953605523589 0.039461400683965836
0.383859987378521 0.10340056466703344 0.6372617173245879 | -0.032936818147358715 0.8731714635650063 0.0747218021619164
0.38738027682213827 0.06703746301252715 0.7198910091181786 | -0.01762245209856967 0.5379224704127099 0.1386884954794809
0.4063073812505343 0.09890071989163425 0.22450610468826301 | -0.2973049869548786 0.9929512882809965 -0.13871652909269017
0.4150822432212537 0.10299428729586077 0.3045203084448087 | -0.2339794834696626 1.0737311483767162 -0.12271622730652557
0.41524655156659235 0.09666983210914508 0.3690507645162924 | -0.2481657491682459 1.0743885508480429 -0.1410583898964304
0.43585228103716944 0.08441559370057264 0.4358433528689713 | -0.14790106974263886 0.4742642325747908 -0.14786417917944972
0.44395491311529534 0.06982279851610651 0.505936244138515 | -0.007914049028803492 0.6978915431191635 0.02438025225958282
0.44252701183250376 0.0777605525484517 0.5701106358380978 | -0.03893904074723093 0.880891996134025 0.06910389729355851
0.4468216596757836 0.09203835231129903 0.6392017548002668 | -0.0030909367442557628 0.8172545279046697 0.07371025814383676
0.44653419442338477 0.06352374664172335 0.7212568008269108 | -0.007265203203044722 0.4917919655590329 0.13676304706430034
0.4909063337271247 0.08132110058987584 0.2268794268751936 | 0.002562352140883552 0.3920050933273111 -0.1407479279224326
0.4960664327168955 0.08426112938925776 0.31377711470364833 | -0.01213975817697215 0.6955173223821218 -0.04182782960271573
0.49756082596098156 0.09654843564975099 0.38074783612928675 | -0.029271299485616315 0.7239556056086539 -0.0235968279260193
0.5059386996003 0.06987315514319917 0.4439558801854409 | 0.024477290820738948 0.6981214600006449 -0.007949442313527538
0.5056397506186783 0.06796857669695655 0.5056439003507045 | 0.0376859553254887 0.6998681051471957 0.03771590361444133
0.5061301746939296 0.07869067242790803 0.5705463501307526 | 0.027366876438716742 0.8873063579137804 0.07759976672653601
0.5028296527072815 0.09201575320127375 0.6392613505345165 | 0.0026732172903007304 0.8170319054261926 0.07286728521121236
0.5034923129983999 0.06373163298843736 0.7211662818791712 | 0.008129034929247266 0.492296531352012 0.1357170773734658
0.5590200117971251 0.06661338557130869 0.23156520033563582 | 0.014473501291107032 0.533594985075455 -0.12104724868888582
0.562614273600982 0.10542986916013686 0.3127551101882009 | 0.030113074291025697 0.8924765488243971 -0.07183864212799174
0.5656105884797105 0.0782249584844689 0.38083923459251706 | 0.03944734180755795 0.9157273139665476 -0.05757779239672168
0.5701108530944469 0.07775679604261086 0.44252721392443667 | 0.06910627520631499 0.8808953032340954 -0.038951194166179
0.5705465698606544 0.07869161566072948 0.5061302628577311 | 0.07759913382369049 0.8873230061311296 0.027360303837323487
0.5680726129540895 0.07778502884809665 0.5680724680255134 | 0.046005560298860465 0.8987419232325766 0.04600391925290107
0.566085337023502 0.10297223444392031 0.6380490673362381 | 0.03305138126145678 0.841195609792806 0.07951174373456285
0.5623762709774914 0.06625344953982795 0.7202230615493591 | 0.020441147371866367 0.5296342138563794 0.13780458273868706
0.629359755707935 0.07788880481164556 0.2354241024067901 | 0.05238629900946934 0.5982070096223837 -0.11260648707084783
0.6333835063806179 0.10071001056990805 0.31515755405625906 | 0.06803777013560627 0.9251591094172659 -0.07243658946830414
0.6372618961953938 0.10340036126541842 0.3838601006777847 | 0.0747220248014082 0.8731681420457648 -0.03293597338297213
0.63920121212166 0.0920387362387715 0.4468214463398474 | 0.07370652465785912 0.8172586133533818 -0.0030913202291715323
0.639261364519039 0.09201585831963119 0.5028294229155269 | 0.07286592662194576 0.8170324364359004 0.0026730634720648033
0.6380492324301973 0.10297234717003648 0.5660854405867424 | 0.07951198953304532 0.8411964233863074 0.03305144623447278
0.6349400007434288 0.10127325553423534 0.6349400553299639 | 0.07572942413308882 0.9276838821501713 0.07572962855365892
0.6298898245192726 0.07690580783778818 0.7139658168868093 | 0.05377662586423043 0.6459855719451146 0.11912832205982883
0.7124021887143096 0.07848058177827179 0.2374349498911104 | 0.15014292429012413 0.6723584040090712 -0.15068887666077038
0.713676114666103 0.07611440039218026 0.320206459695946 | 0.11946901933174477 0.644852711462768 -0.05264587417740845
0.7198909052586473 0.06703758354011231 0.38738029167089605 | 0.13868737785558985 0.5379230788157985 -0.0176226215960918
0.7212567389811477 0.06352376375842968 0.4465341847243816 | 0.1367627351648282 0.49179163496414197 -0.007264957035955912
0.7211663206645716 0.06373161794504421 0.5034923089028426 | 0.1357172881618847 0.4922962753809847 0.008129139026962409
0.7202231316704115 0.06625341418786404 0.5623762718224423 | 0.1378049793855302 0.5296337652387042 0.02044120808916783
0.7139658031259469 0.07690581828671544 0.6298898211622911 | 0.11912834022988167 0.6459856788502206 0.05377661262205189
0.7127473899908532 0.07834790367038925 0.7127473904330027 | 0.15318810151018233 0.6777562474875293 0.15318811143870373
0.2253270903895926 0.4000511042566567 0.22532709834488931 | -0.0033245028493658207 0.0045457702218066965 -0.003324503973799822
0.23617535161799136 0.40000151306119375 0.3417757589287807 | 6.224223245359182E-4 0.005710882019796594 -3.7441855924809917E-4
0.25595652730516044 0.3209638709128708 0.40010115386916195 | -0.010471456547741339 -0.2558465836931987 -7.297352798987846E-4
0.2295442344420851 0.11309852772706551 0.40214768089477015 | -0.11419743613151459 0.26839927440877925 0.16749972503754265
0.22897845863086472 0.0870637595859108 0.49060870992892974 | -0.1323931074961972 0.13108370707044223 -5.155804025687989E-4
0.22920255621071062 0.0721493852198118 0.5590952578543623 | -0.13804657529077777 0.30472855083426686 0.01639899109518984
0.23394605627408396 0.08726822585483829 0.6293127920188286 | -0.12830263364052838 0.35216185207679707 0.05848623441063266
0.23610701063176204 0.09157725463543441 0.7139018031922701 | -0.16642684765509583 0.4215737621707214 0.16683821530874912
0.3417752611880985 0.40000161049353294 0.23617502387087874 | -3.743437285507156E-4 0.005712251321918575 6.223947559556665E-4
0.34346848627364507 0.4096936825167252 0.3434697994394654 | 0.035030216582369406 -1.0139474731056988 0.03502220040565514
0.34020555904105326 0.3155067300403851 0.4029997511921482 | 0.015749688285067308 -0.7565036058216497 0.007354762928534574
0.3105366325969297 0.11157906025277277 0.40005611260319107 | -0.057150857702585676 0.05315420277350396 0.05390873164722593
0.31340024031795477 0.0950646057040521 0.49318020586461137 | -0.04146476048215211 0.47174431149434953 -0.01794242767521844
0.31228403498789603 0.11470287058787199 0.5618124367394832 | -0.0772871586738887 0.6670300904814047 0.028550501183159098
0.3139969839767321 0.11852892344457398 0.634847636915209 | -0.07958577121309876 0.701029753001711 0.07606766929476977
0.319886824083604 0.08708692771341751 0.7163591364453679 | -0.06358308555332988 0.39909633966656555 0.14006199257898205
0.4001006142358527 0.32099409265584566 0.25595796396879944 | -6.884658926660433E-4 -0.2552625746536495 -0.010297208935972885
0.40299099263279836 0.3138694725436336 0.34000850089230994 | 0.008720300793453005 -0.7765366703240254 0.011282854645763524
0.41148719220760066 0.20438604058408683 0.41168438347203085 | 0.08087538218819298 -1.3196294339150008 0.08174193786078834
0.36829930372115377 0.11770872781492511 0.41044595143211515 | -0.14005150771978123 0.7590106380019176 -0.25415888145215293
0.38125399807015126 0.10065181038098024 0.49662793750122675 | -0.01620682925088444 0.48970306284051235 -0.027015511225725927
0.3812966331179877 0.10334140709824105 0.565650329542901 | -0.0561297161348692 0.6563058733929028 0.03672828225873167
0.3843158242742535 0.11251864740348759 0.6379442235809073 | -0.03441020979288113 0.6436741013692295 0.0846713998768112
0.38753248769305315 0.073988320651299 0.7229661975214802 | -0.025522129362321202 0.3020852721450351 0.1547754963274238
0.4021464953267901 0.11309044050720929 0.22952654589855012 | 0.16751195517370215 0.26834389206265374 -0.11427352897359988
0.4000636846287721 0.11157104947776604 0.3105249242003917 | 0.05384483709595009 0.05305933093994357 -0.05716245262032872
0.4105296533356631 0.11767537568585514 0.3683023842525522 | -0.2535854264988088 0.7587152559044493 -0.13992929828186654
0.43721509802476455 0.082677844607107 0.43720164235589026 | -0.11471944200835996 0.10204284883113687 -0.11475364097980868
0.4441385638697656 0.09248689174835513 0.5049258469855111 | -0.018099752542595954 0.37972424723961956 0.02581537786986812
0.4431180674460329 0.09765434482254633 0.5691925069526462 | -0.02922469080051078 0.6041409964438148 0.05618443608537685
0.4468385401193056 0.10008582356345154 0.6401113363628353 | -0.00453886159045542 0.5905856228830858 0.08923735781380616
0.4465341986462821 0.06966935104973766 0.7229019980260968 | -0.010052950805927663 0.2807243053209309 0.14225277600016362
0.4906082708560663 0.08706782801975659 0.2289803906701169 | -5.145014871527638E-4 0.13114595868407825 -0.1323598852474917
0.493178637845872 0.09508598734643608 0.3133915815671297 | -0.01799092357304935 0.4719680966392371 -0.041521530090806225
0.49664821308649454 0.10067237515312165 0.38124547845723633 | -0.02687905303770411 0.49004316742881715 -0.01631608269328296
0.5049291392165174 0.09249494050240469 0.44414983023468385 | 0.025862873447619103 0.37960110113217943 -0.018044051725192058
0.505015281449872 0.09040132999358044 0.5050202064087433 | 0.021216021769087705 0.40515638758019884 0.02123893942156964
0.5055906177453808 0.09726253010583673 0.5693752463675896 | 0.016952615948481138 0.6072843824574238 0.05834522097909347
0.5028104884573352 0.10027538485170967 0.6401917716500364 | 0.0032226110410168225 0.591529006537422 0.09135874849574584
0.5034989103528421 0.06994167828046476 0.7228680591342228 | 0.010746833788132007 0.28130523879119 0.1422660715386983
0.5590950889108053 0.07214985837185185 0.22919880841470608 | 0.01640631973761809 0.30471356961038426 -0.13806119305419515
0.5618165709125416 0.1146950162517056 0.31228239149920434 | 0.0285723359846966 0.6669414853063891 -0.07728906330494441
0.5656534141905831 0.10333331148044285 0.3812985522630529 | 0.03672024784960986 0.6562193043920519 -0.05611583232494545
0.5691926623622112 0.09765287782130146 0.4431192453876907 | 0.056128989680722025 0.6041632301500512 -0.02920548416043808
0.569376896698682 0.09726083015969299 0.5055913417603595 | 0.05835525568856727 0.6072968430179039 0.01694454502785449
0.5677325238690623 0.10174743926990694 0.56773234630531 | 0.04800401324104689 0.6178820306571492 0.04800167918010663
0.5657695920673278 0.1117640830309638 0.6389657266624192 | 0.03718452045276936 0.6195118593254149 0.09335833732063244
0.5622125860847502 0.07303713581137136 0.7234951495555285 | 0.02739536095614275 0.2951411423250585 0.15495646756372375
0.6293129086779703 0.08726845669251322 0.2339468073282645 | 0.058484531822925526 0.3521653845828099 -0.12830068632451
0.6348488760348955 0.11852978221181203 0.31399743883402587 | 0.07607123231153247 0.7010352090650179 -0.07958477497239559
0.6379442198593993 0.11251862444345634 0.38431586529666506 | 0.08466952724518971 0.6436751565243556 -0.03441359738679422
0.6401106599800118 0.10008612175436406 0.4468383051742709 | 0.08923123965033128 0.5905891035534822 -0.004539260442182696
0.6401917534152697 0.10027543111560458 0.5028102306978743 | 0.09135632738798062 0.5915289692129913 0.0032224808560150533
0.6389658552026865 0.11176405932027304 0.5657696648924185 | 0.09335811410680876 0.6195108510360308 0.03718427207057792
0.6364130572207489 0.11991318207046667 0.6364130997051892 | 0.08674764865640863 0.7004063365313827 0.08674780046939297
0.6302625284786801 0.0883553109995012 0.716879046682553 | 0.06624495040259828 0.39509813479334754 0.1432848321689111
0.7139019093882986 0.09157722054117046 0.23610698600672259 | 0.16683876003214515 0.42157332957749294 -0.1664269442581993
0.7163594791283806 0.08708691834961703 0.3198868057722102 | 0.1400628304815298 0.39909597859184404 -0.06358339074949464
0.7229660248343242 0.0739884847783127 0.38753250988687477 | 0.154774838662521 0.30208573405725203 -0.0255220331087337
0.72290186809451 0.06966939333878375 0.4465341921516941 | 0.14225230903715808 0.28072393729576983 -0.01005269674973036
0.7228680925797795 0.06994164955671316 0.5034989051770384 | 0.14226631671911524 0.2813048698655477 0.01074693051299594
0.723495227640704 0.07303710024946747 0.5622125870053578 | 0.15495694341797878 0.2951407215413087 0.027395429284768184
0.7168790344164838 0.08835531403345437 0.6302625251463493 | 0.1432848479183124 0.3950981833698214 0.06624493684592649
0.7145770753576898 0.09158072175854441 0.7145770756177245 | 0.17821599499943225 0.4232404325904508 0.1782159967464304
0.23942760229941776 0.40004600190329853 0.23942760998924364 | 0.001485917788071743 0.005897329893812361 0.0014859152805621139
0.24223470086098506 0.4002569899149053 0.34191264149376005 | 6.496486078074739E-5 0.005754760958265995 -4.5186231377216676E-4
0.2537672034525953 0.319199315445826 0.40508315430041253 | -0.009520134238260468 -0.8644843945674164 0.01568214715666198
0.23140069486764772 0.11252707677709943 0.4027333368802227 | -0.11603082906233064 0.14045249408243596 0.1708216569781082
0.23307186496918095 0.08879434073072397 0.4905811312010781 | -0.107275603131765 -0.09061244498044531 5.415208322953913E-4
0.23118706616262205 0.10064416305691909 0.5587810664706084 | -0.11328913700182018 -0.014429960924641596 0.015609562708467209
0.23484085925733972 0.09396858024255093 0.6288505930231914 | -0.12950038752651832 0.12049503300410935 0.06458704028440058
0.23823132372697794 0.09971728807178218 0.7117667383362378 | -0.16168355070726198 0.1742581518220762 0.1625666727153892
0.34191262761266944 0.40025693725095507 0.24223457677481597 | -4.520064153717224E-4 0.005754754164856064 6.493117506275153E-5
0.3422564839844285 0.4003644828850524 0.3422084879061328 | 0.004794944383043775 -0.015959424132057583 0.0045552554912408295
0.3412698914904317 0.3197874896691154 0.40475332418285764 | 0.0072975625266817465 -0.8535121887908397 0.011330410030271517
0.3118810830733836 0.10403720145221325 0.40056870610126954 | -0.13201459440163107 0.143031966390755 0.1514949239838225
0.31464428170215064 0.12708016052854887 0.48976205610150514 | -0.03698862381333307 0.23799694061778803 -0.004544614378791133
0.31241609858873376 0.11666751879150049 0.5614524463329484 | -0.08134152803046024 0.4392250111048484 0.028201936294908435
0.3138005389817815 0.12711837159990985 0.6352014478539271 | -0.08686635178315845 0.4753833293556371 0.08340852462393863
0.3201804334754415 0.09827771586562875 0.7162004842924888 | -0.07179633537587797 0.16633835965311927 0.1429927965776948
0.4050662470912969 0.3192458762502778 0.25379318629464037 | 0.015302936165350051 -0.8647126492846923 -0.009220565932959193
0.4047731955418367 0.31964638139994517 0.3412518037490901 | 0.010993932130952757 -0.8556091055417528 0.006562382024909225
0.4172852226909776 0.19174266212941105 0.4175248167600282 | 0.10941431528386435 -1.5466622844575204 0.11054181056070954
0.366555072939775 0.1287285802678326 0.4010702984023783 | -0.16933161425828744 0.4430360730982233 -0.281346457416581
0.3827449436846426 0.11282555915945881 0.49465675090888767 | -0.012526362730889574 0.20163922546044652 -0.015056568420885584
0.38369069484215174 0.13204695931651916 0.5646295698785729 | -0.04626867647390165 0.37397865023850946 0.032593178040164476
0.38448818306935767 0.11337616352431028 0.6382131220884316 | -0.03880886283046363 0.4102782283744831 0.09567928011529282
0.38889405862493415 0.10216510458517912 0.721565913030643 | -0.026684667711653492 -0.027898670758775335 0.13915319283754018
0.40272973999211764 0.11251861017510639 0.23138263843540782 | 0.17081901872313857 0.14039754617534372 -0.11610283464418852
0.4005662820962119 0.10401526634789938 0.3118744099595087 | 0.15149599027907468 0.1427001681641511 -0.13191242722791996
0.401066299810008 0.12877380512536596 0.3665448956782169 | -0.2812744593503134 0.442432599894174 -0.16923897441330554
0.4377257443852843 0.07682969293133601 0.43771137700075985 | -0.09690278803529954 -0.19479794416300072 -0.09698201434971854
0.44471495627632746 0.10587664830453984 0.5030242107382005 | -0.009735925935358011 0.05576110604598576 0.004627542526951021
0.44461909722709897 0.12040640736931303 0.5666111519922262 | -0.0169690582683451 0.31522797249107537 0.03416539179389392
0.44596591010596054 0.12755824885630837 0.6400132738824511 | -0.010719308739198002 0.3111502973374561 0.09724080280299016
0.4470501508320175 0.09673219023923697 0.721849914907669 | -0.011631610756272273 -0.05232241132183034 0.1388865860273627
0.49058132472478244 0.0887994696933381 0.2330711785338926 | 5.514905290915704E-4 -0.09056851666997527 -0.10725025627485907
0.48976967055590964 0.12708044744898517 0.3146302809981139 | -0.0045504088141905125 0.2381148018039481 -0.037033776371873564
0.49467810841438675 0.11284138204874646 0.3827385331742838 | -0.014958678442860359 0.20225793760648786 -0.01261383904014359
0.503028752449232 0.10585474039097852 0.44472888214622425 | 0.004598389890896283 0.05568193808056752 -0.009642507189689842
0.5037878696867049 0.10580276964867075 0.5037930625675068 | 0.024447405287302902 0.09978915552712762 0.02447980220035842
0.5042878718474817 0.12039334012701143 0.5668936482910559 | 0.008833025566004401 0.32010888072466 0.0350538196466075
0.5039050375388016 0.12781744609575865 0.6400614708854956 | 0.00929113357043552 0.3096205392568232 0.09911101433979477
0.5029835819923321 0.0971239584892175 0.7218462412528039 | 0.012331354659178055 -0.0515906734948053 0.1391073755624752
0.5587812320271744 0.10064216078418488 0.2311837385214185 | 0.01561875751990014 -0.014441307814062174 -0.11330361534329093
0.5614565833027517 0.11666053119558575 0.31241459980204195 | 0.028211131965290438 0.43912994030282726 -0.08134100678590239
0.5646361326468502 0.13204548445980985 0.38369258093834485 | 0.03261176499597188 0.373879077957757 -0.046277973929706104
0.5666117330929071 0.12041046896284215 0.4446195173121845 | 0.03415045455625621 0.3151976186948452 -0.016978111090811286
0.5668948947538709 0.12039454572256529 0.5042881335405781 | 0.03505611670101497 0.32011769368969145 0.008819301956037275
0.5668919516429441 0.13120045052451848 0.5668918756959469 | 0.05527504917194101 0.3440564536033258 0.05527210425316964
0.565696527772372 0.11181566324305037 0.6394401739479759 | 0.04129057152338056 0.38747446263308993 0.10840701420766599
0.5610908510389413 0.10210495247836288 0.7221422103370658 | 0.029259815972759427 -0.032202396221229584 0.14233441133105737
0.628850704992545 0.09396873012506438 0.23484147540726066 | 0.06458488496021776 0.12049737710201072 -0.1294982784450924
0.6352024624094315 0.12711906874436957 0.31380087433211445 | 0.08341136225586689 0.47538647103085935 -0.08686624051642264
0.6382130264445451 0.11337657477851433 0.38448819235316556 | 0.0956746075084678 0.41028466447335016 -0.03881360132442985
0.6400129589331605 0.1275583217477589 0.4459659855257659 | 0.09723583568933723 0.31115901544821906 -0.010719244108575986
0.6400616955229106 0.12781708217473975 0.5039049191683372 | 0.09911013878151262 0.3096195188065937 0.009290556136738024
0.6394402905270179 0.11181551327486891 0.5656965872539342 | 0.10840692330454042 0.3874725709894843 0.04129016130645324
0.6366799694860934 0.12804773385055407 0.6366800013379047 | 0.09364372930106775 0.47308642644103543 0.09364386995231411
0.6301292245316984 0.09759788852585201 0.7170521753924798 | 0.07769519736911626 0.15683215433118797 0.15060564098703902
0.7117668429938846 0.09971727344694616 0.23823130428445136 | 0.16256713260979158 0.17425763752674497 -0.16168372046650223
0.7162008161768024 0.09827773417131096 0.3201804130943762 | 0.14299466525549295 0.1663380677291239 -0.07179672334011918
0.721565724162253 0.10216521376034816 0.3888940663872326 | 0.13915266274805796 -0.027897230550617574 -0.026684628766739035
0.7218496890670355 0.09673225754369982 0.4470501569355222 | 0.13888595686766123 -0.052322902724889125 -0.011631261120824469
0.721846249038595 0.09712392851861305 0.5029835783125992 | 0.13910722373488704 -0.0515907533798738 0.012331402455154562
0.7221422651338838 0.10210494244834463 0.5610908427141712 | 0.14233458007993666 -0.03220279850513873 0.02925980403208603
0.7170521659106082 0.09759788871097617 0.6301292215494195 | 0.15060562115971618 0.1568321774451685 0.07769518723330714
0.7128033763214657 0.10037299063560885 0.7128033766341194 | 0.18207733079059726 0.18395713672821717 0.18207733090656292
0.2519492917884769 0.400080098451257 0.2519492987074344 | 0.0038406579273160906 0.004771308709350534 0.003840691544133972
0.24986170795349252 0.40013703767140124 0.339253393779133 | -6.108220798804159E-4 0.00570310782918483 -1.446143235119178E-4
0.23421885900938236 0.09547036240214726 0.4068901428913304 | -0.07622668166583485 -2.229269135576394 -0.017119197142285294
0.235889852953822 0.11221818045511868 0.40217344949418343 | -0.1417676410313262 -0.043761908447488326 0.1434636594663841
0.2407402831873925 0.09561982697798321 0.4903763277345634 | -0.06153249137918889 -0.39062816792664734 0.012073508508965464
0.23859389795391792 0.10716684949731903 0.5582971588551054 | -0.08517852471431796 -0.2940547027926124 0.012407788572098045
0.2389190443172047 0.10331914139914444 0.6276184550394128 | -0.11650602893732433 -0.1732041425714238 0.06753197967031704
0.2419560442716725 0.09768042583817833 0.7078957073288293 | -0.14856945254589332 -0.08991321934440157 0.1483643867580227
0.3392533852063246 0.40013701956338354 0.24986161720609432 | -1.4482552528356557E-4 0.005702996996246622 -6.129537571801161E-4
0.3368545101781841 0.40017089887127444 0.33685415596241464 | 5.196080976495485E-4 0.006287167092031337 5.166181415531615E-4
0.3387217568288004 0.1486223604106661 0.4380754902282222 | 0.043642625240957036 -2.0696868153901895 0.13901416479405276
0.32427354019040866 0.09301021228907448 0.40005653988634843 | -0.005040384456389782 -6.277631928953656E-4 0.0052276290408987
0.31553963428380605 0.1301642050425609 0.4891890289920572 | -0.045059168971031405 -0.050398413085393196 0.009692701162666087
0.31400669839112966 0.12680562956551716 0.5607779979011245 | -0.08063033389168621 0.13585223578472755 0.030684736786771787
0.3148432521812353 0.13722542830081233 0.6341998635246293 | -0.10365837090747969 0.17520115790977425 0.10051900375149325
0.32191903088747165 0.1155857936189277 0.7108496603586623 | -0.07125046355892976 -0.11759057194421559 0.11501954522914638
0.4068886324317031 0.09547324324146605 0.23422103896544572 | -0.017117739338574394 -2.2293179563810464 -0.07623551220488743
0.43800152914251617 0.1486023202847707 0.33881297625218765 | 0.13867276663892847 -2.069192255013732 0.04377412667024321
0.4572126659527943 0.141090951326625 0.45705115099738386 | 0.2639102559791658 -2.4569852962299654 0.26353224445796625
0.3663013393272479 0.11355081463949024 0.40377782060158174 | -0.0815894673862719 0.07993231441509044 0.06198031958496957
0.3844086850460813 0.11846434261848458 0.49330216870352195 | -0.015381022741787157 -0.1291547092289081 -0.0021943310533550264
0.38504064407212185 0.13496819865974077 0.5637691356157049 | -0.03600633255503314 0.04260839460227754 0.029251482059483327
0.384746042956485 0.11973688223458867 0.6377874471374565 | -0.04596250609507271 0.08268827351154326 0.1035939496560528
0.3893316657765723 0.10796463599415153 0.7141297196412861 | -0.027623172797606912 -0.31399464671007954 0.11312617853053032
0.40216781168420845 0.11220817219719678 0.23587236728577923 | 0.1434680393544829 -0.04386077649373889 -0.14183888977356018
0.40004753341444055 0.09299279113990357 0.32427302826437177 | 0.005230969704707044 -6.314681726096509E-4 -0.005038745338429156
0.4037579284193695 0.11359038209270096 0.3662879968116926 | 0.06206852726846992 0.07983546692218277 -0.08159762606435005
0.43972915147051556 0.0911726612807346 0.439729005161033 | -0.013852689800302726 -0.7052677665395332 -0.013763129833981565
0.44461657159501633 0.10985279622515819 0.5019944323283486 | -0.014470905386521085 -0.2959404831316947 0.021859056366336352
0.4454866867941178 0.12632727003051084 0.5653444900083477 | -0.011962830023800287 -0.01490485239885737 0.030323039650574594
0.4453156458259714 0.13037572940192677 0.6397627515780075 | -0.016107076210849978 -0.016178028231774735 0.11532103934722476
0.44736521225484993 0.1037592310626024 0.7153642739190491 | -0.011322719813947236 -0.3546136167679079 0.11403222677099183
0.49037566573260344 0.09562565105181425 0.24073833537781644 | 0.012083729263198341 -0.3905594811784449 -0.061519844924645364
0.48919512392914255 0.13018475529092696 0.3155291142665202 | 0.009665663967373781 -0.05016135432659295 -0.045115650699204514
0.4933176008513354 0.11851107080064174 0.38440602200805635 | -0.0020907911329193303 -0.12852179184986798 -0.015465664493055526
0.5019985871069435 0.10981594189500997 0.44462922391099 | 0.021787936378175547 -0.2961062210381613 -0.014389015713135165
0.502559858212303 0.1122713405266338 0.5025646107198871 | 0.024215276946577154 -0.2421673050457593 0.024249921612257107
0.5035948172766327 0.12580246114713584 0.5658141383903758 | 0.0074193833831455525 -0.011584958734968516 0.03173671596683867
0.5046388208009795 0.13024859739059397 0.639778155814403 | 0.01472699758170314 -0.0180576992965796 0.11761808041714417
0.5026422829289977 0.10420470674403405 0.7153362835406044 | 0.011916657951307934 -0.35554048966096585 0.11298176592260316
0.5582975890693107 0.10716268718566806 0.23859099538148465 | 0.012422442881196637 -0.29412186303577553 -0.0852039436146517
0.5607829538469068 0.1268012432708665 0.31400555469085867 | 0.030711161162486598 0.13576083382263948 -0.08064209197264564
0.5637766088603736 0.1349640390217673 0.38504193970657186 | 0.029303796580098088 0.04248306103330824 -0.03603906839819125
0.5653421714971724 0.1263303248342988 0.44548763232299715 | 0.030219039477194874 -0.014939165475478506 -0.01192901598675423
0.5658142170174311 0.12580564892863394 0.5035945235293195 | 0.03173012551929388 -0.011564701739786763 0.007403793892026114
0.5665496836051928 0.13303355206731127 0.5665496832230147 | 0.05331322470373072 0.015392712259020391 0.05331197044197201
0.5658080051153868 0.11487626049832805 0.6397410698554259 | 0.051951152869757204 0.055244785683541374 0.1284118040430148
0.5607774748899004 0.10807992769402487 0.7144734764426076 | 0.027966434551829535 -0.3151145219279412 0.11980485992858177
0.6276185986553795 0.10331917445776717 0.23891929489967864 | 0.06752994114190927 -0.17320728117471226 -0.11650823171507238
0.6342004094854369 0.13722580335336482 0.3148435131889894 | 0.10051638217136159 0.17520088265941958 -0.10365558862552762
0.6377872929658581 0.1197382172694773 0.3847459780904134 | 0.10358585156040442 0.08269843850662259 -0.045968643890044826
0.639762468915435 0.13037704138677175 0.4453157727856434 | 0.11531302747340437 -0.01616534625771615 -0.016106759503827152
0.6397784419152169 0.13024845060067128 0.504638791644568 | 0.1176175818918221 -0.018057969004631136 0.014726715336951024
0.6397411904742938 0.11487581340982503 0.5658080340875817 | 0.12841233571600938 0.055242009388068246 0.05195014463753277
0.6363029505826125 0.1346426482902533 0.6363029661230999 | 0.11926814316699581 0.1541754832064295 0.11926824946992816
0.6292445802472908 0.10913948668971414 0.7131493220083661 | 0.08654401471747664 -0.1531153233094812 0.13813278049295208
0.7078958096174859 0.09768042396777413 0.24195603010537317 | 0.1483647906047877 -0.0899136863824629 -0.14856960478221584
0.7108499478969958 0.11558580575371828 0.321919008487882 | 0.11502167008477844 -0.11759126908379913 -0.07125088213939867
0.7141296175565688 0.10796468540166332 0.3893316621017166 | 0.11312660067217828 -0.3139934174342185 -0.027623193538028525
0.7153641235466007 0.1037592336155847 0.4473652132712681 | 0.11403134996757235 -0.35461410783829356 -0.011322471964175856
0.7153362628361729 0.10420468234840483 0.5026422709853617 | 0.11298156454698009 -0.3555406778046599 0.011916614140758217
0.714473502941324 0.10807993247218377 0.5607774592927461 | 0.11980480861594302 -0.315114917249822 0.027966345150649254
0.7131493166502386 0.10913948202761206 0.6292445795983908 | 0.13813271247201092 -0.15311551787856076 0.08654398956411968
0.7089605547190357 0.09752748578100874 0.7089605552611146 | 0.16477644436752706 -0.09833541865999886 0.16477644756869686
