512
0.26053866399795983 0.08314662324817704 0.2605386639979598
0.2667150699803233 0.09818157789093278 0.31167402046175774
0.2622667361213503 0.09468076184671909 0.3721517412371019
0.26948249415742404 0.08707898018941601 0.4391759406787449
0.2693441243272546 0.08620437046419947 0.5101873706842774
0.2592697745152472 0.09342330704376209 0.576770590061641
0.2691052536788118 0.0877796958525563 0.638116581691692
0.26197843750169897 0.08664072178361468 0.6925047872466144
0.3116740204617577 0.09818157789093326 0.26671506998032285
0.30570353251787286 0.1278798544551301 0.3057035325178731
0.3139965118241516 0.10035444778710753 0.37153070285991935
0.30932083262735827 0.10368255661115909 0.43846273903705174
0.30958297106035726 0.10544349935243458 0.5110181832167259
0.31328072676795754 0.0999914947190217 0.5778731140596287
0.30553688164320364 0.12376219067398238 0.6442772655481488
0.31250405063399783 0.10929080534758806 0.6880458872785606
0.3721517412371015 0.09468076184671953 0.26226673612135154
0.3715307028599193 0.10035444778710748 0.3139965118241516
0.36506598623575337 0.12192278528683828 0.3650659862357531
0.35930361364989993 0.10239138041113267 0.43519338687771486
0.3593506071561569 0.10118293599661046 0.5149612095468765
0.3647639892855752 0.12080247343157367 0.583505013677566
0.3702587652511926 0.09877223280902965 0.6368333585183091
0.37247752439865 0.1196500159962618 0.6967003397902983
0.4391759406787449 0.08707898018941573 0.2694824941574244
0.4384627390370519 0.10368255661115978 0.30932083262735827
0.435193386877715 0.10239138041113276 0.35930361364990016
0.4357716164360813 0.09871445499071416 0.43577161643608125
0.43627244424478495 0.10145030826786842 0.5137406582372112
0.43307426673487176 0.09637983612156864 0.5911436413569816
0.439431117696013 0.08455698287822866 0.6352111474007931
0.43842263480243404 0.09770206743250376 0.689838144520813
0.5101873706842773 0.0862043704641992 0.2693441243272548
0.511018183216726 0.10544349935243422 0.30958297106035754
0.5149612095468769 0.1011829359966106 0.3593506071561566
0.5137406582372112 0.10145030826786891 0.4362724442447847
0.5135663903702279 0.1043554795890462 0.5135663903702277
0.5170203336278791 0.09592761036181645 0.5902683368656348
0.510583364027501 0.08680391745275241 0.6351609981397004
0.5109144812441758 0.09773326804389051 0.6903699107344654
0.5767705900616411 0.09342330704376213 0.2592697745152469
0.5778731140596289 0.0999914947190224 0.3132807267679573
0.5835050136775675 0.12080247343157327 0.3647639892855756
0.5911436413569814 0.09637983612156796 0.4330742667348718
0.5902683368656358 0.09592761036181653 0.5170203336278796
0.5837608050490813 0.12138942351216023 0.5837608050490813
0.5785948539087918 0.10047483531586841 0.6372543519443262
0.5773257476316092 0.11777605815820123 0.6972585142336769
0.6381165816916923 0.08777969585255639 0.2691052536788117
0.6442772655481489 0.12376219067398306 0.30553688164320364
0.6368333585183091 0.09877223280903058 0.37025876525119233
0.6352111474007927 0.08455698287822834 0.4394311176960136
0.6351609981396997 0.08680391745275286 0.5105833640275015
0.6372543519443262 0.10047483531586802 0.5785948539087913
0.6375378654881727 0.09785900387517121 0.6375378654881728
0.636717721033644 0.0976507194262327 0.6856001820458547
0.692504787246614 0.08664072178361437 0.2619784375016993
0.6880458872785606 0.10929080534758721 0.312504050633998
0.6967003397902979 0.1196500159962623 0.37247752439864995
0.689838144520814 0.09770206743250387 0.4384226348024341
0.6903699107344643 0.0977332680438905 0.5109144812441756
0.6972585142336766 0.11777605815820032 0.5773257476316094
0.685600182045854 0.09765071942623296 0.6367177210336443
0.691223597808362 0.09434799685692762 0.6912235978083618
0.22559062500601174 0.10206812331412886 0.22559062500601268
0.22767722500318166 0.1148611352603965 0.3026527989790181
0.2243876042379487 0.10599928254456244 0.3814011763329357
0.26777554425845645 0.06700435332941834 0.4409438863035903
0.2674455361742082 0.06693833714616239 0.508548841992762
0.22459468124704124 0.10417321090560067 0.5689115134632857
0.23377979243043895 0.10464619510892566 0.6479286086989748
0.2290123452402984 0.09793545443215977 0.7216440678988998
0.302652798979018 0.11486113526039635 0.2276772250031819
0.303652012868312 0.12803970003743492 0.3036520128683121
0.31075614596633294 0.09874053226679487 0.3700975596835587
0.3041096897556897 0.10318716312283321 0.43744339942392985
0.3041574933190426 0.1066127231909103 0.5119415238043207
0.3101683002654727 0.09828600988993533 0.5791564279988136
0.3030591388569349 0.12557173107233396 0.6464171283547403
0.3029244316600447 0.13324580530889546 0.7274918945481764
0.38140117633293535 0.10599928254456237 0.22438760423794893
0.37009755968355856 0.09874053226679491 0.3107561459663328
0.36406204805980313 0.11664392975852447 0.3640620480598028
0.35694344037396925 0.09170025775791868 0.4333530354082629
0.3572005353628826 0.09034012581275504 0.5165717834528589
0.3637667811679905 0.1153264427576194 0.5845346311349547
0.368490141569141 0.09573011171367551 0.6391963800435666
0.38193892641147553 0.11982627559282368 0.7311752711383175
0.44094388630359044 0.06700435332941808 0.26777554425845684
0.43744339942393007 0.10318716312283374 0.30410968975568986
0.43335303540826303 0.09170025775791855 0.35694344037396936
0.43572178525914945 0.09179700503018713 0.4357217852591494
0.43670750394503205 0.0988908977442137 0.5131335841190695
0.4313042416505763 0.08601225079414322 0.5930901882538712
0.4371978913910251 0.0901251476050526 0.6418537056856423
0.43953916096908097 0.0802486836632382 0.689333619402874
0.5085488419927621 0.06693833714616197 0.26744553617420824
0.511941523804321 0.10661272319091064 0.30415749331904224
0.516571783452859 0.09034012581275501 0.3572005353628822
0.5131335841190696 0.09889089774421417 0.43670750394503177
0.5123117989987149 0.10772687704843215 0.5123117989987146
0.5187309335400639 0.0853652902866596 0.5922543844862348
0.5126094462994589 0.09558310056945901 0.6427753171522081
0.5098293291678134 0.0815932947486015 0.6900428520714977
0.5689115134632857 0.10417321090560043 0.22459468124704163
0.5791564279988136 0.09828600988993563 0.3101683002654727
0.5845346311349552 0.11532644275761947 0.36376678116799077
0.593090188253871 0.08601225079414257 0.4313042416505763
0.5922543844862354 0.08536529028665968 0.5187309335400643
0.5847201340980365 0.1164957275649974 0.5847201340980367
0.580641125292572 0.09837613293834213 0.6395174940341108
0.568472541259708 0.11611426958886863 0.7313915174511472
0.6479286086989748 0.10464619510892573 0.23377979243043853
0.6464171283547405 0.12557173107233455 0.3030591388569349
0.6391963800435664 0.09573011171367576 0.36849014156914084
0.641853705685642 0.09012514760505289 0.43719789139102544
0.642775317152208 0.09558310056945946 0.5126094462994593
0.6395174940341108 0.0983761329383415 0.5806411252925717
0.649003232322292 0.1298042793197824 0.649003232322292
0.6473253859001923 0.12740805775829123 0.724446380791798
0.7216440678989007 0.0979354544321617 0.22901234524029726
0.7274918945481768 0.13324580530889588 0.3029244316600447
0.7311752711383177 0.11982627559282391 0.38193892641147575
0.6893336194028753 0.08024868366323862 0.4395391609690811
0.6900428520714968 0.08159329474860148 0.5098293291678134
0.7313915174511473 0.11611426958887025 0.5684725412597083
0.724446380791798 0.12740805775829167 0.6473253859001925
0.7183082210396458 0.09244718283116142 0.7183082210396458
0.21290799331981597 0.13052556770082097 0.21290799331981633
0.21355408247337837 0.11569322675271719 0.30223552093481365
0.21727308735790185 0.09660338643216061 0.3804942722744804
0.2371708416502662 0.059736176836598175 0.4461373771393377
0.23957261461854337 0.05779890510447808 0.5040510422082818
0.2178236763489309 0.09450497124445802 0.569804588147441
0.2129415390470483 0.11173288843158272 0.6481280894274917
0.21218273050638342 0.1337678581457567 0.7367488869196798
0.3022355209348135 0.11569322675271669 0.21355408247337898
0.304666205081137 0.11849831464171748 0.30466620508113706
0.29139442049747033 0.15151400925694017 0.370002093926611
0.29058535736659824 0.14021167864171125 0.44019997533298394
0.2907574407666686 0.14035981493742344 0.5097361279371463
0.29215119869494827 0.14480567007795145 0.580199402130252
0.304104630113525 0.11523210242987302 0.6457229137037032
0.30182383382230066 0.1238279356140947 0.7375830924386952
0.3804942722744801 0.09660338643216101 0.21727308735790155
0.3700020939266109 0.15151400925693995 0.2913944204974701
0.367325268971339 0.1378088219664533 0.36732526897133877
0.35639199276678446 0.08397507953232569 0.43263513123819597
0.35673829466921825 0.08226762678232287 0.5171032672273099
0.3669340065682114 0.13425634163519998 0.5822704646134043
0.36923394917476593 0.13857579731913047 0.6537840297368036
0.37993019910645137 0.1003241818258094 0.7366132371276277
0.44613737713933804 0.05973617683659961 0.23717084165026514
0.4401999753329839 0.14021167864171116 0.2905853573665986
0.4326351312381962 0.08397507953232516 0.3563919927667845
0.43552178765636407 0.08489654439721848 0.4355217876563639
0.4364425910342505 0.09098892874205564 0.5133326655814623
0.43102177007470344 0.07788579560593147 0.5927335134009596
0.4397583063846379 0.13244050792736992 0.6571277672971159
0.44486689918986305 0.0661451304783378 0.709439839126583
0.5040510422082823 0.05779890510447707 0.23957261461854276
0.5097361279371462 0.14035981493742414 0.2907574407666679
0.51710326722731 0.08226762678232277 0.3567382946692174
0.5133326655814621 0.09098892874205618 0.4364425910342502
0.5131017269456742 0.09495178994471534 0.513101726945674
0.5189642619171178 0.07648568640561422 0.5919059196861806
0.5104488668194745 0.13064541792728424 0.656206571036853
0.5052507657863321 0.06506792995716734 0.7074123066519883
0.5698045881474407 0.0945049712444581 0.2178236763489313
0.580199402130252 0.1448056700779468 0.29215119869495004
0.5822704646134035 0.13425634163520778 0.3669340065682129
0.5927335134009595 0.07788579560593055 0.4310217700747035
0.5919059196861812 0.07648568640561405 0.5189642619171179
0.5827204344554834 0.1328261864927357 0.5827204344554837
0.5820488419435943 0.12230365322564661 0.6490832654926398
0.5704291430891416 0.09662604501947003 0.7365406686796989
0.6481280894274917 0.1117328884315828 0.21294153904704802
0.6457229137037034 0.11523210242987332 0.304104630113525
0.6537840297368017 0.13857579731912345 0.3692339491747653
0.6571277672971152 0.1324405079273686 0.43975830638463786
0.6562065710368543 0.13064541792728593 0.5104488668194743
0.6490832654926403 0.12230365322564872 0.5820488419435939
0.6476446727649899 0.11317089116147713 0.6476446727649898
0.6485134185839379 0.11985256132294446 0.738354595784275
0.7367488869196797 0.13376785814575648 0.21218273050638348
0.7375830924386948 0.12382793561409526 0.30182383382230066
0.7366132371276289 0.10032418182580911 0.37993019910645176
0.7094398391265822 0.06614513047833818 0.44486689918986255
0.7074123066519831 0.06506792995716579 0.5052507657863325
0.736540668679699 0.09662604501947175 0.5704291430891418
0.738354595784275 0.11985256132294389 0.6485134185839381
0.7379727731939234 0.13555524038672692 0.7379727731939233
0.2109778055443606 0.11941905631692903 0.21097780554436085
0.205369581957026 0.11540517502429005 0.30246555778837697
0.20780165084910981 0.09209330842883973 0.3801995034559638
0.18163932175586706 0.08127552866750612 0.44569885872769505
0.18218176806025072 0.08126092900371283 0.5044572713858633
0.2083635267150148 0.08987092717692587 0.5701338383303269
0.20350359326121195 0.1152630241997572 0.6473273752438623
0.2102321047826079 0.12311181860835907 0.7388988376840859
0.3024655577883767 0.11540517502429021 0.20536958195702595
0.30223589482681656 0.1219932432659872 0.3022358948268167
0.28727528797095986 0.1586148212090813 0.37105909830514244
0.2885885340302594 0.14419417322558786 0.44078662601313506
0.2887663631535679 0.14353043469972127 0.5093215861166932
0.2868241138059572 0.15606341368952617 0.5792737972164833
0.30146143130942205 0.11908552126936858 0.6480242762528433
0.3012858334267735 0.11691357429571916 0.7450803065868107
0.38019950345596354 0.0920933084288398 0.20780165084910898
0.37105909830514233 0.1586148212090813 0.2872752879709596
0.3734342080554252 0.1727082708328949 0.37343420805542515
0.3780543873504346 0.16136440662735504 0.44610711342394
0.37752596639007 0.16454429390767455 0.5038473237447019
0.3735645842013687 0.17236601498945064 0.5772923489949733
0.3715129898181771 0.15759286562582211 0.6610775060277515
0.3793559861214636 0.09324955823830212 0.7451988498207042
0.4456988587276956 0.08127552866750593 0.18163932175587041
0.44078662601313506 0.1441941732255876 0.28858853403025997
0.4461071134239401 0.16136440662735585 0.378054387350435
0.43442411660060415 0.07193867364465475 0.43442411660060404
0.43555920334367687 0.0786935956942871 0.5143354818234116
0.4461268613226789 0.1593399555946167 0.5750427873941492
0.4413467111026157 0.14039605126019258 0.6602031584722184
0.44561858791104686 0.07784828418437653 0.7697312849819715
0.504457271385864 0.08126092900371293 0.18218176806024808
0.5093215861166932 0.14353043469972124 0.2887663631535672
0.5038473237447018 0.16454429390767478 0.3775259663900691
0.5143354818234115 0.07869359569428726 0.4355592033436765
0.5141796612559368 0.08165041610679732 0.5141796612559364
0.5039443186215478 0.1619359915013523 0.5754982774254889
0.5089678702320299 0.14036360896983235 0.6597711702243285
0.5043285901902997 0.07747137773118899 0.7693407626645881
0.5701338383303266 0.08987092717692632 0.20836352671501526
0.5792737972164832 0.1560634136895265 0.2868241138059574
0.5772923489949736 0.1723660149894499 0.37356458420136895
0.5750427873941493 0.15933995559461558 0.44612686132267904
0.5754982774254894 0.16193599150135207 0.5039443186215478
0.5778102447510346 0.17315415652450195 0.5778102447510352
0.5793484896856259 0.15536325210859672 0.662662516428534
0.5708365669967224 0.09065950288472821 0.7451790943795161
0.6473273752438623 0.11526302419975673 0.20350359326121195
0.6480242762528435 0.11908552126936996 0.30146143130942177
0.6610775060277525 0.15759286562582359 0.3715129898181772
0.660203158472218 0.14039605126019078 0.44134671110261553
0.6597711702243302 0.14036360896983302 0.5089678702320295
0.662662516428534 0.1553632521085985 0.5793484896856258
0.650734986552871 0.11789829223995046 0.6507349865528709
0.6486859827069646 0.11658353355571778 0.7475658665817005
0.7388988376840857 0.12311181860835885 0.21023210478260804
0.7450803065868105 0.11691357429571904 0.30128583342677323
0.7451988498207053 0.09324955823830244 0.37935598612146415
0.769731284981973 0.07784828418437188 0.44561858791104636
0.7693407626645842 0.07747137773118759 0.5043285901902994
0.7451790943795148 0.09065950288472803 0.5708365669967228
0.7475658665817009 0.11658353355571752 0.6486859827069648
0.7401530079331752 0.12634788690928273 0.7401530079331751
0.20977708563150088 0.10875692830541497 0.20977708563150113
0.20087525664254127 0.09222678524858252 0.30028240333809764
0.2017963717442584 0.06446354633616819 0.3755979878118995
0.17467774408888498 0.05555067859890641 0.4433576906962307
0.17541934473976847 0.05430406113690748 0.5069412611353158
0.20164049725409045 0.06155167590549234 0.5744253316071305
0.20032608215502667 0.09533644840983027 0.6492698043612998
0.20899919081041174 0.11288365902461713 0.740296104969085
0.30028240333809747 0.09222678524858374 0.2008752566425415
0.2869656173953792 0.18030574862194082 0.28696561739537924
0.2853040802458188 0.1578292813350249 0.37149861289627056
0.2877022243402739 0.14513482861357643 0.4410443018261652
0.2877945918809935 0.14434554077972298 0.5091360822543046
0.28496093835572667 0.15690711583435762 0.5790337904616294
0.28654629846542046 0.17960183289189782 0.6618042690899212
0.29878259032081106 0.0896478833530644 0.750943563764121
0.3755979878118992 0.06446354633616783 0.20179637174425727
0.3714986128962706 0.15782928133502527 0.2853040802458186
0.37451910540125133 0.17198508858361178 0.3745191054012513
0.37589600988523364 0.13766523182057552 0.44395672418566506
0.3760924700637797 0.14280841224490767 0.5054253360743665
0.37445880778014484 0.17160372727131873 0.5765309713192055
0.3728351305323386 0.1590092957690006 0.6642443403658023
0.37569305876186876 0.07297455995836966 0.7468902933810391
0.4433576906962312 0.05555067859890618 0.17467774408888984
0.4410443018261651 0.14513482861357593 0.2877022243402745
0.4439567241856653 0.13766523182057647 0.375896009885234
0.43379415516880404 0.06123813870518171 0.43379415516880393
0.4348551045917949 0.06609602806015659 0.5152077548565994
0.4443728337579681 0.13810845583111367 0.5765422853681461
0.4423308725652361 0.14560830408944542 0.6623107266002684
0.44314246465082374 0.05444552392121377 0.7755752970610732
0.5069412611353161 0.05430406113690883 0.17541934473976561
0.5091360822543046 0.14434554077972256 0.2877945918809929
0.5054253360743662 0.14280841224490798 0.37609247006377944
0.5152077548565993 0.06609602806015638 0.43485510459179444
0.5150488024951784 0.06654224872410837 0.515048802495178
0.5055647408974484 0.1412681151170335 0.5767540636027879
0.5081098030696943 0.14752480068784238 0.6623057693044688
0.5069010645090741 0.05295799251984562 0.7747114979728843
0.5744253316071303 0.06155167590549297 0.20164049725409097
0.5790337904616293 0.15690711583435915 0.2849609383557268
0.5765309713192057 0.17160372727131792 0.37445880778014506
0.5765422853681461 0.138108455831113 0.4443728337579682
0.5767540636027884 0.14126811511703374 0.5055647408974485
0.5771039614414647 0.1725987390543718 0.577103961441465
0.5787465678263317 0.15903722239146548 0.6659791334221414
0.5740097396692175 0.0716095114701006 0.7464551769570956
0.6492698043612999 0.09533644840982948 0.2003260821550265
0.6618042690899211 0.17960183289189754 0.2865462984654191
0.6642443403658034 0.15900929576900313 0.37283513053233885
0.6623107266002681 0.14560830408944356 0.4423308725652359
0.6623057693044708 0.1475248006878425 0.5081098030696939
0.6659791334221405 0.15903722239146406 0.5787465678263318
0.6622759121889098 0.17651051359213296 0.6622759121889097
0.6507252620997835 0.0958014713150053 0.751615823129635
0.7402961049690848 0.11288365902461692 0.208999190810412
0.7509435637641216 0.08964788335306274 0.2987825903208106
0.746890293381037 0.0729745599583772 0.37569305876187037
0.7755752970610746 0.05444552392121236 0.44314246465082374
0.7747114979728796 0.05295799251984116 0.5069010645090746
0.7464551769570942 0.07160951147010035 0.5740097396692179
0.7516158231296358 0.09580147131500355 0.6507252620997839
0.7416184622604575 0.11674374696899507 0.7416184622604574
0.20913987318761787 0.10251511146837898 0.2091398731876182
0.1959527776336539 0.08074243376481147 0.29894847558888404
0.1984928848408569 0.057534311219036884 0.3743320376051502
0.1658463027614235 0.07299986408428351 0.4438374704095016
0.16585500400907377 0.0785216983269029 0.5060807438905526
0.19852327588367177 0.05478059185304643 0.5756175417349271
0.19546196515957295 0.08510514835486242 0.6503696256548508
0.2081986990098991 0.10546955856175619 0.7412087274612816
0.2989484755888839 0.08074243376481262 0.19595277763365418
0.28486982911605696 0.17217653904985472 0.284869829116057
0.28485541310315554 0.15093806746480715 0.3710383476074527
0.2879900449914872 0.13560547196479628 0.4404383341989543
0.288282659082915 0.1346994792658455 0.5096596529914053
0.28449843887035553 0.15013811215359138 0.5795054840589058
0.28423760816491883 0.17161270603209142 0.6634269245329256
0.297339040490115 0.07953601933247245 0.7564756584440568
0.3743320376051498 0.05753431121903685 0.19849288484085595
0.37103834760745263 0.15093806746480723 0.28485541310315526
0.3738779738296547 0.15808493826957795 0.3738779738296546
0.37506312305725736 0.12873589053572013 0.4431020088985286
0.3747462093303285 0.1309670186795854 0.5067774197236037
0.3738961804972619 0.15769056656517036 0.5768736228482814
0.37227336478909445 0.15033466384972985 0.6649176457954451
0.37482997893952036 0.06995505010892802 0.7500549718293437
0.4438374704095017 0.07299986408428408 0.16584630276142448
0.44043833419895423 0.13560547196479553 0.2879900449914878
0.4431020088985287 0.1287358905357206 0.37506312305725764
0.43356149172853115 0.04981372252668898 0.43356149172853103
0.4344362807946879 0.053118105814260054 0.5158172030674018
0.4431885610743801 0.12655265187486242 0.5774595091519459
0.44149360309869656 0.13703331741266542 0.6620757464935332
0.44370994790066365 0.07362809730687285 0.7874508963150492
0.5060807438905529 0.07852169832690141 0.16585500400907274
0.5096596529914053 0.13469947926584558 0.28828265908291417
0.5067774197236037 0.1309670186795851 0.37474620933032793
0.5158172030674019 0.05311810581425895 0.43443628079468755
0.5154739443273592 0.0547394614325355 0.5154739443273589
0.5069950953025562 0.12776634359231467 0.5777647272656725
0.5088230795459091 0.13837693057669215 0.6619138726988247
0.506091112880462 0.0776321284834483 0.7883615086736462
0.5756175417349267 0.05478059185304747 0.19852327588367247
0.5795054840589059 0.15013811215359227 0.28449843887035564
0.5768736228482817 0.15769056656516922 0.37389618049726203
0.5774595091519458 0.12655265187486253 0.4431885610743805
0.577764727265673 0.12776634359231553 0.5069950953025563
0.5771739508254689 0.15865532863709025 0.5771739508254693
0.57932788147411 0.15144183938354538 0.6669463484278927
0.5748512098574216 0.06866213800492067 0.7494236816753709
0.6503696256548508 0.08510514835486145 0.19546196515957262
0.6634269245329254 0.17161270603209125 0.2842376081649184
0.6649176457954464 0.15033466384973143 0.37227336478909456
0.6620757464935332 0.13703331741266378 0.44149360309869645
0.6619138726988264 0.1383769305766933 0.5088230795459089
0.666946348427892 0.151441839383544 0.5793278814741101
0.6641109870252071 0.168649277202197 0.664110987025207
0.6520172461246808 0.08784029110777701 0.7557763417391441
0.7412087274612813 0.10546955856175626 0.20819869900989935
0.7564756584440568 0.07953601933247167 0.2973390404901148
0.7500549718293404 0.06995505010893893 0.37482997893952275
0.7874508963150534 0.073628097306863 0.4437099479006626
0.7883615086736431 0.07763212848345818 0.5060911128804612
0.7494236816753694 0.06866213800492016 0.5748512098574218
0.7557763417391449 0.0878402911077751 0.6520172461246809
0.7429201637305055 0.1069586458090193 0.7429201637305054
0.20995413450397865 0.09546545104283513 0.209954134503979
0.20161857044359177 0.11459486990873322 0.30366151292632826
0.2027670468432054 0.0981590507428175 0.3835844147189728
0.17031991924658435 0.052376436376971695 0.44321239954600083
0.1700832491883947 0.05588489545949766 0.5068456478493611
0.20149923770591632 0.10155415334393403 0.5661972879084644
0.19968048821160422 0.1093280909715064 0.6468454250413277
0.2089321179152353 0.09662496396035769 0.740596865669653
0.30366151292632776 0.11459486990873258 0.2016185704435916
0.2843093806213868 0.16233140821146222 0.28430938062138683
0.2865257474479612 0.16178018785692438 0.37213297579495397
0.2914818416876977 0.1481804242597023 0.4421374427028233
0.291550378348451 0.149310349960534 0.5080044326963927
0.28571247186984705 0.15966312803541544 0.578477410336441
0.2836061533816766 0.16186762627646933 0.6635872253359323
0.30294115635827784 0.12261696991219412 0.7492252278104417
0.3835844147189725 0.09815905074281735 0.20276704684320507
0.372132975794954 0.1617801878569244 0.28652574744796105
0.3725933113147011 0.14236524995429092 0.37259331131470097
0.3705803151996971 0.10800500182910928 0.44015701987866845
0.3695166304242003 0.10779375807877242 0.5103844043032986
0.37270155687706114 0.1419165392295971 0.5776950678140348
0.37232043077734944 0.15725334879529568 0.6649601223435174
0.3805003190676442 0.09115068045344625 0.7516482546111818
0.44321239954600106 0.05237643637697156 0.170319919246586
0.4421374427028234 0.14818042425970315 0.2914818416876983
0.4401570198786684 0.10800500182910897 0.370580315199697
0.44905877762794083 0.13960394010821647 0.449058777627941
0.44846196373745034 0.14196029032797935 0.5021054456716919
0.4408650812214216 0.10866451915959074 0.5798673653291466
0.4423691142114996 0.1421936269233657 0.6622153590677182
0.4425720530584797 0.05277228160979574 0.7824386690976817
0.5068456478493614 0.05588489545949791 0.17008324918839324
0.5080044326963926 0.14931034996053416 0.29155037834845043
0.5103844043032986 0.10779375807877309 0.36951663042420013
0.5021054456716919 0.14196029032797963 0.44846196373745034
0.5030350223712531 0.1437766372698238 0.5030350223712529
0.5094436137356538 0.10900052151759945 0.580069412418064
0.5082926333159105 0.1427341946293686 0.6622383535436703
0.507197070265046 0.056036011640312786 0.78350424348295
0.5661972879084646 0.10155415334393285 0.20149923770591704
0.5784774103364408 0.15966312803541535 0.28571247186984716
0.5776950678140352 0.1419165392295957 0.37270155687706114
0.5798673653291457 0.1086645191595929 0.4408650812214223
0.580069412418065 0.10900052151759938 0.5094436137356539
0.5781171449430372 0.14264138648341312 0.5781171449430376
0.579134848070902 0.1551181192110917 0.66780816737243
0.5692969118665122 0.09346886723223305 0.7538674993762652
0.6468454250413275 0.10932809097150703 0.19968048821160386
0.663587225335932 0.16186762627646906 0.28360615338167633
0.6649601223435185 0.15725334879529473 0.37232043077734933
0.6622153590677178 0.14219362692336512 0.4423691142114994
0.6622383535436729 0.14273419462936998 0.5082926333159101
0.667808167372429 0.15511811921109145 0.5791348480709021
0.6640249025036622 0.15835549329027418 0.6640249025036621
0.6483120135781799 0.11420077345724043 0.7524168447407299
0.7405968656696525 0.09662496396035775 0.20893211791523553
0.749225227810441 0.12261696991219621 0.30294115635827806
0.751648254611189 0.09115068045343386 0.38050031906764126
0.7824386690976843 0.052772281609791846 0.4425720530584794
0.7835042434829492 0.056036011640320016 0.5071970702650457
0.7538674993762625 0.09346886723223431 0.5692969118665123
0.7524168447407302 0.11420077345724146 0.6483120135781798
0.7427178430178253 0.09592854018164261 0.7427178430178253
0.2135228576741097 0.07651903995038212 0.21352285767411092
0.20636453222727735 0.09606015515905555 0.30179716990059663
0.21149156706689776 0.07450745869356779 0.3796815683944976
0.22060165676710053 0.09937893313424621 0.45220186622924646
0.21983665782057726 0.1005030109813774 0.497811993222654
0.2115904140480617 0.07683628653948459 0.5699517417267655
0.20404594721534422 0.08907801662969267 0.649105776331812
0.21326798105627434 0.07505118732286228 0.7364970039894855
0.3017971699005962 0.09606015515905492 0.2063645322272773
0.2868755733216643 0.14639538301512947 0.28687557332166436
0.28555137916253603 0.14581752515323618 0.37122004564924677
0.2915762902678747 0.1325139895387529 0.4411586535231201
0.29171999034474366 0.13266356961011067 0.5089291109210711
0.2850248911945135 0.1436975161272681 0.5794065312477129
0.2862499245164483 0.143857090373616 0.6612635648775366
0.3013806726935502 0.10230104906108191 0.7444372058303216
0.37968156839449724 0.07450745869356806 0.21149156706689726
0.37122004564924677 0.1458175251532364 0.2855513791625359
0.3753705614299791 0.14546887410184445 0.37537056142997904
0.37925020352713446 0.12278665518961988 0.444707710046761
0.3800585138652241 0.12706220322320022 0.504811332758438
0.3744009665448513 0.1395701066121811 0.5763577962658081
0.3711725774106208 0.13657101050123704 0.6644989681414125
0.3774996634047218 0.07108509297109228 0.744023481487111
0.4522018662292465 0.09937893313424614 0.2206016567671003
0.44115865352312006 0.13251398953875249 0.2915762902678749
0.44470771004676124 0.12278665518962098 0.3792502035271351
0.44335360264393003 0.09532699265553099 0.44335360264393003
0.44121737867889615 0.09061842300695308 0.5086461766033479
0.44431674225805684 0.11841793481902797 0.5752433101804694
0.4402450350228413 0.11742455566981437 0.6616154565640244
0.45234702584309955 0.09787377876897971 0.7320434259059235
0.49781199322265424 0.10050301098137807 0.21983665782057732
0.508929110921071 0.13266356961011122 0.29171999034474305
0.5048113327584383 0.1270622032231998 0.3800585138652236
0.5086461766033479 0.09061842300695361 0.4412173786788959
0.509574829388283 0.09719991432674195 0.5095748293882828
0.50570937528364 0.12012868688616987 0.5753137141444112
0.5102687713838535 0.11360184567042106 0.6609157679199844
0.49768304017013665 0.1004553009370507 0.7330826881054017
0.5699517417267654 0.07683628653948434 0.21159041404806198
0.5794065312477128 0.14369751612726844 0.2850248911945138
0.5763577962658085 0.13957010661218097 0.3744009665448516
0.5752433101804696 0.11841793481902693 0.44431674225805695
0.575313714144412 0.12012868688617016 0.50570937528364
0.5780144847303025 0.13290955995268927 0.5780144847303028
0.5803394410743491 0.13433836165536162 0.6665880263025792
0.5723638981276093 0.07113485707899746 0.7451676507975382
0.6491057763318119 0.08907801662969282 0.204045947215344
0.6612635648775362 0.14385709037361516 0.2862499245164485
0.6644989681414135 0.13657101050123668 0.3711725774106209
0.661615456564024 0.11742455566981191 0.44024503502284124
0.6609157679199863 0.1136018456704231 0.5102687713838534
0.6665880263025779 0.13433836165536117 0.5803394410743491
0.661721812209965 0.13859758084884624 0.6617218122099647
0.6507540696376837 0.09040945123402569 0.749488152604556
0.7364970039894853 0.0750511873228623 0.2132679810562746
0.7444372058303209 0.10230104906108335 0.3013806726935503
0.7440234814871131 0.07108509297109182 0.37749966340472163
0.7320434259059219 0.09787377876898286 0.452347025843099
0.7330826881054093 0.10045530093704291 0.4976830401701344
0.7451676507975372 0.07113485707899816 0.5723638981276096
0.7494881526045563 0.09040945123402547 0.6507540696376838
0.7374723223462396 0.07199670142748957 0.7374723223462396
