512
0.2793917838973974 0.7205516561042571 0.2793917838973974 | 8.532395180245014E-17 -1.9919999999999956 8.532395180245241E-17
0.275789271627234 0.7241541683754328 0.3449709206761317 | -6.587611586383163E-17 -1.9919999999999956 2.2658120979029933E-16
0.273900105118764 0.726043334883993 0.3991584507560863 | -1.5101459137710134E-16 -1.9919999999999956 7.397412597764015E-16
0.27354172093962004 0.7264017190621399 0.4499076029947864 | -3.941112948898282E-17 -1.9919999999999956 2.2235518460786184E-16
0.27354172094022605 0.7264017190601003 0.5000923970065184 | -1.6831842368918122E-16 -1.9919999999999949 5.338397594522979E-16
0.2739001051197921 0.7260433348794969 0.5508415492441678 | -2.8810911634213636E-16 -1.991999999999996 9.982083957861989E-16
0.2757892716280495 0.7241541683712633 0.6050290793231377 | 6.197723545521117E-18 -1.9919999999999958 1.6677215258820782E-16
0.2793917838977406 0.7205516561021256 0.6706082161022113 | -1.1226564870020851E-18 -1.9919999999999956 -3.730084800916353E-18
0.3449709206761317 0.7241541683754328 0.275789271627234 | 2.2658120979032314E-16 -1.9919999999999956 -6.587611586385068E-17
0.3435042976729351 0.7274981731391303 0.3435042976729351 | -6.454151140274505E-17 -1.991999999999996 -6.454151140274266E-17
0.3423136331082006 0.729547571534138 0.39897589580409054 | 3.314131161689166E-17 -1.9919999999999958 -8.386256910625572E-16
0.34193636422959267 0.730064530851979 0.449874556486477 | 4.303686507474641E-16 -1.9919999999999956 -3.3024892528483936E-15
0.34193636423047785 0.7300645308479403 0.50012544351634 | 1.0077622064280706E-15 -1.9919999999999956 1.459528107451205E-16
0.34231363310966134 0.7295475715252212 0.5510241041963734 | 3.404746687115618E-16 -1.9919999999999956 1.5113337874787E-15
0.34350429767400514 0.7274981731307552 0.6064957023254386 | 1.486360541870046E-16 -1.9919999999999958 3.9993197448063677E-16
0.34497092067655555 0.7241541683716134 0.674210728371915 | 2.5105833033722678E-17 -1.9919999999999956 5.08890384956334E-18
0.39915845075608636 0.726043334883993 0.273900105118764 | 7.397412597763788E-16 -1.9919999999999956 -1.5101459137713117E-16
0.39897589580409054 0.729547571534138 0.3423136331082006 | -8.386256910625804E-16 -1.9919999999999958 3.314131161687357E-17
0.3987080973481434 0.731667006542113 0.3987080973481434 | -2.0566750059342644E-15 -1.991999999999997 -2.0566750059341985E-15
0.39846401891347316 0.7322664132461596 0.4498629142611655 | -2.2312596773617487E-16 -1.9919999999999958 -4.690896177511719E-15
0.3984640189135998 0.7322664132416903 0.500137085741948 | 9.791024148190777E-16 -1.9919999999999953 -2.888625793210344E-16
0.39870809734828627 0.731667006532424 0.5512919026521732 | 1.4848356737444378E-15 -1.9919999999999947 2.9386042530899817E-15
0.3989758958037554 0.7295475715252364 0.607686366890063 | 8.7815164660870095E-16 -1.9919999999999962 1.253000975654055E-15
0.39915845075582923 0.7260433348800089 0.6760998948804423 | 9.622548630797384E-17 -1.9919999999999956 7.603405722386578E-17
0.4499076029947864 0.7264017190621399 0.27354172093962004 | 2.2235518460780183E-16 -1.9919999999999956 -3.941112948898533E-17
0.449874556486477 0.730064530851979 0.3419363642295927 | -3.3024892528483794E-15 -1.9919999999999956 4.303686507473955E-16
0.4498629142611655 0.7322664132461596 0.3984640189134733 | -4.690896177511816E-15 -1.9919999999999958 -2.231259677361025E-16
0.4498248212498174 0.7329199675612637 0.4498248212498173 | -9.015447627081472E-16 -1.9919999999999942 -9.015447627080682E-16
0.4498248212490951 0.732919967557163 0.500175178752359 | 2.4162026303362855E-15 -1.9919999999999958 -2.0423786580379792E-16
0.44986291425967934 0.7322664132375785 0.5515359810864634 | 3.196276356825289E-15 -1.9919999999999956 3.2282392113249533E-15
0.44987455648491037 0.7300645308449161 0.6080636357690411 | 1.3597273735074604E-15 -1.9919999999999964 1.7755945904269628E-15
0.44990760299394833 0.7264017190595264 0.6764582790598671 | 1.35640155049112E-16 -1.9919999999999956 1.46930852215362E-16
0.5000923970065184 0.7264017190601003 0.27354172094022605 | 5.338397594522646E-16 -1.9919999999999949 -1.6831842368918166E-16
0.5001254435163399 0.7300645308479403 0.34193636423047785 | 1.4595281074518256E-16 -1.9919999999999956 1.0077622064280215E-15
0.5001370857419482 0.7322664132416903 0.3984640189135998 | -2.888625793210109E-16 -1.9919999999999953 9.791024148191395E-16
0.500175178752359 0.732919967557163 0.4498248212490952 | -2.0423786580379762E-16 -1.9919999999999958 2.4162026303363033E-15
0.5001751787514171 0.7329199675547685 0.5001751787514171 | 3.343214554827664E-15 -1.9919999999999933 3.343214554827644E-15
0.5001370857400753 0.732266413237174 0.551535981086028 | 3.953920083525467E-15 -1.9919999999999967 3.5400864367094187E-15
0.5001254435148355 0.7300645308452679 0.608063635769149 | 1.2606802346839139E-15 -1.9919999999999964 1.5156417784169715E-15
0.5000923970059332 0.7264017190597426 0.6764582790598578 | 1.113310078804952E-16 -1.9919999999999956 1.31508545479705E-16
0.5508415492441678 0.7260433348794969 0.2739001051197921 | 9.982083957861898E-16 -1.991999999999996 -2.8810911634213365E-16
0.5510241041963734 0.7295475715252212 0.34231363310966134 | 1.5113337874787431E-15 -1.9919999999999956 3.404746687115757E-16
0.5512919026521732 0.7316670065324242 0.39870809734828627 | 2.9386042530899967E-15 -1.9919999999999947 1.4848356737444867E-15
0.5515359810864634 0.7322664132375785 0.44986291425967934 | 3.2282392113249683E-15 -1.9919999999999956 3.196276356825296E-15
0.551535981086028 0.732266413237174 0.5001370857400753 | 3.540086436709428E-15 -1.9919999999999967 3.953920083525458E-15
0.5512919026513565 0.7316670065321164 0.5512919026513565 | 2.490900569528449E-15 -1.9919999999999969 2.490900569528446E-15
0.5510241041960446 0.7295475715263366 0.6076863668903861 | 7.676239654240935E-16 -1.9919999999999962 8.086070166376448E-16
0.5508415492441443 0.726043334880536 0.6760998948804808 | 5.1893955921782926E-17 -1.9919999999999956 6.011856830329747E-17
0.6050290793231377 0.7241541683712635 0.2757892716280495 | 1.6677215258820402E-16 -1.9919999999999958 6.1977235455261164E-18
0.6064957023254386 0.7274981731307552 0.34350429767400514 | 3.9993197448064495E-16 -1.9919999999999958 1.486360541870157E-16
0.607686366890063 0.7295475715252364 0.3989758958037554 | 1.2530009756540598E-15 -1.9919999999999962 8.78151646608714E-16
0.6080636357690411 0.7300645308449161 0.44987455648491037 | 1.7755945904269645E-15 -1.9919999999999964 1.3597273735074608E-15
0.608063635769149 0.7300645308452679 0.5001254435148355 | 1.5156417784169729E-15 -1.9919999999999964 1.2606802346839107E-15
0.6076863668903861 0.7295475715263366 0.5510241041960446 | 8.086070166376454E-16 -1.9919999999999962 7.676239654240921E-16
0.6064957023260705 0.7274981731325467 0.6064957023260704 | 2.340030902278195E-16 -1.9919999999999956 2.340030902278195E-16
0.6050290793235048 0.7241541683721823 0.6742107283721079 | 1.0190454842420659E-17 -1.9919999999999956 1.3440417454093134E-17
0.6706082161022113 0.7205516561021256 0.27939178389774055 | -3.730084800919513E-18 -1.9919999999999956 -1.122656487000888E-18
0.674210728371915 0.7241541683716134 0.34497092067655555 | 5.088903849563266E-18 -1.9919999999999956 2.510583303372294E-17
0.6760998948804423 0.7260433348800089 0.39915845075582923 | 7.603405722386578E-17 -1.9919999999999956 9.622548630797355E-17
0.6764582790598671 0.7264017190595264 0.44990760299394833 | 1.4693085221536202E-16 -1.9919999999999956 1.3564015504911156E-16
0.6764582790598578 0.7264017190597426 0.5000923970059332 | 1.3150854547970494E-16 -1.9919999999999956 1.1133100788049472E-16
0.676099894880481 0.726043334880536 0.5508415492441443 | 6.011856830329679E-17 -1.9919999999999956 5.189395592178222E-17
0.6742107283721079 0.7241541683721823 0.6050290793235048 | 1.344041745409314E-17 -1.9919999999999956 1.0190454842420646E-17
0.6706082161022804 0.7205516561022934 0.6706082161022804 | 2.5947118887167186E-19 -1.9919999999999956 2.594711888716728E-19
0.2757892716249047 0.6549725192976232 0.2757892716249047 | 1.6130603110942231E-13 -1.991999999999741 1.6130603110942274E-13
0.27244526687433507 0.6564391423433988 0.3435042976592855 | 3.537962268497686E-13 -1.9919999999999958 -4.184198900297876E-13
0.27039586844477476 0.6576298069024141 0.39897589582200993 | 1.798870546461516E-13 -1.9919999999995894 -9.701443921179787E-14
0.2698789092041645 0.6580070756873012 0.44987455650714964 | -1.3359939753888344E-13 -1.9920000000007128 8.755737103136907E-14
0.26987890921243024 0.6580070756281032 0.5001254434969852 | 4.5317050400808216E-13 -1.9919999999997733 -7.826177570435377E-13
0.27039586848758823 0.657629806794206 0.5510241041388193 | 1.1278494556183507E-13 -1.9920000000000102 -4.2627263284285033E-13
0.2724452668688536 0.6564391423043452 0.6064957023118935 | -6.650308512286163E-14 -1.9919999999999605 -3.2310466314194376E-14
0.275789271625961 0.6549725193203249 0.6742107283655796 | 3.471147114329812E-15 -1.9920000000000413 3.37585783745052E-14
0.3435042976592855 0.6564391423433988 0.27244526687433507 | -4.1841989002979244E-13 -1.9919999999999958 3.537962268497686E-13
0.34135749914283137 0.6585859409899018 0.34135749914283137 | -8.358429165759132E-14 -1.9920000000019566 -8.35842916575769E-14
0.3399923185069996 0.6599511216007627 0.39848533795723523 | -3.0602122493255453E-13 -1.9919999999998836 -2.1562889607310497E-13
0.3394085874153769 0.6605348525230079 0.449809145594977 | -1.201597206206432E-13 -1.9919999999995952 2.0275657989621085E-12
0.33940858744412555 0.660534852312466 0.5001908544193052 | -2.5461874403057035E-13 -1.9920000000006601 8.636631463473226E-14
0.3399923185673659 0.6599511212449323 0.5515146619506546 | 5.153286115014829E-14 -1.9920000000001163 -5.74042143215623E-13
0.3413574991579198 0.6585859407865862 0.6086425008127141 | -9.24739600299643E-15 -1.9920000000000593 -1.4867043708243615E-14
0.34350429766976354 0.6564391423211643 0.6775547331152232 | -2.849987528856244E-15 -1.9920000000000337 2.2917782065760594E-14
0.39897589582200993 0.6576298069024141 0.27039586844477476 | -9.701443921181547E-14 -1.9919999999995894 1.7988705464614745E-13
0.39848533795723523 0.6599511216007627 0.3399923185069996 | -2.1562889607309947E-13 -1.9919999999998836 -3.060212249325603E-13
0.39801469258869354 0.6615422374113599 0.3980146925886935 | 8.749883464589169E-13 -1.9919999999983946 8.74988346458887E-13
0.39760974795013493 0.662273427071422 0.4497840457414452 | 1.49966535268379E-12 -1.9919999999996465 3.5915161087450215E-12
0.39760974794243953 0.6622734268406525 0.5002159542834278 | 8.375151800317228E-14 -1.9920000000006253 2.089383795810257E-14
0.3980146925432047 0.6615422370351176 0.5519853073218692 | -6.456044470507283E-13 -1.991999999999654 -1.3415806110473068E-12
0.3984853379060562 0.6599511214090753 0.6100076814420474 | -1.5780257907189175E-13 -1.991999999999891 -1.3147505274641478E-13
0.3989758958031322 0.6576298068866979 0.6796041315039799 | -3.1876837011295226E-14 -1.9920000000000215 1.475263348307397E-14
0.44987455650714964 0.6580070756873012 0.2698789092041645 | 8.755737103145344E-14 -1.9920000000007128 -1.3359939753895377E-13
0.449809145594977 0.6605348525230079 0.3394085874153769 | 2.027565798962085E-12 -1.9919999999995952 -1.201597206206026E-13
0.44978404574144515 0.662273427071422 0.39760974795013493 | 3.5915161087451023E-12 -1.9919999999996465 1.4996653526837572E-12
0.44970756896674713 0.6631298142501011 0.44970756896674713 | 1.341612207536487E-12 -1.9920000000032922 1.341612207536418E-12
0.44970756890932795 0.6631298141202172 0.5002924309110106 | -8.075542552905193E-13 -1.9920000000014557 1.6123604457046602E-14
0.449784045608546 0.6622734269230584 0.5523902519357238 | -9.283282440397155E-13 -1.9919999999992317 -1.1035452715399616E-12
0.4498091455025838 0.6605348525639979 0.6105914125903754 | -2.366294320098379E-13 -1.9919999999998221 -2.10549329564172E-13
0.4498745564869579 0.6580070757698817 0.6801210908300209 | -3.652140693394751E-14 -1.991999999999975 -2.1596450359740256E-14
0.5001254434969852 0.6580070756281032 0.26987890921243024 | -7.826177570435618E-13 -1.9919999999997733 4.531705040081046E-13
0.5001908544193052 0.660534852312466 0.33940858744412555 | 8.636631463469711E-14 -1.9920000000006601 -2.5461874403054546E-13
0.5002159542834278 0.6622734268406526 0.39760974794243953 | 2.0893837958098845E-14 -1.9920000000006253 8.375151800315536E-14
0.5002924309110106 0.6631298141202172 0.44970756890932795 | 1.6123604457063452E-14 -1.9920000000014557 -8.075542552904947E-13
0.5002924309072898 0.6631298141578332 0.5002924309072898 | -1.5820259038409069E-12 -1.9920000000006923 -1.58202590384089E-12
0.5002159542808083 0.6622734269946962 0.5523902519843479 | -7.383724352430331E-13 -1.9919999999994005 -7.291416645205789E-13
0.5001908544679775 0.6605348525913803 0.6105914126016764 | -2.208270888836048E-13 -1.9919999999998153 -1.7129857940786557E-13
0.5001254435175305 0.6580070757759678 0.6801210908430577 | -2.2267871578468222E-14 -1.991999999999971 -2.3116559900090603E-14
0.5510241041388193 0.657629806794206 0.27039586848758823 | -4.262726328428473E-13 -1.9920000000000102 1.1278494556183129E-13
0.5515146619506546 0.6599511212449323 0.3399923185673659 | -5.740421432156382E-13 -1.9920000000001163 5.153286115014792E-14
0.5519853073218692 0.6615422370351176 0.3980146925432047 | -1.341580611047312E-12 -1.991999999999654 -6.456044470507379E-13
0.5523902519357238 0.6622734269230584 0.449784045608546 | -1.103545271539965E-12 -1.9919999999992317 -9.283282440397086E-13
0.5523902519843479 0.6622734269946962 0.5002159542808083 | -7.291416645205819E-13 -1.9919999999994005 -7.383724352430287E-13
0.5519853074345245 0.6615422372177189 0.5519853074345245 | -3.222375614928815E-13 -1.9919999999996454 -3.222375614928805E-13
0.551514662091852 0.6599511214785182 0.6100076814726653 | -1.1755192808254857E-13 -1.9919999999998805 -9.206729500942668E-14
0.5510241041979519 0.6576298068987853 0.6796041315315904 | -6.3797418829472146E-15 -1.9919999999999873 -8.434509364399238E-15
0.6064957023118935 0.6564391423043452 0.2724452668688536 | -3.231046631419372E-14 -1.9919999999999605 -6.65030851228661E-14
0.6086425008127141 0.6585859407865862 0.3413574991579198 | -1.4867043708243735E-14 -1.9920000000000593 -9.247396002996854E-15
0.6100076814420474 0.6599511214090753 0.3984853379060562 | -1.3147505274641496E-13 -1.991999999999891 -1.578025790718924E-13
0.6105914125903754 0.6605348525639979 0.4498091455025838 | -2.1054932956417218E-13 -1.9919999999998221 -2.3662943200983703E-13
0.6105914126016764 0.6605348525913803 0.5001908544679775 | -1.7129857940786618E-13 -1.9919999999998153 -2.2082708888360408E-13
0.6100076814726653 0.6599511214785182 0.551514662091852 | -9.206729500942676E-14 -1.9919999999998805 -1.175519280825483E-13
0.6086425008546004 0.658585940864711 0.6086425008546004 | -2.6719455606483432E-14 -1.9919999999999667 -2.6719455606483416E-14
0.60649570232653 0.6564391423297641 0.6775547331358714 | -5.159118753138402E-16 -1.9919999999999953 -8.025954969359811E-16
0.6742107283655796 0.6549725193203249 0.275789271625961 | 3.3758578374505136E-14 -1.9920000000000413 3.4711471143298592E-15
0.6775547331152232 0.6564391423211643 0.34350429766976354 | 2.2917782065760597E-14 -1.9920000000000337 -2.8499875288560326E-15
0.6796041315039799 0.6576298068866979 0.3989758958031322 | 1.4752633483073947E-14 -1.9920000000000215 -3.1876837011294987E-14
0.6801210908300209 0.6580070757698817 0.4498745564869579 | -2.159645035974029E-14 -1.991999999999975 -3.6521406933947387E-14
0.6801210908430577 0.6580070757759678 0.5001254435175305 | -2.3116559900090584E-14 -1.991999999999971 -2.226787157846816E-14
0.6796041315315904 0.6576298068987853 0.5510241041979519 | -8.434509364399245E-15 -1.9919999999999873 -6.379741882947203E-15
0.6775547331358714 0.6564391423297641 0.60649570232653 | -8.025954969359805E-16 -1.9919999999999953 -5.15911875313841E-16
0.6742107283720749 0.6549725193234588 0.6742107283720749 | -3.2825894631419566E-19 -1.9919999999999956 -3.282589463141754E-19
0.27390011050400787 0.6007849766164476 0.27390011050400787 | -4.526226209861634E-11 -1.9919999999503168 -4.5262262098617734E-11
0.2703958781351122 0.600967528534868 0.34231363613869303 | -7.419738676434937E-11 -1.9920000002064424 -1.585437561347466E-10
0.26827644458696526 0.6012353271295189 0.39870809470145385 | -1.9671864881201034E-10 -1.9919999998252507 6.155629343268954E-12
0.26767703182343167 0.6014794064179112 0.4498629087515 | 4.621641691550372E-11 -1.99200000024 9.070197422883587E-11
0.2676770276995196 0.6014794123798965 0.5001370800311861 | -1.713692707284316E-10 -1.9920000001555493 1.2457455674662354E-10
0.26827643335004797 0.6012353411430662 0.5512919015533034 | 5.478148192533538E-11 -1.992000000264207 5.4192347230446186E-12
0.27039586821087525 0.6009675442840495 0.6076863666988216 | 2.6827441051210637E-12 -1.9919999998664746 -8.247908296498599E-11
0.2739001051409279 0.6007849893510679 0.6760998950212823 | -5.955636228671793E-13 -1.9920000000075302 5.24114696632224E-12
0.34231363613869303 0.600967528534868 0.2703958781351122 | -1.5854375613474E-10 -1.9920000002064424 -7.419738676435256E-11
0.33999232498831583 0.6014580759906754 0.33999232498831583 | 1.2515371764005284E-10 -1.9920000012813177 1.2515371764006483E-10
0.338401208535975 0.6019287250142052 0.3980146884013073 | -2.0729354270104757E-10 -1.9919999995734445 4.7711452454306935E-11
0.3376700181931389 0.6023336660453726 0.4497840334719868 | 2.7114517270761528E-11 -1.991999999892235 -2.1700664714979116E-10
0.33767001599240076 0.6023336759405717 0.5002159429134474 | -1.5456804881456373E-12 -1.9920000001832951 -1.1132508926471206E-10
0.3384012028590005 0.6019287448368691 0.5519853058678958 | 2.285539916196709E-11 -1.9920000002973066 6.647529963676836E-11
0.3399923181404502 0.6014581027486975 0.610007681411466 | 9.041838469344813E-12 -1.9919999998596962 -9.906045064566796E-11
0.34231363317627483 0.6009675446690652 0.6796041321827639 | -7.779050515011736E-13 -1.9920000000098284 6.5678967839388155E-12
0.39870809470145385 0.6012353271295189 0.26827644458696526 | 6.155629343279823E-12 -1.9919999998252507 -1.9671864881201396E-10
0.3980146884013073 0.6019287250142052 0.338401208535975 | 4.7711452454296996E-11 -1.9919999995734445 -2.0729354270106287E-10
0.3974786465012293 0.6024647684382982 0.3974786465012294 | 6.41516954066629E-11 -1.9919999998344915 6.415169540666229E-11
0.3969840324502561 0.6029593776897028 0.44977893153213155 | -4.5751764790320516E-10 -1.99199999999097 -7.49151036189732E-10
0.3969840333899985 0.6029593871698747 0.5002210426106563 | 1.704049362278971E-10 -1.9920000002441285 1.8377998323658188E-10
0.39747864997240395 0.6024647863338326 0.5525213477949882 | -1.0140623514336258E-11 -1.992000000331999 1.7587145715265118E-10
0.39801469222803887 0.6019287481529089 0.6115987970637402 | 4.657766586665986E-11 -1.9919999998509075 -1.0195150506555856E-10
0.3987080973411624 0.6012353432996038 0.6817235674378507 | 1.2339924224842328E-12 -1.9920000000094733 6.306936930782655E-12
0.4498629087515 0.6014794064179112 0.26767703182343167 | 9.070197422886128E-11 -1.99200000024 4.621641691548852E-11
0.4497840334719868 0.6023336660453726 0.3376700181931389 | -2.1700664714975272E-10 -1.991999999892235 2.7114517270754326E-11
0.4497789315321316 0.6029593776897028 0.39698403245025604 | -7.491510361897487E-10 -1.99199999999097 -4.575176479031994E-10
0.4496907291408977 0.6035345465766839 0.4496907291408977 | -4.862494915062471E-10 -1.9920000001316829 -4.862494915062416E-10
0.4496907343840174 0.6035345606170885 0.5003092499145616 | 2.3704271386768754E-10 -1.992000000017251 3.4458327374898256E-10
0.4497789431716506 0.6029594041577426 0.5530159652678883 | 2.5266240841273694E-11 -1.9919999999585976 9.376591119042561E-11
0.4497840455979696 0.6023336932466418 0.6123299875481781 | 3.893477728753487E-11 -1.9919999999792672 -2.2133707865589807E-11
0.44986291422142266 0.6014794216890292 0.6823229740742551 | 9.967775632518574E-13 -1.9920000000055336 3.851358673538231E-12
0.5001370800311861 0.6014794123798965 0.2676770276995196 | 1.2457455674663233E-10 -1.9920000001555493 -1.7136927072844208E-10
0.5002159429134474 0.6023336759405717 0.33767001599240076 | -1.1132508926470185E-10 -1.9920000001832951 -1.5456804881551273E-12
0.5002210426106563 0.6029593871698747 0.3969840333899985 | 1.837799832365894E-10 -1.9920000002441285 1.7040493622790003E-10
0.5003092499145616 0.6035345606170885 0.4496907343840174 | 3.4458327374897925E-10 -1.992000000017251 2.370427138676873E-10
0.5003092558613 0.6035345704358303 0.5003092558613 | 2.40724169546441E-10 -1.992000000052855 2.407241695464401E-10
0.5002210553778139 0.6029594066967369 0.5530159666077856 | 2.4774273069317926E-11 -1.9919999999366684 -6.377123686364539E-11
0.5002159547801717 0.6023336935910704 0.6123299880710447 | 2.372910173233358E-11 -1.9920000000153435 1.4017281175986312E-11
0.5001370857262701 0.6014794214824808 0.6823229737907999 | 3.3891027597348725E-13 -1.9920000000018028 1.0816375218262199E-12
0.5512919015533033 0.6012353411430663 0.26827643335004797 | 5.419234723042654E-12 -1.992000000264207 5.478148192534353E-11
0.5519853058678958 0.6019287448368691 0.3384012028590005 | 6.647529963676929E-11 -1.9920000002973066 2.2855399161964732E-11
0.5525213477949882 0.6024647863338326 0.39747864997240395 | 1.7587145715265007E-10 -1.992000000331999 -1.0140623514336993E-11
0.5530159652678883 0.6029594041577426 0.4497789431716506 | 9.376591119042477E-11 -1.9919999999585976 2.5266240841273002E-11
0.5530159666077856 0.6029594066967369 0.5002210553778139 | -6.377123686364517E-11 -1.9919999999366684 2.4774273069318065E-11
0.5525213506499341 0.6024647914100988 0.5525213506499341 | 1.1522318174742095E-11 -1.9919999999893938 1.1522318174742072E-11
0.5519853081035107 0.6019287486745345 0.6115987981468476 | 7.403324531359998E-12 -1.99200000001067 6.623853503539805E-12
0.5512919026552042 0.6012353428074997 0.6817235667587472 | 3.229705152805831E-14 -1.9920000000001976 1.1381714217421324E-13
0.6076863666988216 0.6009675442840495 0.27039586821087525 | -8.247908296498582E-11 -1.9919999998664746 2.682744105120801E-12
0.610007681411466 0.6014581027486975 0.3399923181404502 | -9.9060450645668E-11 -1.9919999998596962 9.041838469344386E-12
0.6115987970637402 0.6019287481529089 0.3980146922280389 | -1.0195150506555837E-10 -1.9919999998509075 4.65776658666599E-11
0.6123299875481781 0.6023336932466418 0.4497840455979696 | -2.213370786558948E-11 -1.9919999999792672 3.893477728753483E-11
0.6123299880710447 0.6023336935910704 0.5002159547801717 | 1.4017281175986326E-11 -1.9920000000153435 2.3729101732333482E-11
0.6115987981468476 0.6019287486745345 0.5519853081035107 | 6.623853503539802E-12 -1.99200000001067 7.403324531359984E-12
0.6100076818050639 0.6014581025432705 0.6100076818050639 | 5.735803419769776E-13 -1.9920000000011608 5.7358034197698E-13
0.6076863668884771 0.6009675442107681 0.6796041315544863 | 5.685177242365403E-16 -1.991999999999987 2.7760275612776615E-15
0.6760998950212823 0.6007849893510679 0.2739001051409279 | 5.241146966322266E-12 -1.9920000000075302 -5.955636228671749E-13
0.6796041321827639 0.6009675446690651 0.34231363317627483 | 6.567896783938853E-12 -1.9920000000098284 -7.779050515011815E-13
0.6817235674378507 0.6012353432996038 0.39870809734116236 | 6.306936930782653E-12 -1.9920000000094733 1.2339924224842304E-12
0.6823229740742551 0.6014794216890292 0.44986291422142266 | 3.851358673538211E-12 -1.9920000000055336 9.967775632518554E-13
0.6823229737907999 0.6014794214824808 0.5001370857262701 | 1.0816375218262185E-12 -1.9920000000018028 3.3891027597348513E-13
0.6817235667587472 0.6012353428074997 0.5512919026552042 | 1.138171421742133E-13 -1.9920000000001976 3.22970515280573E-14
0.6796041315544862 0.6009675442107681 0.6076863668884771 | 2.776027561277695E-15 -1.991999999999987 5.685177242366036E-16
0.6760998948825577 0.6007849892449308 0.6760998948825577 | -5.741625523431375E-17 -1.9919999999999953 -5.741625523431409E-17
0.27354182791465337 0.550035705222242 0.27354182791465337 | -1.079050290204026E-8 -1.9919999554490069 -1.0790502902039325E-8
0.26987897300908564 0.5500684309110917 0.34193648254610826 | 6.641140175155849E-8 -1.9919999417631704 -3.899203257257117E-9
0.2676771250073304 0.5500798130493328 0.3984639687111047 | 2.6837144270710992E-8 -1.9919999301799585 8.287538853983915E-8
0.26702344429432806 0.5501183871462267 0.44982464692598756 | 8.909509017176507E-8 -1.991999928089748 -3.878698005541575E-8
0.26702339973083555 0.5501187047430173 0.5001751933971377 | -1.294477520236177E-8 -1.991999960591345 1.6780167697430315E-8
0.26767700875290185 0.5500805945540371 0.5515360357295528 | -2.3364632495003893E-9 -1.992000068194974 1.0182959736036384E-7
0.2698789107641854 0.5500688950408756 0.608063648648806 | 5.125307802396695E-10 -1.9919999938227824 -4.472439475722397E-9
0.273541720680123 0.5500358365437228 0.6764582788045501 | 2.3605454455278963E-13 -1.9920000000146136 -1.1935122547337141E-11
0.34193648254610826 0.5500684309110917 0.26987897300908564 | -3.899203257259092E-9 -1.9919999417631704 6.641140175156206E-8
0.3394087424696007 0.5501331024841235 0.3394087424696007 | 1.9076101298792776E-7 -1.9920000486697835 1.907610129879298E-7
0.3376702410845533 0.5501579636320898 0.39760967728171787 | 5.083548404164697E-8 -1.9919998469569833 4.615209668945714E-7
0.33681372424158806 0.5502354308117052 0.4497073370383276 | 9.491072891653364E-8 -1.9920003034074119 -2.5486111081938433E-8
0.3368135795782183 0.5502360337577104 0.5002925425902768 | -2.5994660098616158E-8 -1.9919999709009721 -5.219079687831646E-8
0.3376699630500038 0.5501595499304806 0.5523903818281178 | -6.4868352831012535E-9 -1.9920001000828533 1.0948190199575222E-7
0.33940857887788234 0.5501343361818284 0.6105914611244703 | 6.255521912788688E-10 -1.9919999916173692 -6.520064778679418E-9
0.34193636379484743 0.5500688822554454 0.6801210903829422 | 3.9465935692967824E-12 -1.9920000000142533 -1.969139760043418E-11
0.3984639687111047 0.5500798130493328 0.2676771250073304 | 8.287538853983377E-8 -1.9919999301799585 2.6837144270711608E-8
0.3976096772817178 0.5501579636320898 0.3376702410845533 | 4.615209668945702E-7 -1.9919998469569833 5.083548404164099E-8
0.39698392797376036 0.5501629117317955 0.39698392797376036 | 3.8648873524062706E-7 -1.9920001399571956 3.864887352406244E-7
0.39640878563967435 0.5502521567856972 0.44969047528079265 | -8.656370919371127E-8 -1.9920002071372678 -2.6752182167662428E-8
0.39640884653211994 0.5502528346696157 0.5003093917066177 | -7.529217045877325E-9 -1.9919998966137458 -4.198741330487637E-8
0.3969840276513743 0.5501646620852672 0.5530161103255381 | -1.7111429993847942E-8 -1.992000115206097 1.2796489567619682E-7
0.397609739413094 0.5501594481019169 0.6123300505995795 | -1.1210675662147668E-9 -1.9919999916582236 -6.390640707480812E-9
0.3984640187764932 0.5500805241157564 0.6823229726899902 | 1.8793500516447183E-12 -1.9920000000007863 -2.4001856845347838E-11
0.44982464692598756 0.5501183871462267 0.26702344429432806 | -3.878698005542098E-8 -1.991999928089748 8.909509017176359E-8
0.4497073370383276 0.5502354308117052 0.3368137242415881 | -2.548611108193907E-8 -1.9920003034074119 9.491072891652924E-8
0.4496904752807926 0.5502521567856972 0.39640878563967435 | -2.6752182167665935E-8 -1.9920002071372678 -8.656370919371188E-8
0.44958211191894826 0.5503613745371961 0.44958211191894826 | -4.721075103269111E-8 -1.9919999934414543 -4.7210751032687413E-8
0.4495822337847025 0.5503616312644516 0.5004181250449865 | 1.0543993537407577E-7 -1.991999861046992 2.2754946383099349E-7
0.44969079822710717 0.5502528703475139 0.553591281671277 | -7.437613797597788E-9 -1.9920000430056084 4.229739734903127E-8
0.4497075752515032 0.5502359215850497 0.6131864349117268 | -9.076146797757087E-10 -1.9919999949618437 -3.6889675873244344E-9
0.44982482140582664 0.5501186176146172 0.6829765277021188 | -1.5589436221201076E-12 -1.9920000000095515 -1.295514408624284E-11
0.5001751933971377 0.5501187047430173 0.26702339973083555 | 1.67801676974213E-8 -1.991999960591345 -1.2944775202348967E-8
0.5002925425902768 0.5502360337577104 0.3368135795782183 | -5.2190796878316675E-8 -1.9919999709009721 -2.5994660098617485E-8
0.5003093917066177 0.5502528346696157 0.39640884653211994 | -4.198741330487609E-8 -1.9919998966137458 -7.529217045877467E-9
0.5004181250449865 0.5503616312644516 0.4495822337847025 | 2.275494638309924E-7 -1.991999861046992 1.0543993537407442E-7
0.5004180758654471 0.5503615983077988 0.5004180758654471 | 5.8482152596471446E-8 -1.9920000921217196 5.848215259647128E-8
0.5003093352352365 0.5502528220045967 0.5535912349989695 | -3.778840632977356E-9 -1.9920000023263633 3.827678374720798E-9
0.5002924438428178 0.5502359025865873 0.6131864131108424 | -3.6281765775758885E-10 -1.9919999983334076 -1.140107827647344E-9
0.5001751790279136 0.550118618382923 0.6829765283603373 | -2.1522744201438983E-12 -1.9920000000035138 -5.22996772321664E-12
0.5515360357295528 0.5500805945540371 0.26767700875290196 | 1.0182959736036323E-7 -1.992000068194974 -2.3364632495002438E-9
0.5523903818281178 0.5501595499304806 0.3376699630500038 | 1.0948190199575177E-7 -1.9920001000828533 -6.486835283100985E-9
0.5530161103255381 0.5501646620852672 0.39698402765137425 | 1.279648956761962E-7 -1.992000115206097 -1.7111429993848137E-8
0.553591281671277 0.5502528703475139 0.44969079822710717 | 4.229739734903109E-8 -1.9920000430056084 -7.437613797597928E-9
0.5535912349989695 0.5502528220045967 0.5003093352352365 | 3.82767837472075E-9 -1.9920000023263633 -3.778840632977346E-9
0.5530160075897034 0.5501645506217573 0.5530160075897034 | -1.0315935295992245E-9 -1.9919999995893827 -1.0315935295992243E-9
0.5523902602963648 0.5501594056316209 0.6123300014673172 | -5.801189088803578E-11 -1.991999999780656 -1.397481849664401E-10
0.5515359813234291 0.5500805257636044 0.6823229739635248 | -5.051276837511153E-13 -1.9920000000024507 -3.740081004544073E-13
0.608063648648806 0.5500688950408757 0.2698789107641853 | -4.472439475722398E-9 -1.9919999938227824 5.125307802396635E-10
0.6105914611244703 0.5501343361818284 0.33940857887788234 | -6.520064778679412E-9 -1.9919999916173692 6.255521912788708E-10
0.6123300505995795 0.5501594481019169 0.3976097394130941 | -6.390640707480825E-9 -1.9919999916582236 -1.1210675662147658E-9
0.6131864349117268 0.5502359215850496 0.4497075752515032 | -3.688967587324453E-9 -1.9919999949618437 -9.076146797757143E-10
0.6131864131108424 0.5502359025865873 0.5002924438428178 | -1.140107827647335E-9 -1.9919999983334076 -3.628176577575869E-10
0.6123300014673172 0.5501594056316209 0.5523902602963648 | -1.397481849664385E-10 -1.991999999780656 -5.8011890888034876E-11
0.6105914146218522 0.5501342958519553 0.6105914146218522 | -3.315655035546025E-13 -1.99199999999909 -3.3156550355465303E-13
0.6080636358734312 0.5500688835323605 0.6801210910661748 | 1.510804409708133E-15 -1.9920000000002624 1.5338892330238876E-14
0.6764582788045501 0.5500358365437228 0.27354172068012306 | -1.1935122547337191E-11 -1.9920000000146136 2.3605454455278407E-13
0.6801210903829421 0.5500688822554454 0.34193636379484743 | -1.9691397600434306E-11 -1.9920000000142533 3.946593569296812E-12
0.6823229726899902 0.5500805241157564 0.3984640187764932 | -2.4001856845347874E-11 -1.9920000000007863 1.8793500516447724E-12
0.6829765277021188 0.5501186176146172 0.44982482140582664 | -1.2955144086242815E-11 -1.9920000000095515 -1.5589436221201322E-12
0.6829765283603373 0.550118618382923 0.5001751790279136 | -5.229967723216663E-12 -1.9920000000035138 -2.152274420143915E-12
0.6823229739635248 0.5500805257636044 0.5515359813234291 | -3.740081004544067E-13 -1.9920000000024507 -5.051276837511119E-13
0.6801210910661748 0.5500688835323605 0.6080636358734312 | 1.5338892330238826E-14 -1.9920000000002624 1.5108044097085565E-15
0.6764582790761919 0.550035837006498 0.6764582790761919 | -5.607326228882352E-16 -1.991999999999996 -5.607326228882318E-16
0.2735224694119506 0.49993239657957383 0.2735224694119506 | -4.6087412276374196E-6 -1.9919318748404333 -4.608741227637523E-6
0.26985961669442426 0.4998891283178802 0.3419339248501339 | -4.314323175278784E-6 -1.991928916232379 -6.425343722329729E-6
0.2676553441356781 0.4998913386472485 0.3984764854597258 | -1.6453703135232984E-5 -1.9918117750477913 -3.887291212916017E-5
0.26701969146499466 0.4997848280532811 0.44984384902128244 | -1.2974652471933383E-8 -1.9919914123517626 3.733277053292405E-5
0.26702257782219435 0.49977879284209276 0.5001841982768586 | 2.3621520060857695E-6 -1.9919452958743091 -2.0713420142500278E-5
0.26767700953713364 0.4998070425151331 0.5515369307147535 | -1.3893178337404742E-7 -1.9920016324700578 1.7382730057332827E-6
0.26987888762262685 0.4998179513671667 0.6080636069186997 | -1.5282140847072247E-9 -1.9919999998346938 5.954073357896227E-9
0.27354172136537536 0.4998510432750608 0.6764582784711359 | -6.969942559482109E-13 -1.9919999999997131 -8.882419426883403E-13
0.3419339248501339 0.4998891283178802 0.26985961669442426 | -6.425343722329491E-6 -1.991928916232379 -4.31432317527974E-6
0.3394022618598765 0.4998312462771991 0.3394022618598765 | -1.5222966739331968E-5 -1.9919547627359928 -1.5222966739332213E-5
0.3376629023211825 0.4998161928860025 0.3976223183488949 | -4.256880263035091E-5 -1.9917929481516679 -1.1819867767674908E-4
0.3368068700712709 0.4996772484150143 0.449732013107184 | 1.0312626474395142E-5 -1.992097789776106 -1.8271256436520413E-5
0.33680940142369165 0.4996669091058485 0.5003055732741842 | 2.3170906306446458E-6 -1.9919411022653553 -3.4464402163810785E-5
0.3376695861422796 0.49972913576568573 0.5523922624795312 | -2.030170490039698E-7 -1.9920024948151656 2.1852748222274872E-6
0.33940858705935617 0.4997524799128068 0.6105913447378106 | -2.3085875050675084E-9 -1.9920000031694014 9.088665767962331E-9
0.34193636484353307 0.49981799696344636 0.6801210890521051 | -5.341908050636747E-12 -1.9919999999831781 -4.1931490819417514E-12
0.39847648545972586 0.4998913386472485 0.2676553441356781 | -3.887291212915793E-5 -1.9918117750477913 -1.6453703135233018E-5
0.3976223183488949 0.4998161928860025 0.3376629023211825 | -1.1819867767675005E-4 -1.9917929481516679 -4.2568802630348974E-5
0.3969996531045951 0.4998116522110408 0.3969996531045951 | -1.5299724255503377E-4 -1.9917200884229629 -1.529972425550328E-4
0.39642008519450705 0.49965962645206946 0.4497175033338254 | -2.0153445710934223E-5 -1.9920395731807767 5.111329486320542E-6
0.3964124136247173 0.49965165371641374 0.5003235111522245 | 1.7734340163860179E-6 -1.99193417937472 -3.981692714938113E-5
0.39698403104780094 0.49972448887760085 0.5530184092083331 | 3.136206398064751E-7 -1.992002472179234 2.176504138354261E-6
0.39760975084702904 0.4997273562756448 0.6123299037585677 | 6.036725253262883E-10 -1.9920000033421625 1.6477101506304595E-8
0.3984640188877892 0.4998063548417743 0.6823229711388323 | -3.3149708762765914E-12 -1.9919999999912126 1.4225298029438588E-11
0.44984384902128244 0.4997848280532811 0.26701969146499466 | 3.7332770532925274E-5 -1.9919914123517626 -1.2974652472266267E-8
0.449732013107184 0.4996772484150143 0.33680687007127086 | -1.8271256436523615E-5 -1.992097789776106 1.0312626474395464E-5
0.4497175033338254 0.49965962645206946 0.39642008519450705 | 5.111329486320876E-6 -1.9920395731807767 -2.0153445710934088E-5
0.449599151930712 0.4995472194356373 0.449599151930712 | -5.119682680489875E-5 -1.9919257187852093 -5.119682680489812E-5
0.4495890982449765 0.49953617135631273 0.500426546275106 | -1.4536253773195468E-6 -1.9919787110269633 -1.7389389519224254E-5
0.44969134896836604 0.499635945630262 0.5535931923505307 | 2.7955794460901897E-7 -1.9920014951132337 1.13671250775445E-6
0.4497075571426946 0.49965092119667165 0.6131863376286235 | 3.728083249737341E-9 -1.9920000011084764 7.193850955759083E-9
0.4498248206725425 0.4997682614026576 0.6829765256543883 | -3.480098205679125E-12 -1.9919999999925815 7.219184443337373E-12
0.5001841982768586 0.49977879284209276 0.26702257782219435 | -2.07134201424993E-5 -1.9919452958743091 2.3621520060857652E-6
0.5003055732741842 0.4996669091058485 0.3368094014236917 | -3.446440216381052E-5 -1.9919411022653553 2.3170906306445687E-6
0.5003235111522244 0.49965165371641374 0.39641241362471735 | -3.981692714938073E-5 -1.99193417937472 1.773434016386169E-6
0.500426546275106 0.49953617135631273 0.44958909824497645 | -1.7389389519224166E-5 -1.9919787110269633 -1.4536253773194485E-6
0.5004210884204567 0.4995297177227404 0.5004210884204567 | -9.69084428537517E-7 -1.9919978054921248 -9.690844285375233E-7
0.5003098865983192 0.4996350819292133 0.5535921874491112 | 1.0181836573239685E-7 -1.9920003999881692 2.80890833812078E-7
0.5002924344064861 0.49965098342212527 0.6131863920021103 | 1.5922980297242218E-9 -1.9920000001685747 5.395852813887368E-9
0.5001751782288036 0.4997682611782973 0.6829765267822916 | -4.760107091069935E-13 -1.9920000000001254 2.5802967891515145E-12
0.5515369307147535 0.4998070425151331 0.26767700953713364 | 1.7382730057332844E-6 -1.9920016324700578 -1.3893178337404747E-7
0.5523922624795312 0.49972913576568573 0.3376695861422796 | 2.1852748222274813E-6 -1.9920024948151656 -2.0301704900397032E-7
0.5530184092083331 0.49972448887760085 0.39698403104780094 | 2.1765041383542586E-6 -1.992002472179234 3.136206398064743E-7
0.5535931923505307 0.499635945630262 0.44969134896836593 | 1.1367125077544523E-6 -1.9920014951132337 2.7955794460901886E-7
0.5535921874491111 0.4996350819292133 0.5003098865983192 | 2.8089083381208064E-7 -1.9920003999881692 1.0181836573239759E-7
0.5530161994669427 0.4997225778904749 0.5530161994669427 | 1.4571836870386662E-8 -1.9920000311368022 1.4571836870386726E-8
0.5523902652857758 0.4997274875967017 0.6123300107615116 | 2.546914298532035E-11 -1.9919999987556083 -1.2516297389700348E-10
0.5515359810345322 0.4998063543056872 0.6823229736046296 | 1.444793836625196E-12 -1.9920000000036122 2.769121727349753E-12
0.6080636069186997 0.4998179513671667 0.26987888762262685 | 5.95407335789625E-9 -1.9919999998346938 -1.5282140847072262E-9
0.6105913447378106 0.4997524799128068 0.33940858705935617 | 9.088665767962174E-9 -1.9920000031694014 -2.3085875050674394E-9
0.6123299037585678 0.4997273562756447 0.397609750847029 | 1.6477101506304437E-8 -1.9920000033421625 6.036725253262473E-10
0.6131863376286235 0.49965092119667176 0.4497075571426946 | 7.193850955759074E-9 -1.9920000011084764 3.728083249737351E-9
0.6131863920021103 0.49965098342212527 0.5002924344064861 | 5.395852813887371E-9 -1.9920000001685747 1.5922980297241922E-9
0.6123300107615116 0.4997274875967017 0.5523902652857757 | -1.251629738970118E-10 -1.9919999987556083 2.546914298532002E-11
0.6105914180982902 0.49975258651165394 0.6105914180982902 | -1.515294506155304E-11 -1.9919999999353637 -1.515294506155323E-11
0.6080636359025117 0.4998179965097135 0.680121091177621 | 7.244336861574205E-14 -1.9920000000009155 1.3036515121866684E-13
0.6764582784711358 0.4998510432750609 0.27354172136537536 | -8.882419426882238E-13 -1.9919999999997131 -6.969942559481943E-13
0.6801210890521051 0.49981799696344625 0.34193636484353307 | -4.193149081941847E-12 -1.9919999999831781 -5.341908050637001E-12
0.6823229711388323 0.4998063548417743 0.3984640188877892 | 1.4225298029438777E-11 -1.9919999999912126 -3.3149708762764746E-12
0.6829765256543883 0.4997682614026576 0.4498248206725425 | 7.219184443337309E-12 -1.9919999999925815 -3.480098205679194E-12
0.6829765267822916 0.4997682611782973 0.5001751782288036 | 2.580296789151464E-12 -1.9920000000001254 -4.76010709106954E-13
0.6823229736046296 0.4998063543056872 0.5515359810345322 | 2.7691217273497326E-12 -1.9920000000036122 1.4447938366252189E-12
0.680121091177621 0.4998179965097135 0.6080636359025117 | 1.3036515121866682E-13 -1.9920000000009155 7.244336861573898E-14
0.6764582791056486 0.4998510429920036 0.6764582791056486 | -1.1499234177735655E-15 -1.9920000000000153 -1.1499234177735096E-15
0.2735594258317722 0.45096104044991375 0.2735594258317721 | -0.007534886839545863 -1.9773283999040983 -0.007534886839545898
0.2700618430823061 0.4511350409294866 0.3420779262358314 | -0.006813445197733126 -1.9775854032023361 -0.003994856712843082
0.267911028213088 0.45075651676509004 0.39926615023692197 | -0.00802992404096204 -1.973909279842572 0.013561112394160888
0.2676276593505914 0.4490237077701814 0.45066770228596287 | -9.974329746299225E-4 -1.9962692484802516 0.01844215896270072
0.2676751382075386 0.44845676050502964 0.5001633540204767 | 1.4160751252871262E-5 -1.9917131269629211 -2.4453972580525894E-4
0.26827605018455436 0.448648997821687 0.5512902818332239 | 2.0779802385945063E-7 -1.991999611359142 -1.554230837584035E-6
0.2703958960416735 0.44891937599929393 0.6076863511557276 | 2.297197403227714E-9 -1.9920000041492865 -2.538303620205338E-9
0.27390010528710196 0.4491018904237572 0.6760998942936752 | -3.788962759394301E-12 -1.99199999999148 -6.921611593945233E-12
0.3420779262358314 0.4511350409294866 0.2700618430823061 | -0.0039948567128430985 -1.9775854032023361 -0.00681344519773314
0.3397163590252584 0.4508502649493852 0.3397163590252584 | -0.005242881078120138 -1.9824945528015305 -0.005242881078120285
0.3381435170266051 0.4503432088228797 0.3985342220731266 | -0.006777177927682368 -1.977200585900059 0.01474937229264366
0.3375986561108149 0.4482140817092064 0.45068497169591465 | -0.001905453866890442 -1.9989028473092114 0.020801449754773774
0.3376633748979669 0.4476220452055792 0.5002576692802411 | 3.269680876919293E-5 -1.991673672560713 -4.044872435281805E-4
0.33840138655137497 0.44795373946031625 0.5519825889921585 | -1.5003458032949118E-7 -1.9919980260843546 -2.705784207510823E-6
0.339992339729041 0.4484288407859175 0.6100076321747565 | 3.2864563872056214E-9 -1.9920000130326805 -3.1406874700405454E-9
0.3423136332980417 0.4489193354448194 0.67960413067532 | -1.3551166969682232E-12 -1.9919999999546345 -1.8806346084067307E-11
0.39926615023692197 0.45075651676509004 0.26791102821308804 | 0.013561112394160892 -1.973909279842572 -0.00802992404096192
0.3985342220731266 0.45034320882287965 0.3381435170266051 | 0.014749372292643718 -1.977200585900059 -0.006777177927682407
0.398062875262748 0.4497427715207022 0.3980628752627479 | 0.01426168372846329 -1.9771996081848853 0.014261683728463107
0.39708037527696016 0.447610233981678 0.45074963630962817 | 0.0017873736500528916 -1.9989972820598354 0.021892380637679103
0.39699686533614853 0.4469998380092934 0.5002625467312697 | -3.0382284159655046E-5 -1.9916963462319246 -3.8506012514708996E-4
0.3974783495302395 0.44741689206753227 0.552517997939515 | -3.8215280898988636E-8 -1.9919989210368565 -6.592261884310361E-7
0.39801468170086496 0.4479582025762147 0.6115987367641184 | -1.916164146694973E-10 -1.9920000100947806 -1.137302058758489E-8
0.3987080975457758 0.44865153695332466 0.681723565492466 | 2.979011946790376E-12 -1.9919999999744147 -2.5194484053534705E-11
0.45066770228596276 0.4490237077701814 0.2676276593505914 | 0.01844215896270077 -1.9962692484802513 -9.974329746299264E-4
0.45068497169591476 0.4482140817092064 0.3375986561108149 | 0.020801449754773514 -1.9989028473092114 -0.0019054538668904293
0.45074963630962817 0.447610233981678 0.39708037527696016 | 0.021892380637679083 -1.9989972820598352 0.0017873736500528597
0.44994498576333847 0.44654358926596366 0.4499449857633385 | 0.0035217510491595536 -1.9985393880103568 0.003521751049159561
0.4497158122310872 0.44639655470261574 0.5003427006244937 | -4.1822702577150274E-5 -1.9918320140481158 -2.245183313406291E-4
0.4497785079038345 0.44692518412767923 0.5530151920072143 | 3.98080735969744E-7 -1.9919983334618878 -2.575960071149529E-6
0.4497840058142704 0.4475532163192802 0.6123299200479393 | 5.519518045243416E-10 -1.992000003706203 -2.4362180939332277E-9
0.4498629141928124 0.44840745833822154 0.6823229715756322 | -1.7072737181142372E-12 -1.9919999999871543 -9.672267355061828E-12
0.5001633540204767 0.4484567605050297 0.2676751382075386 | -2.445397258052594E-4 -1.9917131269629211 1.4160751252871484E-5
0.5002576692802411 0.4476220452055792 0.3376633748979669 | -4.0448724352817726E-4 -1.991673672560713 3.269680876919292E-5
0.5002625467312697 0.4469998380092934 0.39699686533614853 | -3.850601251470887E-4 -1.9916963462319246 -3.038228415965522E-5
0.5003427006244937 0.44639655470261563 0.44971581223108725 | -2.2451833134062946E-4 -1.9918320140481158 -4.182270257714999E-5
0.5003227432209585 0.4463656045468472 0.5003227432209585 | -2.4062990522152487E-5 -1.9919592021136947 -2.40629905221525E-5
0.5002215678312563 0.4469274012681295 0.5530169176305358 | -4.300199681586214E-7 -1.9920010469135765 7.84182327692406E-8
0.50021592854902 0.4475531876945276 0.6123299627980071 | -1.9140552963372944E-9 -1.991999995110936 -6.187571579610262E-9
0.5001370851897008 0.44840745837090007 0.6823229717361047 | 3.0839768299159745E-12 -1.9920000000059646 -5.494590739016197E-12
0.5512902818332239 0.448648997821687 0.26827605018455436 | -1.5542308375840273E-6 -1.991999611359142 2.0779802385945137E-7
0.5519825889921585 0.44795373946031625 0.33840138655137497 | -2.705784207510863E-6 -1.9919980260843546 -1.5003458032947866E-7
0.552517997939515 0.44741689206753227 0.3974783495302395 | -6.592261884310448E-7 -1.9919989210368565 -3.8215280898987485E-8
0.5530151920072143 0.4469251841276793 0.4497785079038345 | -2.575960071149556E-6 -1.9919983334618878 3.980807359697383E-7
0.5530169176305358 0.44692740126812963 0.5002215678312563 | 7.84182327692475E-8 -1.9920010469135765 -4.3001996815862235E-7
0.5525218160013512 0.44742221944203525 0.5525218160013513 | 6.507646544314412E-8 -1.992000161678667 6.507646544314428E-8
0.5519853124237168 0.4479581323318362 0.611598814106559 | -1.0922956416426226E-9 -1.9919999966118704 -2.4985086347785403E-9
0.5512919022627233 0.44865153714228223 0.681723566195558 | 7.967775204233861E-13 -1.992000000012946 2.215602442145436E-12
0.6076863511557276 0.44891937599929405 0.27039589604167347 | -2.5383036202053176E-9 -1.9920000041492865 2.2971974032277376E-9
0.6100076321747564 0.4484288407859174 0.33999233972904097 | -3.140687470040827E-9 -1.9920000130326805 3.2864563872055966E-9
0.6115987367641184 0.4479582025762147 0.39801468170086496 | -1.1373020587585057E-8 -1.9920000100947806 -1.9161641466951703E-10
0.6123299200479393 0.4475532163192802 0.4497840058142704 | -2.436218093933203E-9 -1.992000003706203 5.519518045244423E-10
0.6123299627980071 0.4475531876945276 0.50021592854902 | -6.187571579610252E-9 -1.991999995110936 -1.9140552963373043E-9
0.611598814106559 0.4479581323318362 0.5519853124237168 | -2.4985086347785444E-9 -1.9919999966118704 -1.0922956416426062E-9
0.6100076895159731 0.44842877656344043 0.6100076895159731 | 4.6377290669975595E-11 -1.9919999996525581 4.637729066997484E-11
0.607686366902463 0.44891933582464955 0.6796041317760525 | -1.6468658678055388E-13 -1.9920000000039049 1.346929403912009E-12
0.6760998942936752 0.4491018904237572 0.27390010528710196 | -6.92161159394529E-12 -1.99199999999148 -3.788962759394382E-12
0.67960413067532 0.4489193354448194 0.3423136332980417 | -1.8806346084067246E-11 -1.9919999999546345 -1.3551166969681356E-12
0.681723565492466 0.44865153695332466 0.3987080975457758 | -2.5194484053534634E-11 -1.9919999999744147 2.979011946790436E-12
0.6823229715756322 0.44840745833822154 0.4498629141928124 | -9.672267355061488E-12 -1.9919999999871543 -1.7072737181144488E-12
0.6823229717361046 0.44840745837090007 0.5001370851897008 | -5.494590739016183E-12 -1.9920000000059646 3.0839768299159543E-12
0.681723566195558 0.44865153714228223 0.5512919022627233 | 2.2156024421454323E-12 -1.992000000012946 7.967775204233385E-13
0.6796041317760525 0.44891933582464955 0.607686366902463 | 1.3469294039120104E-12 -1.9920000000039049 -1.646865867805636E-13
0.6760998949399102 0.4491018907536401 0.6760998949399102 | -3.287687793947422E-15 -1.9920000000000826 -3.28768779394719E-15
0.2741803075081646 0.40335120201530666 0.2741803075081646 | -0.06376964036789087 0.9249957601288137 -0.06376964036789087
0.27073171005949004 0.40225397427766013 0.3429476150322344 | -0.0628296118142408 0.9322611971638455 -0.027860680275362565
0.26860310950862976 0.3928502129358441 0.4012478132289749 | -0.008342845515491738 -1.8969652640077872 0.003462623755887918
0.2694925744361836 0.3912766185057937 0.4525310275453314 | 3.79326904718998E-4 -2.0287396815460803 0.008982933871596993
0.269821537599142 0.3918113686233084 0.5000921992251965 | -9.758843750370468E-5 -1.9923163311531609 4.041046654539886E-4
0.2703975055960812 0.39225880217505144 0.5510242626262141 | -2.495639378518474E-7 -1.9919981993603333 7.449048448474898E-7
0.2724452829378684 0.3934477112940922 0.6064957017214281 | -6.593619852467055E-10 -1.992000000895069 3.835961026153034E-9
0.2757892712875376 0.3949143612237125 0.67421072816391 | -5.110518860824804E-12 -1.9919999999984763 9.418597307389345E-13
0.3429476150322344 0.40225397427766013 0.2707317100594901 | -0.027860680275362558 0.9322611971638455 -0.0628296118142408
0.34070665214702867 0.4046554665446939 0.3407066521470286 | -0.03057050657679937 0.9409299522522713 -0.030570506576799363
0.33938103134041153 0.3912655713033635 0.40123771668003955 | -0.004898491903243902 -1.8722632056535715 -6.191277695530798E-4
0.33905010398607655 0.3884650643643355 0.45318206621164253 | -7.361843103649806E-4 -2.049834678602219 0.006425764755941156
0.33940074489748706 0.38926499363454903 0.5001327471303949 | -9.62321284265001E-5 -1.9924815763396504 6.25533628382073E-4
0.33999337136815544 0.38993916398552075 0.5515130675456431 | -1.9949731596085793E-6 -1.9919957596837385 1.4204741485185608E-6
0.3413575091934404 0.39130088004330943 0.6086425378384114 | 1.5246033210280418E-9 -1.9920000051737958 1.7156658521094116E-8
0.343504297326413 0.3934477387567153 0.6775547332316086 | -6.399554728464647E-12 -1.9919999999812787 1.9303868037401305E-11
0.40124781322897485 0.3928502129358441 0.26860310950862976 | 0.0034626237558880845 -1.8969652640077874 -0.008342845515491724
0.40123771668003955 0.3912655713033635 0.3393810313404116 | -6.191277695530642E-4 -1.8722632056535713 -0.004898491903243969
0.40083725728196967 0.3891930062914016 0.40083725728196967 | 0.006580422100499011 -1.887492236118043 0.0065804221004988495
0.3983784738322981 0.38674519495951726 0.4529919381270962 | 7.126095311543106E-4 -2.0437471005092394 0.004151685664266875
0.3976495425259583 0.38753452356048684 0.5001454174822396 | 2.7807379091419145E-5 -1.992862876376151 9.009595437778313E-4
0.398013343194238 0.38834814667615886 0.5519825093457741 | -1.0930620998238459E-6 -1.9919966852696787 2.116553350603295E-6
0.3984853435844183 0.38993569338348805 0.6100077161906662 | 2.2790316757217774E-9 -1.9920000092219112 -1.3591750124595884E-9
0.3989758961468509 0.392257074329839 0.6796041313858296 | -6.251883056521297E-13 -1.9919999999747329 1.2788835045151962E-11
0.4525310275453315 0.3912766185057937 0.2694925744361836 | 0.008982933871597142 -2.0287396815460808 3.793269047190079E-4
0.4531820662116425 0.3884650643643355 0.33905010398607655 | 0.006425764755941336 -2.0498346786022186 -7.361843103650114E-4
0.4529919381270962 0.38674519495951726 0.3983784738322981 | 0.004151685664267067 -2.0437471005092394 7.126095311543113E-4
0.4507721241796444 0.38619718851638063 0.45077212417964446 | 6.813406654345821E-5 -2.026643653458687 6.813406654346125E-5
0.4497668639207906 0.3867410066078403 0.5003205432713101 | 2.949615727767533E-4 -1.9915019812238202 5.224673905886521E-4
0.4497816499723412 0.38761477750274537 0.5523881814339952 | -1.3030204108616949E-6 -1.9920013578769475 3.95975767493027E-6
0.4498091357904405 0.38935198130178206 0.6105913795478349 | -5.2092937867539E-9 -1.9919999923091802 1.369187603208552E-8
0.4498745570869678 0.39187980521200344 0.6801210900633299 | -7.862897817854438E-12 -1.9920000000124753 1.3864518662092916E-11
0.5000921992251965 0.3918113686233085 0.269821537599142 | 4.0410466545398924E-4 -1.9923163311531609 -9.758843750370215E-5
0.5001327471303949 0.38926499363454903 0.33940074489748706 | 6.255336283820703E-4 -1.9924815763396504 -9.623212842650013E-5
0.5001454174822396 0.38753452356048684 0.39764954252595824 | 9.009595437778302E-4 -1.992862876376151 2.7807379091415604E-5
0.5003205432713101 0.3867410066078404 0.4497668639207906 | 5.224673905886488E-4 -1.9915019812238202 2.9496157277675305E-4
0.5003268881345062 0.386762343358385 0.5003268881345062 | 5.756990959826714E-5 -1.9917062688344807 5.75699095982669E-5
0.5002159053410821 0.3876133689287355 0.5523905348110101 | 1.5232423866321982E-6 -1.9920027405873588 3.154720741365088E-6
0.5001908163642842 0.38935200423205324 0.6105913604945674 | 3.327514036147403E-9 -1.9919999882383517 2.132317990688656E-8
0.5001254435537339 0.3918798046020413 0.6801210896484258 | -2.201570673596822E-12 -1.992000000037079 2.5689172829044642E-11
0.5510242626262141 0.39225880217505144 0.2703975055960812 | 7.449048448474903E-7 -1.9919981993603333 -2.4956393785184627E-7
0.5515130675456431 0.38993916398552064 0.33999337136815544 | 1.4204741485185375E-6 -1.9919957596837385 -1.994973159608579E-6
0.5519825093457741 0.38834814667615886 0.398013343194238 | 2.1165533506032896E-6 -1.9919966852696787 -1.0930620998238283E-6
0.5523881814339953 0.38761477750274537 0.4497816499723412 | 3.959757674930288E-6 -1.9920013578769475 -1.3030204108616936E-6
0.5523905348110101 0.3876133689287355 0.5002159053410821 | 3.1547207413650807E-6 -1.9920027405873588 1.52324238663219E-6
0.5519859818667151 0.3883445782223818 0.5519859818667151 | 8.457093243687163E-8 -1.9920013983399394 8.4570932436873E-8
0.5515146540209764 0.3899357495908166 0.6100076798711619 | 4.1024535376335265E-9 -1.9919999873475973 3.767648618648665E-9
0.5510241037132908 0.3922570730744618 0.6796041307299974 | -9.511473610731907E-13 -1.9920000000452236 8.99162637674322E-12
0.6064957017214281 0.3934477112940922 0.27244528293786824 | 3.8359610261530385E-9 -1.992000000895069 -6.593619852466931E-10
0.6086425378384114 0.39130088004330954 0.3413575091934403 | 1.7156658521094004E-8 -1.9920000051737958 1.5246033210278118E-9
0.6100077161906662 0.389935693383488 0.3984853435844183 | -1.359175012459416E-9 -1.9920000092219112 2.27903167572169E-9
0.6105913795478349 0.38935198130178206 0.4498091357904405 | 1.3691876032085644E-8 -1.9919999923091802 -5.209293786753927E-9
0.6105913604945674 0.38935200423205324 0.5001908163642842 | 2.132317990688656E-8 -1.9919999882383517 3.327514036147483E-9
0.6100076798711619 0.3899357495908166 0.5515146540209763 | 3.767648618648706E-9 -1.9919999873475973 4.102453537633533E-9
0.6086425116588171 0.3913009388339138 0.6086425116588171 | 1.5950276529788607E-10 -1.991999996745044 1.595027652978826E-10
0.6064957021504851 0.3934477376367195 0.6775547331383794 | -9.845484404173735E-13 -1.9920000000193767 8.794173581807183E-13
0.67421072816391 0.3949143612237125 0.2757892712875376 | 9.418597307390034E-13 -1.9919999999984763 -5.110518860824725E-12
0.6775547332316086 0.3934477387567153 0.343504297326413 | 1.930386803740117E-11 -1.9919999999812787 -6.399554728464081E-12
0.6796041313858295 0.392257074329839 0.3989758961468509 | 1.2788835045152234E-11 -1.9919999999747329 -6.251883056518173E-13
0.68012109006333 0.39187980521200344 0.4498745570869678 | 1.3864518662092996E-11 -1.9920000000124753 -7.862897817854246E-12
0.6801210896484258 0.3918798046020413 0.5001254435537339 | 2.568917282904465E-11 -1.992000000037079 -2.20157067359705E-12
0.6796041307299974 0.3922570730744618 0.5510241037132908 | 8.991626376743324E-12 -1.9920000000452236 -9.511473610732541E-13
0.6775547331383794 0.3934477376367195 0.6064957021504851 | 8.794173581806943E-13 -1.9920000000193767 -9.845484404173358E-13
0.674210728449918 0.39491436068317576 0.674210728449918 | -7.865252822828661E-15 -1.992000000001048 -7.865252822827393E-15
0.2759297579084104 0.4187439721899592 0.27592975790841046 | -0.06807121090589445 0.3509336543619756 -0.06807121090589438
0.272171268388402 0.4176290886037939 0.34340276624814703 | -0.06211076107481757 0.3438992883698007 -0.030205766369276826
0.2707079214676441 0.4196919415629581 0.40084471861788856 | -0.03992079339401201 0.28956988807121037 0.006052275638989163
0.27414350673543314 0.3224343323507959 0.4470921718599989 | 0.002645534601856123 -1.9995549082183233 -0.02976663404770536
0.2735978671781218 0.3234810651687608 0.5000781059350923 | 5.2059583611064055E-5 -1.9920020147605348 -2.4236849085774786E-4
0.27389927402831693 0.32384276472168183 0.5508428426131587 | 2.8991365936136497E-7 -1.992000335384887 -4.6556573213936327E-7
0.2757892456653905 0.3257327523756261 0.605029086632028 | 6.137322564492298E-10 -1.992000000353061 -2.0213505539825016E-9
0.2793917841278036 0.3293352234155479 0.6706082161287998 | -6.327101041013226E-14 -1.992000000000837 -1.7003848697104044E-12
0.343402766248147 0.4176290886037939 0.272171268388402 | -0.030205766369276826 0.3438992883698005 -0.06211076107481768
0.34141256847244106 0.4175173876756677 0.34141256847244106 | -0.035022622140732526 0.387182842941105 -0.035022622140732436
0.34067878227424897 0.4197907202616499 0.4013092840533449 | -0.005756221059032169 0.3511373126417788 0.022831977117193432
0.34242817690790944 0.31869357539085685 0.4460124787478992 | 0.0028912132732480693 -1.999753099618956 -0.032016954138910085
0.341949803940365 0.3198272438020043 0.5001362755536414 | 1.7922872928700063E-5 -1.9920309323713048 -3.5672689036671625E-4
0.34231318855694415 0.32033788964916704 0.551027133744417 | 6.618524227126691E-7 -1.9920005853717417 -2.871268845788892E-7
0.3435042793683164 0.3223887988823822 0.6064956773516149 | 2.4801600614866223E-9 -1.992000001061113 -4.792129367274717E-9
0.3449709209626187 0.3257327103646385 0.6742107279561856 | -9.077955383327266E-13 -1.9920000000039813 -3.429480549352842E-12
0.4008447186178885 0.4196919415629581 0.2707079214676441 | 0.006052275638989095 0.2895698880712103 -0.03992079339401209
0.40130928405334493 0.41979072026164965 0.34067878227424897 | 0.022831977117193494 0.35113731264177905 -0.005756221059032184
0.40116801984272865 0.42047975027281326 0.40116801984272865 | 0.03955136887077752 0.2736704416060804 0.039551368870777454
0.39736619662915285 0.31662469972198704 0.4464824057135178 | -0.005335433079232636 -1.9990144094945994 -0.025448066132446483
0.39843445734014266 0.31762813264020123 0.5001566758380998 | -5.257704308291026E-5 -1.9919196403757118 -3.4469940339901863E-4
0.3987089052480922 0.3182185556078821 0.5512945573885593 | 6.743181412655726E-7 -1.99200185480961 -1.7022821721921445E-6
0.39897590157062346 0.32033940979954695 0.6076863475903128 | 3.2199302868800074E-9 -1.9919999986214956 -1.4484741692099796E-8
0.3991584504424904 0.3238435437823134 0.6760998943936952 | 3.441851906257039E-12 -1.9920000000041924 -6.394786800384028E-12
0.4470921718599989 0.322434332350796 0.27414350673543314 | -0.029766634047705378 -1.9995549082183233 0.0026455346018561857
0.4460124787478992 0.31869357539085685 0.34242817690790944 | -0.032016954138910335 -1.999753099618956 0.0028912132732480857
0.4464824057135178 0.31662469972198704 0.39736619662915296 | -0.025448066132446472 -1.9990144094945994 -0.005335433079232728
0.4487355246954279 0.31664361009166925 0.44873552469542777 | -0.003640443068572244 -1.9981729969749547 -0.00364044306857224
0.4497725085080112 0.3169753615735448 0.5001369312965414 | -1.366333304368494E-4 -1.9918005332798936 -9.818549126579478E-5
0.44986406600283557 0.31761923675508336 0.5515375273095332 | -4.944331587364897E-7 -1.9920018834344784 -3.811903530069025E-6
0.4498745785927393 0.31982241729612443 0.6080636550925005 | -1.7394557076320415E-9 -1.9920000029537643 -2.0820060346537672E-8
0.4499076025253437 0.3234851602333061 0.6764582790487985 | 5.8559976530423795E-12 -1.992000000002711 -4.916780232318704E-12
0.5000781059350923 0.3234810651687608 0.27359786717812173 | -2.423684908577489E-4 -1.9920020147605348 5.205958361106393E-5
0.5001362755536414 0.3198272438020042 0.34194980394036506 | -3.5672689036671696E-4 -1.9920309323713048 1.792287292869961E-5
0.5001566758380999 0.31762813264020123 0.39843445734014266 | -3.446994033990184E-4 -1.9919196403757118 -5.257704308290785E-5
0.5001369312965414 0.31697536157354506 0.4497725085080112 | -9.818549126579769E-5 -1.9918005332798936 -1.3663333043684875E-4
0.5001444050590879 0.3169678778810647 0.5001444050590879 | -1.765661425779955E-5 -1.9919170799426953 -1.7656614257799798E-5
0.5001369432159197 0.3176198953212903 0.5515357706492531 | -6.324407249583869E-7 -1.9920017541980457 -1.6512289745001747E-6
0.500125473789753 0.3198223676149686 0.6080636749255308 | -3.1945792484072316E-9 -1.9919999962841506 -1.5785005191304453E-8
0.500092396943783 0.32348516088500207 0.6764582796283091 | 6.552310096001182E-13 -1.992000000021533 -1.7199846038581766E-11
0.5508428426131586 0.32384276472168183 0.27389927402831693 | -4.655657321393655E-7 -1.992000335384887 2.899136593613663E-7
0.551027133744417 0.32033788964916704 0.3423131885569441 | -2.871268845788965E-7 -1.9920005853717417 6.618524227126658E-7
0.5512945573885593 0.3182185556078821 0.3987089052480922 | -1.7022821721921603E-6 -1.99200185480961 6.743181412655784E-7
0.5515375273095332 0.31761923675508325 0.44986406600283557 | -3.8119035300690033E-6 -1.9920018834344784 -4.944331587364808E-7
0.5515357706492531 0.3176198953212903 0.5001369432159197 | -1.6512289745001825E-6 -1.9920017541980457 -6.324407249584079E-7
0.5512913859067073 0.31821980910582076 0.5512913859067073 | -8.224645364862534E-8 -1.9920005946904162 -8.224645364862401E-8
0.5510241127555856 0.32033930776751407 0.6076863756299709 | -2.1810555158642498E-9 -1.9919999909298645 -3.173001259594138E-10
0.5508415495773475 0.32384354512155783 0.6760998956179618 | -2.6342215876253423E-12 -1.9920000000357379 -1.2260962504552944E-11
0.605029086632028 0.3257327523756261 0.2757892456653905 | -2.0213505539824933E-9 -1.992000000353061 6.137322564492543E-10
0.6064956773516149 0.3223887988823822 0.3435042793683164 | -4.792129367274724E-9 -1.992000001061113 2.480160061486577E-9
0.6076863475903128 0.32033940979954695 0.39897590157062346 | -1.44847416920999E-8 -1.9919999986214956 3.219930286879952E-9
0.6080636550925005 0.3198224172961245 0.4498745785927393 | -2.082006034653752E-8 -1.9920000029537643 -1.739455707632068E-9
0.6080636749255308 0.3198223676149685 0.500125473789753 | -1.5785005191304555E-8 -1.9919999962841506 -3.1945792484071377E-9
0.6076863756299709 0.32033930776751407 0.5510241127555856 | -3.173001259594499E-10 -1.9919999909298645 -2.181055515864228E-9
0.6064956958086398 0.32238870657535695 0.6064956958086398 | -8.201699434082667E-11 -1.9919999980837224 -8.201699434083098E-11
0.6050290794986408 0.32573271160211204 0.674210728565852 | 1.0384959095976625E-12 -1.992000000016786 -2.301016303775343E-12
0.6706082161287998 0.3293352234155479 0.2793917841278036 | -1.700384869710403E-12 -1.992000000000837 -6.327101041009953E-14
0.6742107279561856 0.3257327103646385 0.3449709209626187 | -3.429480549352837E-12 -1.9920000000039813 -9.077955383324473E-13
0.6760998943936952 0.3238435437823134 0.3991584504424904 | -6.394786800384003E-12 -1.9920000000041924 3.4418519062572164E-12
0.6764582790487985 0.3234851602333061 0.4499076025253437 | -4.9167802323186446E-12 -1.992000000002711 5.855997653042403E-12
0.6764582796283091 0.32348516088500207 0.500092396943783 | -1.7199846038581866E-11 -1.992000000021533 6.552310095999712E-13
0.6760998956179618 0.32384354512155783 0.5508415495773475 | -1.2260962504552988E-11 -1.9920000000357379 -2.6342215876255583E-12
0.674210728565852 0.32573271160211204 0.6050290794986408 | -2.301016303775332E-12 -1.992000000016786 1.0384959095976352E-12
0.6706082160557923 0.32933522389471065 0.6706082160557923 | 1.2608275630800535E-14 -1.9920000000010745 1.2608275630803045E-14
