512
0.28151147779358277 0.4000030197381564 0.28150180648858686 | -0.0019601736819879058 0.005182610171881105 -0.001959799739028969
0.2248782501352054 0.024995886077085007 0.40001574629261355 | -0.0025354349116118113 -0.012297907630003485 0.008271859393572523
0.2591136244002619 0.06501925368814286 0.4000001571703201 | -0.002445643500874374 0.005044589130094886 0.002148297316325753
0.05203319878597038 3.5093474967694375E-6 0.4035770244896234 | -0.004051086260137368 0.003081012554556458 -0.005644150754551422
0.21422478879121556 7.640005716893009E-5 0.46994119306583054 | -0.0034521063327944343 0.00378018584879188 0.004713443728747026
0.29275532873996846 4.938892564570776E-6 0.6020573221287536 | -0.009164171420661815 5.686192153461391E-4 4.39245199756259E-4
0.3689880861456205 7.211709696990732E-7 0.6492311696086625 | -0.00522075978723642 8.0251686152662E-4 0.007454284598931417
0.2790853238797243 5.24599534159657E-6 0.7184093516613584 | -4.069748436395688E-4 0.004878505672123137 0.004534835102133198
0.40000658300692477 0.015629283690281073 0.22255963719558491 | 0.009686375531123196 -0.01121762919163025 -0.0025292768417303135
0.3439022857921188 0.4000093623358199 0.3438965147977949 | 0.004728965299237504 0.003284784894764526 0.004732939681685695
0.4076804313954942 2.6845397971607767E-6 0.407555191662672 | 9.040876441301911E-4 0.005800134196119771 1.1107556203888223E-4
0.1435993535408292 3.332245569040056E-6 0.4734588371500837 | -0.002580748897872396 0.005214460593103789 4.627709795901656E-4
0.26381738965795876 0.010637931223300692 0.4614652092444808 | -0.033594772438361245 -0.02928860320469829 -0.05214498551241399
0.22305893583131953 0.03575479555502399 0.5306720765738179 | -0.013216626454625832 -0.6454655174079034 0.015340562847956804
0.28557490572458005 0.034114211441736715 0.6833424588506731 | -0.007156937815856263 -0.38804320489832206 0.02963567807622325
0.281432667223948 0.0073940917687879875 0.7258325310298851 | -0.0052196217050231005 -0.7415112078276459 -9.497008893177868E-6
0.4000004492860806 0.0650601427776213 0.25912792652188527 | 0.002074503738140359 0.005432061338920089 -3.767131787465054E-4
0.40001882993917987 0.0015156919527157353 0.3515503920857312 | 0.003922896564217781 -0.0023759343121227735 -0.009703007306768017
0.40783562916511606 9.51402399441382E-5 0.4073426232136937 | 6.98204041355785E-4 0.005807717762199675 4.0240311976251215E-4
0.3661349832858004 0.025142624099800365 0.4852827690770241 | 0.051391319888191594 0.17871912416487423 -0.1311881810049744
0.37038996828800774 4.013251205703161E-8 0.4830552035107278 | 7.854629844186379E-4 0.004530119334322498 0.004331792586275374
0.34816776136982697 1.7016371482351215E-6 0.5760540938281837 | -0.002675892432587189 0.0021386641472576537 -0.007507560082084708
0.3648851720580103 4.496253878494351E-6 0.6570449096679918 | -0.006510995726590649 0.0034326080937557377 -7.209408580174209E-5
0.3633490424161265 0.021988587217187397 0.6574521321160308 | -0.014259366182443502 -0.11828825619463028 -0.043334789851865604
0.40352740394550407 9.505578902473794E-6 0.05064901684198431 | -0.005744888355234986 0.00309759068288959 -0.003870234865727135
0.47510347830352034 1.0975581832711407E-5 0.14845445135782803 | 0.0024461933884763 0.004587265455971309 -0.003684756403068811
0.48558734719554647 1.6241148105127384E-5 0.3689855043644518 | 2.0898875275601837E-5 -5.581599526472934E-4 2.679793014401291E-4
0.42482573485209985 4.519285629128668E-7 0.42471999811892686 | -0.003923437605110975 0.004322929070252119 -0.0047426721170453845
0.4641389345674318 7.902157791724057E-6 0.4634559793861599 | 1.0297967438050927E-4 0.006010298780164647 -4.797574782007815E-4
0.4397498463796637 5.451590566502692E-5 0.6408517649040815 | -6.111598746478354E-4 0.005522290980410945 -1.6947016244320402E-5
0.43802728697115306 3.839296965182698E-6 0.6386981880561136 | 0.0031547109097673966 0.0046667868107690405 0.002992636120791448
0.486456015737232 0.05701385987833518 0.6919724918476382 | 0.0782734247992297 -0.38902688957643783 0.008447322544165895
0.47056625145456243 1.359981554853883E-4 0.21420925811224611 | 0.004473488102070332 0.004513817914796889 -0.002584226608428713
0.46350478087539393 0.010262117354291207 0.26247137051710223 | -0.04862532374642896 0.20911523739560803 -0.041764916632916614
0.4855979884462164 1.0797109322200657E-5 0.36897964617655954 | -3.049266175073023E-4 0.005519703853387372 3.490521381773635E-4
0.46402541728864116 2.0900165089945393E-5 0.4635136129671572 | 2.8581675922296227E-4 0.005999888559752906 -5.502445132691521E-4
0.5175361543600245 1.0770395844016477E-5 0.5162575896803133 | -0.005290006587483542 0.0028171647374739196 -0.004907787968339239
0.5022843434106165 1.1405943289633992E-5 0.5817790736836298 | -3.3141822264913436E-4 0.0048816126150771685 0.0037828515253731623
0.5178955785693785 1.3280465148739562E-5 0.6549730770294492 | 0.005526145905713639 0.002540095215340904 0.005001214622210775
0.5233840717815385 4.087569090389031E-5 0.6584803568424739 | -0.0031031630442956456 0.004864753511766651 0.0017530030816217928
0.6012060509722025 1.806927995196667E-5 0.2920098947115258 | 2.562934556345178E-4 4.896096466555405E-4 -0.009228846548341897
0.5305733774842774 0.03577753524528446 0.22242869199264317 | 0.006976769536562541 -0.5891606355338861 0.005321854859865616
0.5755996606789313 7.9753984566772E-6 0.34821467082899804 | -0.0015106505056440406 0.00325145738677806 -0.006554310906001667
0.6413848011087459 2.9074842447297144E-5 0.43990871001934756 | -0.0010301471743538835 0.005493806405731154 -9.735904722264044E-4
0.5811848418200377 8.970770084834973E-5 0.5023971869170019 | 0.0034106121324765327 -0.008018199678711858 -3.501167320484264E-4
0.5896681125663602 1.1985219935639465E-5 0.589756911165231 | -0.004252041051654621 0.002960617369268734 -0.005636452622041707
0.5969873354016062 2.581482148635105E-6 0.6786805598448394 | 0.0052140289474308585 0.0014045964149790116 -0.006831657558258909
0.5998700262620891 8.596919082038688E-6 0.6752774205386799 | -0.00227300847431201 0.005050611569856264 0.002360373476318455
0.6504876319909616 1.6652519747006382E-6 0.36937040653847575 | 0.006591844925339967 0.0011467035597622578 -0.00585707765892121
0.6873996796927996 0.027721700482405225 0.2849260995624074 | 0.01873349491768003 -0.3963434513463996 -0.003767787046904579
0.6572480156267994 3.4247204631887653E-6 0.3648192582877002 | -0.0012318828196955138 0.004628084803412385 -0.004317729753385455
0.6389561757687403 2.422531000497775E-5 0.4385168201809247 | 0.0027198941235098396 0.0051077575081854435 0.0018261628377880717
0.653891774365932 1.6490699824383637E-5 0.5173114526355811 | 0.005224610335375654 0.0023937010253101488 0.005519776385414044
0.6805669406091879 6.768358542772464E-7 0.5946423767202322 | -0.00673030405917154 0.0011308920398119834 0.005678858006408149
0.6832767886237571 1.0070329118705613E-6 0.6828652648246618 | 0.006049078363094815 0.0019548735640812238 0.005445868982476643
0.6836206524348631 1.1405347378791504E-5 0.6831939104978038 | 0.005775219631949952 0.00243271508017803 0.005057962351421916
0.7190962048890055 3.1204593240600532E-6 0.2796936305183246 | 0.004412720978981675 0.00492318230915627 -1.8455286209511732E-4
0.7269016788529306 0.011866446867488143 0.2828390398975517 | 0.001975442339290623 -0.7476511468887853 -0.0031382134320088913
0.6573570887631722 0.0254715975881651 0.36344112268892986 | -0.02887247483108509 -0.023406555636754152 0.00583760865119095
0.6925925246945118 0.057734883875652517 0.4880730330370392 | 0.009504309373768012 -0.3769813877868098 0.08568265112671991
0.658170887985718 3.39234651333701E-5 0.5221182606667226 | 0.0014924980893736318 0.005322406571585595 -0.0010992467646803684
0.6754936618014202 4.7293085316054E-6 0.5992140738342845 | 0.0022606581825519003 0.004434129912545677 -0.0042622459773743035
0.6836239759467061 1.2978881247736852E-5 0.6831904834074292 | 0.005760557061199013 0.002434248465516553 0.005072262025792585
0.740763758072775 2.689809271145625E-6 0.7408079246278427 | -4.052661234139334E-4 0.005524545170938069 -4.1972237393582683E-4
0.2809784801992638 0.4000044860753599 0.28096827759643067 | 0.003547578067994601 0.004328497905704663 0.0035533394355625665
0.13522942806789928 0.04482416025303421 0.5341644259064997 | -0.18572244472476118 0.17318605408109555 0.10313516672792698
0.26010356777929655 0.14243634031647623 0.40000000064559355 | -6.640860489755511E-4 0.005526879760625549 7.322607887114078E-8
0.2290298265176045 0.011614865659757482 0.4000447861371314 | -0.0036744512417062635 -0.00992347669880313 0.009519187687970663
0.2232125266033332 9.510259404423843E-5 0.46896155694461317 | -0.0036198097165369924 0.003809053421207828 0.0045766038000698
0.2705429271115326 5.179111177680264E-6 0.5903247386335073 | -0.006237868749618878 0.0015630708552727658 -0.005498033353738387
0.30916970733967875 3.545723672794383E-5 0.6544749202856317 | -0.007424022825997706 0.0020712916177148912 0.0013893648471997896
0.25475302225148544 5.910347989393475E-6 0.7043735668962 | 0.004522865786024641 0.0028615515166524165 0.006566737593526171
0.5373052828116216 0.05135310059308488 0.13101685858679912 | 0.13619304131855242 0.17072236470940472 -0.21638599870333977
0.3437227636690865 0.4000050056401913 0.34371698798490674 | 0.005069373804668221 0.0028964288257577425 0.00507273330498398
0.40920429697144667 0.05186494215120406 0.4016483632862391 | 0.023612697514465656 -1.0457820489449785 -0.037463731836565276
0.1939790159861449 1.089601587045267E-5 0.48219264699687475 | -0.006415737850723365 0.0031755166520188623 -0.001863108449200567
0.26382273763055786 0.010974780786112175 0.4615670957081119 | -0.03258734865813072 -0.03946608221593462 -0.05052297458021888
0.19862176626704706 8.00238378507003E-6 0.5522159255951239 | -0.005070269293987281 0.0030678505452699854 0.005473863978961308
0.2151809165747723 2.2274116066375854E-6 0.6443825018782499 | 0.002347682510734029 0.00514684613788552 7.873259461523134E-4
0.28008286901002866 1.2045421358348722E-6 0.9060740262129329 | -0.007285777146436769 0.0017694186843742348 0.004003509272786655
0.400000035667793 0.10533074205393601 0.2559689159391311 | 1.0071627149777042E-6 0.005667858320167042 -9.253857736904947E-4
0.3976565184655131 0.05609657233143271 0.4164362878008609 | -0.024756753712435554 -1.081064850060881 0.018486277986500613
0.46194361122487876 0.03121623070098716 0.4643048240830028 | -0.029576927609755714 -0.590816203588899 -2.7325928161195986E-4
0.3314901415905129 0.0032672480777460444 0.4000644038042483 | -0.0074170823793252945 0.0021591059971684127 0.0026438401610662334
0.371795045776813 5.726279144448366E-6 0.48261919270090925 | -0.006168952639722967 0.0024474922847508088 0.004239352775651021
0.3482683947893957 2.3435187060636026E-5 0.5760584255634345 | -0.00315969285945853 0.002118878055558422 -0.007337087552036524
0.36327048623995434 2.7699875416347438E-8 0.6577053997103783 | 0.005905616128915456 0.0027779262488157254 -0.004305083391130268
0.38564411729252795 1.933678031517068E-5 0.8330237915949034 | 0.008160750541560716 0.0012335354031438157 -0.0030641091454468514
0.40005920879969925 0.01148355638710696 0.22692164564399628 | 0.009858754200937224 -0.009640196433626666 -0.0044284500192306505
0.4780838079672167 6.448245249752451E-5 0.17965872763316323 | -8.730716725882091E-4 0.0017113399582985554 -0.008333330965200548
0.40008460711805544 0.010311524263908845 0.33645640077827055 | 0.0025244930565079954 3.631481241111207E-4 -0.008908468616244303
0.43929532911202634 6.711139274505185E-6 0.4395833282562039 | 0.004695438960809716 0.0044188152405496015 0.003969277825520588
0.46407315054360737 3.9101639397534726E-5 0.4635385237835577 | 1.9672515158567944E-4 0.006000080727325208 -6.042418596254303E-4
0.43918011940387164 1.3948315736835322E-4 0.6401142934110874 | 7.891347257827544E-4 0.0054566871613958455 0.0011473874541549267
0.4372985878487971 3.267007052605781E-5 0.6385781703785653 | 0.004507141437306457 0.004253198800760335 0.0026260693190370875
0.43772239790712963 1.4877850475932138E-5 0.6350248182522431 | 0.0016740347777564378 0.003282334978968975 0.006561851122846292
0.46820903354786453 6.170400682128035E-5 0.2225076458355843 | 0.004650747253772758 0.004252643999569798 -0.002698581444683875
0.4635362464719115 0.00976060344012462 0.2625208052376719 | -0.04952800677685277 0.22804531912490525 -0.042044067470856594
0.4856264525034716 9.279379553602429E-6 0.3689627097217993 | -0.001471395362733329 0.005388499395107811 9.597058927361506E-4
0.46410253013145575 6.819221139898802E-6 0.46345039134013677 | 1.6734005137512698E-4 0.006009616365563439 -4.6206742983848624E-4
0.5895905379329279 4.752527592853277E-6 0.5896817062192415 | -0.003682382905686797 0.0033522978783555933 -0.005433701407442472
0.502288946437515 5.553968933005037E-6 0.5817755641336193 | -3.73345369934092E-4 0.00487263172223991 0.0038050068639593577
0.5160263120496684 2.1853069805334922E-6 0.6499564063211296 | 0.005330268818285553 0.0014946635741792523 0.006462631002584537
0.5192210744881606 7.61760965109215E-5 0.6451656261608604 | 0.002557528019764588 0.0010806060821200757 0.008301896872881125
0.5903091089121223 2.7730019097962233E-6 0.2706286360138392 | -0.005710108517677406 0.0019655544237895104 -0.005681651684727075
0.5410833852557444 0.0010783346280373296 0.21055758690576926 | 0.03218150580093567 0.12595385117580696 -0.04007049474563866
0.5755719985835615 1.9711135950455434E-5 0.3481670036955174 | -0.0013190659905871487 0.0033799329504925024 -0.006422137758896418
0.6407229851028899 2.127145754841961E-5 0.43962973385813864 | 4.890835358669261E-5 0.0055778431788590975 -4.8457879610534473E-4
0.5812002496278517 1.955544747478544E-5 0.5023953030038543 | 0.004500285854992494 0.0072297244108522375 -5.95893532713433E-4
0.5896503691840942 1.8422729666667983E-5 0.5897430139603727 | -0.004102403835222553 0.003060332939837199 -0.005597245469987874
0.5998337041923568 1.1820337890125239E-5 0.6753385040800985 | -0.00202555795271175 0.00526383328128559 0.0014127034632261811
0.5946338175901087 2.3073181546827377E-8 0.8091600853147114 | -0.0017281276140588449 0.0025332612919733138 0.007439167721680988
0.6546485318085418 1.1167521806937825E-6 0.3086823763303669 | 0.0011553368182547357 0.0019890628908458847 -0.007479838104221841
0.644332703230474 4.980917346473614E-6 0.21506871280062356 | 1.7835216208479947E-4 0.005215597369762535 0.0018925793369789295
0.658450334408227 6.842777775873112E-7 0.363708256360198 | -0.006022791955471544 0.003412413205329526 0.0026050063446157084
0.6383877119865613 1.7126476975128405E-5 0.43676714325724086 | 0.0023960876522790458 0.004123126788325741 0.0049797139890403385
0.6481046083904763 1.9722642605484407E-5 0.5148879107701242 | 0.0065787073884255535 0.001328625557320854 0.005433622585258013
0.6755613297592679 1.8201289863040946E-6 0.5991696923194395 | 0.0015333129557679407 0.0046052371395928675 -0.004178384814400779
0.6827925302398943 8.388973840505867E-6 0.6824307395168314 | 0.00629017077340896 0.0015493669816559028 0.0057035495477862205
0.6560382349365126 3.023827007807452E-7 0.8898931653052746 | 0.008272818112024917 0.001702632100562649 0.0012833696585431795
0.7043533171068791 4.2486142737958076E-7 0.25474518850527306 | 0.006452923585459385 0.003040121714226231 0.004303482049834174
0.906067440245275 4.954468743657459E-6 0.28012610743600863 | 0.00404415041252022 0.0017645016798163258 -0.007271223638494243
0.8321478724245059 1.5884128992045993E-7 0.3849277342438577 | -0.0031011896771897364 0.0014740048230281067 0.007919525812965268
0.634965145699208 1.901495355160327E-7 0.43759441307705527 | 0.006455034856569437 0.0034381919276805046 0.0016739708054420942
0.6451187459843902 4.3553618982990265E-5 0.5191816832878187 | 0.008357132526990224 0.0011314405035683993 0.002404152746487267
0.8093429529920939 7.344885901538005E-6 0.5947152903733287 | 0.00733333713072371 0.0026243116925657815 -0.00169903385276075
0.8899102870935888 4.583800574930591E-6 0.6560213750332196 | 0.0013137557266146883 0.0017013086442780496 0.008269202111594556
0.6814957298132115 5.4486426438044564E-6 0.6812252593894841 | 0.006560434149033381 9.871576722304707E-4 0.006052517182256528
0.17348883906394627 0.40000173494126046 0.17348892167062982 | -0.006381573986195435 8.74430986034782E-4 -0.006381562654125141
0.223567179433235 0.4000045133371587 0.3464327864315845 | -0.0044665922527099815 0.0034376426984282626 0.004715171244059366
0.23500645960109595 0.0719979371287249 0.40000057009258355 | 0.005208795789619289 0.004216693857210326 9.722446602663381E-4
0.2029118941994121 0.10695096114374683 0.4000000007717403 | -0.005615853930160364 0.004018003042386116 6.589606247123205E-7
0.2643879005339651 1.0603285336112313E-4 0.4550085923037501 | -0.00156362266705223 0.004387699390690553 0.004754865488988669
0.2675709226017187 6.022643850270832E-6 0.5823589895952951 | -0.0040350953215649125 0.0025835219240296046 0.006094617625794118
0.28414741122905596 1.4394448612253795E-6 0.6455556024904783 | 0.003481063215661875 0.0026500323164684422 0.005935633202022831
0.14874765909144066 5.10443095525194E-6 0.7927996122337446 | -0.006398579552649322 0.0010327191249206585 0.006197543910061841
0.3465404444866517 0.40000080530260607 0.22359285397942383 | 0.00457624370154713 0.0034704906961793174 -0.0045446042714588865
0.3435883744063473 0.4000159403219293 0.34358258596317864 | 0.005232376330977854 0.002693774944818928 0.00523542865160635
0.3246756894337607 0.017789514232146142 0.40006108151025316 | -0.006420676587871642 -0.007666528612566345 0.008428044966667075
0.22515354490212164 0.013310809244658725 0.4000388543207027 | -0.002300125718237899 -0.010632866517594436 0.00957657540537083
0.2637470886963429 0.010647674919237555 0.46162694512244995 | -0.03221933663523442 -0.10448231902354282 -0.04790544300471509
0.2658328956537504 2.8891686201619115E-5 0.5831771439527877 | 0.0024726791797800448 0.00366867892346119 0.005398740440937371
0.21515978578173758 1.93422307166035E-5 0.6443879879443374 | 0.002380479576251313 0.005140308314699097 7.739384616717307E-4
0.33111097284051527 1.6170425060758946E-5 0.8460604820377323 | -0.005647024257643186 0.0019513100174739053 -0.0058057803201575645
0.40005804246801957 0.04668137487871472 0.2384137612815196 | 0.010445129329357525 -0.001516754830983599 -0.0018068549679732466
0.40008244824449585 0.02167238682336368 0.3254852110311707 | 0.005361709536223978 -0.010469874940865405 -0.008112894210108353
0.461146171563339 0.032981825108737074 0.46513783296403427 | -0.03515660292238155 -0.6007020850489317 0.007917019262845675
0.40852303183921257 5.17512907016328E-6 0.4092091878129058 | 1.3267496790942616E-4 0.0057112251509861215 -0.0018646904102337708
0.3726069217979274 1.437925498374498E-7 0.48547224315533205 | -0.005718548250943414 0.0015025390617893985 -0.006130992077778733
0.1961334781639423 0.04745221531729623 0.6332318428577279 | -0.12895381502767786 0.17512580988587648 0.10661431687059442
0.282551989162245 6.331252380688218E-6 0.6560383740044008 | 0.005290039825876926 0.0034521470067413783 0.0022746011925142916
0.3651406199027185 4.083558148597505E-7 0.644691225825735 | -8.029338052986155E-4 7.427042907532007E-4 0.009107105928788025
0.40000005706474967 0.10679918547354969 0.20322035879594036 | 1.1957252066038396E-6 0.004121337744286128 -0.00539934007337286
0.40000306618936043 0.014754036025177508 0.22310274570199004 | 0.009783328024736618 -0.010953949560176143 -0.002763597211634202
0.40890247304308475 2.2655501110106886E-6 0.408134055136703 | -4.721851296374653E-4 0.005832195396914466 -4.729535708827281E-4
0.40921650274656907 4.449387904039101E-6 0.4076839899506175 | -9.130122932679258E-4 0.0058089509137706965 1.530302535576762E-4
0.4255051115274571 7.0520431035064035E-6 0.550952715209486 | 0.0015447809537952686 0.0010878209193807575 -0.008725417379446846
0.43222608795481265 0.061100404330797754 0.6212983590405906 | 0.10902724794821028 -0.47504182254613775 0.08438237447461279
0.48703513705926127 0.05495470626468799 0.6913971436776102 | 0.08274623342515494 -0.6248152864300535 -0.004307394477859776
0.4404051219072851 2.3334822190006145E-5 0.6327170787308392 | -0.0027478955116227795 0.0023928682161803412 0.0073035567279037174
0.4553119771652968 2.475543940739551E-5 0.26419246026134124 | 0.0049890678775056235 0.0037501639249471344 -0.002050141332438011
0.46333634087974856 0.011076118319045564 0.2621882572837853 | -0.04425737670451856 0.1249859705598924 -0.039728263471849885
0.4856243489124418 1.200239763856498E-5 0.36896167232519195 | -0.001384795864190141 0.005397080378673882 9.90073424928444E-4
0.5506824426651966 1.0466947798088126E-6 0.4259018423162632 | -0.008778155087427643 0.0010146069188686768 0.0010466500670544107
0.5896950882863002 1.6340217685586607E-6 0.5897865674173997 | -0.00441456498597165 0.002793744409421465 -0.0057572892510927105
0.5022392913738772 0.0021195812846832468 0.5821119105744631 | 8.113958610693533E-4 -0.08005690127677598 0.005382502191760009
0.518042108042922 4.6008546725523826E-6 0.6566166770224932 | 0.005794961510644242 0.0029986540064231982 0.0038688358796919843
0.5154874786881641 3.190698816093893E-5 0.6339595915587165 | 0.003325020175538303 5.895607159448548E-4 0.008454335264252034
0.583386454084728 2.0803949741938134E-5 0.267979117458948 | 0.005862352713053298 0.003031456017612056 -0.0035670970973633175
0.5829969170123814 1.420209440457656E-6 0.26579316602558134 | 0.0053701383940412606 0.0033696223225981137 0.003609881391686702
0.6374992960293213 0.036792124916482594 0.20440771642848574 | 0.12377373492708388 0.21627431797212493 -0.12311369016917421
0.6239996538477754 0.057825626513827146 0.43588695675663114 | 0.08920742579687468 -0.5358882917924261 0.1224425658876919
0.5810874368039207 0.0023747144922376426 0.50239587144155 | -0.003789890521389331 -0.09100358857087186 0.0010744572348093393
0.5898311910103271 1.2342090670423058E-8 0.5899130644497708 | -0.005007252187701316 0.0023146501104951292 -0.00593783486089133
0.5976378353060221 1.3303196592178874E-6 0.6778714805448866 | 0.005090605951255146 0.0016866444886030811 -0.006631312528546945
0.6054683544344875 1.1338650636769402E-5 0.6624917069214111 | -0.0013767769478644878 3.789389248515621E-4 0.009232037161579509
0.6455391220560698 1.292069090130702E-5 0.28416379180766427 | 0.005856179615370113 0.0024807649895654286 0.003944734380251804
0.6443098563359317 4.5783091091009856E-6 0.21506954342653606 | 2.2294786946719996E-4 0.00521619618981507 0.0018855493124456126
0.6566870632937601 1.7938393791052348E-6 0.28244399939676545 | 0.002051797289701172 0.003230803509074235 0.005733763254607055
0.6920645427873374 0.05492547669778015 0.4882909157605721 | -0.0010380979963375372 -0.6077694743704217 0.08884060907872716
0.6559646114039515 7.172845883157301E-5 0.5176157498444256 | 0.003908209232747193 0.0029774962273097206 0.0057713297844604675
0.6786481405996748 5.661459348411947E-6 0.5962047411532554 | -0.006418378865417374 0.0015511010756372966 0.005531418823869183
0.7407631122045693 3.282559132894698E-6 0.7408072310531795 | -3.8532938568142604E-4 0.005526069752988626 -3.982801057106088E-4
0.6488772714442838 4.693366919849036E-6 0.8841945536730493 | 0.008545401147357823 0.0010771516822662218 0.0024094598388194376
0.7931048896765003 1.4755925614342345E-5 0.14844605205371153 | 0.006206607144106199 0.0010167704249294518 -0.006408202323923737
0.8460636431162624 1.1921928154932465E-5 0.3311069194016112 | -0.0058130919705909 0.001791766956065275 -0.0057864663122539715
0.644785391822569 1.1472381962203648E-7 0.3651711456989015 | 0.008896540116323053 9.888438596176807E-4 -8.15626730633124E-4
0.6330369049535128 6.815387740672941E-6 0.44012205146302547 | 0.007228132139850761 0.002635731872008676 -0.0025597786417573074
0.6339334494707444 7.27901461046801E-6 0.5155047918778548 | 0.008527435147591833 5.938435884250562E-4 0.003246643144814883
0.6624327218589025 3.8111906273650975E-6 0.6053899560950228 | 0.009191369343331441 3.878475301713917E-4 -0.0016016993102899743
0.8841960757245906 5.222419333738567E-6 0.6488704899666455 | 0.0024493065243372508 0.0010749922082520375 0.008535751500958115
0.8060655610134106 9.163733873239583E-7 0.806065577119326 | 0.006170794228238178 0.0012744264881191785 0.006169286146033369
0.1921562308686619 0.4000048307831806 0.19215625642786707 | -0.00642833210405791 7.691170983043637E-4 -0.006428331631674532
0.21850705937882262 0.40000314847830115 0.34560721607482175 | -0.005642300630740189 0.0027028641285376446 0.004783506503889525
0.23905830528164057 0.07483659110967981 0.4000009181038638 | 0.00721861781039363 0.0027562476013667197 0.0014723288779305468
0.1345724099895683 0.029891544306410184 0.40005334408858834 | -0.0052846163062471975 6.779325251274474E-4 0.0074804713277408855
0.15503315892557556 3.2958362384735316E-5 0.47336067477801924 | -0.007038506938621117 0.002881051236639954 0.0012507325696481033
0.19254099359110777 1.0802404099015652E-5 0.5690235847750164 | -0.00474145091285865 0.003056888505379708 -0.004848808810993709
0.12865323282544747 2.541394207010698E-7 0.6572081664501723 | -0.0033229969353106193 0.0033085790486337683 0.005811425004513797
0.1553112935438506 2.880030357329924E-7 0.7868345292779456 | -0.006146995283702651 0.0012860817315913779 0.006178111990421945
0.34561192578814676 0.40000292827972456 0.21850639704140914 | 0.004821768812370843 0.0026966278203616615 -0.005618720010479936
0.34351551705705113 0.4000026586348156 0.34350986298114244 | 0.005341227643047764 0.0025524179167403615 0.005343526345325006
0.3235526908422731 0.020485098844202868 0.4000358797884779 | -0.001926971265668011 -0.012204766560252005 0.008101794520712167
0.28107808777520993 0.11129247897752709 0.4000000074803749 | 0.004399348879690172 0.0046239394794208005 3.3498872546220353E-7
0.2985145925822886 4.902064049985979E-6 0.5133198137923365 | -0.006167657742920901 0.0027888340335968237 0.003344993894485268
0.06706931131181822 1.904483113927598E-5 0.4938747570202324 | -0.006626076484447131 0.0027025528077750005 -0.0033123937897098763
0.21509886985558066 2.0129284504014202E-6 0.6441591337286883 | 0.0024170164024205102 0.005100948986064199 0.0011186545210590708
0.2574482818901663 1.895708407700377E-5 0.7972279733604674 | 5.336013858252534E-4 0.0023170068110400866 0.007433679305078498
0.4000011754285762 0.06637211837430036 0.2272368567566114 | 9.190423239343208E-4 0.005183447564607634 0.0031352670333439805
0.40002527258684173 0.014142144444064631 0.31996712961062906 | 0.010451914586876302 -0.007317295962284087 0.0036183078748918693
0.4613991978680062 0.03015074818945457 0.46489329838114957 | -0.03492283511475943 -0.6252157844317989 0.006631091600761803
0.329541550889457 0.008901505935272292 0.40003217211521686 | -0.007451912011626958 0.0019756307619052966 0.002951776305114518
0.3706705019550281 6.431130293469607E-6 0.4815673017743091 | -0.0010297019216290242 0.0021515459502898272 0.007674288495514091
0.3469590711500715 3.289588845450019E-6 0.5751083312846472 | 0.005811351688506005 0.0029233316729744786 -0.004151531215574644
0.3658725209331732 2.7835348323127964E-6 0.6557330446269838 | -0.006746512298997378 0.0018231224907401256 0.004795466445454941
0.348449884537413 3.248119806732128E-5 0.7290776738821186 | -0.0014938686445540444 0.0012779006783668096 0.008071573633006384
0.400000399479179 0.029604916819303273 0.1342483388165472 | 0.006636980264121409 0.0010326502114487597 -0.005938158983545055
0.4000000013429463 0.11001439833133941 0.2984511297130535 | 3.527883399983286E-7 0.0037432771083023074 0.006362385998647972
0.400132532755552 0.0048865816153733045 0.33483525431278344 | 0.0026350921157534545 0.0013981315235924285 -0.008171815619198297
0.42167414932924135 5.792567215917356E-6 0.40483662722892366 | -0.007043200547534122 0.0030229765339811585 0.002543065252312507
0.42114782894048947 1.715846462240171E-6 0.5582204458987754 | 0.00385177436351298 6.017282815748642E-4 -0.008302024873773775
0.4266672340144094 1.5529495111610537E-6 0.5459616439113272 | -2.474205873879147E-4 0.0029616229231861782 0.007020504358142588
0.43256297760419565 9.156237852747201E-6 0.732496594337782 | 0.0010071993997599797 0.0026241393579581364 0.007317343005051754
0.4370829369554635 6.369401990617385E-6 0.7392608657216335 | -0.008406368172170008 0.0015046405824707086 -9.334460237721438E-4
0.47315536684491283 4.0806704393521995E-6 0.15485980169110905 | 0.0029774129845125115 0.0030818851370132067 -0.00623362984152145
0.5135463772361968 5.446201321474152E-6 0.29866668988427486 | 0.0038696212217482102 0.002062512069305206 -0.007418206454671303
0.48562795946201515 1.0414017726449522E-5 0.3689591668677084 | -0.001522761239416524 0.005370790296019235 0.0010725882969347122
0.558815919877368 5.2611634776932856E-6 0.42100585107094873 | -0.008232634908246127 5.746115066895989E-4 0.003955974777517277
0.5896744193815457 1.207972157813088E-5 0.589765208483844 | -0.004278219706530325 0.002925550137300122 -0.005668938882153569
0.5022671601551357 6.426073806849288E-6 0.5818193415213406 | -1.9430725359744926E-4 0.004964645406598731 0.003537909122753584
0.5077426717829858 3.628088992490321E-6 0.8377459415440343 | 0.0013520469148501205 0.0039746372045125706 0.005517414690720102
0.513300231297191 3.431937138028245E-7 0.7312143078008299 | 0.005653985611854381 0.0021902964247633803 0.0057722971434945
0.5690109028574782 2.998174740931583E-5 0.1924938410856389 | -0.003853123410601893 0.0027618887303237187 -0.0060797673085278905
0.4937272217310156 5.55976327222688E-6 0.06753934043128672 | -0.004089174977209734 0.002881695259541411 -0.005919689689691017
0.5755235387206762 8.142663837614291E-6 0.34700603235403354 | -0.001740648893984327 0.0034670758926112137 0.006199949750618351
0.5460427829235075 3.026544791676433E-7 0.426977938750553 | 0.007595829133363319 0.0023814484115625483 -0.0015375241626044182
0.5811713334127693 2.8284680279101275E-5 0.5023995187082894 | 0.003556125844098237 0.025524628530479675 -4.817393083779132E-4
0.589582430030838 1.420359529214529E-7 0.5896649901440478 | -0.0036737934340761564 0.0034192282795727437 -0.005329192485871344
0.5998212723095195 1.8036363607223813E-5 0.6753436696060742 | -0.0018086095603230188 0.0053052925650335795 0.0013804431359097378
0.5979212725334306 9.198690422958038E-7 0.7173385918407629 | -8.073802540002691E-4 8.762332414512668E-4 0.00902994121437114
0.6570513637936161 1.4248575821164916E-5 0.1286731030836223 | 0.006330592985970145 0.002980134671562304 -0.003263698665586158
0.6441467958697853 2.3057664858967668E-5 0.21497696325724425 | 5.125130470296896E-4 0.005182509260136747 0.0020246517577192204
0.6559189559807599 6.702095356255503E-7 0.36604650176522724 | 0.0038009563049739518 0.0026419043620642584 -0.006500307809927683
0.7326659214243246 1.46483003587387E-6 0.4325703990966069 | 0.007264315738636768 0.0025937498578771476 0.0013547684750613836
0.83785429880945 5.164390061365091E-6 0.5078466589709691 | 0.0057780018397741014 0.0038533681145581007 7.386231260020445E-4
0.6755765063000178 1.0203905502751462E-5 0.5991818376994519 | 0.0012176330268401623 0.004578551450891241 -0.004345884655163157
0.6813514262345964 1.1103561358550774E-6 0.6810936239190504 | 0.00658016864382249 9.48087276415011E-4 0.006072709939633848
0.684956923169411 5.262806334481964E-7 0.7931789971856066 | -0.004077169259260962 9.894121911585665E-4 0.007999985668947968
0.7867338055553547 1.1029341372717236E-6 0.1553856783665232 | 0.00617365792206077 0.001297855231936607 -0.0061371059452262
0.7972528071463828 1.714153492153016E-5 0.2574341304249697 | 0.007218744098473464 0.002554438789798698 3.731258546688549E-4
0.729100066855529 3.8532249764030045E-5 0.3484528242933976 | 0.008017380077990216 0.001386050494789437 -0.001188005647446712
0.739266486746706 6.8378814961844965E-6 0.4370840737782869 | -0.0010516176270788228 0.0014546100776312676 -0.008386059294455487
0.7312129280561637 2.5962741292783423E-6 0.5132987291794789 | 0.00565580973916781 0.0023159485449843124 0.005724907079576979
0.7173308193425985 1.9016520309611255E-6 0.5979378546140219 | 0.008853292972314311 9.374610887294005E-4 -7.109155802326418E-4
0.7931738623530405 8.58130485884641E-7 0.6849555499722424 | 0.007959098475863685 0.0010427701109086006 -0.0040689433416542875
0.7988240301739596 6.403574516737072E-6 0.7988240159895251 | 0.006367162929781895 9.123255052561735E-4 0.006362251753827508
0.2140629248530909 0.4000048197214068 0.21406293638446477 | -0.0038643937301944984 0.004092412148722029 -0.003864169801501378
0.23210855685321455 0.4000073546479893 0.3431599007755431 | -0.004622028253340355 0.001642142948915136 0.007040768504118902
0.24143599954343017 0.07803004698342315 0.4000001403297553 | 0.01071800068699755 -0.0073341356701616765 0.0017815140035987386
0.14327130955619374 0.030316210203735 0.40007505993906545 | -0.008886829864279638 -8.827998015685697E-4 0.004650489184166599
0.07001543317551222 1.687773568637792E-6 0.49283036876878394 | -0.00809247606976357 0.001987857300386239 -7.717001264905872E-4
0.20011270755101906 6.06851922824683E-5 0.5661508827840237 | -0.007015935182701863 0.002407880708810819 -0.0034145716955507124
0.14374458903254214 9.180905820624201E-7 0.6543798742831259 | -0.008430590733954938 0.0015937767756770266 0.0011833939139017622
0.16581142613410052 7.007381545818197E-6 0.7755695062928569 | -0.0062792310026921734 8.828708653763851E-4 0.00646766539594243
0.34316243617854403 0.4000072344800633 0.2321086600234608 | 0.007051506878598106 0.0016398867814924098 -0.00460906677868665
0.3435082821909901 0.4000016534490282 0.3435028930839878 | 0.005351255986864242 0.002539874051948367 0.0053523591480864495
0.32246907074921244 0.02008502462953893 0.40002219461702043 | 0.0016988330879846812 -0.01193108522399265 0.008396430950168045
0.2985380252647852 0.10814131454285998 0.40000000667708746 | 0.006841533580208619 0.0031650099011970574 7.187328367215185E-7
0.299786850173326 6.658308472593033E-7 0.513406151040114 | -0.006997315479862275 0.0023730128736863185 0.0026085312182928685
0.0668804922695074 1.0260987262998651E-5 0.49379940809056805 | -0.006549929118165505 0.0027845224773619397 -0.0032583502179297287
0.2150990559351786 1.9978284367345376E-7 0.6441683915774314 | 0.0024188731845449303 0.0051020463552371095 0.0011042428354317265
0.25730544743426453 8.993329332961659E-7 0.7944005439610066 | 0.00141979329009691 0.0013947609449700838 0.008155817752895799
0.4000017341026342 0.07890238698271317 0.24545862631848053 | 0.0015964071192278964 -0.06744293250492546 0.06869740037602676
0.4000386190782134 0.01411264250230414 0.31856602345292945 | 0.008891354254622784 -0.005901382746158224 0.0068342234170181565
0.50372625721509 0.046478986924907456 0.5250668143574125 | -0.06187149160081662 -1.1272970716741486 0.06474807436011423
0.3234426616642817 0.01284669887632778 0.4000446373686398 | -0.002504044470812655 9.257089590982938E-4 0.008520842017444552
0.3713270480901011 7.810225547035684E-6 0.4821358266852434 | -0.00398800459855546 0.0024131836294202964 0.006355689911918845
0.3427766351954669 5.239201265472033E-6 0.5788050848694907 | 0.007001164447412325 6.8920205561238E-4 -0.005901258140993205
0.43280028779224666 8.035064948996295E-8 0.7439827493641854 | 0.0019880468278649834 0.001912034678034631 -0.00789391892972823
0.35178725486084494 7.382543621244406E-7 0.7305608266788157 | -0.004300983536935448 0.0010983685717224278 0.007189123608388904
0.4000320790104578 0.030579945281581297 0.1430329623000609 | 0.004255726735712352 -4.041158840552253E-4 -0.008819461150388768
0.40000001310503036 0.12742268743985388 0.29916727153633965 | 4.523170214069585E-6 -0.5408759793518693 0.06946005604173618
0.40005340884219054 0.008304444262940146 0.3286253241751531 | 0.0033358218289088197 0.001555940231406837 -0.00788339261769709
0.41835975789182317 8.152996040026818E-5 0.38783249528536373 | -0.003486254938612775 0.002932894606296362 0.006367940734941258
0.4234853675202486 1.5462301539358013E-7 0.5543701795423857 | 0.0032606994968190288 7.00229378774642E-4 -0.008559545514778603
0.42645826093059447 2.422290297568114E-7 0.5428100940600957 | 0.001345357971132215 0.0012365160479519987 0.008500490435523866
0.4326654201642717 3.3023156082803704E-5 0.7332537831601882 | 9.082150624247222E-4 0.002893465020344337 0.0070263971862806265
0.43738029481492374 3.774636254387536E-7 0.7442996310012704 | -0.008027395576446043 0.0012072696935491263 -0.003392395485283309
0.49281015295922853 1.618941659119753E-6 0.06964834962191539 | -0.0012826039334677174 0.0022832935126898546 -0.007728193920974958
0.5126242887467216 1.1724073842523511E-6 0.3002601830794034 | 0.003961356545157646 0.001645087433141712 -0.00780582418739487
0.48562218135584695 6.082575573726679E-6 0.36896356245336537 | -0.0013190492823771213 0.005409950032511616 9.370132390580958E-4
0.5541416134201673 1.3708207359082597E-5 0.4237214977079959 | -0.008428301015248026 6.609155730804584E-4 0.003385713289244685
0.5896370287227644 2.87167082857328E-7 0.5897185575790398 | -0.004124021970304114 0.003098074466077297 -0.005522663290053511
0.5022868144405324 3.84527813777019E-6 0.5817899225454594 | -3.646599253646524E-4 0.00490227081825507 0.003717534222706993
0.5078459316673153 1.5130015089598253E-5 0.8378767857362613 | 6.815947919019492E-4 0.004248647552960747 0.005155284196318865
0.5125780703380964 9.549971471206328E-6 0.7415875324720516 | 0.007704868920833164 0.0018553049202138926 0.0028270043241724937
0.5661329204870649 9.931200033290813E-5 0.20008112762972827 | -0.0029853225148984146 0.0021868366231816987 -0.007332568531143335
0.4938523162527461 9.97129396206731E-6 0.0676684644205966 | -0.004245187761629583 0.0027918439827202234 -0.005936367666508195
0.5787182496894752 3.571906568303744E-6 0.3427942244320894 | -0.0054884381982543496 7.202901483760529E-4 0.007275552262749778
0.5425722448241529 1.643547456116253E-5 0.4266422948757272 | 0.00886317990102982 8.235873548916454E-4 0.0016370798432492322
0.5812162578939851 6.774387143864872E-6 0.5023934655423502 | 0.004364599481121062 -0.009044938398263907 -6.012627865837578E-4
0.5895488702257363 1.2783646010098582E-5 0.5896399454279557 | -0.0032210484369244318 0.0036651901517580935 -0.005204925702081792
0.519346931731014 7.895112313908409E-4 0.7481988799179162 | -0.0031811712432684956 -0.018526696741074357 -0.01872119457536895
0.5939603452486665 1.4342672824456237E-6 0.7269400797466132 | 0.0011981962352039335 9.587376978377297E-4 0.008922441297451348
0.6543965639518378 5.988675721035947E-7 0.14373744159269583 | 0.001158451355364004 0.001387651498736186 -0.008647109403367284
0.6441446259829778 8.992093694509004E-8 0.21497370512762715 | 5.160273357556291E-4 0.005181570982497871 0.0020290500136708935
0.744180134627864 9.008486106795962E-6 0.43284407785485524 | -0.007936186640629039 0.0018472303423530093 0.0018868036933761187
0.7328588302725068 1.4516473375029179E-5 0.43261488053111247 | 0.007194215022639968 0.0026722480029163433 0.0012621075415375719
0.8378843794012114 5.0201646455000935E-6 0.5078709776312659 | 0.005713432390762621 0.0039041472523761757 5.878685067722551E-4
0.7494876033859266 0.001015031854979961 0.5191637097336061 | -0.005141189280070526 -0.2764145623874951 -0.012489373701634799
0.740764023506461 2.2604241948760115E-6 0.7408081932909285 | -4.2505518555224135E-4 0.006861761812806835 -4.394814366561859E-4
0.6863594395928329 1.923733287528099E-5 0.7936476698298007 | -0.004805548669962056 9.22766874040388E-4 0.007646325040457416
0.7755541782602668 1.1479985447637645E-5 0.16581275463516873 | 0.00645374595903077 8.889677191022278E-4 -0.006286417191895269
0.7944259654653775 6.425700419292668E-7 0.25729476265022627 | 0.008051010540514346 0.0015784035204137825 0.0013069437223732104
0.7305859373889841 2.7327223163783884E-7 0.35179253384957665 | 0.0073266009367458276 0.0012093601415543186 -0.003821571539511831
0.744308615110117 6.835269755981887E-7 0.4373871115612239 | -0.003390657639289309 0.0011690951972962913 -0.008003621238113441
0.741587953357087 1.0559873447019947E-5 0.5125775180699086 | 0.0028159500480783237 0.0019664189379599846 0.007866326590179369
0.7269413416285002 7.635776412637393E-7 0.5939845504531128 | 0.008660292095747167 0.0010035303829123935 0.0013948591183223875
0.7936460746985547 1.98468524450765E-5 0.6863608314215558 | 0.007606633275138355 9.699908464187877E-4 -0.004802533481282882
0.7896547180742174 3.3462028921727534E-7 0.7896547403606216 | 0.00657084468545256 4.864272906575289E-4 0.006564568879900392
0.2252411249884605 0.4000002772006596 0.22524113243400132 | -0.0035771873975985673 0.004312709830593996 -0.003572738616489657
0.23617535161799136 0.40000151306119375 0.3417757589287807 | -0.004935107638059936 0.0012467910811858277 0.007214184372735117
0.23117454125310344 0.059118069242051485 0.40001265957067 | 0.0036906370727465792 0.004604098596557297 0.002598771814998357
0.15698005395813494 0.023368391597449464 0.40002219130863664 | -0.009336019844275968 -6.932989021965446E-4 0.0033448680120341757
0.07355829605192594 1.3084401387473767E-7 0.4929796902598548 | -0.008457285609502083 0.0015611587676218792 -9.093535131081798E-4
0.1958512080144662 2.2950840422027722E-5 0.566170780261137 | -0.006127136358988538 0.0029831343898544835 -0.0034565654254460334
0.14533161919146603 1.7071662525860345E-6 0.6541914435898009 | -0.008525571386479705 0.001503367331728279 0.00103296166963114
0.16796308735972254 2.2232537758213576E-5 0.7734557483124345 | -0.006520970677509226 8.145891582299293E-4 0.0062928648068078805
0.3417752611880985 0.40000161049353294 0.23617502387087874 | 0.007220939107433191 0.0012457842437435683 -0.004926521205355423
0.3434911296506791 0.4000071549112912 0.3434856740530108 | 0.0053596802967827125 0.0025284464501713743 0.005361063059266249
0.32308051939316385 0.02137734877384887 0.40005112938374143 | -2.1127065142180653E-4 -0.012860258160481346 0.007708047111264555
0.3157306885101661 0.10932405878547802 0.4000000208846354 | 0.008449921413164226 0.0016127050214874625 2.3295472948877622E-6
0.3007330558986833 5.060159915768262E-6 0.5123439285938687 | -0.00700385385479209 0.002073587746332733 0.0033529008967236903
0.1080955574561381 2.2568115359268583E-7 0.570227013903266 | 0.0024695504608362694 0.005082894024030945 0.0024188357742399
0.2066127838328461 6.124853449002236E-6 0.7163318388800656 | -0.0026698885474638625 0.004236731104110002 0.003826533571436522
0.25736179776768553 3.275665371712407E-6 0.7941432903599162 | 0.0013658388324377967 0.001352708428352274 0.008197397147607637
0.40000001956326 0.08197762117618938 0.24260128851576646 | 5.013661968031775E-5 0.004751480262769452 0.003904615311720324
0.40004435228217994 0.014007856636144046 0.3179109137569317 | 0.008188505572537403 -0.005165619862157999 0.007674370076535579
0.5097977291625425 4.5420133716179794E-5 0.5088872965019655 | -0.0025113650467696517 0.005087383154857707 -0.002124930484578374
0.3244251744215106 0.011468726885118238 0.4000710345839161 | -0.004390274159050257 0.0022697509127306017 0.006407061735711393
0.37068840890812177 6.443322434519015E-6 0.4819736992608878 | -0.0012609250949223818 0.002481324759406539 0.007323306207520593
0.34713359041869674 8.100434782701592E-6 0.5763244378067971 | 0.0026202277328325673 0.0018615954327349067 -0.007808850396616339
0.3360804922569151 6.686967186315206E-4 0.8317256939966365 | -0.02260993680313314 0.024277345437082678 0.0534075095608718
0.35700616337511504 7.4145301731308005E-6 0.7516223616943728 | -0.008301895248791732 6.586377235538573E-4 0.0031801291623636025
0.40002692765447667 0.024108478037030787 0.15717257208441662 | 0.0032521919704633384 -2.889456768601166E-4 -0.009146474035765226
0.4000000027335371 0.11090618861206876 0.31313348576215383 | 2.882773637813024E-7 0.002459342306455785 0.008283949174487205
0.4000673796827386 0.010695120411129126 0.3244519920915291 | 0.005949307622761273 4.383027562598001E-4 -0.007339221452689688
0.394190807283515 5.731408034459221E-6 0.4038523407472753 | 0.006223235857055957 0.0039199626017176244 0.0013708672486448619
0.4274142026737747 4.284480390055848E-8 0.5451983665926461 | -0.003757075281564527 0.002083150527950666 0.006991729390595382
0.42628687280220995 1.3295398523676774E-5 0.5429542968646885 | 0.0017970523765888594 0.0012498090781436347 0.008410136984141586
0.43268043535682704 1.5463177917001672E-5 0.7332991877876873 | 8.688997766683842E-4 0.002893092984971125 0.007032360483812861
0.43691130095095415 1.961597915096788E-6 0.752734087771628 | -0.007369018978823927 0.0011737890896087908 -0.004799163647538296
0.49272821776075787 1.7892108403787924E-7 0.0731264109924674 | -9.607279371553641E-4 0.001670785271450773 -0.008343308816902435
0.5113228258185358 7.827215417737997E-6 0.30086285629701875 | 0.004698317479114183 0.0014879015287036592 -0.007527476755427431
0.4856225988725462 1.40073206904738E-5 0.3689639285466728 | -0.001313160699615088 0.0054127160967580735 9.130637737134458E-4
0.545234976276219 5.180020518955907E-8 0.42738690509633864 | 0.007946378193546683 0.001595680889854915 -0.0029110956301166575
0.5112834035417795 5.787722150364453E-6 0.5114551349446671 | -0.0030412724364424523 0.004259167455281692 -0.00418896000464247
0.5022922620785103 9.067100552016901E-6 0.5817799279223752 | -4.086314375276911E-4 0.004882028738130493 0.003773332849079213
0.5077617595698879 3.5026369599760234E-7 0.8374627259743568 | 8.502102080699254E-4 0.003549300347620369 0.006276625981346293
0.5133874744167378 2.062639454348808E-6 0.7513586353471339 | 0.007962214623649048 0.0014972331747378153 -0.00282274198651
0.5661536815789993 5.721859649460861E-5 0.19582139919714917 | -0.002706516388632679 0.0026479217232493013 -0.006873096813644914
0.5720212549063604 1.1985982344575125E-5 0.1060782043560819 | 0.0017402533137369797 0.005206640503298916 0.002473736892843407
0.5766992653352854 7.336994628156176E-7 0.3471105239768642 | -0.007502433420199799 0.0020846821964670163 0.0028428326812105025
0.5433194415705626 2.006148475259977E-6 0.4267791717382035 | 0.008860104680775239 9.342448874758015E-4 0.001240106626984256
0.5812107599327376 1.3826489014488552E-5 0.5023941610205279 | 0.00414671428727348 0.012005850224007904 -6.33508344330071E-4
0.5896076951070887 5.602565259392675E-6 0.5896989642955113 | -0.003828796451216511 0.003251245123993773 -0.005495412015852409
0.5933634521689726 7.5016117323654025E-6 0.8592902880936913 | -0.004447009181343184 0.002240849490714468 0.006501775799558175
0.5888400869163034 2.8073029977311215E-6 0.7617824882613953 | 0.0035192217609557336 0.001603677300394582 0.00777465796771082
0.6542095268762281 1.4340332465938258E-6 0.1453294160752556 | 0.001001752040788591 0.0013080927541913759 -0.008732231470714428
0.71639716621879 2.1877661236008433E-5 0.20666344675830797 | 0.004712998068412014 0.00411234973618948 -0.0016826578189196159
0.832392831591298 0.0028168890910063716 0.33596547815333955 | 0.06799995711812276 0.046887269601327844 -0.016807670357967694
0.7332639367695889 5.245030762306441E-7 0.432745346867637 | 0.007091082173103391 0.0028133553583313624 8.894988874727957E-4
0.837583326311085 7.4615826321873505E-6 0.5078082570382125 | 0.006362952141162978 0.00346290298304168 7.246902024740523E-4
0.8590536270319488 9.082936548416489E-6 0.5935275810115923 | 0.0064855972116927944 0.002249303501217487 -0.004455949238254505
0.740766926878904 2.517867244457299E-6 0.740811230548161 | -5.017101327080116E-4 0.005516207688552513 -5.205598126627144E-4
0.686543578934081 4.064340398655342E-7 0.7944338506660011 | -0.0049542133077530815 9.516309497726791E-4 0.007528166019314858
0.7735925814317509 3.8033062131482173E-6 0.16777383599136497 | 0.00630466572586211 8.211890104243846E-4 -0.006502680790938457
0.794167934090622 1.714688044946329E-6 0.2573509003211367 | 0.008096731576628905 0.0015323852928740113 0.0012575093347371245
0.7516446898088837 5.233789507682303E-6 0.357011673919892 | 0.003555648023631928 7.270548571185412E-4 -0.008075810177347325
0.7527365103987042 1.374213393020184E-6 0.4369070391621088 | -0.004553717153543682 0.0011740604763208558 -0.007444708745345975
0.7513658152661262 5.565480224297816E-6 0.513388072330912 | -0.0027401602736530683 0.0015848133587508268 0.008160099630016378
0.7617808201707355 2.2503452688063912E-6 0.5888389749859689 | 0.007525402663712067 0.00160974635418077 0.0033169093243662086
0.7944304957633939 7.741988989509861E-7 0.6865459673290265 | 0.007486741422283995 9.994573401247671E-4 -0.004951921264384624
0.7860554770408335 2.2564323165831466E-7 0.7860555174245097 | 0.00659990428041635 4.1536919662692596E-4 0.006593180129496645
0.2393892278999267 0.40000018324521935 0.23938924631536512 | -0.004824448901072668 0.0031802553520879416 -0.004816689631969595
0.2422307416645387 0.4000016262909018 0.34188467932271305 | -0.005362241870077781 0.0011337058367447107 0.007008286351768498
0.23951959242381704 0.009752685167656079 0.4000422830025912 | -0.006951360006054124 -0.008443490068391148 0.008168876888527108
0.19072605263100323 0.09412690832922926 0.4000000204165223 | -0.004787709616093795 0.004450420855813591 1.932830347191659E-6
0.17299256508253275 3.794011934275273E-5 0.4744076158696507 | -0.007803244806627496 0.002162351320368167 4.765184098047674E-4
0.07923898284870387 5.11269271584872E-6 0.5823521985801908 | -0.005555061538040125 0.0019525402561308093 0.006017422283729865
0.14641192996084107 1.1591101741758605E-6 0.6542830962401859 | -0.008586314345630227 0.001450054998675214 8.798422167016968E-4
0.16996988155755244 2.5479178007102068E-5 0.7715597396365139 | -0.006753290554182107 7.674659277567893E-4 0.006091426228514345
0.3418846628590171 0.40000157416690624 0.24223061678701943 | 0.007010800814052876 0.0011330986165360387 -0.005359616292472238
0.34356941898490995 0.4000016311002601 0.3435651625503755 | 0.005284652182028922 0.002631012871153566 0.005280468395174521
0.32246788369618573 0.020823299950372996 0.4000064781084047 | 0.0016825399618042225 -0.012453513482067309 0.007937895374028777
0.31061426444162016 0.1048042954340287 0.40000000030756133 | 0.006481020685974584 0.0034405501262173965 1.8267190541759407E-6
0.2967009151116409 7.779772486753117E-6 0.5095676320638081 | -0.002170306330381301 0.0023990608021359026 0.007140581245382034
0.07306147325471629 1.7249617163527003E-5 0.5878477430009603 | -0.0075770666005300176 0.001843745016974513 0.0032946546622582887
0.20795635128386314 3.740740696899355E-6 0.7165564392918764 | -0.005642817324198731 0.003528276221826766 0.0015928674872244906
0.25770471993668687 2.2068838870153134E-5 0.7933826362120642 | 0.0010117164090838447 0.0012590688094302454 0.00831701185263361
0.4000384105442985 0.009385734299908887 0.2391835719049642 | 0.008258710609413036 -0.007692117219668744 -0.007891475842506946
0.40002679717474043 0.01103769107100662 0.31541497942226937 | 0.006035274860762378 -9.702528961745259E-4 0.008312584401286903
0.5040771643774702 7.318854155960957E-6 0.5034016414957238 | 0.002648517431296614 0.00525863255681985 0.0026823827815575644
0.3199997557873648 0.013617960502566986 0.4001148919356643 | 0.006876045032097929 -5.820916439961914E-4 0.007024865213584997
0.3720846777752196 8.532972242250936E-6 0.48520348877187536 | -0.005099946614580555 0.001724826787386169 -0.00643503447936341
0.34702038044405337 9.218194430493158E-6 0.575965837295166 | 0.003564503515241451 0.0020893798510162277 -0.007192965080309751
0.35164509134397104 7.973560912991367E-7 0.7144179965273584 | -0.002057263303502519 0.0011944474575648067 0.008061995778628194
0.3621894223044689 1.7970192963687146E-5 0.9114021624246703 | 4.877340614965566E-5 0.0013743144816504708 0.008652919287518296
0.4000000372735025 0.09564799436836811 0.19115023942740678 | 1.7692041114501077E-6 0.0043175321761691485 -0.004931722846605665
0.4000000242103419 0.10458776940771057 0.3106064839018286 | 1.0007749813073694E-6 0.003456690227703644 0.007060210860991076
0.40010171260801136 0.01321574306437152 0.323842108105904 | 0.0076032037857125265 -0.003285970309699666 -0.007871673097308188
0.4076960416877267 3.2049964375060966E-6 0.4086763239628119 | 0.0010206483987205358 0.0057306515454090615 -0.0012972389406202115
0.42846577579635026 4.199161587637617E-6 0.5409964081881025 | -0.0025573389000002294 0.0010868597704583162 0.008279759516316779
0.42591027749343197 9.685190953449402E-7 0.5445862621074156 | 0.0034761437685094836 0.0015823298479608157 0.007615964204224108
0.43264846781196964 2.955578441588168E-6 0.7334852877745202 | 0.0010992945487162992 0.0029390815599923937 0.006945270652128838
0.4343467491744055 9.860772874817897E-6 0.9279855378641969 | -9.697694294746939E-4 0.0029869897135355664 0.006994537743995428
0.4744557310169351 2.105100531354367E-6 0.17294581087765795 | 8.887766200229739E-4 0.0018082390828492978 -0.008197318406163745
0.5096948002803741 4.38204881889739E-6 0.2961394893987545 | 0.007693503737074179 0.001998418569368578 -0.0027875199788897046
0.48562462992109456 1.811353863003041E-6 0.36896253901317544 | -0.001424770629930082 0.005393094968943063 9.773565828433879E-4
0.5414388540239597 1.066601386612458E-7 0.42844524869996037 | 0.008684396960987559 7.526823924932926E-4 -0.002473463647967244
0.508460658651305 5.867936303849807E-7 0.5086333454084446 | -9.28816205352159E-4 0.005351149670193959 -0.002298235105350124
0.5022891897816152 1.5697021416301722E-6 0.5817821430381691 | -3.814485250710406E-4 0.004885402436718564 0.0037662709171056214
0.5074782700773148 5.144488456099037E-6 0.8367512569407809 | 0.0015770138915038765 0.0027811974421664775 0.007133102385111406
0.5070378972914792 6.223873947178316E-7 0.9288220651051893 | -7.64145524343153E-4 0.0021439088069837926 0.007934438063257212
0.5821638070487325 9.743101451858746E-6 0.07951825057407494 | 0.006070208612156501 0.002304259508717751 -0.004984561250011529
0.587672798490378 1.754391729148517E-5 0.07374177008061576 | 0.002926041762333478 0.0021492939358469867 -0.007428377580994576
0.5767932452458153 1.7578779569255856E-5 0.34722282916096703 | -0.00774761960835519 0.0020511284755416856 0.0022021419486976898
0.5450333847701865 1.5931275893261078E-6 0.4256194303445393 | 0.006774515301799026 0.0010978468956363817 0.0056872507395448885
0.5812150063889652 9.057811216361034E-6 0.5023938131605661 | 0.0045269434538542435 -0.004292590674885232 -6.777693648624879E-4
0.5898656503515507 2.2737013604558417E-5 0.5899562278918156 | -0.005025526944934672 0.002269367717551324 -0.005981932389178671
0.6341216061584579 0.009275886889550803 0.7528718140762932 | -0.00957217289348432 0.06533467870125319 0.0073549008685124114
0.5760221869900171 6.029829802502752E-6 0.9144600206683774 | -0.0023088153197379398 0.001356585721558786 0.008347277730572897
0.6542960722089592 4.732565267566853E-7 0.14646427534059026 | 8.420444439457803E-4 0.0012602471838656147 -0.008788142764180804
0.7166400034424212 3.205788799802027E-7 0.20799986230923634 | 0.003202970793114904 0.0038885689193808443 -0.004309619489380375
0.7095646493889748 4.2752537600202555E-6 0.3536843580723861 | 0.007846443785556753 0.0014273221535131494 -0.0020448952310766384
0.7328546195092547 3.917014758639748E-5 0.43265173048044037 | 0.007184999504858599 0.0027039120343180564 0.001100708936764052
0.8368996723230997 1.3525897993789224E-5 0.507568756978613 | 0.007165622067932922 0.0027563813482096287 0.0013017847131928278
0.7532111715272441 0.010805132400813083 0.6337678656861585 | 0.007937117261501968 0.06511907345310726 -0.009915285178637325
0.740763135057503 6.7846961914245285E-6 0.7408072475141695 | -3.852204885261719E-4 0.005526085412348593 -3.9795064846452307E-4
0.6868205299852469 6.3192304526911555E-6 0.7938661003745879 | -0.005025257660615897 8.999957610434649E-4 0.007524418332911922
0.7717508044161708 2.585389320303673E-7 0.16974346742940138 | 0.0061052567445303045 7.731394546335598E-4 -0.006735346287863367
0.7934061318376642 1.7490127120886473E-5 0.25769305684693117 | 0.008223163729790895 0.0014305297371645955 9.158580659699165E-4
0.9113934226877716 2.2785118947999958E-5 0.3621964593241436 | 0.008619949186382304 0.001422889141056721 1.7699888860361264E-4
0.9279869666374027 4.250936375135607E-6 0.43435100167944996 | 0.007003347065744401 0.00297997274120994 -9.68141273650382E-4
0.9288071846723568 1.5810225995730586E-6 0.5070365279908844 | 0.007955257661103863 0.00212276133789537 -7.598275292163484E-4
0.9144627639211115 4.497365613203612E-6 0.576018166835132 | 0.008340584936694496 0.0013609135364957034 -0.0023200315973996863
0.7938646948091735 6.655385290485582E-6 0.6868219395876414 | 0.007485200187253633 9.453103254892766E-4 -0.005023353538081012
0.7819680391913703 1.1863498482709908E-6 0.7819681357709999 | 0.006614753878640553 3.7101958678393643E-4 0.0066074948086694415
0.25213007088753747 0.40000718712305305 0.2521300802829471 | -0.005277194784833908 0.002631658979931091 -0.005279169893931972
0.2498498871448597 0.4000012233897605 0.33922821154863536 | -0.004605073459260507 9.461448057535445E-4 0.007686902014342124
0.22447106609113476 0.036279925627676235 0.40002392698141576 | -0.002661894266855598 -0.012680051284549054 0.007863925300743126
0.2077141767401545 0.10593579083915831 0.4000000520288864 | -0.005523730617524531 0.004072997711071684 6.405887911242731E-7
0.2329059923053287 7.609605290386299E-6 0.4794849750366263 | -0.005979113073963796 0.0036945045144467763 0.0011681304132143563
0.19636832841082616 9.894749267071371E-5 0.5663767454517299 | -0.006229229798279986 0.0028783466732836267 -0.003548074519648347
0.14933298995757707 1.4709061305156777E-6 0.653856133786227 | -0.008669289293971575 0.0013583739781372912 7.486567341086382E-4
0.1871550320669699 3.6796810991771356E-6 0.7575307876622696 | -0.008859511303908113 0.0010275503173484677 9.523793614441179E-4
0.33922818798137083 0.4000012065294853 0.24984966577103243 | 0.0076843388794814935 9.459975370119693E-4 -0.00460941847996332
0.3436430936977415 0.40000239507411595 0.3436374705888695 | 0.0051886655720552455 0.002749728766412371 0.005191041619184157
0.3155671594336643 3.101728600534738E-5 0.4473060335161748 | -0.003226054214629693 0.005016579119459188 0.0018465167757093027
0.32453173443567884 0.09394467513155105 0.40000004741487893 | 0.003024953513306226 0.005020457590139778 7.531303824789975E-5
0.30098907084152743 8.084229075880809E-6 0.5113693756539126 | -0.00671427677958908 0.0019660131823795108 0.004098885695597134
0.26649991960841823 2.216419867368409E-6 0.5913283247457276 | 0.0028926141616135432 0.0015768791383023936 -0.007782359152416664
0.21552537608681296 5.985948633848913E-6 0.7170747420644855 | -0.007848129010747865 0.0017363945151186774 -4.558629306634994E-4
0.2590417315869733 3.7986621992752047E-6 0.791025852507135 | 3.100654611201297E-5 0.0010301491678000787 0.008536681381032005
0.400003851577182 0.03643984819583155 0.22430512094691094 | 0.00780901055970448 -0.01326867394521708 -0.002872926394358739
0.45771200004243257 9.132165406207078E-5 0.3057923003159465 | 0.0018176967703106511 0.0037416140242834198 -0.005520765269798582
0.49879091967319883 5.3208438555669356E-6 0.49888350035452644 | 0.004648398688949116 0.0044640026287652915 0.003870286937515216
0.31791003227685094 4.1378798213262765E-4 0.4000403170127112 | 0.004501707111833778 0.003296052838813674 0.004917851706144958
0.3735275519790896 1.179783800799194E-6 0.4843761980418473 | -0.007980859480533809 0.0015405640106454978 -0.0023559588377602848
0.34440753475015823 2.513691107498894E-6 0.5751016607056184 | 0.008699972220406978 0.0011233073723635276 -0.0015805585080078501
0.36534115928733213 3.412001310488177E-6 0.649789840173531 | -0.0017217476769442054 8.618563435933684E-4 0.00887586396510276
0.3498514454841719 2.1111282667957754E-6 0.7433066440663195 | -0.0051085706523301 0.0015524245650947674 0.006188068520903599
0.40000000387106793 0.10501561133965888 0.2066776273110269 | 1.3416372926153747E-6 0.00420246755280489 -0.005202460896077277
0.40000001121700013 0.09358937797834797 0.32480018881204803 | 3.57401361825152E-5 0.0044984934627820975 0.004857317995796384
0.4000849567894462 1.9770106877162934E-4 0.31205791091387225 | 0.005818760184652606 0.0017736930690993667 0.00624686387525792
0.42459281711597535 5.818960094014603E-6 0.42565349273249337 | -0.0034518413375177843 0.004385657712150956 -0.0049833730110898184
0.428854075726197 4.662777838337452E-7 0.5399527091987091 | -0.0026656991924848905 0.0010202556260705848 0.008270602717488569
0.44439315552384 3.2886313045486963E-7 0.6413002163891107 | -0.007059711514721604 0.0029136774592208267 7.750954262139871E-4
0.43193899257742924 3.8882715235770334E-5 0.7278687042876494 | 0.0011154015595058356 0.001869647991318889 0.008036058620747879
0.427278090236816 1.6679669932938349E-6 0.8404157360018067 | -0.007973809989722568 0.0017089129720234198 0.002517982108775686
0.4795266503174804 7.290074004037632E-6 0.23290298641226298 | 4.2437244747173307E-4 0.003727089694146164 -0.005409496147352753
0.5105562667012554 3.441802862990557E-6 0.3010470839605544 | 0.005113699666176714 0.0014308409878665744 -0.007296500900278946
0.4856216472726938 4.129069960731121E-6 0.3689622598225251 | -0.0013039477573448767 0.0054076094285348975 9.836239640849433E-4
0.5397224174452131 1.4285666554095904E-6 0.429042619615321 | 0.008657390889951155 6.657259376477559E-4 -0.0026272528047716183
0.5344864026165003 7.872713841860204E-6 0.5346634581227684 | -0.00531148504969745 0.002388080112834825 -0.005908188286654513
0.5022888603077513 1.208369055780941E-6 0.581782509369161 | -3.7859387859952407E-4 0.004886123602778247 0.003764431042875521
0.5145467619750319 6.512959772887733E-6 0.7321090918252116 | 0.005120214234833852 0.002268660991194401 0.006119396487575416
0.5107996849702265 5.799392727484908E-6 0.8337735720027316 | -0.004853143320585545 0.0012435100465369292 0.00726791879347763
0.5664411600149534 1.3175351986811505E-5 0.19599196690243217 | -0.0028538499004456884 0.002589380820323832 -0.006880691727268087
0.5914008279378598 9.289400206586728E-7 0.26649606689994776 | -0.007301242734540186 0.0018060740230671506 0.003749065365392963
0.5755531383207215 1.1406122436503419E-7 0.344493983003014 | -9.59671184546339E-4 0.0011671023207917841 0.00873803334314444
0.6412222711575998 3.251309269113167E-6 0.4445835356736574 | 8.275779473873042E-4 0.0029623478146246227 -0.007136541813706276
0.581212473048493 1.3528190134960602E-5 0.5023939854795514 | 0.004021242066479533 0.007440574607959026 -6.01510968699402E-4
0.5896335973593002 2.737871064349771E-9 0.5897192234520232 | -0.004076370444432294 0.0031029160781078273 -0.005550454703200345
0.6035273862705279 2.1191547967131957E-6 0.6668336652560404 | -0.0015865665801014237 5.322232923406021E-4 0.009094464175973035
0.58473452064231 4.950980420608395E-6 0.7949387181928382 | 0.0033697425826947048 0.001508027385385841 0.007908412511515847
0.6538699406777032 6.399890183007166E-7 0.1493343340802689 | 7.12460784016494E-4 0.0011832267161115543 -0.008859880384289259
0.7171318855559878 3.9222027172945776E-7 0.21556626398244877 | 3.434487933077584E-4 0.0021576576782378737 -0.007486490194327845
0.6502873561608515 1.3531591588228827E-6 0.36521560827499744 | 0.00857881299551922 0.0012919414147419019 -0.0015735338013282267
0.7270338088680106 1.133963917163784E-5 0.43184169015427326 | 0.008134253600832543 0.00169856209525591 0.001324941323788916
0.7321494270864868 2.3220597970458168E-6 0.5145494293055952 | 0.006020537320550402 0.002408130579329053 0.0051893108954834
0.6667484383450795 9.97745957873526E-7 0.6034581443682007 | 0.009007002326808176 5.371418144855466E-4 -0.0020165303778345795
0.6979070154695667 3.4090037499737413E-6 0.6978961267887843 | -0.006523715810881021 4.446117825032429E-4 -0.006580960201580904
0.6845873050085686 8.76714800477607E-6 0.7900146173373267 | -0.0039001848732816554 8.476994823977827E-4 0.00819115159412066
0.7575272874415229 3.5522181371723937E-6 0.1871561124456033 | 8.703452506899379E-4 0.0010361438893162539 -0.00886197639496201
0.7910485506546248 6.401319418613238E-7 0.25903068390415546 | 0.008457001262337028 0.0011900932882591868 -4.206622405759299E-5
0.7433598272626595 8.872058021329775E-6 0.3498568288061868 | 0.00676428699539014 0.0016378313966205022 -0.004161314600399987
0.8404772738779821 1.0000170610394276E-5 0.4273359647787492 | 0.0027155268137758763 0.0017249526907779963 -0.007898932355985058
0.8337789171407595 7.996825525299716E-6 0.510692477356106 | 0.007395020489675217 0.0012259534438541315 -0.004559382759931255
0.7949393381819183 2.509567504380568E-6 0.5847268494825159 | 0.007709273234622867 0.0015688169811966398 0.0033282255971495175
0.7900134649013624 9.087243775810013E-6 0.6845884312150187 | 0.008155399728919367 8.956727399213473E-4 -0.0038939079752004007
0.7407628746288331 5.332241656225533E-6 0.7408069707742433 | -3.7757166241410344E-4 0.005526646831921 -3.897973293600811E-4
