512
0.28151147779358277 0.4000030197381564 0.28150180648858686 | -0.0019601736819879058 0.005182610171881105 -0.001959799739028969
0.2248782501352054 0.024995886077085007 0.40001574629261355 | -0.002395688895185788 -0.011663591483537124 0.008019454676561389
0.2591136244002619 0.06501925368814286 0.4000001571703201 | -0.0026147692890722517 0.005075181266820375 0.001647321799433268
0.05203319878597038 3.5093474967694375E-6 0.4035770244896234 | -0.004051098847449121 0.003081012491474466 -0.005644176723670423
0.21422478879121556 7.640005716893009E-5 0.46994119306583054 | -0.004223088642808493 0.003412932630699731 0.005310184200721336
0.29275532873996846 4.938892564570776E-6 0.6020573221287536 | -0.009119732869339581 5.550373625270326E-4 3.814346958784619E-4
0.3689880861456205 7.211709696990732E-7 0.6492311696086625 | -0.005421285928815673 4.937426214721853E-4 0.007745614137219805
0.2790853238797243 5.24599534159657E-6 0.7184093516613584 | -4.726010915109397E-4 0.004684918665392341 0.004943751257006945
0.40000658300692477 0.015629283690281073 0.22255963719558491 | 0.009354908965392757 -0.010529414401931038 -0.0024746083357193973
0.3439022857921188 0.4000093623358199 0.3438965147977949 | 0.004728965299237504 0.003284784894764526 0.004732939681685695
0.4076804313954942 2.6845397971607767E-6 0.407555191662672 | 6.597387801308767E-4 0.005969601167678247 -4.518644604689337E-4
0.1435993535408292 3.332245569040056E-6 0.4734588371500837 | -0.002866662063563302 0.004945993811920186 0.0018894222923299118
0.26271276123251475 0.004141439356328592 0.46038714002064884 | -0.03088696000864823 -0.35294316550968635 -0.049788596097640025
0.22364279489584749 0.024355929502203718 0.5303465762396655 | -0.017460854371958087 -0.9468991379405679 0.01776840333011615
0.2854782939379212 0.028734001135856113 0.6847034259851477 | -0.007050216316705167 -0.6970270052495816 0.03287899798322634
0.2811548654378057 0.0075548586993329035 0.7248066621517781 | -0.003813348351194711 0.17629345346103745 -0.0054544839459507504
0.4000004492860806 0.0650601427776213 0.25912792652188527 | 0.0023274568198975274 0.005089603159812105 -0.0011060100218065378
0.40001882993917987 0.0015156919527157353 0.3515503920857312 | 0.003775204091205811 -0.0024113822361721943 -0.009652925744056743
0.40783562916511606 9.51402399441382E-5 0.4073426232136937 | 4.3966132771248106E-4 0.005987121675439237 -1.294728109735083E-4
0.3684687655133894 0.03747876434889771 0.48292341409848855 | 0.034015359907519443 -0.10895951040170421 -0.09110649193971411
0.37038996828800774 4.013251205703161E-8 0.4830552035107278 | -3.730091336566855E-4 0.005146226148691908 0.0021482054065660606
0.34816776136982697 1.7016371482351215E-6 0.5760540938281837 | -0.002528420498016686 0.001958290569600456 -0.007629234233065675
0.3648851720580103 4.496253878494351E-6 0.6570449096679918 | -0.00822354667953906 0.0017646735488554201 -4.831634577859223E-4
0.3631882509070166 0.017212392379275736 0.6569931633356957 | -0.017944905193246225 -0.41859690204293226 -0.0339228656594995
0.40352740394550407 9.505578902473794E-6 0.05064901684198431 | -0.005744917514390322 0.003097582143743235 -0.003870232049278828
0.47510347830352034 1.0975581832711407E-5 0.14845445135782803 | 0.0035330180530144485 0.004043121798248897 -0.00419906945717767
0.48558734719554647 1.6241148105127384E-5 0.3689855043644518 | 0.0013043780610453594 0.005413774214656638 -1.2590591921169875E-4
0.42482573485209985 4.519285629128668E-7 0.42471999811892686 | -0.004519258488677087 0.004171347120569119 -0.005574699621306652
0.4640628457413851 3.614047726113328E-5 0.463401185918491 | -0.012717056459816358 -0.010366191398709236 -0.009401121581662196
0.4397498463796637 5.451590566502692E-5 0.6408517649040815 | -0.0010416172734616263 0.005490047998483902 -2.750968122872673E-4
0.43802728697115306 3.839296965182698E-6 0.6386981880561136 | 0.0026194603422088065 0.00492348379120984 0.0026799102111332413
0.4872310942191815 0.05111878872725837 0.6927146213593061 | 0.07738412461705564 -0.7178069351748482 0.008583490065865009
0.47056625145456243 1.359981554853883E-4 0.21420925811224611 | 0.0040635231973411194 0.004450620155543253 -0.0022365547064915952
0.4630340601400841 0.01355834099133921 0.2608090300875432 | -0.04539495253476798 -0.12303941350653669 -0.03667497518910895
0.4855979884462164 1.0797109322200657E-5 0.36897964617655954 | 9.567384378215111E-4 0.005452880119531292 5.73022165804577E-5
0.46395152873500206 3.81912979052409E-5 0.46342230429385184 | -0.007195825387559852 -0.026665796574187932 -0.009832979351278328
0.5175361543600245 1.0770395844016477E-5 0.5162575896803133 | -0.005583091751712295 0.0020904471935438455 -0.005062785674678932
0.5022843434106165 1.1405943289633992E-5 0.5817790736836298 | -8.675831128750043E-5 0.0043954436520582335 0.0048276917064995015
0.5178955785693785 1.3280465148739562E-5 0.6549730770294492 | 0.005721699805797208 0.002756059896284323 0.004230258729978547
0.5233840717815385 4.087569090389031E-5 0.6584803568424739 | -0.0019056776621046239 0.005212723284167087 5.19359720529681E-4
0.6012060509722025 1.806927995196667E-5 0.2920098947115258 | 2.4944206212761376E-4 4.7179396323760353E-4 -0.009207441084110354
0.5305238852727007 0.025823044658810437 0.22280543061692126 | 0.006681432591662167 -0.8856657596979789 0.004254051580217125
0.5755996606789313 7.9753984566772E-6 0.34821467082899804 | -0.0010349922863328565 0.0032631941891815733 -0.006574311389678602
0.6413848011087459 2.9074842447297144E-5 0.43990871001934756 | -0.0010502295224562668 0.005403038249580674 -0.0016685927258534954
0.5812512267265855 3.596146032514522E-6 0.502389330879681 | 0.002775778452022891 0.005087993699068424 3.261193138294677E-4
0.5896681125663602 1.1985219935639465E-5 0.589756911165231 | -0.004346518418945344 0.0028861511360276583 -0.00571288970864705
0.5969873354016062 2.581482148635105E-6 0.6786805598448394 | 0.005184514999624407 0.0014194640321934075 -0.006750305225661358
0.5998700262620891 8.596919082038688E-6 0.6752774205386799 | -0.0021405601228228644 0.005008515081175272 0.002469169539846565
0.6504876319909616 1.6652519747006382E-6 0.36937040653847575 | 0.0064181138399232035 0.0016169038342771424 -0.00567549803692852
0.688920208999111 0.019715971454472674 0.28475993218283424 | 0.02141201285795926 -0.7025453631494367 -0.003521056661180321
0.6572480156267994 3.4247204631887653E-6 0.3648192582877002 | -9.681288514170639E-4 0.005261417956580091 -0.002320645665790593
0.6389561757687403 2.422531000497775E-5 0.4385168201809247 | 0.0025252384251517692 0.005266119023803031 9.993242799789307E-4
0.653891774365932 1.6490699824383637E-5 0.5173114526355811 | 0.004482994808847203 0.002612283668961922 0.005683255370109171
0.6805669406091879 6.768358542772464E-7 0.5946423767202322 | -0.006642464179359086 0.001151260643153732 0.005653547674655216
0.6832767886237571 1.0070329118705613E-6 0.6828652648246618 | 0.006035421086861535 0.0020118963542587773 0.005409070584103985
0.6836206524348631 1.1405347378791504E-5 0.6831939104978038 | 0.005751466938484007 0.0024977241658596426 0.00500569082385196
0.7190962048890055 3.1204593240600532E-6 0.2796936305183246 | 0.005500888622697641 0.004488365856696648 1.8415888612842722E-4
0.7259542878650193 0.0059593421594604295 0.2825415993795646 | -0.005750395656198542 0.2751843823251374 -0.0039704379760451955
0.6573533770548946 0.029158064400114946 0.36339581696000783 | -0.024086384859071226 -0.33854943254496783 0.004091191566055314
0.6934625660922256 0.051750018681712404 0.48899927406845534 | 0.009418754834053644 -0.7049174373286268 0.0845291773166616
0.658170887985718 3.39234651333701E-5 0.5221182606667226 | 9.288235112761526E-5 0.005449215877998368 -6.79581550334992E-5
0.6754936618014202 4.7293085316054E-6 0.5992140738342845 | 0.0024485653000258342 0.004430661329948383 -0.004059605595558389
0.6836239759467061 1.2978881247736852E-5 0.6831904834074292 | 0.005737007399843443 0.0024992605221520383 0.005019807814260168
0.740763758072775 2.689809271145625E-6 0.7408079246278427 | -4.044214254061475E-4 0.0055214709118900415 -4.109680420973998E-4
0.2809784801992638 0.4000044860753599 0.28096827759643067 | 0.003547578067994601 0.004328497905704663 0.0035533394355625665
0.12830525815880645 0.05095531674805407 0.5374786719734924 | -0.1922105743387592 -0.156717072170022 0.10660366350746105
0.26010356777929655 0.14243634031647623 0.40000000064559355 | -6.640623294206478E-4 0.005527222242887911 5.696510708512494E-8
0.2290298265176045 0.011614865659757482 0.4000447861371314 | -0.003500860697461388 -0.008810414721972203 0.009097743345603055
0.2232125266033332 9.510259404423843E-5 0.46896155694461317 | -0.004525929209894199 0.0038968206652909656 0.005748715429082721
0.2705429271115326 5.179111177680264E-6 0.5903247386335073 | -0.006161438878926137 0.0016255431571346936 -0.005207504754070347
0.30916970733967875 3.545723672794383E-5 0.6544749202856317 | -0.008393904934659455 0.0021181400595391845 0.0014485792258114726
0.25475302225148544 5.910347989393475E-6 0.7043735668962 | 0.0043987177018960585 0.002469705353143482 0.00647175669586405
0.5412560083022271 0.05550270704208858 0.12441180290629303 | 0.14093625856206157 -0.15832871239063329 -0.22390822229095914
0.3437227636690865 0.4000050056401913 0.34371698798490674 | 0.005069373804668221 0.0028964288257577425 0.00507273330498398
0.40941165884209774 0.041708772803352286 0.4014906036101861 | 0.02544491268579267 -1.2924737854750523 -0.029538001894684085
0.1939790159861449 1.089601587045267E-5 0.48219264699687475 | -0.007142668114305924 0.002244712007662845 -0.0017334245100620266
0.26275487926769703 0.004219419937080195 0.4604935460300355 | -0.029911807628808372 -0.3620580199265028 -0.04856422160247857
0.19862176626704706 8.00238378507003E-6 0.5522159255951239 | -0.006263360488719802 0.0023426420332974375 0.006041829414116874
0.2151809165747723 2.2274116066375854E-6 0.6443825018782499 | 0.002219749016570186 0.005337128977780096 1.802264183807659E-4
0.28008286901002866 1.2045421358348722E-6 0.9060740262129329 | -0.0072330384137896525 0.0016894207740961223 0.004240734316350129
0.400000035667793 0.10533074205393601 0.2559689159391311 | 1.0190403222696613E-6 0.005137306164126376 -8.969256944819993E-4
0.39647363243566086 0.045613373733384616 0.41726607437400537 | -0.016189288103132183 -1.3087402980907994 7.360632331466539E-4
0.4619434205286315 0.016637145367966146 0.4645058436040581 | -0.028007400995040132 -0.8706024762996236 0.0030083859920622177
0.3314901415905129 0.0032672480777460444 0.4000644038042483 | -0.00750444499406453 0.0019709854323831026 0.0026111672155899207
0.371795045776813 5.726279144448366E-6 0.48261919270090925 | -0.004107626178823635 0.004086256073491124 0.0031012909882165013
0.3482683947893957 2.3435187060636026E-5 0.5760584255634345 | -0.0029909229663042996 0.0019430901807743139 -0.007474428606339102
0.36327048623995434 2.7699875416347438E-8 0.6577053997103783 | 0.007009427109902173 0.0013248369617460103 -0.005085048151102821
0.38564411729252795 1.933678031517068E-5 0.8330237915949034 | 0.00813966128590329 0.001154703123254232 -0.003376564409686463
0.40005920879969925 0.01148355638710696 0.22692164564399628 | 0.009417288916630979 -0.00906692696228739 -0.004155887497063615
0.4780838079672167 6.448245249752451E-5 0.17965872763316323 | -8.154937205164226E-4 0.0015213131790181088 -0.00817294735489172
0.40008460711805544 0.010311524263908845 0.33645640077827055 | 0.0024063317102976044 3.070618508482406E-4 -0.008698735527898781
0.43929532911202634 6.711139274505185E-6 0.4395833282562039 | 0.0061186725439855046 0.0038004899043352328 0.005217457617704993
0.46397740923828173 1.1594431439537719E-5 0.46342052934846323 | -0.007339765908305209 -0.03361295572582004 -0.00909999315307367
0.43918011940387164 1.3948315736835322E-4 0.6401142934110874 | 2.3466248803579858E-4 0.005520733180907806 8.004648384694047E-4
0.4372985878487971 3.267007052605781E-5 0.6385781703785653 | 0.004037140929836059 0.00455019608991811 0.0024071424661839635
0.43772239790712963 1.4877850475932138E-5 0.6350248182522431 | 0.0014246064570740853 0.003541764433612604 0.006391182461841521
0.46820903354786453 6.170400682128035E-5 0.2225076458355843 | 0.004426821444623916 0.0043491986955966 -0.0023590262392954755
0.46299623410241403 0.01358873934760564 0.26081239568652576 | -0.04609034936265989 -0.10659359561533992 -0.03712586328743118
0.4856264525034716 9.279379553602429E-6 0.3689627097217993 | -5.094816486714835E-5 0.005487837377538692 5.989163119052383E-4
0.46403223269709865 3.5824693829468286E-5 0.4633961200881816 | -0.012176576589981069 -0.010032719113603053 -0.009673049333842077
0.5895905379329279 4.752527592853277E-6 0.5896817062192415 | -0.0037948573360968604 0.0032703244958597858 -0.005528857840161383
0.502288946437515 5.553968933005037E-6 0.5817755641336193 | -1.1569185860406171E-4 0.004388667453166316 0.004842117279633453
0.5160263120496684 2.1853069805334922E-6 0.6499564063211296 | 0.005415366192557097 0.0016413124703942934 0.005912097431744034
0.5192210744881606 7.61760965109215E-5 0.6451656261608604 | 0.0026961324483617453 0.0012100872479240217 0.007784357523855727
0.5903091089121223 2.7730019097962233E-6 0.2706286360138392 | -0.005159204095709971 0.0016963271124388116 -0.006188311747854294
0.5441118498664502 2.438220590655791E-5 0.20665622838260547 | 0.006265919223077284 0.002833123365393242 -0.007398321555259937
0.5755719985835615 1.9711135950455434E-5 0.3481670036955174 | -8.134061968429571E-4 0.0033913896606223033 -0.006433126009523429
0.6407229851028899 2.127145754841961E-5 0.43962973385813864 | -7.186856783413046E-5 0.005514056913953536 -0.001243540241805174
0.581227037016335 6.980305394689604E-6 0.5023915852185178 | 0.003109003679732655 0.00499631620253691 2.94730087828092E-4
0.5896503691840942 1.8422729666667983E-5 0.5897430139603727 | -0.004199730658143951 0.0029850667051939976 -0.005677255585717595
0.5998337041923568 1.1820337890125239E-5 0.6753385040800985 | -0.0018967262800186442 0.0052247742402378745 0.0015831501984327517
0.5946338175901087 2.3073181546827377E-8 0.8091600853147114 | -0.0016641698344905655 0.002591180012190392 0.007185748590311983
0.6546485318085418 1.1167521806937825E-6 0.3086823763303669 | 0.0011579303862157453 0.002048620583813847 -0.008477850347498352
0.644332703230474 4.980917346473614E-6 0.21506871280062356 | -3.408216155213747E-4 0.005414451888219539 0.0015090799240186604
0.658450334408227 6.842777775873112E-7 0.363708256360198 | -0.004680472309465551 0.0042199666194465335 0.002333827933681271
0.6383877119865613 1.7126476975128405E-5 0.43676714325724086 | 0.0023824126374582515 0.004426956971172656 0.004389460635183519
0.6481046083904763 1.9722642605484407E-5 0.5148879107701242 | 0.006058309903641952 0.0014709362527134606 0.0054741754282447725
0.6755613297592679 1.8201289863040946E-6 0.5991696923194395 | 0.0017658113880465436 0.004607656009897504 -0.003976765701733969
0.6827925302398943 8.388973840505867E-6 0.6824307395168314 | 0.006284593889893519 0.001597112515753791 0.005680327691218437
0.6560382349365126 3.023827007807452E-7 0.8898931653052746 | 0.008272818208891922 0.0017026320809286647 0.0012833696404241095
0.7043533171068791 4.2486142737958076E-7 0.25474518850527306 | 0.006793966728802214 0.0021455559212201093 0.004724973543422311
0.906067440245275 4.954468743657459E-6 0.28012610743600863 | 0.004368950906568168 0.0016449216763942767 -0.007211653849686366
0.8321478724245059 1.5884128992045993E-7 0.3849277342438577 | -0.003565389258138552 0.001187677369856241 0.00796327001219113
0.634965145699208 1.901495355160327E-7 0.43759441307705527 | 0.006347905543103069 0.0035945311961849626 0.0011964933041429392
0.6451187459843902 4.3553618982990265E-5 0.5191816832878187 | 0.007833744916091494 0.0012680626110818981 0.002542588238840502
0.8093429529920939 7.344885901538005E-6 0.5947152903733287 | 0.007033401232598055 0.0027413703293470548 -0.0016259419505605076
0.8899102870935888 4.583800574930591E-6 0.6560213750332196 | 0.001313755685637185 0.0017013086119646902 0.0082692023244406
0.6814957298132115 5.4486426438044564E-6 0.6812252593894841 | 0.0065657026491881924 0.001019201192086807 0.006046799686203319
0.17348883906394627 0.40000173494126046 0.17348892167062982 | -0.006381573986195435 8.74430986034782E-4 -0.006381562654125141
0.223567179433235 0.4000045133371587 0.3464327864315845 | -0.0044665922527099815 0.0034376426984282626 0.004715171244059366
0.23500645960109595 0.0719979371287249 0.40000057009258355 | 0.0058638907636520314 0.0038347287183058314 4.17312197259389E-4
0.2029118941994121 0.10695096114374683 0.4000000007717403 | -0.00561349110864056 0.0040169221687886975 5.971803467854106E-7
0.2643879005339651 1.0603285336112313E-4 0.4550085923037501 | -0.0016596698976154873 0.0050060367126844914 0.004272419769373605
0.2675709226017187 6.022643850270832E-6 0.5823589895952951 | -0.003222639635117083 0.002375647298696333 0.0065851904511172454
0.28414741122905596 1.4394448612253795E-6 0.6455556024904783 | 0.0038105971148562168 0.002721467991610216 0.0063396949433954415
0.14874765909144066 5.10443095525194E-6 0.7927996122337446 | -0.006398270678550851 0.0010326874094721164 0.006197236606546662
0.3465404444866517 0.40000080530260607 0.22359285397942383 | 0.00457624370154713 0.0034704906961793174 -0.0045446042714588865
0.3435883744063473 0.4000159403219293 0.34358258596317864 | 0.005232376330977854 0.002693774944818928 0.00523542865160635
0.3246756894337607 0.017789514232146142 0.40006108151025316 | -0.007150253268422254 -0.007104162483006849 0.007801241852793061
0.22515354490212164 0.013310809244658725 0.4000388543207027 | -0.0022410030175635362 -0.009600844583967436 0.009229178808180968
0.2626373445968595 0.0016552442344344007 0.460315712272433 | -0.029759027004352706 -0.41982552789082345 -0.046310083980625465
0.2658328956537504 2.8891686201619115E-5 0.5831771439527877 | 0.0029170244529277234 0.0031097336569197863 0.005840672780883255
0.21515978578173758 1.93422307166035E-5 0.6443879879443374 | 0.002260719074490051 0.00532916407609803 1.645147595294275E-4
0.33111097284051527 1.6170425060758946E-5 0.8460604820377323 | -0.005404109446730676 0.001959732208630147 -0.006083823014139639
0.40005804246801957 0.04668137487871472 0.2384137612815196 | 0.00976376890001523 -0.0010933572838344055 -0.0019532043908453787
0.40008244824449585 0.02167238682336368 0.3254852110311707 | 0.005015847273886544 -0.010239215479491035 -0.007953212351960897
0.4611795076502833 0.018988402767740838 0.46533060039261276 | -0.03320014872247201 -0.8804799699306533 0.009895158215276265
0.40852303183921257 5.17512907016328E-6 0.4092091878129058 | -2.1933501583880032E-4 0.005749562151561376 -0.0026069409587037443
0.3726069217979274 1.437925498374498E-7 0.48547224315533205 | -0.004803983707516757 0.0033574760220747048 -0.004076770565857984
0.19180882223880372 0.06175105763870709 0.6355409831777001 | -0.1502954256048332 -0.1511081357341016 0.12363713024403546
0.282551989162245 6.331252380688218E-6 0.6560383740044008 | 0.006186276294502547 0.0036345815595659847 0.0025006319306590977
0.3651406199027185 4.083558148597505E-7 0.644691225825735 | -8.297505473740276E-4 4.886976837858572E-4 0.00944575034080855
0.40000005706474967 0.10679918547354969 0.20322035879594036 | 1.1328589329837E-6 0.004135385650323741 -0.005412718254413695
0.40000306618936043 0.014754036025177508 0.22310274570199004 | 0.009426953875964046 -0.010282561435396666 -0.0026790942237045834
0.40890247304308475 2.2655501110106886E-6 0.408134055136703 | -8.743115819294521E-4 0.005938168534426505 -0.0011251759433133987
0.40921650274656907 4.449387904039101E-6 0.4076839899506175 | -0.0013524108456044782 0.005929125985743514 -4.4154483044227147E-4
0.4255051115274571 7.0520431035064035E-6 0.550952715209486 | 7.81895741714127E-4 0.0013446175083300363 -0.008469408180167871
0.4348607832222108 0.056009600163619944 0.6196237264258745 | 0.11668327494110761 -0.7970511405847219 0.07711525244965856
0.4880150918779904 0.04442085063631032 0.692062796283161 | 0.08127226104078847 -0.9400582177628319 -0.002988027118698923
0.4404051219072851 2.3334822190006145E-5 0.6327170787308392 | -0.0028437252132307226 0.0025717251243241633 0.007068512019657578
0.4553119771652968 2.475543940739551E-5 0.26419246026134124 | 0.004840679417089106 0.004243604839489882 -0.002335742989689765
0.4629613387233865 0.011642431548243895 0.2606363070823752 | -0.04225559313601498 -0.19742217676906054 -0.03464264563091816
0.4856243489124418 1.200239763856498E-5 0.36896167232519195 | 2.2417980501818676E-5 0.005486130081777208 6.223347259406896E-4
0.5506824426651966 1.0466947798088126E-6 0.4259018423162632 | -0.008838468672062927 0.0011350602559880045 9.902522924124819E-4
0.5896950882863002 1.6340217685586607E-6 0.5897865674173997 | -0.00450354358883023 0.0027210710095643487 -0.005828832190210641
0.5022320938812991 3.168873394414882E-6 0.5825011853045392 | 1.9579030049553657E-6 0.005046829256607279 9.447950432914084E-4
0.518042108042922 4.6008546725523826E-6 0.6566166770224932 | 0.00597156768023854 0.003207667679900524 0.0030178399653134807
0.5154874786881641 3.190698816093893E-5 0.6339595915587165 | 0.0033483393472911725 6.609569402248133E-4 0.0080251472115703
0.583386454084728 2.0803949741938134E-5 0.267979117458948 | 0.006340586424418602 0.0025345123828221148 -0.0034463768182874934
0.5829969170123814 1.420209440457656E-6 0.26579316602558134 | 0.006142985869943855 0.002771970303174095 0.003341667588043605
0.6407084712653969 0.05385067088132642 0.20191737299088358 | 0.13104210484324166 -0.09809593476165561 -0.12985440291893613
0.6223837120598132 0.05233513382044232 0.4393906166419361 | 0.08501498844159128 -0.8523786855995064 0.12689690282247154
0.5813184156161094 1.9903637278173022E-4 0.502406183922948 | 0.002881746853699097 -0.06725929810312163 7.65433361534278E-4
0.5898311910103271 1.2342090670423058E-8 0.5899130644497708 | -0.005078069228673796 0.0022527212405653767 -0.0059926490128505636
0.5976378353060221 1.3303196592178874E-6 0.6778714805448866 | 0.005065199012939983 0.0017043463889567247 -0.0065454292922454
0.6054683544344875 1.1338650636769402E-5 0.6624917069214111 | -0.001377651832267583 3.79185815940164E-4 0.009232037459769445
0.6455391220560698 1.292069090130702E-5 0.28416379180766427 | 0.006609501133068721 0.0022818303853679458 0.004361084215004696
0.6443098563359317 4.5783091091009856E-6 0.21506954342653606 | -3.053361104468909E-4 0.00541617312348506 0.0015038912076226734
0.6566870632937601 1.7938393791052348E-6 0.28244399939676545 | 0.002347505197667955 0.003038163033401451 0.0071503675151579965
0.6928895091217873 0.04477800522767512 0.48953309647820753 | 1.6892278437141112E-4 -0.9229715040812521 0.08732206420363398
0.6559646114039515 7.172845883157301E-5 0.5176157498444256 | 0.0030446552915564884 0.0031994926589997094 0.005927179355395301
0.6786481405996748 5.661459348411947E-6 0.5962047411532554 | -0.006320498164504406 0.0015775477131546466 0.005516845722735357
0.7407631122045693 3.282559132894698E-6 0.7408072310531795 | -3.8449140982642555E-4 0.0055229788957310505 -3.8952996044667434E-4
0.6488772714442838 4.693366919849036E-6 0.8841945536730493 | 0.008545396911871417 0.0010771515440845007 0.0024094772440391805
0.7931048896765003 1.4755925614342345E-5 0.14844605205371153 | 0.006205502898423588 0.0010166387443114508 -0.006406956907504394
0.8460636431162624 1.1921928154932465E-5 0.3311069194016112 | -0.005995662110470395 0.0019251252558356677 -0.005416808167094086
0.644785391822569 1.1472381962203648E-7 0.3651711456989015 | 0.008762824004922978 0.0013521851006888892 -7.660956885339063E-4
0.6330369049535128 6.815387740672941E-6 0.44012205146302547 | 0.007014139740278896 0.002727684758542042 -0.002807758166404857
0.6339334494707444 7.27901461046801E-6 0.5155047918778548 | 0.00810305801123069 6.927259231748333E-4 0.0033044598468671468
0.6624327218589025 3.8111906273650975E-6 0.6053899560950228 | 0.009195044496162914 3.8831608420155793E-4 -0.001602292343719444
0.8841960757245906 5.222419333738567E-6 0.6488704899666455 | 0.0024493400539759005 0.0010749917582884622 0.008535748740124924
0.8060655610134106 9.163733873239583E-7 0.806065577119326 | 0.006170876254793616 0.0012744840644019594 0.006169367601352752
0.1921562308686619 0.4000048307831806 0.19215625642786707 | -0.00642833210405791 7.691170983043637E-4 -0.006428331631674532
0.21850705937882262 0.40000314847830115 0.34560721607482175 | -0.005642300630740189 0.0027028641285376446 0.004783506503889525
0.23905830528164057 0.07483659110967981 0.4000009181038638 | 0.00835556645016463 0.0016038126200444158 5.075192561906287E-4
0.1345724099895683 0.029891544306410184 0.40005334408858834 | -0.005282357700450142 6.79371657265165E-4 0.007480709436846398
0.15503315892557556 3.2958362384735316E-5 0.47336067477801924 | -0.007320555452641647 0.002474561911819767 0.0018590252084403308
0.19254099359110777 1.0802404099015652E-5 0.5690235847750164 | -0.005922766273608195 0.002302938421195725 -0.004649561767244916
0.12865323282544747 2.541394207010698E-7 0.6572081664501723 | -0.002322542701847149 0.0031673383604531326 0.006429749929940032
0.1553112935438506 2.880030357329924E-7 0.7868345292779456 | -0.006147023058097719 0.001286123273295199 0.006178165646678762
0.34561192578814676 0.40000292827972456 0.21850639704140914 | 0.004821768812370843 0.0026966278203616615 -0.005618720010479936
0.34351551705705113 0.4000026586348156 0.34350986298114244 | 0.005341227643047764 0.0025524179167403615 0.005343526345325006
0.3235526908422731 0.020485098844202868 0.4000358797884779 | -0.0031206810735573917 -0.011827115278381253 0.007772991050089693
0.28107808777520993 0.11129247897752709 0.4000000074803749 | 0.004401503635455461 0.004626831666579164 2.2160854046356311E-7
0.2985145925822886 4.902064049985979E-6 0.5133198137923365 | -0.006030137483723958 0.002135828740555374 0.0034964963773098812
0.06706931131181822 1.904483113927598E-5 0.4938747570202324 | -0.006499023875343847 0.002772950708828976 -0.003357091680892454
0.21509886985558066 2.0129284504014202E-6 0.6441591337286883 | 0.002320051488339949 0.005298572470246716 6.044397006083128E-4
0.2574482818901663 1.895708407700377E-5 0.7972279733604674 | 6.569894364639081E-4 0.0024487246161872976 0.007739647804209154
0.4000011754285762 0.06637211837430036 0.2272368567566114 | 0.0013449858465665221 0.0051387737634720175 0.002371714377782968
0.40002527258684173 0.014142144444064631 0.31996712961062906 | 0.01023421834266228 -0.007618734063543578 0.002923343491702787
0.4616059614716883 0.013864184287904223 0.4649050615398988 | -0.03250059971355006 -0.9005741045955893 0.00905672285909998
0.329541550889457 0.008901505935272292 0.40003217211521686 | -0.007517836894070972 0.001810039018529378 0.0028609064561303512
0.3706705019550281 6.431130293469607E-6 0.4815673017743091 | -0.0011441124245400462 0.003841195628787732 0.005470256315063476
0.3469590711500715 3.289588845450019E-6 0.5751083312846472 | 0.0055103155219098305 0.0026787182623314947 -0.004833641381477416
0.3658725209331732 2.7835348323127964E-6 0.6557330446269838 | -0.007372344715306607 8.702801564282349E-4 0.005237608709074605
0.348449884537413 3.248119806732128E-5 0.7290776738821186 | -0.0014063818494321671 0.0012608568437293198 0.008441886773600223
0.400000399479179 0.029604916819303273 0.1342483388165472 | 0.006638432345367874 0.0010330272619289216 -0.005936260148232924
0.4000000013429463 0.11001439833133941 0.2984511297130535 | 5.246170378212857E-7 0.003602311522260837 0.006924092064226396
0.400132532755552 0.0048865816153733045 0.33483525431278344 | 0.0025316279351617907 0.0012732532030041658 -0.008080764456522425
0.42167414932924135 5.792567215917356E-6 0.40483662722892366 | -0.007567239870705839 0.0029569533305120444 0.002275452081563193
0.42114782894048947 1.715846462240171E-6 0.5582204458987754 | 0.0036442135317008638 7.023467319015257E-4 -0.008317860702671261
0.4266672340144094 1.5529495111610537E-6 0.5459616439113272 | -0.0024102789939046236 0.002818076095774684 0.006384727661377892
0.43256297760419565 9.156237852747201E-6 0.732496594337782 | -2.1743846584589246E-4 0.002858060538699347 0.006971182568903324
0.4370829369554635 6.369401990617385E-6 0.7392608657216335 | -0.008150424080799357 0.0017306185404788279 -3.2132335022169495E-4
0.47315536684491283 4.0806704393521995E-6 0.15485980169110905 | 0.0034345730893110397 0.0026766079598627753 -0.00651885729342886
0.5135463772361968 5.446201321474152E-6 0.29866668988427486 | 0.003186107760685071 0.0021164516973154876 -0.006814757453817143
0.48562795946201515 1.0414017726449522E-5 0.3689591668677084 | -1.0777776609902392E-4 0.005482244286783965 7.012854968669896E-4
0.558815919877368 5.2611634776932856E-6 0.42100585107094873 | -0.00819704602554585 6.429234689609124E-4 0.003830019279381379
0.5896744193815457 1.207972157813088E-5 0.589765208483844 | -0.0043710912497362505 0.002851769235161912 -0.005744186736812129
0.5022671601551357 6.426073806849288E-6 0.5818193415213406 | 1.0712567828186628E-5 0.0044570116332469 0.004687688277356051
0.5077426717829858 3.628088992490321E-6 0.8377459415440343 | 0.0014927654640756014 0.004057460743051631 0.005318195278919238
0.513300231297191 3.431937138028245E-7 0.7312143078008299 | 0.00563297253790912 0.00243746361481415 0.005952314399104097
0.5690109028574782 2.998174740931583E-5 0.1924938410856389 | -0.0038936491947054582 0.0021722808434818507 -0.006680290865194182
0.4937272217310156 5.55976327222688E-6 0.06753934043128672 | -0.004142137530581019 0.0029065347617875004 -0.005843305997288519
0.5755235387206762 8.142663837614291E-6 0.34700603235403354 | -0.0012026900088066004 0.0034341381752469743 0.006327498288092782
0.5460427829235075 3.026544791676433E-7 0.426977938750553 | 0.0073723867275495 0.0024687769842774783 -0.0017857401499464629
0.5812265390625764 9.711128169264299E-6 0.5023924282339113 | 0.0031120224089233256 0.004995849483646844 2.782595781500496E-4
0.589582430030838 1.420359529214529E-7 0.5896649901440478 | -0.0037913451754821403 0.003335418826877411 -0.005427107737316507
0.5998212723095195 1.8036363607223813E-5 0.6753436696060742 | -0.0016875719489408624 0.0052647118435023 0.001552277696468085
0.5979212725334306 9.198690422958038E-7 0.7173385918407629 | -7.61753291201779E-4 9.072845036037174E-4 0.008741306697908794
0.6570513637936161 1.4248575821164916E-5 0.1286731030836223 | 0.006926671805297524 0.0028613480135851977 -0.001959245053961387
0.6441467958697853 2.3057664858967668E-5 0.21497696325724425 | -7.04398257907869E-5 0.005404050300861597 0.001622632701028946
0.6559189559807599 6.702095356255503E-7 0.36604650176522724 | 0.0031900685246742428 0.0036321846018859895 -0.0053656084887369225
0.7326659214243246 1.46483003587387E-6 0.4325703990966069 | 0.006994347663211173 0.002858773185477138 9.238358448901521E-5
0.83785429880945 5.164390061365091E-6 0.5078466589709691 | 0.005359722838352605 0.004105380045269589 9.979885051048462E-4
0.6755765063000178 1.0203905502751462E-5 0.5991818376994519 | 0.0014602473373091004 0.00458549672092697 -0.004151295416149073
0.6813514262345964 1.1103561358550774E-6 0.6810936239190504 | 0.006586125810177065 9.789431122225953E-4 0.006068129134700173
0.684956923169411 5.262806334481964E-7 0.7931789971856066 | -0.003999672680302314 0.0010157487042360743 0.007794285074502004
0.7867338055553547 1.1029341372717236E-6 0.1553856783665232 | 0.006174557574973741 0.00129796112524294 -0.006137598930738612
0.7972528071463828 1.714153492153016E-5 0.2574341304249697 | 0.007927784005591564 0.0023361398118751124 4.489049057233214E-4
0.729100066855529 3.8532249764030045E-5 0.3484528242933976 | 0.008536326435378834 0.0012801035301237512 -9.876342309603305E-4
0.739266486746706 6.8378814961844965E-6 0.4370840737782869 | -4.6014615916379595E-4 0.0016880859403116618 -0.008198417776220882
0.7312129280561637 2.5962741292783423E-6 0.5132987291794789 | 0.005836603057887893 0.0025458645462324166 0.005640284247604243
0.7173308193425985 1.9016520309611255E-6 0.5979378546140219 | 0.008690729887121048 0.0010137543795983631 -6.394909703124631E-4
0.7931738623530405 8.58130485884641E-7 0.6849555499722424 | 0.007737944771797198 0.0010894530432173615 -0.0040051023762835815
0.7988240301739596 6.403574516737072E-6 0.7988240159895251 | 0.006367499130933293 9.124787650181522E-4 0.006362586202466694
0.2140629248530909 0.4000048197214068 0.21406293638446477 | -0.0038643937301944984 0.004092412148722029 -0.003864169801501378
0.23210855685321455 0.4000073546479893 0.3431599007755431 | -0.004622028253340355 0.001642142948915136 0.007040768504118902
0.24143599954343017 0.07803004698342315 0.4000001403297553 | 0.010335010013567694 -0.00904423334839433 2.8454624258024105E-4
0.14327130955619374 0.030316210203735 0.40007505993906545 | -0.008886175916384706 -8.82057268612168E-4 0.004652252864658376
0.07001543317551222 1.687773568637792E-6 0.49283036876878394 | -0.008019036411506338 0.0020456720285104103 -7.934414047941875E-4
0.20011270755101906 6.06851922824683E-5 0.5661508827840237 | -0.008065878290244249 0.001747130119228809 -0.0031208790587003766
0.14374458903254214 9.180905820624201E-7 0.6543798742831259 | -0.008524238600095312 0.0014696624810435213 0.0010271197098682928
0.16581142613410052 7.007381545818197E-6 0.7755695062928569 | -0.006279384242510687 8.829898032729981E-4 0.0064677323113999305
0.34316243617854403 0.4000072344800633 0.2321086600234608 | 0.007051506878598106 0.0016398867814924098 -0.00460906677868665
0.3435082821909901 0.4000016534490282 0.3435028930839878 | 0.005351255986864242 0.002539874051948367 0.0053523591480864495
0.32246907074921244 0.02008502462953893 0.40002219461702043 | 4.4522034802050073E-4 -0.011978431293348048 0.008301867165324434
0.2985380252647852 0.10814131454285998 0.40000000667708746 | 0.006840311698228907 0.003165162837391532 6.751104398938896E-7
0.299786850173326 6.658308472593033E-7 0.513406151040114 | -0.006877603981070961 0.0017597240672933229 0.0025481121365501973
0.0668804922695074 1.0260987262998651E-5 0.49379940809056805 | -0.006420283016904158 0.0028552932642936886 -0.003303929892417673
0.2150990559351786 1.9978284367345376E-7 0.6441683915774314 | 0.002321951729800639 0.005299283045295945 5.861931698126406E-4
0.25730544743426453 8.993329332961659E-7 0.7944005439610066 | 0.0015750983295856967 0.0014551632775699737 0.008535223855415719
0.4000017341026342 0.07890238698271317 0.24545862631848053 | 6.34401378175758E-4 0.004658727171466229 0.003499045194629134
0.4000386190782134 0.01411264250230414 0.31856602345292945 | 0.008801814426865296 -0.006246723873700244 0.006390748761317747
0.5035151028963682 0.029733832236454247 0.5256417230595137 | -0.06641168934862678 -1.3694559062363296 0.04403016615791199
0.3234426616642817 0.01284669887632778 0.4000446373686398 | -0.0034571060458934632 8.374123959356381E-4 0.008291138340674993
0.3713270480901011 7.810225547035684E-6 0.4821358266852434 | -0.0028729699557058564 0.0040537992707509185 0.004350396737334146
0.3427766351954669 5.239201265472033E-6 0.5788050848694907 | 0.00686984681933895 6.634686347413029E-4 -0.005904007845927829
0.43280028779224666 8.035064948996295E-8 0.7439827493641854 | 0.0011485174317688409 0.0025196103316330737 -0.007318837202511123
0.35178725486084494 7.382543621244406E-7 0.7305608266788157 | -0.004322871393573698 0.0010923644859078666 0.0075491808779700855
0.4000320790104578 0.030579945281581297 0.1430329623000609 | 0.004257854797077453 -4.044743926699446E-4 -0.008819613507934889
0.4000000226270778 0.10912067097922222 0.3072886271037523 | 6.512137951333892E-6 -0.8058549154701363 0.08618607745786865
0.40005340884219054 0.008304444262940146 0.3286253241751531 | 0.0031478246386155615 0.0014158459978751725 -0.007784630091478897
0.41835975789182317 8.152996040026818E-5 0.38783249528536373 | -0.003607879457906521 0.0030137146606318663 0.006346036461781064
0.4234853675202486 1.5462301539358013E-7 0.5543701795423857 | 0.0029115278016850527 8.425955005038174E-4 -0.008568076129236213
0.42645826093059447 2.422290297568114E-7 0.5428100940600957 | 2.9701603079073096E-4 0.0012427245736804612 0.008202020786661449
0.4326654201642717 3.3023156082803704E-5 0.7332537831601882 | -4.152139879233674E-4 0.003097532491579891 0.0066738371029057475
0.43738029481492374 3.774636254387536E-7 0.7442996310012704 | -0.007969338696920942 0.001455754990779129 -0.002687756821792621
0.49281015295922853 1.618941659119753E-6 0.06964834962191539 | -0.001285385941048399 0.002297614418498803 -0.00771085098301629
0.5126242887467216 1.1724073842523511E-6 0.3002601830794034 | 0.0033440147070406415 0.0016985811165743648 -0.007191587130301957
0.48562218135584695 6.082575573726679E-6 0.36896356245336537 | 9.747121484124237E-5 0.005487775451367867 5.703882102157594E-4
0.5541416134201673 1.3708207359082597E-5 0.4237214977079959 | -0.00839118329184297 7.342055632132311E-4 0.003270909990625578
0.5896370287227644 2.87167082857328E-7 0.5897185575790398 | -0.0042269452174151225 0.0030192653760690593 -0.005605536702037685
0.5022868144405324 3.84527813777019E-6 0.5817899225454594 | -1.0788349796845695E-4 0.004410869132453664 0.004792281775394619
0.5078459316673153 1.5130015089598253E-5 0.8378767857362613 | 8.002434979808926E-4 0.004348932291193028 0.004920993083773965
0.5125780703380964 9.549971471206328E-6 0.7415875324720516 | 0.007325331205427387 0.0021457282436987495 0.003200470236631028
0.5661329204870649 9.931200033290813E-5 0.20008112762972827 | -0.0029770884882477614 0.0017357082141882633 -0.008111061139343451
0.4938523162527461 9.97129396206731E-6 0.0676684644205966 | -0.004298652868656085 0.0028158301689892007 -0.005860467946069228
0.5787182496894752 3.571906568303744E-6 0.3427942244320894 | -0.00539629884988664 7.148887288321566E-4 0.007284721147137943
0.5425722448241529 1.643547456116253E-5 0.4266422948757272 | 0.008743044226837004 8.257241249949871E-4 0.001356811127375366
0.5812284892036867 4.5852067811086376E-6 0.5023915684599357 | 0.0030924950142779935 0.005000957443663881 2.941552681118839E-4
0.5895488702257363 1.2783646010098582E-5 0.5896399454279557 | -0.003345850386143024 0.0035811475668705178 -0.005315080874596002
0.5193911881725812 3.281813899823557E-5 0.7476822198351883 | 0.0016772500946206775 0.00520361001903801 -9.074709809139067E-4
0.5939603452486665 1.4342672824456237E-6 0.7269400797466132 | 0.0011762717147665688 9.954481735447904E-4 0.00865959226804498
0.6543965639518378 5.988675721035947E-7 0.14373744159269583 | 0.0010125671034396635 0.001356179472094345 -0.008612325977860191
0.6441446259829778 8.992093694509004E-8 0.21497370512762715 | -6.749176642629734E-5 0.005403532986856565 0.001626849732023048
0.744180134627864 9.008486106795962E-6 0.43284407785485524 | -0.007467241601894279 0.002404333555645906 0.0011745425549914198
0.7328588302725068 1.4516473375029179E-5 0.43261488053111247 | 0.006914554958145576 0.002927718456121767 -1.787502452309436E-5
0.8378843794012114 5.0201646455000935E-6 0.5078709776312659 | 0.0052802201562855994 0.0041652092789228375 8.323771240906245E-4
0.7480736137698384 1.9731123733285512E-4 0.5194955492139172 | -0.010237916751388146 0.02105256900281105 0.005209014017573222
0.740764023506461 2.2604241948760115E-6 0.7408081932909285 | -4.126449278201463E-4 0.005520846337193777 -4.193158903596387E-4
0.6863594395928329 1.923733287528099E-5 0.7936476698298007 | -0.004711199603786757 9.446721777271161E-4 0.0074513368677910944
0.7755541782602668 1.1479985447637645E-5 0.16581275463516873 | 0.006454155386250607 8.891834025276969E-4 -0.0062865193702049
0.7944259654653775 6.425700419292668E-7 0.25729476265022627 | 0.008665895521841178 0.001395903605396083 0.0014401342725224961
0.7305859373889841 2.7327223163783884E-7 0.35179253384957665 | 0.007829888561457589 0.001144962519971373 -0.0038296042921302257
0.744308615110117 6.835269755981887E-7 0.4373871115612239 | -0.0027460857694210027 0.0014174716027719034 -0.008003340873770123
0.741587953357087 1.0559873447019947E-5 0.5125775180699086 | 0.003104559066125629 0.002225691828798884 0.007285207770466458
0.7269413416285002 7.635776412637393E-7 0.5939845504531128 | 0.00857133947098977 0.0010945126693881555 0.0014316287487755222
0.7936460746985547 1.98468524450765E-5 0.6863608314215558 | 0.007397014576388662 0.0010097329649252091 -0.004719838779777296
0.7896547180742174 3.3462028921727534E-7 0.7896547403606216 | 0.00657127656125964 4.865534815337843E-4 0.006564999224810638
0.2252411249884605 0.4000002772006596 0.22524113243400132 | -0.0035771873975985673 0.004312709830593996 -0.003572738616489657
0.23617535161799136 0.40000151306119375 0.3417757589287807 | -0.004935107638059936 0.0012467910811858277 0.007214184372735117
0.23117454125310344 0.059118069242051485 0.40001265957067 | 0.004241654775706018 0.0044570752215264365 0.0020786457591348974
0.15698005395813494 0.023368391597449464 0.40002219130863664 | -0.00933763403617307 -6.938325699162292E-4 0.003346607286090428
0.07355829605192594 1.3084401387473767E-7 0.4929796902598548 | -0.008393501341829217 0.001605851177946633 -9.179763369290192E-4
0.1958512080144662 2.2950840422027722E-5 0.566170780261137 | -0.007360238289378138 0.002202578962106835 -0.003117184390658674
0.14533161919146603 1.7071662525860345E-6 0.6541914435898009 | -0.008612264419772414 0.0013844122976693909 8.740356078569124E-4
0.16796308735972254 2.2232537758213576E-5 0.7734557483124345 | -0.006521098411693184 8.146936952694589E-4 0.0062927477581329536
0.3417752611880985 0.40000161049353294 0.23617502387087874 | 0.007220939107433191 0.0012457842437435683 -0.004926521205355423
0.3434911296506791 0.4000071549112912 0.3434856740530108 | 0.0053596802967827125 0.0025284464501713743 0.005361063059266249
0.32308051939316385 0.02137734877384887 0.40005112938374143 | -0.0014018979479854415 -0.01265311118878466 0.007477486382120332
0.3157306885101661 0.10932405878547802 0.4000000208846354 | 0.008450705965072036 0.0016091060267457036 1.3482724791549158E-6
0.3007330558986833 5.060159915768262E-6 0.5123439285938687 | -0.0068171121659361495 0.001500452286209041 0.003344650118230329
0.1080955574561381 2.2568115359268583E-7 0.570227013903266 | 0.002883318151372127 0.005069101550381977 0.0018125426272695474
0.2066127838328461 6.124853449002236E-6 0.7163318388800656 | -0.003815599091210745 0.004119190190962737 0.003805683576446305
0.25736179776768553 3.275665371712407E-6 0.7941432903599162 | 0.0015159275634830072 0.0014106613998494941 0.008582625922565415
0.40000001956326 0.08197762117618938 0.24260128851576646 | 2.3819960231223603E-4 0.004908632436446144 0.0027771106356182258
0.40004435228217994 0.014007856636144046 0.3179109137569317 | 0.008124468601208665 -0.005495388751103232 0.007333317252163666
0.5097977291625425 4.5420133716179794E-5 0.5088872965019655 | -0.0025568380829020564 0.005143010775123361 -0.0018899030306664384
0.3244251744215106 0.011468726885118238 0.4000710345839161 | -0.004977167055861611 0.0021163392127978744 0.006215164280449891
0.37068840890812177 6.443322434519015E-6 0.4819736992608878 | -0.0012518746120318025 0.004161724888214314 0.004859314001569791
0.34713359041869674 8.100434782701592E-6 0.5763244378067971 | 0.0024872540036387993 0.0017234085626885137 -0.007870579097417943
0.33470914049206213 2.2234110170684252E-6 0.8339749908946475 | -0.005381048689389256 0.0013480062193595807 0.007461136126335283
0.35700616337511504 7.4145301731308005E-6 0.7516223616943728 | -0.008555595637950717 6.616631577562369E-4 0.0034648217951659737
0.40002692765447667 0.024108478037030787 0.15717257208441662 | 0.003254462159718564 -2.8927158983232785E-4 -0.009148313059119312
0.4000000027335371 0.11090618861206876 0.31313348576215383 | 4.125372591085557E-7 0.002604114390054291 0.007874763933941844
0.4000673796827386 0.010695120411129126 0.3244519920915291 | 0.005567251558069569 3.02417714665734E-4 -0.007379502074800186
0.394190807283515 5.731408034459221E-6 0.4038523407472753 | 0.006512378630468452 0.004059887407033977 0.001326349150949534
0.4274142026737747 4.284480390055848E-8 0.5451983665926461 | -0.00441921305070365 0.0019691659103009715 0.006277634526483288
0.42628687280220995 1.3295398523676774E-5 0.5429542968646885 | 7.004228904798568E-4 0.0012675721184421459 0.008165606309734305
0.43268043535682704 1.5463177917001672E-5 0.7332991877876873 | -4.5921232715740096E-4 0.0030976606406698066 0.006671900463673343
0.43691130095095415 1.961597915096788E-6 0.752734087771628 | -0.007451681870423257 0.0013960403520111107 -0.004208388489096165
0.49272821776075787 1.7892108403787924E-7 0.0731264109924674 | -9.494404107687212E-4 0.001667737510466483 -0.008339362533555007
0.5113228258185358 7.827215417737997E-6 0.30086285629701875 | 0.004079744296989964 0.0015512812884012513 -0.0069675390331662415
0.4856225988725462 1.40073206904738E-5 0.3689639285466728 | 8.786246204319784E-5 0.005488686971115574 5.529453547011626E-4
0.545234976276219 5.180020518955907E-8 0.42738690509633864 | 0.007769541539553103 0.0016521385335403567 -0.0029575388476386242
0.5112834035417795 5.787722150364453E-6 0.5114551349446671 | -0.0032284770597167107 0.003769902328681099 -0.004708715333412741
0.5022922620785103 9.067100552016901E-6 0.5817799279223752 | -1.390489599234413E-4 0.004396553227855064 0.004823779564651124
0.5077617595698879 3.5026369599760234E-7 0.8374627259743568 | 9.433046357197186E-4 0.003616079463174841 0.006153939488975246
0.5133874744167378 2.062639454348808E-6 0.7513586353471339 | 0.007689660573357397 0.0019280617401949728 -0.001840304857634412
0.5661536815789993 5.721859649460861E-5 0.19582139919714917 | -0.002709386824756215 0.002093800224152967 -0.007650451058695547
0.5720212549063604 1.1985982344575125E-5 0.1060782043560819 | 0.0013059488723933506 0.005189607552812958 0.0027535047223187256
0.5766992653352854 7.336994628156176E-7 0.3471105239768642 | -0.007376513127150248 0.0021013081543125285 0.002967582899325487
0.5433194415705626 2.006148475259977E-6 0.4267791717382035 | 0.00873576677469717 9.511197550033783E-4 9.633932429441201E-4
0.5812348386108961 5.269490902508437E-6 0.5023904659925017 | 0.0030055532359565115 0.00502511584565784 3.1259117582828246E-4
0.5896076951070887 5.602565259392675E-6 0.5896989642955113 | -0.003936620999609732 0.003170882350785238 -0.005585583130380542
0.5933634521689726 7.5016117323654025E-6 0.8592902880936913 | -0.004446162665109819 0.00224063882618083 0.006502307329549751
0.5888400869163034 2.8073029977311215E-6 0.7617824882613953 | 0.0033834178905155104 0.001658796286923007 0.007558568767753757
0.6542095268762281 1.4340332465938258E-6 0.1453294160752556 | 8.514528132390975E-4 0.0012819737756138514 -0.008690793985230568
0.71639716621879 2.1877661236008433E-5 0.20666344675830797 | 0.00422421094551699 0.003924912449811576 -0.003799947891575216
0.8357486971703169 4.001810578319112E-4 0.3342803297703139 | 0.047889638952900826 0.08379648055910302 -0.024029901168726508
0.7332639367695889 5.245030762306441E-7 0.432745346867637 | 0.006763742986416447 0.0030454777000304576 -4.0946345844097474E-4
0.837583326311085 7.4615826321873505E-6 0.5078082570382125 | 0.006089571034372001 0.003665963366609921 9.361145304845181E-4
0.8590536270319488 9.082936548416489E-6 0.5935275810115923 | 0.0064867891199824074 0.0022488737560782414 -0.004454132641850533
0.740766926878904 2.517867244457299E-6 0.740811230548161 | -5.008410764810557E-4 0.005513205035789066 -5.118132182638185E-4
0.686543578934081 4.064340398655342E-7 0.7944338506660011 | -0.004857488761904913 9.733049710729415E-4 0.007334917817831022
0.7735925814317509 3.8033062131482173E-6 0.16777383599136497 | 0.006304719880271812 8.213574188006334E-4 -0.006502609577559788
0.794167934090622 1.714688044946329E-6 0.2573509003211367 | 0.00871051779211747 0.0013520677486548282 0.0013862673732024087
0.7516446898088837 5.233789507682303E-6 0.357011673919892 | 0.003972381104745218 6.452616464206379E-4 -0.00837175865675096
0.7527365103987042 1.374213393020184E-6 0.4369070391621088 | -0.00405818345824251 0.0013873971894997833 -0.007560056212371837
0.7513658152661262 5.565480224297816E-6 0.513388072330912 | -0.001725763161884798 0.002010642167644257 0.007624590967478263
0.7617808201707355 2.2503452688063912E-6 0.5888389749859689 | 0.0075540378533044085 0.0017669045186472884 0.003286610435043192
0.7944304957633939 7.741988989509861E-7 0.6865459673290265 | 0.007277849114220988 0.0010390773272435988 -0.004867001238414216
0.7860554770408335 2.2564323165831466E-7 0.7860555174245097 | 0.006600138331194379 4.1545920132195967E-4 0.006593413098877464
0.2393892278999267 0.40000018324521935 0.23938924631536512 | -0.004824448901072668 0.0031802553520879416 -0.004816689631969595
0.2422307416645387 0.4000016262909018 0.34188467932271305 | -0.005362241870077781 0.0011337058367447107 0.007008286351768498
0.23951959242381704 0.009752685167656079 0.4000422830025912 | -0.006437346168558912 -0.007349022158662993 0.007698777095940916
0.19072605263100323 0.09412690832922926 0.4000000204165223 | -0.00478716211390479 0.00444961253354705 1.9113306108648567E-6
0.17299256508253275 3.794011934275273E-5 0.4744076158696507 | -0.00803606711591131 0.001695125956374379 7.194836921191499E-4
0.07923898284870387 5.11269271584872E-6 0.5823521985801908 | -0.005373022128582929 0.0022014737617469136 0.005842029409670265
0.14641192996084107 1.1591101741758605E-6 0.6542830962401859 | -0.008668345260261997 0.00133424994685417 7.142509733496529E-4
0.16996988155755244 2.5479178007102068E-5 0.7715597396365139 | -0.006753407564309863 7.675590542336908E-4 0.006091153428740125
0.3418846628590171 0.40000157416690624 0.24223061678701943 | 0.007010800814052876 0.0011330986165360387 -0.005359616292472238
0.34356941898490995 0.4000016311002601 0.3435651625503755 | 0.005284652182028922 0.002631012871153566 0.005280468395174521
0.32246788369618573 0.020823299950372996 0.4000064781084047 | 4.788143364460452E-4 -0.012476553932426247 0.007823240193386533
0.31061426444162016 0.1048042954340287 0.40000000030756133 | 0.006480912497653876 0.003440130930103791 1.7928743106250622E-6
0.2967009151116409 7.779772486753117E-6 0.5095676320638081 | -0.001378210206471042 0.001642786510919646 0.007459437042444013
0.07306147325471629 1.7249617163527003E-5 0.5878477430009603 | -0.00737090445108211 0.002017357345075413 0.0033571625360260017
0.20795635128386314 3.740740696899355E-6 0.7165564392918764 | -0.0062795212826467234 0.003410784606123361 0.001670832912631644
0.25770471993668687 2.2068838870153134E-5 0.7933826362120642 | 0.0011357620121037505 0.0013118562600037875 0.008720604182254614
0.4000384105442985 0.009385734299908887 0.2391835719049642 | 0.007833488571892765 -0.007292201757944137 -0.00728990671725784
0.40002679717474043 0.01103769107100662 0.31541497942226937 | 0.0059875293337282014 -0.0011310028448445553 0.008226358295475614
0.5040771643774702 7.318854155960957E-6 0.5034016414957238 | 0.00450171008149471 0.004604712423166598 0.004418969140167489
0.3199997557873648 0.013617960502566986 0.4001148919356643 | 0.006659957469072976 -5.662745502953654E-4 0.007377880894099775
0.3720846777752196 8.532972242250936E-6 0.48520348877187536 | -0.0041511090748324805 0.00373109650541469 -0.003983790438703484
0.34702038044405337 9.218194430493158E-6 0.575965837295166 | 0.003376946529777917 0.0019251067222261133 -0.0073391004565202984
0.35164509134397104 7.973560912991367E-7 0.7144179965273584 | -0.0020317812034152585 0.0011633128091124872 0.008534899932005817
0.3621894223044689 1.7970192963687146E-5 0.9114021624246703 | 2.38200821170286E-4 0.0013153491778074334 0.00868918428459818
0.4000000372735025 0.09564799436836811 0.19115023942740678 | 1.7204403302246489E-6 0.004355679183963413 -0.004980615382274531
0.4000000242103419 0.10458776940771057 0.3106064839018286 | 1.1245373529493327E-6 0.003954635059699843 0.006083606270538996
0.40010171260801136 0.01321574306437152 0.323842108105904 | 0.007073321957853278 -0.0032293576529528922 -0.00792091522010575
0.4076960416877267 3.2049964375060966E-6 0.4086763239628119 | 7.6223411897757E-4 0.005826927186155784 -0.0019857461102963624
0.42846577579635026 4.199161587637617E-6 0.5409964081881025 | -0.002949805018952439 0.001005784946885471 0.007743836073311976
0.42591027749343197 9.685190953449402E-7 0.5445862621074156 | 0.0019318093092355129 0.0017005653906351616 0.007670850195454656
0.43264846781196964 2.955578441588168E-6 0.7334852877745202 | -3.042611372978019E-4 0.003150209251379896 0.006613218067274977
0.4343467491744055 9.860772874817897E-6 0.9279855378641969 | -9.711726239148371E-4 0.002986988719186433 0.006994318328726069
0.4744557310169351 2.105100531354367E-6 0.17294581087765795 | 8.958630082902913E-4 0.001607066334026706 -0.008160172552441093
0.5096948002803741 4.38204881889739E-6 0.2961394893987545 | 0.0070742241751131 0.002157413659606468 -0.00262730423695956
0.48562462992109456 1.811353863003041E-6 0.36896253901317544 | 7.124603914389592E-6 0.005487073439027121 6.085883532535515E-4
0.5414388540239597 1.066601386612458E-7 0.42844524869996037 | 0.008487701706828448 7.207036454167532E-4 -0.002473533786909396
0.508460658651305 5.867936303849807E-7 0.5086333454084446 | 9.752488345694984E-6 0.0055472677171843465 -0.002151560112913207
0.5022891897816152 1.5697021416301722E-6 0.5817821430381691 | -1.2030685480397693E-4 0.0043980838255307025 0.004820798043936798
0.5074782700773148 5.144488456099037E-6 0.8367512569407809 | 0.0016620969578165401 0.0028168805776214202 0.007066272586149515
0.5070378972914792 6.223873947178316E-7 0.9288220651051893 | -7.641516929162446E-4 0.0021439020104047526 0.007934463369493371
0.5821638070487325 9.743101451858746E-6 0.07951825057407494 | 0.005817322757569636 0.0025988333258881516 -0.004798264897608632
0.587672798490378 1.754391729148517E-5 0.07374177008061576 | 0.003016499573946863 0.002405027285536143 -0.00711871208520166
0.5767932452458153 1.7578779569255856E-5 0.34722282916096703 | -0.007637851292138166 0.0020691017311489975 0.002312560435937822
0.5450333847701865 1.5931275893261078E-6 0.4256194303445393 | 0.0068831676422716585 0.0011885092753487776 0.005324156821337273
0.5812276324296107 2.6602819606085393E-6 0.5023917925209116 | 0.0031063497224793264 0.004997078914308488 2.901455955010154E-4
0.5898656503515507 2.2737013604558417E-5 0.5899562278918156 | -0.005092005794300151 0.002211213032058425 -0.006034029222707089
0.6340906742277126 0.010576433288027482 0.752875409910521 | -0.009624770574897815 -0.26311556290518845 0.007554405488217151
0.5760221869900171 6.029829802502752E-6 0.9144600206683774 | -0.002308815396906473 0.001356585664815685 0.008347277452991218
0.6542960722089592 4.732565267566853E-7 0.14646427534059026 | 6.846299461351397E-4 0.0012379104580356644 -0.008741883020007186
0.7166400034424212 3.205788799802027E-7 0.20799986230923634 | 0.002291854787936731 0.003370686087278055 -0.006095205887371324
0.7095646493889748 4.2752537600202555E-6 0.3536843580723861 | 0.008384185890812865 0.0014740432587386871 -0.001967984340057295
0.7328546195092547 3.917014758639748E-5 0.43265173048044037 | 0.006889185812461208 0.0029477251851811603 -1.53155935508847E-4
0.8368996723230997 1.3525897993789224E-5 0.507568756978613 | 0.007033739566600996 0.002881192211871655 0.0014963576208171976
0.7531667986854572 0.012866047439442687 0.6337861916924207 | 0.008097840956267114 -0.2633112057107241 -0.009911067932582165
0.740763135057503 6.7846961914245285E-6 0.7408072475141695 | -3.8438384133944914E-4 0.00552299301688296 -3.892194500522372E-4
0.6868205299852469 6.3192304526911555E-6 0.7938661003745879 | -0.004926366104725404 9.207216535592139E-4 0.007333480452847599
0.7717508044161708 2.585389320303673E-7 0.16974346742940138 | 0.006105086785598218 7.732803848161004E-4 -0.006735185894394821
0.7934061318376642 1.7490127120886473E-5 0.25769305684693117 | 0.008839367626082806 0.0012543632056914594 0.0010199879993237461
0.9113934226877716 2.2785118947999958E-5 0.3621964593241436 | 0.008715381332225835 0.001307086794736576 4.4973583373499726E-4
0.9279869666374027 4.250936375135607E-6 0.43435100167944996 | 0.0070029777068883825 0.002979980949068308 -9.703927526120707E-4
0.9288071846723568 1.5810225995730586E-6 0.5070365279908844 | 0.007955323401743356 0.0021227398825976796 -7.598328587271061E-4
0.9144627639211115 4.497365613203612E-6 0.576018166835132 | 0.008340584453211604 0.0013609134354818002 -0.002320031762258282
0.7938646948091735 6.655385290485582E-6 0.6868219395876414 | 0.007279867201078314 9.831367416567025E-4 -0.004935593259465004
0.7819680391913703 1.1863498482709908E-6 0.7819681357709999 | 0.006614583057458584 3.7105344113995E-4 0.006607327635512703
0.25213007088753747 0.40000718712305305 0.2521300802829471 | -0.005277194784833908 0.002631658979931091 -0.005279169893931972
0.2498498871448597 0.4000012233897605 0.33922821154863536 | -0.004605073459260507 9.461448057535445E-4 0.007686902014342124
0.22447106609113476 0.036279925627676235 0.40002392698141576 | -0.002396264203574598 -0.012490812659819517 0.007527790946652735
0.2077141767401545 0.10593579083915831 0.4000000520288864 | -0.005521318400204457 0.004071891181246239 5.921237827226776E-7
0.2329059923053287 7.609605290386299E-6 0.4794849750366263 | -0.007525801595554682 0.0035958856317637477 0.0010736337044421347
0.19636832841082616 9.894749267071371E-5 0.5663767454517299 | -0.007414773082696763 0.0021193522201526094 -0.0032199735488147607
0.14933298995757707 1.4709061305156777E-6 0.653856133786227 | -0.008745820813721624 0.0012519690901026611 5.86721842830891E-4
0.1871550320669699 3.6796810991771356E-6 0.7575307876622696 | -0.008859624994083487 0.0010279959423747866 9.491038196375877E-4
0.33922818798137083 0.4000012065294853 0.24984966577103243 | 0.0076843388794814935 9.459975370119693E-4 -0.00460941847996332
0.3436430936977415 0.40000239507411595 0.3436374705888695 | 0.0051886655720552455 0.002749728766412371 0.005191041619184157
0.3155671594336643 3.101728600534738E-5 0.4473060335161748 | -0.00293301541002896 0.0044735797103763 0.002045178737580845
0.32453173443567884 0.09394467513155105 0.40000004741487893 | 0.0032669451436809845 0.005009284789082945 4.5711782164356656E-5
0.30098907084152743 8.084229075880809E-6 0.5113693756539126 | -0.006478729377468813 0.0014051042331442848 0.004143932561044937
0.26649991960841823 2.216419867368409E-6 0.5913283247457276 | 0.0032115125085147426 0.001527215498731938 -0.007500510441905917
0.21552537608681296 5.985948633848913E-6 0.7170747420644855 | -0.00825083456534027 0.0017697018013543193 -2.7992053001776597E-4
0.2590417315869733 3.7986621992752047E-6 0.791025852507135 | 8.779521815098684E-5 0.0010697419197841637 0.008978754029031234
0.400003851577182 0.03643984819583155 0.22430512094691094 | 0.007941246886217598 -0.012330848016483646 -0.002980498975456989
0.45771200004243257 9.132165406207078E-5 0.3057923003159465 | 0.00186989995466532 0.004060339584656108 -0.0053899094688269825
0.49879091967319883 5.3208438555669356E-6 0.49888350035452644 | 0.006328738012591943 0.003811974275658408 0.00519773257440952
0.31791003227685094 4.1378798213262765E-4 0.4000403170127112 | 0.004297748259990075 0.0032585507451247677 0.004808363242523504
0.3735275519790896 1.179783800799194E-6 0.4843761980418473 | -0.006427058422359248 0.0031590819340681442 -0.0011964446962469092
0.34440753475015823 2.513691107498894E-6 0.5751016607056184 | 0.008601922022063982 0.001071310663015685 -0.0018321973795723816
0.36534115928733213 3.412001310488177E-6 0.649789840173531 | -0.0017725339132883316 4.721856625255152E-4 0.00926437744625559
0.3498514454841719 2.1111282667957754E-6 0.7433066440663195 | -0.0050993383615866965 0.0015627656244194725 0.006735898611820592
0.40000000387106793 0.10501561133965888 0.2066776273110269 | 1.24300777355865E-6 0.004246267332968396 -0.0052103468173757845
0.40000001121700013 0.09358937797834797 0.32480018881204803 | 1.5103247637741001E-5 0.005230310089135561 0.003893686009825855
0.4000849567894462 1.9770106877162934E-4 0.31205791091387225 | 0.005576655728911743 0.0017202286804740526 0.006105101724930304
0.42459281711597535 5.818960094014603E-6 0.42565349273249337 | -0.004019358185592152 0.004246213400213041 -0.005845308224417942
0.428854075726197 4.662777838337452E-7 0.5399527091987091 | -0.0029894962668818937 9.260824256639483E-4 0.007742794055989408
0.44439315552384 3.2886313045486963E-7 0.6413002163891107 | -0.0068794438718613555 0.003060387341531343 5.410269444133626E-4
0.43193899257742924 3.8882715235770334E-5 0.7278687042876494 | 2.692219682761748E-4 0.002105671807942513 0.007737425523939593
0.427278090236816 1.6679669932938349E-6 0.8404157360018067 | -0.008037350183119817 0.0016744184061047026 0.0024145792706920166
0.4795266503174804 7.290074004037632E-6 0.23290298641226298 | 4.73773254286152E-4 0.004257353825783413 -0.00559979892001124
0.5105562667012554 3.441802862990557E-6 0.3010470839605544 | 0.004493367519573706 0.001499743471647661 -0.006769321837751592
0.4856216472726938 4.129069960731121E-6 0.3689622598225251 | 1.1297243911639457E-4 0.005485612473245859 6.09113021954513E-4
0.5397224174452131 1.4285666554095904E-6 0.429042619615321 | 0.00843699182282744 6.124614706734697E-4 -0.0026001137538535367
0.5344864026165003 7.872713841860204E-6 0.5346634581227684 | -0.0057014819517570104 0.002071327296760259 -0.006559092010519078
0.5022888603077513 1.208369055780941E-6 0.581782509369161 | -1.1832267715851776E-4 0.004398560617797304 0.004819775197626931
0.5145467619750319 6.512959772887733E-6 0.7321090918252116 | 0.005094835226194166 0.0025131545629907583 0.006230258276535807
0.5107996849702265 5.799392727484908E-6 0.8337735720027316 | -0.004896486845106428 0.0012428560127285403 0.007238233645625814
0.5664411600149534 1.3175351986811505E-5 0.19599196690243217 | -0.0028588475546756443 0.002041710201720092 -0.0076354652833895914
0.5914008279378598 9.289400206586728E-7 0.26649606689994776 | -0.007314943443845789 0.0015506181205454355 0.003664953910531731
0.5755531383207215 1.1406122436503419E-7 0.344493983003014 | -8.224965089521459E-4 0.001151087974648835 0.00873127199569619
0.6412222711575998 3.251309269113167E-6 0.4445835356736574 | 6.581605501202786E-4 0.003019209877754176 -0.007043952357105047
0.581235877422698 1.4737727626433497E-6 0.5023903896079476 | 0.0029959118044856144 0.005027750100970526 3.134974912069533E-4
0.5896335973593002 2.737871064349771E-9 0.5897192234520232 | -0.00417920418962434 0.0030240171226588357 -0.005634094003256716
0.6035273862705279 2.1191547967131957E-6 0.6668336652560404 | -0.001582246760471935 5.318720269171057E-4 0.009066192733690682
0.58473452064231 4.950980420608395E-6 0.7949387181928382 | 0.003275550144037029 0.0015353732866550673 0.007693711541978783
0.6538699406777032 6.399890183007166E-7 0.1493343340802689 | 5.570858580913115E-4 0.001172450517254086 -0.00880580245950793
0.7171318855559878 3.9222027172945776E-7 0.21556626398244877 | 1.6868042349467637E-5 0.0017233446706135989 -0.008265063584804036
0.6502873561608515 1.3531591588228827E-6 0.36521560827499744 | 0.008198742601801088 0.0018571708144384878 -0.001422662428591041
0.7270338088680106 1.133963917163784E-5 0.43184169015427326 | 0.00789172855438157 0.0019403143924221476 5.370428920483684E-4
0.7321494270864868 2.3220597970458168E-6 0.5145494293055952 | 0.00611411021483837 0.002629815631290708 0.005091485163355144
0.6667484383450795 9.97745957873526E-7 0.6034581443682007 | 0.008984283253061665 5.373988672997638E-4 -0.002009457165361566
0.6979070154695667 3.4090037499737413E-6 0.6978961267887843 | -0.006504223478560819 4.597259675647363E-4 -0.0065662926714482135
0.6845873050085686 8.76714800477607E-6 0.7900146173373267 | -0.003824556487646722 8.742312333960834E-4 0.007988930589983661
0.7575272874415229 3.5522181371723937E-6 0.1871561124456033 | 8.667812215591747E-4 0.001036505372110273 -0.008861620696590784
0.7910485506546248 6.401319418613238E-7 0.25903068390415546 | 0.009079175942255525 0.0010184117869645392 -3.0084176184851542E-6
0.7433598272626595 8.872058021329775E-6 0.3498568288061868 | 0.0075483859872233754 0.00143718246159985 -0.0040636453278537375
0.8404772738779821 1.0000170610394276E-5 0.4273359647787492 | 0.002607146340484379 0.0016737771993126248 -0.00798174808361755
0.8337789171407595 7.996825525299716E-6 0.510692477356106 | 0.007377059817903919 0.0012480583490247258 -0.004693260897159693
0.7949393381819183 2.509567504380568E-6 0.5847268494825159 | 0.007585615680400669 0.001654587484812296 0.0032695322133810757
0.7900134649013624 9.087243775810013E-6 0.6845884312150187 | 0.00794156387891328 9.41177951334282E-4 -0.0038300718867203096
0.7407628746288331 5.332241656225533E-6 0.7408069707742433 | -3.767370975099476E-4 0.005523548641147965 -3.8105890916531886E-4
