512
0.2818568086618568 0.7789853913381436 0.2818568086618568 | 0.0 -1.6599999999999966 0.0
0.27849466706876 0.7823475329312405 0.3461602082507581 | 0.0 -1.6599999999999966 0.0
0.276952378166195 0.7838898218338054 0.39946576000740186 | 0.0 -1.6599999999999966 0.0
0.2767189959742069 0.7841232040257929 0.44994915824580833 | 0.0 -1.6599999999999966 0.0
0.27671899597420685 0.7841232040257929 0.500050841754192 | 0.0 -1.6599999999999966 0.0
0.27695237816619495 0.7838898218338054 0.5505342399925982 | 0.0 -1.6599999999999966 0.0
0.27849466706876 0.7823475329312406 0.6038397917492418 | 0.0 -1.6599999999999966 0.0
0.28185680866185686 0.7789853913381437 0.6681431913381434 | 0.0 -1.6599999999999966 0.0
0.3461602082507581 0.7823475329312405 0.27849466706876 | 0.0 -1.6599999999999966 0.0
0.34497730789506353 0.7855155816424416 0.34497730789506353 | 0.0 -1.6599999999999966 0.0
0.34402345967899767 0.7872363407049051 0.3993460626933873 | 0.0 -1.6599999999999966 0.0
0.34376690023489925 0.7875917368260487 0.44992853404721767 | 0.0 -1.6599999999999966 0.0
0.34376690023489914 0.7875917368260485 0.500071465952783 | 0.0 -1.6599999999999966 0.0
0.34402345967899767 0.7872363407049053 0.5506539373066128 | 0.0 -1.6599999999999966 0.0
0.34497730789506353 0.7855155816424417 0.605022692104937 | 0.0 -1.6599999999999966 0.0
0.34616020825075816 0.7823475329312406 0.6715053329312403 | 0.0 -1.6599999999999966 0.0
0.3994657600074019 0.7838898218338054 0.276952378166195 | 0.0 -1.6599999999999966 0.0
0.3993460626933873 0.7872363407049051 0.34402345967899767 | 0.0 -1.6599999999999966 0.0
0.39916046825428736 0.7890592707822613 0.39916046825428736 | 0.0 -1.6599999999999966 0.0
0.39898886813598367 0.7894864595112112 0.44992211942839416 | 0.0 -1.6599999999999966 0.0
0.398988868135984 0.7894864595112111 0.5000778805716056 | 0.0 -1.6599999999999966 0.0
0.39916046825428736 0.7890592707822617 0.5508395317457114 | 0.0 -1.6599999999999966 0.0
0.3993460626933871 0.7872363407049054 0.6059765403210022 | 0.0 -1.6599999999999966 0.0
0.39946576000740197 0.7838898218338055 0.6730476218338052 | 0.0 -1.6599999999999966 0.0
0.44994915824580833 0.7841232040257929 0.2767189959742069 | 0.0 -1.6599999999999966 0.0
0.44992853404721767 0.7875917368260487 0.3437669002348993 | 0.0 -1.6599999999999966 0.0
0.44992211942839416 0.7894864595112112 0.3989888681359838 | 0.0 -1.6599999999999966 0.0
0.4498978133266994 0.789962369865818 0.44989781332669937 | 0.0 -1.6599999999999966 0.0
0.44989781332669965 0.7899623698658182 0.5001021866733001 | 0.0 -1.6599999999999966 0.0
0.44992211942839416 0.7894864595112113 0.5510111318640165 | 0.0 -1.6599999999999966 0.0
0.44992853404721755 0.7875917368260488 0.6062330997651008 | 0.0 -1.6599999999999966 0.0
0.4499491582458084 0.7841232040257929 0.6732810040257926 | 0.0 -1.6599999999999966 0.0
0.500050841754192 0.7841232040257929 0.27671899597420685 | 0.0 -1.6599999999999966 0.0
0.5000714659527828 0.7875917368260485 0.34376690023489914 | 0.0 -1.6599999999999966 0.0
0.5000778805716057 0.789486459511211 0.398988868135984 | 0.0 -1.6599999999999966 0.0
0.5001021866733001 0.7899623698658182 0.44989781332669965 | 0.0 -1.6599999999999966 0.0
0.5001021866733 0.7899623698658184 0.5001021866733 | 0.0 -1.6599999999999966 0.0
0.5000778805716056 0.7894864595112111 0.5510111318640164 | 0.0 -1.6599999999999966 0.0
0.5000714659527831 0.7875917368260489 0.6062330997651008 | 0.0 -1.6599999999999966 0.0
0.500050841754192 0.7841232040257929 0.6732810040257926 | 0.0 -1.6599999999999966 0.0
0.5505342399925982 0.7838898218338054 0.27695237816619495 | 0.0 -1.6599999999999966 0.0
0.5506539373066128 0.7872363407049053 0.34402345967899767 | 0.0 -1.6599999999999966 0.0
0.5508395317457114 0.7890592707822618 0.39916046825428736 | 0.0 -1.6599999999999966 0.0
0.5510111318640165 0.7894864595112113 0.44992211942839416 | 0.0 -1.6599999999999966 0.0
0.5510111318640164 0.7894864595112111 0.5000778805716056 | 0.0 -1.6599999999999966 0.0
0.5508395317457114 0.7890592707822619 0.5508395317457114 | 0.0 -1.6599999999999966 0.0
0.5506539373066128 0.7872363407049053 0.6059765403210022 | 0.0 -1.6599999999999966 0.0
0.5505342399925982 0.7838898218338055 0.6730476218338052 | 0.0 -1.6599999999999966 0.0
0.6038397917492418 0.7823475329312406 0.27849466706876 | 0.0 -1.6599999999999966 0.0
0.605022692104937 0.7855155816424417 0.34497730789506353 | 0.0 -1.6599999999999966 0.0
0.6059765403210022 0.7872363407049054 0.3993460626933871 | 0.0 -1.6599999999999966 0.0
0.6062330997651008 0.7875917368260488 0.44992853404721755 | 0.0 -1.6599999999999966 0.0
0.6062330997651008 0.7875917368260489 0.5000714659527831 | 0.0 -1.6599999999999966 0.0
0.6059765403210022 0.7872363407049053 0.5506539373066128 | 0.0 -1.6599999999999966 0.0
0.6050226921049369 0.7855155816424417 0.6050226921049368 | 0.0 -1.6599999999999966 0.0
0.6038397917492418 0.7823475329312406 0.6715053329312403 | 0.0 -1.6599999999999966 0.0
0.6681431913381434 0.7789853913381437 0.2818568086618568 | 0.0 -1.6599999999999966 0.0
0.6715053329312403 0.7823475329312406 0.34616020825075816 | 0.0 -1.6599999999999966 0.0
0.6730476218338052 0.7838898218338055 0.39946576000740197 | 0.0 -1.6599999999999966 0.0
0.6732810040257926 0.7841232040257929 0.4499491582458084 | 0.0 -1.6599999999999966 0.0
0.6732810040257926 0.7841232040257929 0.500050841754192 | 0.0 -1.6599999999999966 0.0
0.6730476218338053 0.7838898218338055 0.5505342399925982 | 0.0 -1.6599999999999966 0.0
0.6715053329312403 0.7823475329312406 0.6038397917492418 | 0.0 -1.6599999999999966 0.0
0.6681431913381434 0.7789853913381437 0.6681431913381434 | 0.0 -1.6599999999999966 0.0
0.2784946670687593 0.7146819917492437 0.2784946670687593 | -8.55787787965524E-27 -1.6599999999999966 -8.55787787965524E-27
0.2753266183575562 0.7158648921049411 0.34497730789506287 | -1.1401263097457307E-25 -1.6599999999999966 -1.1401263097457307E-25
0.2736058592950913 0.7168187403210075 0.3993460626933868 | -2.2841747200689946E-25 -1.6599999999999966 -2.2841747200689946E-25
0.2732504631739475 0.717075299765107 0.4499285340472177 | -1.666647768462369E-25 -1.6599999999999966 -1.666647768462369E-25
0.27325046317394797 0.7170752997651063 0.5000714659527841 | -5.855136308221406E-26 -1.6599999999999966 -5.855136308221406E-26
0.2736058592950929 0.7168187403210053 0.5506539373066137 | -9.739325412745708E-27 -1.6599999999999966 -9.739325412745708E-27
0.2753266183575584 0.7158648921049379 0.6050226921049373 | -5.492474576978469E-28 -1.6599999999999966 -5.492474576978469E-28
0.27849466706876 0.7146819917492422 0.6715053329312403 | -1.7825002919662114E-30 -1.6599999999999966 -1.7825002919662114E-30
0.34497730789506287 0.7158648921049411 0.2753266183575562 | -1.1401263097457314E-25 -1.6599999999999966 -1.1401263097457314E-25
0.34317844283235355 0.717663757167647 0.34317844283235355 | -1.3898821960348561E-24 -1.6599999999999966 -1.3898821960348561E-24
0.3420178110237964 0.7188243889762032 0.39903727865656013 | -2.725836762533079E-24 -1.6599999999999966 -2.725836762533079E-24
0.3415794766652441 0.7192627233347587 0.44989839742205956 | -2.1593614377014654E-24 -1.6599999999999966 -2.1593614377014654E-24
0.34157947666524335 0.7192627233347645 0.5001016025779423 | -9.335066158791332E-25 -1.6599999999999966 -9.335066158791332E-25
0.34201781102379547 0.718824388976213 0.5509627213434424 | -2.188744906513522E-25 -1.6599999999999966 -2.188744906513522E-25
0.3431784428323551 0.7176637571676487 0.606821557167647 | -1.9974110432028777E-26 -1.6599999999999966 -1.9974110432028777E-26
0.3449773078950636 0.7158648921049375 0.6746733816424417 | -2.4352779342997776E-28 -1.6599999999999966 -2.4352779342997776E-28
0.3993460626933868 0.7168187403210075 0.2736058592950913 | -2.2841747200689983E-25 -1.6599999999999966 -2.2841747200689983E-25
0.39903727865656013 0.7188243889762032 0.3420178110237964 | -2.7258367625330788E-24 -1.6599999999999966 -2.7258367625330788E-24
0.3987166170643955 0.7202229086550188 0.39871661706439543 | -5.491758856572976E-24 -1.6599999999999966 -5.491758856572976E-24
0.39843038179781737 0.7207812429392718 0.44989282893400157 | -4.509694219873857E-24 -1.6599999999999966 -4.509694219873857E-24
0.39843038179781715 0.7207812429392813 0.5001071710660001 | -2.1012569951853687E-24 -1.6599999999999966 -2.1012569951853687E-24
0.3987166170643959 0.7202229086550347 0.5512833829356091 | -5.4468281815392595E-25 -1.6599999999999966 -5.4468281815392595E-25
0.3990372786565621 0.7188243889762074 0.6079821889762048 | -5.745909753782614E-26 -1.6599999999999966 -5.745909753782614E-26
0.3993460626933871 0.7168187403210029 0.6763941407049057 | -1.011757630648401E-27 -1.6599999999999966 -1.011757630648401E-27
0.4499285340472177 0.717075299765107 0.2732504631739475 | -1.6666477684623684E-25 -1.6599999999999966 -1.6666477684623684E-25
0.44989839742205956 0.7192627233347587 0.3415794766652441 | -2.1593614377014698E-24 -1.6599999999999966 -2.1593614377014698E-24
0.4498928289340015 0.7207812429392718 0.39843038179781737 | -4.5096942198738595E-24 -1.6599999999999966 -4.5096942198738595E-24
0.44984875660753515 0.7214249705762691 0.44984875660753515 | -3.530888594823395E-24 -1.6599999999999966 -3.530888594823395E-24
0.4498487566075366 0.7214249705762765 0.5001512433924695 | -1.5473854133145025E-24 -1.6599999999999966 -1.5473854133145025E-24
0.4498928289340047 0.7207812429392824 0.5515696182021864 | -3.6202198697111775E-25 -1.6599999999999966 -3.6202198697111775E-25
0.4498983974220616 0.7192627233347569 0.6084205233347546 | -3.1959102738031783E-26 -1.6599999999999966 -3.1959102738031783E-26
0.4499285340472176 0.7170752997651012 0.6767495368260491 | -4.123360502266966E-28 -1.6599999999999966 -4.123360502266966E-28
0.5000714659527841 0.7170752997651063 0.27325046317394797 | -5.855136308221412E-26 -1.6599999999999966 -5.855136308221412E-26
0.5001016025779423 0.7192627233347645 0.34157947666524335 | -9.335066158791344E-25 -1.6599999999999966 -9.335066158791344E-25
0.5001071710660001 0.7207812429392813 0.39843038179781715 | -2.1012569951853727E-24 -1.6599999999999966 -2.1012569951853727E-24
0.5001512433924695 0.7214249705762765 0.4498487566075366 | -1.5473854133145025E-24 -1.6599999999999966 -1.5473854133145025E-24
0.5001512433924705 0.7214249705762776 0.5001512433924705 | -6.196361533307785E-25 -1.6599999999999966 -6.196361533307785E-25
0.5001071710660011 0.7207812429392793 0.5515696182021854 | -1.2626451152914225E-25 -1.6599999999999966 -1.2626451152914225E-25
0.5001016025779405 0.7192627233347545 0.608420523334753 | -8.707044100686112E-27 -1.6599999999999966 -8.707044100686112E-27
0.5000714659527831 0.717075299765101 0.6767495368260488 | -6.868804757931535E-29 -1.6599999999999966 -6.868804757931535E-29
0.5506539373066137 0.7168187403210053 0.2736058592950929 | -9.739325412745725E-27 -1.6599999999999966 -9.739325412745725E-27
0.5509627213434424 0.718824388976213 0.34201781102379547 | -2.1887449065135264E-25 -1.6599999999999966 -2.1887449065135264E-25
0.5512833829356091 0.7202229086550347 0.3987166170643959 | -5.446828181539261E-25 -1.6599999999999966 -5.446828181539261E-25
0.5515696182021864 0.7207812429392824 0.4498928289340047 | -3.6202198697111784E-25 -1.6599999999999966 -3.6202198697111784E-25
0.5515696182021854 0.7207812429392793 0.5001071710660011 | -1.262645115291423E-25 -1.6599999999999966 -1.262645115291423E-25
0.5512833829356057 0.7202229086550259 0.5512833829356057 | -2.1614455739493886E-26 -1.6599999999999966 -2.1614455739493886E-26
0.5509627213434376 0.7188243889762024 0.6079821889762017 | -1.106186046250642E-27 -1.6599999999999966 -1.106186046250642E-27
0.5506539373066128 0.7168187403210023 0.6763941407049051 | -4.812857277701346E-30 -1.6599999999999966 -4.812857277701346E-30
0.6050226921049373 0.7158648921049379 0.2753266183575584 | -5.49247457697846E-28 -1.6599999999999966 -5.49247457697846E-28
0.606821557167647 0.7176637571676487 0.3431784428323551 | -1.9974110432028797E-26 -1.6599999999999966 -1.9974110432028797E-26
0.6079821889762048 0.7188243889762074 0.3990372786565621 | -5.745909753782619E-26 -1.6599999999999966 -5.745909753782619E-26
0.6084205233347546 0.7192627233347569 0.4498983974220616 | -3.195910273803182E-26 -1.6599999999999966 -3.195910273803182E-26
0.608420523334753 0.7192627233347545 0.5001016025779405 | -8.70704410068613E-27 -1.6599999999999966 -8.70704410068613E-27
0.6079821889762017 0.7188243889762024 0.5509627213434376 | -1.1061860462506428E-27 -1.6599999999999966 -1.1061860462506428E-27
0.6068215571676442 0.7176637571676444 0.6068215571676442 | -3.8698845364301904E-29 -1.6599999999999966 -3.8698845364301904E-29
0.6050226921049369 0.7158648921049372 0.6746733816424414 | -7.923520919781811E-32 -1.6599999999999966 -7.923520919781811E-32
0.6715053329312403 0.7146819917492422 0.27849466706876 | -1.7825002919662173E-30 -1.6599999999999966 -1.7825002919662173E-30
0.6746733816424417 0.7158648921049375 0.3449773078950636 | -2.4352779342997857E-28 -1.6599999999999966 -2.4352779342997857E-28
0.6763941407049057 0.7168187403210029 0.3993460626933871 | -1.0117576306484015E-27 -1.6599999999999966 -1.0117576306484015E-27
0.6767495368260491 0.7170752997651012 0.4499285340472176 | -4.123360502266978E-28 -1.6599999999999966 -4.123360502266978E-28
0.6767495368260488 0.717075299765101 0.5000714659527831 | -6.86880475793156E-29 -1.6599999999999966 -6.86880475793156E-29
0.6763941407049051 0.7168187403210023 0.5506539373066128 | -4.8128572777013465E-30 -1.6599999999999966 -4.8128572777013465E-30
0.6746733816424414 0.7158648921049372 0.6050226921049369 | -7.923520919781804E-32 -1.6599999999999966 -7.923520919781804E-32
0.6715053329312403 0.7146819917492421 0.6715053329312403 | -2.335988353034968E-35 -1.6599999999999966 -2.335988353034968E-35
0.27695237816608187 0.6613764399929226 0.27695237816608187 | -3.4396969608496564E-22 -1.6599999999999966 -3.4396969608496117E-22
0.273605859294526 0.6614961373077554 0.34402345967878756 | -5.214358234407056E-21 -1.6599999999999966 -4.031646610681762E-21
0.27178292921691494 0.6616817317472516 0.3991604682542781 | -1.0876204278382815E-20 -1.6599999999999966 -5.164923081296218E-21
0.27135574048822614 0.6618533318652017 0.4499221194286103 | -7.465610848678424E-21 -1.6599999999999966 -2.9321350741098626E-21
0.27135574048862576 0.6618533318645309 0.5000778805718055 | -2.3662954691999092E-21 -1.6599999999999966 -7.903890044768605E-22
0.2717829292177787 0.6616817317458037 0.5508395317457806 | -3.336230497529717E-22 -1.6599999999999966 -9.176909804892092E-23
0.2736058592951038 0.6614961373066264 0.6059765403210169 | -1.3051754307760798E-23 -1.6599999999999966 -2.6795322636517993E-24
0.2769523781661948 0.6613764399925995 0.6730476218338064 | -3.3434271932474456E-28 -1.6599999999999966 -3.0511724604916903E-28
0.34402345967878756 0.6614961373077554 0.273605859294526 | -4.031646610681796E-21 -1.6599999999999966 -5.214358234406995E-21
0.3420178110226986 0.6618049213471603 0.3420178110226986 | -5.527150839889786E-20 -1.6599999999999966 -5.527150839889742E-20
0.340619291343503 0.6621255829404266 0.39871661706416894 | -1.1057287887150675E-19 -1.6599999999999966 -7.152445359663042E-20
0.3400609570593955 0.6624118182067951 0.4498928289349652 | -8.317490886454072E-20 -1.6599999999999966 -4.565663630247553E-20
0.34006095706003 0.6624118182049783 0.5001071710672029 | -3.274186256540251E-20 -1.6599999999999966 -1.5839001916152294E-20
0.34061929134489677 0.6621255829362851 0.5512833829360506 | -6.593620831463735E-21 -1.6599999999999966 -2.7773992051234798E-21
0.3420178110238472 0.6618049213433569 0.6079821889761275 | -4.620628107883163E-22 -1.6599999999999966 -1.5826643446801757E-22
0.34402345967899683 0.6614961373066007 0.6763941407048885 | -3.707476892282925E-24 -1.6599999999999966 -8.474394680764075E-25
0.3991604682542781 0.6616817317472516 0.27178292921691494 | -5.164923081296222E-21 -1.6599999999999966 -1.0876204278382682E-20
0.39871661706416894 0.6621255829404266 0.340619291343503 | -7.152445359663058E-20 -1.6599999999999966 -1.1057287887150571E-19
0.39835120077448266 0.6624909992315041 0.3983512007744827 | -1.4675785815998826E-19 -1.6599999999999966 -1.4675785815998768E-19
0.39799228835357336 0.662849911652479 0.449905453940155 | -1.0763319453667714E-19 -1.6599999999999966 -9.737483795516516E-20
0.3979922883537784 0.6628499116502115 0.5000945460628039 | -4.1612981256746533E-20 -1.6599999999999966 -3.634303600154866E-20
0.39835120077491837 0.6624909992262238 0.5516487992258273 | -8.00576751671367E-21 -1.6599999999999966 -6.982028878129005E-21
0.39871661706444655 0.6621255829354928 0.6093807086549187 | -5.030953791398249E-22 -1.6599999999999966 -4.528094869201917E-22
0.39916046825428847 0.6616817317456888 0.6782170707822305 | -3.854830927197904E-24 -1.6599999999999966 -3.727682358644049E-24
0.4499221194286103 0.6618533318652017 0.27135574048822614 | -2.9321350741098506E-21 -1.6599999999999966 -7.465610848678314E-21
0.4498928289349652 0.6624118182067951 0.3400609570593955 | -4.5656636302475514E-20 -1.6599999999999966 -8.317490886453976E-20
0.4499054539401551 0.662849911652479 0.3979922883535733 | -9.737483795516534E-20 -1.6599999999999966 -1.076331945366767E-19
0.4498535550775982 0.6632664574998128 0.4498535550775982 | -6.67617442161628E-20 -1.6599999999999966 -6.676174421616265E-20
0.4498535550771994 0.6632664574972317 0.5001464449252264 | -2.359060872350704E-20 -1.6599999999999966 -2.2753982756384214E-20
0.4499054539391801 0.6628499116467602 0.5520077116465468 | -3.887959150204721E-21 -1.6599999999999966 -3.719962962373768E-21
0.44989282893400107 0.6624118182019679 0.6099390429390734 | -1.8062429656884897E-22 -1.6599999999999966 -1.7509075912224382E-22
0.449922119428395 0.6618533318639988 0.6786442595111872 | -6.7045810292373445E-25 -1.6599999999999966 -6.616412258722551E-25
0.5000778805718055 0.6618533318645309 0.27135574048862576 | -7.903890044768548E-22 -1.6599999999999966 -2.36629546919987E-21
0.5001071710672029 0.6624118182049783 0.34006095706003 | -1.5839001916152258E-20 -1.6599999999999966 -3.27418625654021E-20
0.5000945460628039 0.6628499116502115 0.3979922883537784 | -3.634303600154867E-20 -1.6599999999999966 -4.161298125674631E-20
0.5001464449252264 0.6632664574972317 0.4498535550771994 | -2.275398275638424E-20 -1.6599999999999966 -2.3590608723506983E-20
0.5001464449244641 0.6632664574951982 0.5001464449244641 | -7.084100997952757E-21 -1.6599999999999966 -7.084100997952748E-21
0.5000945460611506 0.6628499116460127 0.5520077116460991 | -9.602983657100666E-22 -1.6599999999999966 -9.483926776631926E-22
0.5001071710659221 0.6624118182019572 0.6099390429390625 | -3.069986026226529E-23 -1.6599999999999966 -3.032262064032066E-23
0.5000778805716044 0.6618533318640091 0.678644259511201 | -5.844196314445392E-26 -1.6599999999999966 -5.814397956554528E-26
0.5508395317457805 0.6616817317458038 0.2717829292177787 | -9.176909804891927E-23 -1.6599999999999966 -3.336230497529635E-22
0.5512833829360506 0.6621255829362851 0.34061929134489677 | -2.777399205123467E-21 -1.6599999999999966 -6.593620831463641E-21
0.5516487992258273 0.6624909992262238 0.39835120077491837 | -6.982028878129011E-21 -1.6599999999999966 -8.005767516713642E-21
0.5520077116465468 0.6628499116467602 0.4499054539391801 | -3.719962962373771E-21 -1.6599999999999966 -3.887959150204713E-21
0.5520077116460991 0.6628499116460127 0.5000945460611506 | -9.483926776631935E-22 -1.6599999999999966 -9.60298365710066E-22
0.551648799224949 0.6624909992247994 0.551648799224949 | -1.015697156739796E-22 -1.6599999999999966 -1.0156971567397953E-22
0.5512833829355358 0.6621255829354933 0.6093807086549162 | -2.279455974975471E-24 -1.6599999999999966 -2.2704533588092438E-24
0.550839531745711 0.6616817317457114 0.678217070782261 | -1.9912929868146343E-27 -1.6599999999999966 -1.9890025568329106E-27
0.6059765403210169 0.6614961373066264 0.2736058592951038 | -2.6795322636517577E-24 -1.6599999999999966 -1.3051754307760558E-23
0.6079821889761275 0.6618049213433569 0.3420178110238472 | -1.5826643446801646E-22 -1.6599999999999966 -4.62062810788309E-22
0.6093807086549187 0.6621255829354928 0.3987166170644466 | -4.528094869201918E-22 -1.6599999999999966 -5.030953791398233E-22
0.6099390429390734 0.6624118182019679 0.44989282893400107 | -1.7509075912224415E-22 -1.6599999999999966 -1.8062429656884904E-22
0.6099390429390625 0.6624118182019572 0.5001071710659221 | -3.0322620640320705E-23 -1.6599999999999966 -3.0699860262265303E-23
0.6093807086549162 0.6621255829354933 0.5512833829355358 | -2.270453358809244E-24 -1.6599999999999966 -2.279455974975469E-24
0.6079821889761869 0.6618049213434235 0.6079821889761869 | -3.459413005296004E-26 -1.6599999999999966 -3.459413005296003E-26
0.6059765403210022 0.6614961373066134 0.6763941407049054 | -1.5762194851426253E-29 -1.6599999999999966 -1.5762146222252907E-29
0.6730476218338064 0.6613764399925995 0.2769523781661948 | -3.0511724604916845E-28 -1.6599999999999966 -3.343427193247352E-28
0.6763941407048885 0.6614961373066006 0.34402345967899683 | -8.474394680764036E-25 -1.6599999999999966 -3.7074768922828914E-24
0.6782170707822305 0.6616817317456888 0.39916046825428847 | -3.727682358644042E-24 -1.6599999999999966 -3.854830927197893E-24
0.6786442595111872 0.6618533318639988 0.449922119428395 | -6.616412258722605E-25 -1.6599999999999966 -6.704581029237395E-25
0.678644259511201 0.6618533318640091 0.5000778805716044 | -5.8143979565545E-26 -1.6599999999999966 -5.844196314445362E-26
0.678217070782261 0.6616817317457114 0.550839531745711 | -1.9890025568329056E-27 -1.6599999999999966 -1.9912929868146293E-27
0.6763941407049053 0.6614961373066134 0.6059765403210022 | -1.5762146222253193E-29 -1.6599999999999966 -1.5762194851426542E-29
0.6730476218338051 0.6613764399925985 0.6730476218338051 | -2.2187211557470232E-32 -1.6599999999999966 -2.2187211557470232E-32
0.27671899598172095 0.6108930417440143 0.27671899598172095 | -1.5281327198608813E-17 -1.659999999999995 -1.5281327198608792E-17
0.27325046322278324 0.6109136659252501 0.3437669002391846 | -2.102080320602923E-16 -1.659999999999981 -5.2253229254147116E-17
0.2713557405487275 0.6109200805451964 0.3989888681368008 | -4.2100786288432165E-16 -1.6599999999999666 -6.016452417854606E-17
0.2708798301942451 0.6109443866385862 0.4498978133214985 | -2.923310750425778E-16 -1.6599999999999775 -3.314117326427494E-17
0.2708798301713694 0.6109443866442262 0.5001021866637335 | -9.46026061611521E-17 -1.659999999999991 -9.061596244491599E-18
0.27135574049466166 0.6109200805607821 0.5510111318556699 | -1.3898689190047595E-17 -1.659999999999996 -1.1718904381281733E-18
0.2732504631739268 0.6109136659511593 0.6062330997632763 | -5.883904215304909E-19 -1.6599999999999966 -4.620153642902885E-20
0.2767189959742136 0.6108930417541963 0.6732810040257956 | -4.542586477289477E-24 -1.6599999999999966 -8.839119376016336E-25
0.3437669002391846 0.6109136659252501 0.27325046322278324 | -5.225322925414741E-17 -1.659999999999981 -2.102080320602916E-16
0.3415794766930608 0.6109438026336486 0.3415794766930608 | -6.07433898070452E-16 -1.6599999999998807 -6.07433898070447E-16
0.34006095708064815 0.6109493711916135 0.3984303818227068 | -1.1522341896031846E-15 -1.6599999999997965 -5.751996584379395E-16
0.33941722948338604 0.61099344336452 0.4498487566110331 | -7.532249698803373E-16 -1.6599999999998754 -2.8909135683467253E-16
0.3394172294954564 0.6109934432414567 0.5001512433121038 | -2.3299719697386626E-16 -1.659999999999962 -7.417927879849397E-17
0.3400609570899282 0.610949370984623 0.5515696181364085 | -3.167797438712285E-17 -1.6599999999999924 -8.362949905728047E-18
0.34157947666617966 0.6109438025731843 0.6084205233293585 | -1.112721048712343E-18 -1.6599999999999966 -2.27737357240685E-19
0.34376690023490664 0.6109136659527526 0.6767495368259695 | -8.47373225076051E-23 -1.6599999999999966 -2.828190681073929E-23
0.3989888681368008 0.6109200805451964 0.2713557405487275 | -6.016452417854602E-17 -1.6599999999999666 -4.210078628843204E-16
0.39843038182270674 0.6109493711916135 0.34006095708064815 | -5.751996584379405E-16 -1.6599999999997965 -1.1522341896031716E-15
0.39799228838879214 0.6109367463059239 0.39799228838879214 | -1.111465908171899E-15 -1.6599999999996464 -1.1114659081718934E-15
0.39757574254288097 0.6109886449567872 0.44985355510559155 | -6.849901555172714E-16 -1.659999999999778 -5.8212045715357745E-16
0.39757574253148076 0.6109886447409318 0.5001464448307722 | -1.9788030750845074E-16 -1.6599999999999304 -1.609859537891715E-16
0.3979922883598284 0.6109367459430397 0.5520077115524105 | -2.3739381722054207E-17 -1.659999999999988 -1.984947603285061E-17
0.39843038179715684 0.6109493710585047 0.6099390429305606 | -6.648089663946213E-19 -1.6599999999999964 -6.20232395260023E-19
0.3989888681359955 0.6109200805715503 0.6786442595110805 | -8.33803087697164E-23 -1.6599999999999966 -7.607014163616177E-23
0.4498978133214985 0.6109443866385862 0.2708798301942451 | -3.314117326427489E-17 -1.6599999999999775 -2.9233107504257725E-16
0.4498487566110331 0.61099344336452 0.3394172294833861 | -2.8909135683467193E-16 -1.6599999999998754 -7.532249698803275E-16
0.4498535551055915 0.6109886449567872 0.39757574254288097 | -5.821204571535799E-16 -1.659999999999778 -6.84990155517268E-16
0.44978922077450983 0.6110529790636837 0.44978922077450983 | -3.245877416073658E-16 -1.659999999999873 -3.2458774160736477E-16
0.44978922073307376 0.6110529789599125 0.5002107790820912 | -8.13193441666455E-17 -1.6599999999999644 -7.729311968915729E-17
0.44985355504242697 0.6109886448130014 0.5524242574053884 | -7.528848924666818E-18 -1.6599999999999935 -7.15215816039722E-18
0.44984875660531054 0.6109934433897143 0.6105827705730789 | -1.149898175624948E-19 -1.6599999999999966 -1.116211249476149E-19
0.44989781332669776 0.6109443866732305 0.6791201698656617 | -2.4303493895725457E-23 -1.6599999999999966 -2.3752319559170067E-23
0.5001021866637335 0.6109443866442262 0.2708798301713694 | -9.061596244491554E-18 -1.659999999999991 -9.460260616115186E-17
0.5001512433121038 0.6109934432414567 0.3394172294954564 | -7.417927879849337E-17 -1.659999999999962 -2.3299719697386256E-16
0.5001464448307722 0.6109886447409318 0.39757574253148076 | -1.6098595378917177E-16 -1.6599999999999304 -1.978803075084496E-16
0.5002107790820912 0.6110529789599125 0.44978922073307376 | -7.729311968915746E-17 -1.6599999999999644 -8.131934416664528E-17
0.5002107791033652 0.611052979011856 0.5002107791033652 | -1.5744943936694332E-17 -1.65999999999999 -1.5744943936694307E-17
0.5001464448916259 0.6109886448696217 0.552424257448544 | -1.0563919968830427E-18 -1.6599999999999961 -1.0405730585528178E-18
0.500151243392589 0.61099344339433 0.6105827705783896 | -1.0468792162524343E-20 -1.6599999999999966 -1.0332560245488993E-20
0.5001021866732811 0.6109443866732461 0.6791201698657042 | -2.690601089191331E-24 -1.6599999999999966 -2.6677442496201246E-24
0.5510111318556699 0.6109200805607821 0.27135574049466177 | -1.171890438128171E-18 -1.659999999999996 -1.389868919004758E-17
0.5515696181364085 0.610949370984623 0.3400609570899282 | -8.362949905727964E-18 -1.6599999999999924 -3.167797438712235E-17
0.5520077115524105 0.6109367459430397 0.39799228835982836 | -1.9849476032850604E-17 -1.659999999999988 -2.373938172205408E-17
0.5524242574053884 0.6109886448130014 0.44985355504242697 | -7.15215816039723E-18 -1.6599999999999935 -7.528848924666808E-18
0.552424257448544 0.6109886448696217 0.5001464448916259 | -1.0405730585528176E-18 -1.6599999999999961 -1.0563919968830408E-18
0.5520077116405039 0.6109367460556233 0.5520077116405039 | -5.274781390488927E-20 -1.6599999999999966 -5.274781390488924E-20
0.5515696182034145 0.6109493710678077 0.6099390429412829 | -3.853059216158911E-22 -1.6599999999999966 -3.836398663422092E-22
0.5510111318640056 0.6109200805715882 0.6786442595111756 | -1.2491969079820143E-25 -1.6599999999999966 -1.2454046916478611E-25
0.6062330997632763 0.6109136659511594 0.27325046317392676 | -4.620153642902849E-20 -1.6599999999999966 -5.883904215304861E-19
0.6084205233293585 0.6109438025731843 0.34157947666617966 | -2.2773735724068086E-19 -1.6599999999999966 -1.1127210487123196E-18
0.6099390429305606 0.6109493710585047 0.3984303817971569 | -6.202323952600226E-19 -1.6599999999999964 -6.648089663946193E-19
0.6105827705730789 0.6109934433897142 0.44984875660531054 | -1.1162112494761696E-19 -1.6599999999999966 -1.1498981756249678E-19
0.6105827705783896 0.61099344339433 0.500151243392589 | -1.0332560245488984E-20 -1.6599999999999966 -1.0468792162524328E-20
0.6099390429412829 0.6109493710678077 0.5515696182034145 | -3.8363986634220606E-22 -1.6599999999999966 -3.853059216158878E-22
0.6084205233350317 0.6109438025782057 0.6084205233350317 | -2.8324987233624163E-24 -1.6599999999999966 -2.8324987233624163E-24
0.6062330997651004 0.6109136659527828 0.6767495368260478 | -1.8106201022509247E-27 -1.6599999999999966 -1.809092100293381E-27
0.6732810040257956 0.6108930417541963 0.2767189959742136 | -8.839119376016228E-25 -1.6599999999999966 -4.542586477289415E-24
0.6767495368259694 0.6109136659527526 0.34376690023490664 | -2.828190681073941E-23 -1.6599999999999966 -8.473732250760476E-23
0.6786442595110805 0.6109200805715503 0.3989888681359955 | -7.60701416361619E-23 -1.6599999999999966 -8.338030876971637E-23
0.6791201698656617 0.6109443866732305 0.44989781332669776 | -2.375231955917035E-23 -1.6599999999999966 -2.430349389572572E-23
0.6791201698657042 0.6109443866732461 0.5001021866732811 | -2.667744249620158E-24 -1.6599999999999966 -2.6906010891913647E-24
0.6786442595111756 0.6109200805715882 0.5510111318640056 | -1.245404691647879E-25 -1.6599999999999966 -1.2491969079820322E-25
0.6767495368260478 0.6109136659527828 0.6062330997651004 | -1.8090921002933774E-27 -1.6599999999999966 -1.8106201022509215E-27
0.6732810040257928 0.6108930417541922 0.6732810040257928 | -2.0811031278450228E-30 -1.6599999999999966 -2.0811031278450228E-30
0.2767189986275406 0.5607913523120123 0.2767189986275406 | -1.722892863944037E-13 -1.6599999999845312 -1.7228928639440395E-13
0.2732504699334645 0.5607707205591113 0.34376690283095646 | -2.2635594360396342E-12 -1.659999999864345 -5.436286120280735E-13
0.27135575076794344 0.560764303028427 0.39898886777213005 | -4.070162715821597E-12 -1.659999999768053 -5.05226841065688E-13
0.27087983249220626 0.5607400033194895 0.44989781016743907 | -2.2744868872147626E-12 -1.6599999998759098 -2.219860848978304E-13
0.2708798295149992 0.5607400093198025 0.500102183445903 | -5.114530506195087E-13 -1.6599999999730437 -4.354573151662276E-14
0.2713557404833071 0.5607643189366002 0.5510111313715192 | -3.8402003348584556E-14 -1.6599999999980168 -3.0121787117352276E-15
0.27325046317524404 0.5607707340440857 0.6062330997586078 | -8.60998619133518E-18 -1.6599999999999961 -7.780203531713237E-19
0.27671899597423655 0.560791358245817 0.6732810040257964 | -7.591729066254948E-23 -1.6599999999999966 -1.9194546790959472E-23
0.34376690283095646 0.5607707205591113 0.2732504699334645 | -5.436286120280747E-13 -1.659999999864345 -2.263559436039634E-12
0.34157948853527514 0.5607405540469902 0.34157948853527514 | -3.32442034209782E-12 -1.6599999994885586 -3.3244203420977993E-12
0.34006097185894457 0.5607349794792199 0.398430377952619 | -5.734068947974911E-12 -1.6599999992146042 -2.351210106509459E-12
0.33941723882174607 0.5606909203319549 0.4498487397663871 | -2.963289257543465E-12 -1.6599999996245 -8.738380208363003E-13
0.3394172310424328 0.5606909463513333 0.5001512355171115 | -6.169105379849724E-13 -1.6599999999281756 -1.454501901932227E-13
0.3400609562529852 0.5607350302045406 0.5515696195141998 | -4.136880430676444E-14 -1.659999999995702 -7.888591018475479E-15
0.3415794766812729 0.5607405973851972 0.608420523276944 | -1.5866854182760103E-17 -1.6599999999999944 -4.272113126305588E-18
0.34376690023492934 0.5607707340472906 0.6767495368260888 | -7.403432978163843E-22 -1.6599999999999966 -3.074914331766688E-22
0.3989888677721301 0.560764303028427 0.27135575076794344 | -5.052268410656873E-13 -1.659999999768053 -4.070162715821592E-12
0.398430377952619 0.5607349794792199 0.34006097185894457 | -2.351210106509459E-12 -1.6599999992146042 -5.734068947974851E-12
0.3979922836852375 0.5607475969210465 0.3979922836852375 | -4.095130622098183E-12 -1.659999998794401 -4.0951306220981625E-12
0.39757573880594016 0.5606957077945869 0.4498535336315058 | -1.9158986576826576E-12 -1.6599999994107077 -1.5888309067423018E-12
0.3975757407105136 0.560695739262446 0.5001464334753757 | -3.5176777234994617E-13 -1.659999999880032 -2.86907785135619E-13
0.3979922879599727 0.5607476559198561 0.552007713741277 | -1.91573318306065E-14 -1.6599999999922015 -1.729803071782559E-14
0.3984303818035078 0.5607350288781223 0.6099390428496854 | -1.0088928766818254E-17 -1.6599999999999928 -8.240538365946126E-18
0.3989888681360067 0.5607643194285105 0.6786442595112824 | -6.954683381851513E-22 -1.6599999999999966 -6.0244148230634015E-22
0.44989781016743907 0.5607400033194895 0.27087983249220626 | -2.2198608489782985E-13 -1.6599999998759098 -2.27448688721476E-12
0.4498487397663871 0.5606909203319549 0.339417238821746 | -8.738380208362937E-13 -1.6599999996245 -2.9632892575434206E-12
0.4498535336315058 0.5606957077945869 0.39757573880594016 | -1.5888309067423075E-12 -1.6599999994107077 -1.915898657682647E-12
0.4497892054892332 0.5606313884602108 0.4497892054892332 | -6.298374425011564E-13 -1.6599999997564379 -6.298374425011543E-13
0.4497892169641144 0.560631414772439 0.5002107742593949 | -8.946202064615504E-14 -1.6599999999630257 -8.582209950205294E-14
0.44985355592482196 0.5606957579166054 0.5524242603958393 | -2.8332777989309796E-15 -1.659999999998772 -2.7292574074802735E-15
0.44984875658919465 0.5606909565559893 0.6105827704966524 | -2.7677373136991455E-18 -1.6599999999999955 -2.636659746396008E-18
0.4498978133267032 0.560740013326762 0.6791201698657431 | -2.7238858349643034E-22 -1.6599999999999966 -2.589338379548491E-22
0.500102183445903 0.5607400093198025 0.2708798295149992 | -4.354573151662269E-14 -1.6599999999730437 -5.114530506195083E-13
0.5001512355171115 0.5606909463513333 0.3394172310424329 | -1.4545019019322137E-13 -1.6599999999281756 -6.16910537984964E-13
0.5001464334753757 0.560695739262446 0.39757574071051366 | -2.869077851356191E-13 -1.659999999880032 -3.517677723499437E-13
0.5002107742593949 0.560631414772439 0.4497892169641144 | -8.582209950205289E-14 -1.6599999999630257 -8.946202064615467E-14
0.5002107805109349 0.5606314234678961 0.5002107805109349 | -8.143409613747896E-15 -1.6599999999964337 -8.143409613747888E-15
0.5001464461099845 0.5606957568616056 0.5524242592745437 | -1.8414391917125866E-16 -1.659999999999915 -1.818394746382935E-16
0.5001512433756171 0.5606909565810237 0.6105827705399091 | -2.8184766095682276E-19 -1.6599999999999966 -2.771650240596152E-19
0.5001021866732609 0.5607400133267018 0.6791201698656453 | -4.56134041439107E-23 -1.6599999999999966 -4.4974933310395526E-23
0.5510111313715192 0.5607643189366002 0.2713557404833071 | -3.0121787117352268E-15 -1.6599999999980168 -3.840200334858451E-14
0.5515696195141998 0.5607350302045406 0.3400609562529852 | -7.888591018475341E-15 -1.659999999995702 -4.1368804306763664E-14
0.552007713741277 0.5607476559198561 0.3979922879599727 | -1.7298030717825562E-14 -1.6599999999922015 -1.915733183060642E-14
0.5524242603958393 0.5606957579166054 0.44985355592482185 | -2.729257407480294E-15 -1.659999999998772 -2.833277798930997E-15
0.5524242592745436 0.5606957568616056 0.5001464461099845 | -1.818394746382963E-16 -1.659999999999915 -1.8414391917126134E-16
0.5520077119951554 0.5607476542948677 0.5520077119951554 | -3.758834710507995E-18 -1.659999999999995 -3.7588347105079945E-18
0.5515696181988199 0.5607350289287176 0.6099390429344915 | -1.078521704414904E-20 -1.6599999999999966 -1.0736755572925773E-20
0.5510111318639765 0.5607643194283872 0.6786442595111075 | -2.6475277510131358E-24 -1.6599999999999966 -2.634513464840331E-24
0.6062330997586078 0.5607707340440857 0.27325046317524404 | -7.780203531713237E-19 -1.6599999999999961 -8.609986191335193E-18
0.608420523276944 0.5607405973851972 0.3415794766812729 | -4.2721131263055445E-18 -1.6599999999999944 -1.586685418275987E-17
0.6099390428496855 0.5607350288781222 0.39843038180350776 | -8.240538365946098E-18 -1.6599999999999928 -1.0088928766818188E-17
0.6105827704966524 0.5606909565559894 0.44984875658919465 | -2.6366597463959984E-18 -1.6599999999999955 -2.7677373136991293E-18
0.6105827705399091 0.5606909565810237 0.5001512433756171 | -2.771650240596182E-19 -1.6599999999999966 -2.818476609568256E-19
0.6099390429344915 0.5607350289287176 0.5515696181988198 | -1.0736755572926064E-20 -1.6599999999999966 -1.078521704414933E-20
0.6084205233352641 0.5607405974220031 0.6084205233352641 | -8.355710134891974E-23 -1.6599999999999966 -8.355710134891972E-23
0.6062330997650895 0.560770734047217 0.6767495368260312 | -4.9788806588473386E-26 -1.6599999999999966 -4.973738757566543E-26
0.6732810040257964 0.5607913582458172 0.27671899597423655 | -1.9194546790959196E-23 -1.6599999999999966 -7.591729066254818E-23
0.6767495368260888 0.5607707340472905 0.34376690023492934 | -3.0749143317666736E-22 -1.6599999999999966 -7.403432978163748E-22
0.6786442595112824 0.5607643194285105 0.3989888681360067 | -6.024414823063423E-22 -1.6599999999999966 -6.95468338185152E-22
0.6791201698657431 0.560740013326762 0.4498978133267032 | -2.589338379548494E-22 -1.6599999999999966 -2.723885834964303E-22
0.6791201698656453 0.5607400133267018 0.5001021866732609 | -4.497493331039558E-23 -1.6599999999999966 -4.5613404143910724E-23
0.6786442595111075 0.5607643194283872 0.5510111318639765 | -2.6345134648403628E-24 -1.6599999999999966 -2.6475277510131685E-24
0.6767495368260312 0.560770734047217 0.6062330997650895 | -4.97373875756661E-26 -1.6599999999999966 -4.9788806588474063E-26
0.6732810040257925 0.5607913582458084 0.6732810040257925 | -6.440419676590401E-29 -1.6599999999999966 -6.440419676590401E-29
0.2769521852279647 0.510308063968459 0.27695218522796466 | -2.601281065459309E-9 -1.6599998187385652 -2.601281065459312E-9
0.2736053225297545 0.5101880109660439 0.3440236030086699 | -1.1252556970570693E-8 -1.6599993539179447 -3.403249429007013E-9
0.2717822085109957 0.5100022008707819 0.3991603865485842 | -1.7792406539818347E-8 -1.6599990464631926 -2.2222961272536905E-9
0.27135559072232973 0.5098309946921339 0.4499219965437632 | -6.930714789992552E-9 -1.6599996376123385 -6.375628232573624E-10
0.2713557443501742 0.5098312559211392 0.5000780420531198 | -7.82809730138105E-10 -1.6599999596561208 -6.140634129435062E-11
0.27178292873440024 0.5100026658929862 0.5508395287203788 | -3.8291806082320215E-13 -1.6599999999790873 -3.252077632255483E-14
0.2736058593122996 0.5101882626969726 0.6059765403089281 | -4.962100599522329E-17 -1.6599999999999935 -5.43389681375063E-18
0.2769523781661832 0.5103079600074107 0.6730476218338853 | -4.766515127763934E-22 -1.6599999999999966 -1.4661050266684455E-22
0.3440236030086699 0.5101880109660439 0.2736053225297545 | -3.403249429007017E-9 -1.6599993539179447 -1.12525569705707E-8
0.3420176780026734 0.5098790966189141 0.3420176780026734 | -1.0621813922830977E-8 -1.6599985839870794 -1.0621813922830934E-8
0.34061929781844147 0.5095575838818727 0.3987166859922792 | -1.6592516288350145E-8 -1.65999805503087 -5.6341176583325944E-9
0.3400605932555809 0.5092733548075001 0.4498932335147082 | -5.958618043024626E-9 -1.6599993488794387 -1.3962038716583469E-9
0.34006074781917267 0.5092733186453053 0.5001077954145938 | -6.139547298028774E-10 -1.6599999382338038 -1.1257643834610316E-10
0.3406192934792582 0.5095588073141367 0.5512833717593622 | -4.2806123461058774E-13 -1.6599999999470592 -1.0174277065631334E-13
0.3420178110430506 0.5098794786792823 0.6079821889449974 | -9.203649282831588E-17 -1.6599999999999817 -2.982548602187773E-17
0.3440234596789458 0.5101882626934523 0.6763941407052707 | -3.2655093044207182E-21 -1.6599999999999966 -1.5664504717405727E-21
0.3991603865485842 0.5100022008707819 0.27178220851099577 | -2.2222961272536863E-9 -1.6599990464631926 -1.7792406539818334E-8
0.3987166859922792 0.5095575838818727 0.34061929781844147 | -5.634117658332585E-9 -1.65999805503087 -1.6592516288349983E-8
0.39835121244425964 0.5091911598518492 0.3983512124442596 | -8.910814810565072E-9 -1.6599973570873645 -8.910814810565035E-9
0.39799246982880176 0.5088352087567327 0.4499057596031354 | -2.7492678080081424E-9 -1.6599990918420349 -2.328992474335021E-9
0.3979923853858626 0.5088356761695483 0.5000955387015283 | -2.322361390402249E-10 -1.6599999058532868 -2.0909997658311319E-10
0.39835119982055195 0.5091933851930005 0.5516487813490519 | -2.304195424979346E-13 -1.659999999921701 -1.716716865321366E-13
0.3987166170714595 0.5095588171038314 0.6093807086188632 | -6.399809916068482E-17 -1.6599999999999753 -4.714784232707085E-17
0.3991604682542926 0.5100026682543806 0.6782170707827485 | -3.0617959837981326E-21 -1.6599999999999966 -2.541818074589003E-21
0.4499219965437632 0.5098309946921339 0.27135559072232973 | -6.375628232573613E-10 -1.6599996376123385 -6.930714789992548E-9
0.44989323351470834 0.5092733548075001 0.3400605932555809 | -1.3962038716583272E-9 -1.6599993488794387 -5.958618043024524E-9
0.4499057596031354 0.5088352087567327 0.39799246982880176 | -2.3289924743350264E-9 -1.6599990918420349 -2.7492678080081254E-9
0.44985429890185374 0.5084193558502869 0.4498542989018538 | -5.288407014550825E-10 -1.6599997761276957 -5.288407014550813E-10
0.44985394672416246 0.5084186960292842 0.5001470928165354 | -2.451707344246335E-11 -1.659999989360755 -2.3778126295891114E-11
0.4499054501869147 0.5088344782893913 0.552007701606831 | -5.5367833484831736E-14 -1.6599999999763861 -5.2533706965381306E-14
0.44989282891822047 0.5092725818189034 0.6099390428740572 | -2.3529327173887516E-17 -1.659999999999987 -2.108110251513115E-17
0.4499221194284731 0.5098310681360583 0.6786442595115282 | -1.4981824906696092E-21 -1.6599999999999966 -1.3797376987089286E-21
0.5000780420531198 0.5098312559211392 0.2713557443501742 | -6.140634129435062E-11 -1.6599999596561208 -7.828097301381048E-10
0.5001077954145938 0.5092733186453053 0.34006074781917267 | -1.1257643834610138E-10 -1.6599999382338038 -6.139547298028675E-10
0.5000955387015283 0.5088356761695483 0.3979923853858626 | -2.0909997658311287E-10 -1.6599999058532868 -2.322361390402237E-10
0.5001470928165354 0.5084186960292841 0.4498539467241625 | -2.377812629589127E-11 -1.659999989360755 -2.451707344246348E-11
0.5001466044831555 0.5084181246459281 0.5001466044831555 | -8.252161761766598E-13 -1.6599999996322898 -8.252161761766596E-13
0.5000945453777288 0.50883448556415 0.5520077103606106 | -3.8252165273834005E-15 -1.6599999999983046 -3.7766124197499185E-15
0.5001071710388938 0.509272581798026 0.6099390428827436 | -3.662149450209922E-18 -1.659999999999995 -3.585456826577146E-18
0.5000778805716346 0.5098310681360164 0.6786442595112326 | -3.4801596323222474E-22 -1.6599999999999966 -3.3687181663006134E-22
0.5508395287203788 0.5100026658929862 0.27178292873440024 | -3.252077632255492E-14 -1.6599999999790873 -3.829180608232035E-13
0.5512833717593622 0.5095588073141367 0.3406192934792582 | -1.0174277065631238E-13 -1.6599999999470592 -4.2806123461058224E-13
0.5516487813490519 0.5091933851930005 0.39835119982055195 | -1.7167168653213626E-13 -1.659999999921701 -2.3041954249793323E-13
0.552007701606831 0.5088344782893914 0.4499054501869147 | -5.253370696538107E-14 -1.6599999999763861 -5.536783348483135E-14
0.5520077103606106 0.5088344855641501 0.5000945453777288 | -3.776612419749925E-15 -1.6599999999983046 -3.825216527383405E-15
0.5516487996381859 0.5091934006853296 0.551648799638186 | -7.366643145833784E-17 -1.6599999999999637 -7.366643145833782E-17
0.5512833829243352 0.5095588170620027 0.6093807086384714 | -1.472538097800105E-19 -1.6599999999999966 -1.4657931795533147E-19
0.5508395317456789 0.5100026682542923 0.6782170707821737 | -3.283385390437146E-23 -1.6599999999999966 -3.2612002858036223E-23
0.6059765403089281 0.5101882626969726 0.2736058593122996 | -5.433896813750624E-18 -1.6599999999999935 -4.9621005995223304E-17
0.6079821889449973 0.5098794786792822 0.3420178110430506 | -2.9825486021877846E-17 -1.6599999999999817 -9.203649282831579E-17
0.6093807086188632 0.5095588171038314 0.3987166170714595 | -4.714784232707081E-17 -1.6599999999999753 -6.399809916068456E-17
0.6099390428740572 0.5092725818189034 0.44989282891822047 | -2.1081102515131188E-17 -1.659999999999987 -2.352932717388752E-17
0.6099390428827436 0.509272581798026 0.5001071710388938 | -3.585456826577138E-18 -1.659999999999995 -3.662149450209911E-18
0.6093807086384714 0.5095588170620027 0.5512833829243352 | -1.4657931795533174E-19 -1.6599999999999966 -1.4725380978001072E-19
0.6079821889759303 0.5098794786564524 0.6079821889759303 | -1.2993213643100883E-21 -1.6599999999999966 -1.2993213643100883E-21
0.605976540320981 0.5101882626933865 0.6763941407048724 | -6.721501566336493E-25 -1.6599999999999966 -6.714357874419968E-25
0.6730476218338853 0.5103079600074107 0.2769523781661832 | -1.4661050266684316E-22 -1.6599999999999966 -4.76651512776388E-22
0.6763941407052707 0.5101882626934523 0.3440234596789458 | -1.5664504717405746E-21 -1.6599999999999966 -3.265509304420705E-21
0.6782170707827485 0.5100026682543806 0.3991604682542926 | -2.541818074589004E-21 -1.6599999999999966 -3.0617959837981258E-21
0.6786442595115282 0.5098310681360583 0.4499221194284731 | -1.379737698708931E-21 -1.6599999999999966 -1.49818249066961E-21
0.6786442595112325 0.5098310681360164 0.5000778805716346 | -3.368718166300666E-22 -1.6599999999999966 -3.480159632322301E-22
0.6782170707821737 0.5100026682542923 0.5508395317456789 | -3.2612002858036165E-23 -1.6599999999999966 -3.28338539043714E-23
0.6763941407048724 0.5101882626933865 0.605976540320981 | -6.714357874419984E-25 -1.6599999999999966 -6.721501566336508E-25
0.6730476218338041 0.5103079600074022 0.6730476218338041 | -9.448834196699876E-28 -1.6599999999999966 -9.448834196699876E-28
0.27846685791764886 0.4570728805214303 0.27846685791764886 | -1.655994989205381E-5 -1.6589044716095196 -1.6559949892053817E-5
0.2752861020455128 0.45599021842097776 0.3449194684456068 | -3.4014350293886186E-5 -1.658034268883894 -1.2357923441082389E-5
0.27354800007110003 0.45504054574067737 0.399391661889933 | -4.755485905147718E-5 -1.6574921515829586 -5.4317838765770765E-6
0.2732450120738848 0.45468265316570294 0.45000828509724095 | -1.0197399014573284E-5 -1.6594745413266025 -8.00591662313614E-7
0.2732502098181452 0.4546086212275112 0.5000710864570783 | -5.860230699053462E-9 -1.6599996847565643 -4.877640036992536E-10
0.2736058622524547 0.45486566209485574 0.5506539336074165 | -1.72371753458013E-12 -1.659999999897347 -1.6522209934671147E-13
0.2753266183718194 0.4558195078927896 0.6050226921001289 | -1.7754662712356752E-16 -1.6599999999999826 -2.4474564817180673E-17
0.27849466706868736 0.4570024082507581 0.6715053329314098 | -2.0401875571680947E-21 -1.6599999999999966 -7.4507616414351965E-22
0.3449194684456068 0.45599021842097776 0.27528610204551285 | -1.2357923441082389E-5 -1.658034268883894 -3.401435029388619E-5
0.34309391179957205 0.45437833258371696 0.343093911799572 | -2.4686970046074873E-5 -1.6569662230017463 -2.4686970046074805E-5
0.34191703176032023 0.4532509137080414 0.39911698262411055 | -3.526692283647047E-5 -1.6562052661058624 -9.782311112064502E-6
0.3415571978979812 0.4525482957465014 0.45003566367587416 | -7.1099479868107E-6 -1.6592821535919842 -1.3119020167681164E-6
0.3415792194997346 0.45242035562063854 0.5001006491564342 | -5.220449588983446E-9 -1.659999387736185 -1.1644008345537819E-9
0.34201781784366436 0.45286001961290256 0.5509627102541309 | -2.214034984004074E-12 -1.6599999996855452 -6.223180015756383E-13
0.343178442827846 0.4540206428258493 0.6068215572001944 | -3.7052212797009983E-16 -1.6599999999999289 -1.3950641030988515E-16
0.34497730789493386 0.45581950789505865 0.6746733816429736 | -1.2376648209660661E-20 -1.6599999999999966 -6.714699988874928E-21
0.399391661889933 0.45504054574067737 0.27354800007110003 | -5.431783876577063E-6 -1.6574921515829586 -4.755485905147714E-5
0.39911698262411055 0.4532509137080414 0.3419170317603203 | -9.782311112064456E-6 -1.6562052661058624 -3.526692283647015E-5
0.39884108907905336 0.45185148237863537 0.39884108907905336 | -1.4551452762332898E-5 -1.6553517490399883 -1.4551452762332814E-5
0.39845652482659655 0.45107482549692685 0.45008538941733833 | -2.454252204244342E-6 -1.6590295509036894 -2.155311681495522E-6
0.39843045283735873 0.45090144264862264 0.5001056061432139 | -2.560084579572376E-9 -1.6599991867297026 -1.7756111181782123E-9
0.3987166157437956 0.4514615036730168 0.5512833685406417 | -1.4589169160025867E-12 -1.6599999995695103 -9.336469286918838E-13
0.399037278663359 0.45286001101297463 0.6079821890384984 | -3.052000041609419E-16 -1.6599999999999013 -2.0690862716198646E-16
0.39934606269335865 0.454865659678992 0.6763941407055929 | -1.2885227512176903E-20 -1.6599999999999966 -1.0270143436096792E-20
0.45000828509724095 0.45468265316570294 0.2732450120738848 | -8.00591662313614E-7 -1.6594745413266025 -1.0197399014573284E-5
0.45003566367587416 0.4525482957465014 0.3415571978979812 | -1.3119020167680998E-6 -1.6592821535919842 -7.109947986810606E-6
0.45008538941733833 0.45107482549692685 0.39845652482659655 | -2.1553116814955196E-6 -1.6590295509036894 -2.45425220424433E-6
0.4499017716459482 0.4503103462645415 0.44990177164594825 | -2.1283798078668156E-7 -1.6599051383224581 -2.1283798078668153E-7
0.4498489448551331 0.45025852683395484 0.5001509345474133 | -5.337420553908112E-10 -1.6599997697750937 -5.131028117543402E-10
0.4498928214173266 0.4509031644739406 0.5515696065354118 | -4.95267070161879E-13 -1.659999999809339 -4.2151566065962454E-13
0.44989839743185167 0.45242167666014543 0.6084205233483314 | -1.4425706232057288E-16 -1.6599999999999424 -1.1976629970239672E-16
0.44992853404733335 0.4546091002349241 0.6767495368266396 | -7.692866434769958E-21 -1.6599999999999966 -6.83166223670962E-21
0.5000710864570783 0.45460862122751133 0.2732502098181452 | -4.877640036992532E-10 -1.6599996847565643 -5.8602306990534605E-9
0.5001006491564342 0.45242035562063854 0.3415792194997346 | -1.1644008345537724E-9 -1.659999387736185 -5.220449588983393E-9
0.5001056061432139 0.45090144264862264 0.3984304528373587 | -1.7756111181782088E-9 -1.6599991867297026 -2.5600845795723624E-9
0.5001509345474133 0.45025852683395495 0.4498489448551331 | -5.131028117543383E-10 -1.6599997697750937 -5.337420553908084E-10
0.5001514320410894 0.45025930869664244 0.5001514320410894 | -2.20430461996954E-11 -1.6599999901635984 -2.20430461996954E-11
0.500107167401855 0.4509031586986486 0.5515696137670404 | -6.64096750415593E-14 -1.6599999999705874 -6.557273319082583E-14
0.5001016025646075 0.452421676666393 0.6084205233051717 | -3.3423917489738435E-17 -1.6599999999999826 -3.106626624187616E-17
0.5000714659529027 0.45460910023493395 0.6767495368263317 | -2.3611772284151516E-21 -1.6599999999999966 -2.2247030059085908E-21
0.5506539336074165 0.45486566209485574 0.2736058622524547 | -1.6522209934671122E-13 -1.659999999897347 -1.723717534580128E-12
0.5509627102541309 0.45286001961290245 0.34201781784366436 | -6.223180015756369E-13 -1.6599999996855452 -2.214034984004062E-12
0.5512833685406417 0.4514615036730168 0.3987166157437956 | -9.336469286918844E-13 -1.6599999995695103 -1.4589169160025839E-12
0.5515696065354119 0.4509031644739406 0.4498928214173266 | -4.21515660659624E-13 -1.659999999809339 -4.952670701618773E-13
0.5515696137670404 0.4509031586986486 0.500107167401855 | -6.557273319082565E-14 -1.6599999999705874 -6.640967504155908E-14
0.5512833827764553 0.4514614913910864 0.5512833827764553 | -1.324697821433699E-15 -1.6599999999994046 -1.3246978214336989E-15
0.550962721330182 0.4528600110235256 0.6079821889571561 | -3.0429698545136792E-18 -1.6599999999999953 -3.030777443928754E-18
0.5506539373066413 0.45486565967901216 0.6763941407049415 | -3.500119968319015E-22 -1.6599999999999966 -3.419173074433356E-22
0.6050226921001289 0.4558195078927896 0.2753266183718193 | -2.4474564817180525E-17 -1.6599999999999826 -1.7754662712356675E-16
0.6068215572001944 0.4540206428258494 0.34317844282784593 | -1.3950641030988453E-16 -1.6599999999999289 -3.705221279700974E-16
0.6079821890384984 0.45286001101297463 0.399037278663359 | -2.069086271619867E-16 -1.6599999999999013 -3.052000041609417E-16
0.6084205233483314 0.45242167666014543 0.44989839743185167 | -1.197662997023969E-16 -1.6599999999999424 -1.4425706232057286E-16
0.6084205233051717 0.452421676666393 0.5001016025646075 | -3.10662662418763E-17 -1.6599999999999826 -3.3423917489738565E-17
0.6079821889571561 0.4528600110235256 0.550962721330182 | -3.0307774439287463E-18 -1.6599999999999953 -3.042969854513672E-18
0.6068215571654554 0.4540206428320668 0.6068215571654554 | -2.5794878931112174E-20 -1.6599999999999966 -2.579487893111217E-20
0.6050226921049257 0.45581950789506365 0.6746733816424232 | -1.691733118074663E-23 -1.6599999999999966 -1.6901668073917906E-23
0.6715053329314098 0.4570024082507581 0.27849466706868736 | -7.450761641435164E-22 -1.6599999999999966 -2.0401875571680815E-21
0.6746733816429736 0.45581950789505865 0.34497730789493386 | -6.714699988874908E-21 -1.6599999999999966 -1.2376648209660598E-20
0.6763941407055928 0.454865659678992 0.39934606269335865 | -1.027014343609692E-20 -1.6599999999999966 -1.2885227512177047E-20
0.6767495368266397 0.4546091002349241 0.44992853404733335 | -6.831662236709563E-21 -1.6599999999999966 -7.692866434769887E-21
0.6767495368263317 0.45460910023493395 0.5000714659529027 | -2.2247030059085987E-21 -1.6599999999999966 -2.3611772284151588E-21
0.6763941407049415 0.45486565967901216 0.5506539373066413 | -3.419173074433362E-22 -1.6599999999999966 -3.5001199683190197E-22
0.6746733816424232 0.45581950789506365 0.6050226921049257 | -1.6901668073917858E-23 -1.6599999999999966 -1.691733118074658E-23
0.6715053329312368 0.4570024082507585 0.6715053329312368 | -2.201192972213816E-26 -1.6599999999999966 -2.201192972213816E-26
0.28184735462481714 0.4035344465137656 0.2818473546248172 | -0.03733940901818219 0.7769002802983891 -0.03733940901818219
0.2784067937191186 0.40397998312567013 0.3461207976497221 | -0.04120802639641509 0.7511601554614454 -0.016687848126578628
0.27677659867227716 0.4062807096683702 0.3994671073460455 | -0.0462272976139023 0.7218688718896767 -0.0036346120488534436
0.27672617011494094 0.38746130929730194 0.4499304374677319 | -5.9910327554692504E-5 -1.6568093288496508 -4.919879980523799E-6
0.2767190871399108 0.38756168440130956 0.5000507942714778 | -3.281005935589476E-8 -1.659998119371421 -2.9841682684103963E-9
0.2769523767111205 0.3877945774547884 0.5505342416602552 | -8.319758983191974E-12 -1.6599999994388444 -9.446587969699072E-13
0.2784946670666266 0.3893368670741882 0.6038397917475974 | -8.742197087948183E-16 -1.6599999999999109 -1.6006748953141464E-16
0.281856808661873 0.39269900866183755 0.6681431913381244 | -1.8064855957370774E-20 -1.6599999999999966 -8.051635961687504E-21
0.34612079764972203 0.40397998312567013 0.2784067937191186 | -0.016687848126578628 0.7511601554614454 -0.04120802639641509
0.34487410654402884 0.4044724998222447 0.34487410654402884 | -0.020597004652835434 0.7253963509011884 -0.020597004652835434
0.34384522672991463 0.406565789711831 0.3993399454910431 | -0.02383816251719565 0.6947521502218942 -0.0042838275381222105
0.34377920975515713 0.3839036316352776 0.44987221234211633 | -4.154459976412578E-5 -1.6554112159209664 -8.613626430926632E-6
0.34376685869475476 0.38409392749948623 0.5000717272148569 | -3.309085414944154E-8 -1.6599957536734788 -8.253926523825542E-9
0.34402345841247917 0.38444805559620165 0.5506539411593109 | -1.2933679647653273E-11 -1.6599999979770248 -4.0755377912874825E-12
0.34497730789228537 0.38616881837954536 0.605022692081322 | -2.2609466527703624E-15 -1.6599999999995392 -9.550319204622809E-16
0.34616020825079485 0.3893368670686817 0.6715053329312108 | -9.094844073942799E-20 -1.6599999999999966 -5.471731524302681E-20
0.39946710734604546 0.4062807096683702 0.27677659867227716 | -0.0036346120488534436 0.7218688718896767 -0.0462272976139023
0.3993399454910432 0.40656578971183077 0.34384522672991463 | -0.0042838275381222105 0.6947521502218942 -0.02383816251719565
0.3991280737592812 0.4085264710970482 0.3991280737592812 | -0.0052019348971598925 0.6615733057793518 -0.0052019348971598925
0.3989651995056582 0.38199720290372524 0.4498605923657114 | -1.641653154772345E-5 -1.6551696528251008 -1.0485493323247807E-5
0.398988965556228 0.3821994692752826 0.5000782239100348 | -1.963010072963828E-8 -1.6599949574312352 -1.0806269707279359E-8
0.3991604677818281 0.382625124680632 0.5508395362214502 | -1.0283078359679245E-11 -1.6599999973303605 -5.724850314648269E-12
0.39934606269342476 0.3844480593284134 0.6059765402850316 | -2.2157304995657566E-15 -1.6599999999993578 -1.3822925587864055E-15
0.39946576000742223 0.3877945781660762 0.6730476218337546 | -1.0519826215544259E-19 -1.6599999999999966 -7.996126913785926E-20
0.4499304374677319 0.38746130929730205 0.27672617011494094 | -4.919879980523806E-6 -1.6568093288496508 -5.991032755469257E-5
0.44987221234211633 0.3839036316352776 0.34377920975515713 | -8.613626430926661E-6 -1.6554112159209664 -4.1544599764125924E-5
0.4498605923657114 0.38199720290372524 0.3989651995056583 | -1.0485493323247806E-5 -1.6551696528251008 -1.641653154772345E-5
0.44986438477963203 0.3816538424950531 0.449864384779632 | -2.469361533030126E-6 -1.6588955342965992 -2.469361533030126E-6
0.44989789985002626 0.38172279800462344 0.5001023303803388 | -5.830877674970467E-9 -1.6599978873337724 -4.654274400115313E-9
0.4499221206123113 0.38219793658882795 0.5510111368316796 | -4.497115351124568E-12 -1.6599999984821587 -3.3256025273627656E-12
0.4499285340467597 0.3840926632022314 0.6062330997338022 | -1.2717049517385968E-15 -1.659999999999557 -9.651350099428155E-16
0.4499491582458005 0.3875611959741234 0.6732810040256839 | -7.378687986314887E-20 -1.6599999999999966 -6.242142729121203E-20
0.5000507942714778 0.38756168440130956 0.2767190871399107 | -2.984168268410398E-9 -1.659998119371421 -3.281005935589478E-8
0.5000717272148569 0.3840939274994862 0.3437668586947548 | -8.253926523825548E-9 -1.6599957536734788 -3.309085414944159E-8
0.5000782239100349 0.3821994692752826 0.398988965556228 | -1.080626970727932E-8 -1.6599949574312352 -1.96301007296382E-8
0.5001023303803388 0.3817227980046237 0.44989789985002626 | -4.654274400115335E-9 -1.6599978873337724 -5.830877674970497E-9
0.5001021172473308 0.38172216661220026 0.5001021172473308 | -6.390746004194746E-10 -1.659999713800151 -6.390746004194746E-10
0.5000778824273135 0.38219793895994914 0.5510111347576491 | -9.688793717343074E-13 -1.6599999996131636 -8.57035566543727E-13
0.500071465952283 0.38409266318785945 0.606233099755378 | -3.997848230885213E-16 -1.6599999999998407 -3.44254888485139E-16
0.5000508417541608 0.3875611959741851 0.6732810040256558 | -2.907212633688917E-20 -1.6599999999999966 -2.6316287699678886E-20
0.5505342416602551 0.3877945774547884 0.2769523767111205 | -9.446587969699112E-13 -1.6599999994388444 -8.319758983192013E-12
0.5506539411593109 0.38444805559620165 0.34402345841247917 | -4.075537791287487E-12 -1.6599999979770248 -1.2933679647653289E-11
0.5508395362214502 0.382625124680632 0.3991604677818281 | -5.7248503146482845E-12 -1.6599999973303605 -1.028307835967927E-11
0.5510111368316796 0.38219793658882784 0.4499221206123113 | -3.325602527362781E-12 -1.6599999984821587 -4.497115351124587E-12
0.5510111347576491 0.38219793895994914 0.5000778824273135 | -8.570355665437296E-13 -1.6599999996131636 -9.688793717343104E-13
0.5508395321424182 0.38262512898808454 0.5508395321424182 | -7.903330027734368E-14 -1.6599999999645718 -7.903330027734368E-14
0.5506539373099306 0.38444805929815146 0.6059765403248795 | -6.374888607699457E-17 -1.6599999999999695 -5.987882884942175E-17
0.5505342399925685 0.3877945781661949 0.6730476218337272 | -6.360098131052551E-21 -1.6599999999999966 -6.0244125686406484E-21
0.6038397917475974 0.3893368670741882 0.2784946670666266 | -1.6006748953141452E-16 -1.6599999999999109 -8.742197087948181E-16
0.605022692081322 0.38616881837954536 0.34497730789228537 | -9.550319204622823E-16 -1.6599999999995392 -2.2609466527703667E-15
0.6059765402850316 0.3844480593284134 0.39934606269342476 | -1.38229255878641E-15 -1.6599999999993578 -2.215730499565763E-15
0.6062330997338022 0.3840926632022314 0.4499285340467597 | -9.651350099428197E-16 -1.659999999999557 -1.2717049517386021E-15
0.606233099755378 0.38409266318785945 0.500071465952283 | -3.4425488848514033E-16 -1.6599999999998407 -3.997848230885228E-16
0.6059765403248795 0.38444805929815146 0.5506539373099306 | -5.98788288494219E-17 -1.6599999999999695 -6.374888607699472E-17
0.6050226921065676 0.38616881835779326 0.6050226921065676 | -3.3353977124713914E-18 -1.6599999999999953 -3.3353977124713914E-18
0.6038397917492346 0.38933686706876014 0.6715053329312278 | -6.43822744321121E-22 -1.6599999999999966 -6.293453266334528E-22
0.6681431913381244 0.39269900866183755 0.281856808661873 | -8.051635961687502E-21 -1.6599999999999966 -1.80648559573708E-20
0.6715053329312108 0.3893368670686817 0.34616020825079485 | -5.47173152430269E-20 -1.6599999999999966 -9.094844073942822E-20
0.6730476218337546 0.3877945781660762 0.39946576000742223 | -7.99612691378595E-20 -1.6599999999999966 -1.0519826215544295E-19
0.6732810040256839 0.3875611959741234 0.4499491582458005 | -6.242142729121226E-20 -1.6599999999999966 -7.378687986314919E-20
0.6732810040256558 0.3875611959741851 0.5000508417541608 | -2.6316287699678983E-20 -1.6599999999999966 -2.9072126336889276E-20
0.6730476218337272 0.3877945781661949 0.5505342399925685 | -6.024412568640666E-21 -1.6599999999999966 -6.360098131052569E-21
0.6715053329312278 0.38933686706876014 0.6038397917492346 | -6.293453266334538E-22 -1.6599999999999966 -6.438227443211221E-22
0.6681431913381448 0.39269900866185714 0.6681431913381448 | -8.583169656226448E-24 -1.6599999999999966 -8.583169656226448E-24
