512
0.2816907658353828 0.400230517234526 0.28168097945999315 | 7.947583561271462E-4 0.08092921010720211 7.958683100364538E-4
0.23006285360959078 6.744777422262671E-4 0.4278943976802546 | -0.05991043825051411 1.0259015879576245 -0.16994646782750605
0.2591136244002619 0.06501925368814286 0.4000001571703201 | -6.304668535667292E-4 0.004887868737711943 0.0011792579590323403
0.10583328273261851 0.010215057443855462 0.43849125923549465 | -0.16496849299168778 -1.2023227145697883 -0.12180477140764817
0.21422478879121556 7.640005716893009E-5 0.46994119306583054 | -0.0015636212216319078 0.0049549187920868475 0.004696036070182361
0.29275532873996846 4.938892564570776E-6 0.6020573221287536 | -0.008131853076787805 0.0028496584663822407 0.0014806677738660144
0.3693072466251989 1.7539472688450492E-4 0.6488690262306096 | -0.0023868049725111837 0.0047077870097998326 0.00466510805517809
0.2828508572426572 0.00679826331568567 0.721617153319273 | -0.024020591448930317 -0.2684189984565697 -0.0056325141632102265
0.42601075473499295 0.003854364467117387 0.22905225426544734 | -0.18383921102667947 1.0057960869004814 -0.07344545587014994
0.3439022857921188 0.4000093623358199 0.3438965147977949 | 0.004764115467389246 0.0032694315444003006 0.004768040389483299
0.3789760136586081 0.02987087168466126 0.405433522230603 | 0.13063684298854322 -1.570263290389433 -0.022153662279287358
0.20304018177540686 0.06127216622657483 0.4802950126002133 | -0.1446714037033581 -0.4282131927445828 -0.024240684385261044
0.28562109671682767 0.0022826231693747014 0.4743714709858809 | -0.017185632139158566 -1.3479960175563466 -0.006152679235264042
0.23349985223927003 0.06259010479364362 0.5469620016124818 | -0.10590636546611648 -0.5997733594214983 -0.0480827615417454
0.2784284869893871 0.06595660121580105 0.6552394399010791 | -0.04103890778001536 -0.2779431607436892 0.07487038287344533
0.27720729758486234 0.06198803277814376 0.7262044971887085 | -0.020015133336682013 -0.36718574873903254 -0.05355649094844675
0.4000004492860806 0.0650601427776213 0.25912792652188527 | 0.003922259569300086 0.00251363964947345 0.005868871209950493
0.40216397665609216 0.03286018107863346 0.3591843315627428 | 0.00620520966220219 -1.2386416517083108 -0.025435982372716617
0.411856913075941 0.1329150469944707 0.4117174435722733 | 0.04061293844627006 -0.42748379163265293 0.039290278063584594
0.37224128401237677 0.06129869072991135 0.5065050412403334 | -0.00804416249647461 -0.7212516496860881 0.1630242861710551
0.37427099389578355 0.059362396313316745 0.48931433639220073 | 0.042541301158330366 -0.38538076771521773 0.014196846920025185
0.34720939414523494 0.01944741199333585 0.5755541214067609 | 0.015780588832097323 -0.7574931661035187 0.0651911873286443
0.3623873021915796 0.03729964371526234 0.6652063117601027 | 0.02630368452896776 -0.6734658180854808 0.036658922690332205
0.3626776494795049 0.06095268193883674 0.6732550626419315 | 0.018688748514549543 -0.3958612457387421 -0.041629558306134885
0.43970355480099965 0.015695869732335964 0.10447368785906264 | -0.1184084468193834 -1.1999090054182544 -0.18930932028477848
0.4790275481327023 0.06093113613413307 0.20290611942228412 | -0.02675629889446839 -0.4056708226896437 -0.14223403408521057
0.5046979394090332 0.05945253752707195 0.3697132901358017 | 0.12493666923994542 -0.7261644647123116 -0.020744244659052766
0.42518688991891 1.5880178985309235E-4 0.4250740420676215 | -5.066339730878159E-4 0.005665935145924497 -6.993999127575348E-4
0.4622997223544196 0.01206973127077537 0.4636837377121052 | 0.05513744876289534 0.2370788562391366 -0.10567682857609392
0.4235937584010591 0.06063698252357004 0.6185514009504218 | -0.008090374876022008 -0.786379124956478 0.09201816190063192
0.4380321473812633 6.708505062724771E-5 0.6387210625352706 | 0.0017464137890893584 0.006025106071316845 0.0014842382315589
0.4457542428410649 0.0597056437450261 0.6583389502307815 | 0.005385975171426008 -0.7480844557981005 -0.03073461847271324
0.47056625145456243 1.359981554853883E-4 0.21420925811224611 | 0.0035633339992006824 0.004390507372097187 -9.797707015499451E-4
0.47175112339660374 0.005304979741757839 0.2853912811997268 | -0.011253913845281948 -1.3624785270805706 -0.017068190152756204
0.4919524962687354 0.05422536038906777 0.37280219513145096 | 0.019020179214907052 -0.396917992703266 0.03238858793992682
0.46638433503334525 0.00904895204534872 0.45937515504511195 | -0.13098675096674864 0.3587943180578491 0.06476832570138903
0.5178688111067085 1.8125491047621238E-4 0.5165620484082759 | -0.004525666888274978 0.00531021594239425 -0.0033932268710945056
0.5144630485234607 0.03857855754782052 0.6033981964451451 | -0.030223809070568566 -0.9234356758458506 -0.06948753689752125
0.5178955785693785 1.3280465148739562E-5 0.6549730770294492 | 0.001362915053392558 0.005028371631730624 2.146485915931165E-4
0.5091458298870796 0.051864297789809416 0.6638745180536595 | -0.020933367253951972 -0.6808460781947036 -0.03707611145682269
0.6012060509722025 1.806927995196667E-5 0.2920098947115258 | 0.0011909608541109983 0.002934617574623629 -0.008040121299399303
0.5462914347715836 0.06272930824106476 0.2338552208258133 | -0.051172554014291306 -0.5953705652139968 -0.10877942370204596
0.5766024860741167 0.025665129074392716 0.3463230989170667 | 0.06588816752549803 -0.7443023704181752 0.007596067863942085
0.6173347391689411 0.06086130847090725 0.4223897649045919 | 0.08691438778937523 -0.7856660784485694 -0.012787941560670998
0.6101572596652793 0.039753041895594886 0.517312458107509 | -0.055134726777246776 -0.9109025110189274 -0.015929330516861264
0.5895328364242787 1.276710947936855E-4 0.5896213516241635 | 0.0012044825289805375 0.07254333928289432 0.0015022602618562128
0.591706021046087 2.413044266866771E-4 0.685520624569952 | 9.109463317943628E-4 0.005752123022817361 -0.0031851282070107837
0.5831818031319834 0.041254330062974895 0.6950364264325795 | -0.0026915732838501414 -0.7708083230626104 0.002245929297158537
0.6501151710121821 1.0317673530929979E-4 0.36965349370452477 | 0.003807456004408568 0.004365240903520637 -0.002369956721075234
0.6558648698469043 0.06629775578146227 0.27882506071851576 | 0.07792671453544837 -0.270756059931178 -0.041463105736182476
0.6659660021606745 0.03715929504787972 0.3628736283231716 | 0.035932982805035346 -0.6744816210518367 0.024057647595920002
0.6389561757687403 2.422531000497775E-5 0.4385168201809247 | 0.001194859948474668 0.005635741004501642 0.0014962044707008517
0.653891774365932 1.6490699824383637E-5 0.5173114526355811 | 4.755905929637742E-4 0.004983171898214393 0.001619379712566115
0.6855538154241001 2.135272393422971E-4 0.5911022733658737 | -0.003188478309461199 0.0057115587378489254 0.0010098108765563003
0.6748766798749343 8.942938506801613E-5 0.6747500905927171 | 0.064006658849703 -1.0851832994257289 0.06378215346490478
0.673266397902061 0.013943323836492057 0.6731188287001437 | 0.06364827156038677 -0.9962374493468147 0.06542484948751684
0.7219671326377813 0.006855712968130774 0.2831530565488826 | -0.005053333140840899 -0.27015266142975375 -0.02431437077201997
0.7264737361669539 0.062094102549012466 0.2771935575802192 | -0.05261476830790657 -0.3650037731160799 -0.019761034092296816
0.6718506974129315 0.06296260138887153 0.36238530983998135 | -0.049480058756913435 -0.3882188160680265 0.018931204880536106
0.6584520157973495 0.05942753808259134 0.4453044408557137 | -0.034639373648274005 -0.7480853059530063 0.0037649961259153034
0.6643324719627209 0.05159328030168058 0.5088722196558231 | -0.03060736378896842 -0.6837161899136763 -0.019278336026404053
0.6950166319570118 0.04125386797300167 0.5830608544094937 | 0.002182950955174116 -0.7710077566275063 -0.003552571601823612
0.6732441544170106 0.013946278950737245 0.6731397666140276 | 0.06567085971769325 -0.9962892654144321 0.06337829237113936
0.7371638071152392 0.00894650976752782 0.737161847658548 | 0.012654519113507437 0.1498277862862164 0.012636581426351517
0.2809784801992638 0.4000044860753599 0.28096827759643067 | 0.003683065456573129 0.004148780868295327 0.0036885499312252932
0.2059522599127223 0.0745382439988374 0.46511118332733464 | -0.10123359814667256 -2.9347934135820757 0.24206426036791406
0.2601906215291758 0.14167515205524622 0.40000000750880454 | -0.0014033785901403264 0.014173548754060157 2.382027602578397E-6
0.2290298265176045 0.011614865659757482 0.4000447861371314 | -0.002089377426472588 -0.01147859339438085 0.011977330898667156
0.2232125266033332 9.510259404423843E-5 0.46896155694461317 | -0.003836056441619746 0.00471912908897509 0.004434889283698001
0.270682840584874 1.4437770243842582E-4 0.590409914614578 | -0.0032139205868757727 0.005435764263653282 3.535190351542061E-4
0.30916970733967875 3.545723672794383E-5 0.6544749202856317 | -0.006812760917626178 0.002918848657004073 0.0023771422486969004
0.2545281709305235 1.870855564144817E-4 0.7040773208952287 | 0.0046702194109624695 0.004193585588994726 0.004023874967170233
0.4658853253548489 0.0758525970653225 0.20580729481151208 | 0.2347328732080159 -2.9439546897553823 -0.11533414970528814
0.3437227636690865 0.4000050056401913 0.34371698798490674 | 0.005095804311437032 0.0028860465924993276 0.005099131660901662
0.38484969537094754 0.02718581306580601 0.41048674726324197 | 0.08795646405039233 0.5629928310161012 0.012309949018837618
0.1992379783215342 0.00873495392029297 0.4855075522440742 | -0.13095951767271644 -0.7812371370099721 0.04135804339302411
0.2853022682991393 0.006564746707546272 0.47371713328652537 | -0.026230674612319954 -1.3306824530807262 -0.01196704592030651
0.23300773303680486 0.03473692471740841 0.54544076012044 | -0.10001605575682346 -1.0222588213270694 -0.06446285086839282
0.212651586611631 0.01325220167908436 0.6460189556314824 | -0.0011569864459883225 0.29105390781493684 -0.02641850620016068
0.3009136420398255 0.01034744073223592 0.8507528806881837 | 0.034520468482812025 0.4594400104949932 0.2236871328410438
0.4000033188361027 0.11009327686142217 0.25780280612749074 | 0.001133039170329148 -0.011550717084122553 -0.008713228607837136
0.41063913817270825 0.019628938242903463 0.3874312020038589 | -0.0018054922075961943 0.5818292567024924 0.10051870659402122
0.4524760970096995 0.06116746210553591 0.4521131667923524 | 0.10470291723123172 -0.9919399324780009 0.10577818435379255
0.3314901415905129 0.0032672480777460444 0.4000644038042483 | -0.008801155573756565 0.001230009479641515 0.003515823904741644
0.3717342446315248 0.0021843694238137834 0.482699327470411 | -0.0010680135635569084 -0.003097473754871998 -7.175076212469946E-4
0.3468590310965426 0.01707488172888913 0.5762076180996234 | 0.009679855033244592 -0.9175033400636161 0.0808569557638187
0.3623520272702394 0.011683411366154566 0.6606242343715184 | 0.020302134984535158 -0.8598107610536593 0.011181360760246124
0.36806345170914767 0.009226282768193787 0.8192175715538579 | 0.023376123488733736 0.3879986307507387 0.0812278794944475
0.40005920879969925 0.01148355638710696 0.22692164564399628 | 0.011017588709569833 -0.004805923609859844 -0.0014077448940213399
0.48529848834055467 0.019340002981265914 0.1976834095208837 | 0.03995707621936711 -0.7430601426881921 -0.1364991253149815
0.40008460711805544 0.010311524263908845 0.33645640077827055 | 0.0028724390868334806 -6.753350185260693E-4 -0.010228286061784407
0.43894524496259185 2.2916595770584156E-4 0.43920693670678135 | 0.002331180671095645 0.005213164610472093 0.002357283788516882
0.4616733220083908 0.010275905316293162 0.462483293402698 | 0.04140286285466344 0.049833022022122905 -0.07117554041461475
0.41981395448473846 0.0355703020667682 0.6087426018941203 | -0.007374463904763925 -1.0976642384078414 0.04892621909329214
0.4372985878487971 3.267007052605781E-5 0.6385781703785653 | 0.002271405085740049 0.005996909043657177 0.0015025894879584201
0.43772239790712963 1.4877850475932138E-5 0.6350248182522431 | 0.001627088210083007 0.005825338854219886 0.003412156926076784
0.46820903354786453 6.170400682128035E-5 0.2225076458355843 | 0.004014386222291478 0.004747321615911387 -0.0032492227694007423
0.4714316823382518 0.009634854166815573 0.2853392881722494 | -0.015208057046061986 -1.3328653329392308 -0.0224802617129229
0.485301874948341 0.002624472887212603 0.3702793069344694 | -0.008206958766982622 0.021306614413368015 0.002016230808723887
0.4645265994424277 0.012988138453715834 0.46030049994148453 | -0.10396471447401431 0.1763055887292238 0.070010082756454
0.5895905379329279 4.752527592853277E-6 0.5896817062192415 | 6.750430157498995E-4 -0.01558061744962192 0.0012128018484123123
0.5014942411979638 0.03506777591966421 0.5757866428671048 | -0.01582253717446318 -1.0219301957348836 -0.010163614367341076
0.5154566228503241 1.0434062294976E-4 0.6494376906315522 | 0.0031528449493448477 0.004259288785554141 0.003304311273821531
0.5192210744881606 7.61760965109215E-5 0.6451656261608604 | 6.069369207865289E-4 0.004044322405689037 0.005272601517356888
0.5903091089121223 2.7730019097962233E-6 0.2706286360138392 | 0.0020522610431997186 -0.012251424011222728 -0.0026814382237143166
0.5444603341055099 0.034938716131764073 0.23333815012011389 | -0.06547736644184439 -1.0191832652466541 -0.1028030147257888
0.5775582294728047 0.018579219106870874 0.3463645128199823 | 0.08534049256473611 -0.9155846049478219 0.01056411299391153
0.6075834235051691 0.03689194134293654 0.41888686837804323 | 0.04353600843463832 -1.10371164700681 -0.01147686321529344
0.5732305915640209 0.03577931393094542 0.4994510576479135 | -0.007227591835874428 -1.016222802919242 -0.039239179278862654
0.5896084468849615 1.2005392560615873E-4 0.5896986781981 | -2.5643439237437647E-4 0.043080158119940676 8.843161944244744E-5
0.578696768718942 0.03362658696291686 0.6884827456278781 | 0.03049349093036348 -1.0722203899153824 0.04511953102588308
0.5946338175901087 2.3073181546827377E-8 0.8091600853147114 | 0.0023257036609632335 0.0018772750474735191 0.00753945773472255
0.6544524048907809 9.392009027859444E-5 0.3092411009280494 | 0.0025383375566107886 0.002654197829493878 -0.007147846456649821
0.6461046198327585 0.013554713119610878 0.21263602478545734 | -0.02679303730015659 0.29212616137187475 -9.211175762701758E-4
0.6586674004706392 0.0014965537162756487 0.3644252426728067 | -0.028137313129846703 0.37263697950494384 0.026078639529782423
0.6383877119865613 1.7126476975128405E-5 0.43676714325724086 | 0.0013474385524074812 0.005499073659914132 0.0026408398843211847
0.6481046083904763 1.9722642605484407E-5 0.5148879107701242 | 0.003390768999890006 0.004136774340198595 0.0032489719005397563
0.6882611909492963 0.03338278468958006 0.578536815307925 | 0.045162769573040766 -1.0733676136952042 0.030132617940190985
0.6761457828023466 0.006348379014344338 0.6760223899621649 | 0.05847759416266642 0.3678622450092267 0.05833951389516176
0.6499367940181496 0.007381621405713294 0.8817255587181938 | 0.02942025364864248 -0.2805750385488014 0.16364011416753246
0.704070653209979 2.024283241479886E-4 0.2545269946166542 | 0.004007360808629467 0.004219065475840383 0.0046437824575398245
0.8507737847932703 0.010326980047723523 0.30093330548496233 | 0.22362247991624432 0.45963635090158284 0.03456358362921863
0.8190683422064665 0.009189613722444236 0.3680357864062422 | 0.08034664134234355 0.3880146157577378 0.0229821215154828
0.634782804173303 5.917295015972192E-5 0.43766452083453744 | 0.0033270605682186602 0.005546423911541827 0.0017794455080713408
0.6451187459843902 4.3553618982990265E-5 0.5191816832878187 | 0.0048306855845554825 0.004104994956496528 4.399157522615318E-4
0.8093429529920939 7.344885901538005E-6 0.5947152903733287 | 0.007572587131102723 0.0018705602915753375 0.002268410642042643
0.8817173737207433 0.007388834064728794 0.649921147643887 | 0.16361458137400237 -0.2806549211948257 0.02937499278491516
0.6781211638907519 3.270098555614896E-6 0.6781009369256789 | -0.001240762773809026 -0.01408784214075939 -0.0038690334773207615
0.17348883906394627 0.40000173494126046 0.17348892167062982 | -0.006381563819053307 8.744249990697447E-4 -0.0063815524899814655
0.223567179433235 0.4000045133371587 0.3464327864315845 | -0.00448471602421068 0.0034531403286966796 0.004703493075840716
0.24950867563453924 0.2092471945704562 0.40000161794259664 | -0.004045967231605665 -0.2270617568352935 1.8456658298666813E-5
0.20403873281329757 0.10629375272253946 0.40000099599318656 | -0.0050972393991725535 0.0032974326634407037 0.0011876834413427914
0.2643879005339651 1.0603285336112313E-4 0.4550085923037501 | -0.001966181858527839 0.00630001024721918 9.594764278798609E-4
0.2676397642352873 8.776908226312816E-5 0.5822247664363336 | -0.001853864796611081 0.004886689923161289 0.005017128900411972
0.28414741122905596 1.4394448612253795E-6 0.6455556024904783 | 0.0025413797242088906 0.003444154037073377 0.00542688068211215
0.14874765909144066 5.10443095525194E-6 0.7927996122337446 | -0.006316019471096003 0.0010426987657134112 0.00621484100911418
0.3465404444866517 0.40000080530260607 0.22359285397942383 | 0.004564069043832763 0.003485743674591851 -0.004562950496880078
0.3435883744063473 0.4000159403219293 0.34358258596317864 | 0.005255040379546261 0.00268579389608439 0.005258068324215754
0.3246756894337607 0.017789514232146142 0.40006108151025316 | -0.008880627997918195 -0.0073460185989055946 0.007730234376725197
0.22515354490212164 0.013310809244658725 0.4000388543207027 | 8.636093343617399E-4 -0.011649313306744168 0.011607889677161896
0.285153193961602 0.00416373597234041 0.4744755093598296 | -0.03409755724759247 0.6255567427513465 -0.010771664876739584
0.2469362381467602 0.016144197078496996 0.5673737942565727 | -0.056395739612248676 -1.1139613422468104 0.01338777542154043
0.21263535058763205 0.011116530524628892 0.6458650527183548 | -4.4114699943477914E-4 0.3255790605783952 -0.023095827332499576
0.33111097284051527 1.6170425060758946E-5 0.8460604820377323 | -0.0017886002587801072 0.004844917122519433 0.0021933900389981705
0.40000311667373095 0.16710334035463978 0.24624443578896438 | 3.6653217946154836E-4 -0.11137611021670993 -0.001142230647724649
0.40008244824449585 0.02167238682336368 0.3254852110311707 | 0.006346372806774434 -0.010886461383928901 -0.009066594459160257
0.45065154335670654 0.05741511425004595 0.4554636049526399 | 0.09270354570277548 -1.1538841895076473 0.1279408713116517
0.42367358794714266 0.05527834656406666 0.4091074539541033 | 0.12341749780118674 -0.7954364442343016 0.012662906536474172
0.3728908069636511 5.241978479425031E-5 0.4860566923076323 | -0.001377497801391322 0.004013987142381792 -0.004838237881990098
0.3298555743049361 0.07487536643418036 0.5796316397845326 | -0.15241684538142158 -0.6298190854612834 0.09117689642936526
0.28236315345813856 1.358926041088718E-4 0.6558445563752633 | 0.00369418028012117 0.003962918732425069 0.0031971414637523166
0.3652065615956096 1.4265317493943551E-4 0.6441618336578193 | 4.178246050589879E-5 0.004262333692317142 0.006185715066983376
0.4000001421526856 0.10669908576569397 0.2037592548748512 | 0.0013354565535813744 0.0014207943395803024 -0.007148119234061924
0.40000306618936043 0.014754036025177508 0.22310274570199004 | 0.01125669059705548 -0.006149040812974073 0.0018717935245927816
0.41549436826639885 0.05459063461538182 0.4104303388634516 | 0.06835534124588614 -0.8676466796979954 0.13118825905653955
0.4092065145506078 1.4510119820994256E-4 0.40765157433315335 | 1.971573924212455E-4 0.005613174713286182 1.3166997804860616E-4
0.4255051115274571 7.0520431035064035E-6 0.550952715209486 | 0.002069065027349968 0.003328187821962904 -0.006548285194049983
0.4146518067242917 0.045161349783832204 0.6005336322244682 | -0.05655354121465533 -1.069404463739475 0.02754181946050941
0.45135899365814086 0.044192612580224194 0.6935000149964776 | 0.03200378983084166 -0.9714482914596924 0.012568951466603757
0.4404051219072851 2.3334822190006145E-5 0.6327170787308392 | -4.576908962638936E-4 0.005403555579273525 0.004487477262865939
0.4553119771652968 2.475543940739551E-5 0.26419246026134124 | 0.0015155413204359378 0.007176204170277321 -0.002259291284561404
0.4723776748789531 0.0039965494815748254 0.2851866434046261 | -0.020787391676814326 0.6561025592004786 -0.03499455194709219
0.4876619562620926 4.196874238228938E-5 0.37158369392684165 | -0.003719713224696687 0.004430723602889642 -0.0014363573477086885
0.5509873166429795 1.0628903466833362E-4 0.4257082721213753 | -0.006508366281664487 0.003606590760314233 0.0019359558933087358
0.5896950882863002 1.6340217685586607E-6 0.5897865674173997 | -0.005362817438356432 0.013162359406925929 -0.0049523012087013376
0.49906528518149523 0.05546360163634133 0.5709996737808481 | -0.06571682133672152 -0.8493171857825375 0.011394091994439975
0.517648689240517 1.1532087902819621E-4 0.6564277097415021 | 0.001323707115820179 0.005009983918835391 -5.734880081278965E-4
0.5154874786881641 3.190698816093893E-5 0.6339595915587165 | 0.0017361812484579533 0.0031672058768854035 0.006441459165852895
0.583386454084728 2.0803949741938134E-5 0.267979117458948 | 0.004606491446480264 0.005012785585358118 -0.0019728067014143998
0.5676579787076241 0.014965243702747552 0.2476191381179827 | 0.007012663923343801 -1.1072753470356234 -0.057538027127978335
0.5820699472598514 0.07333507502536757 0.32959899399893994 | 0.09897820485642243 -0.5855630378622281 -0.13914358274296568
0.6004302348211299 0.04494825798945299 0.414420432237418 | 0.02771970698097626 -1.076377783008175 -0.05790833583506569
0.5683227156291247 0.055378546674016385 0.497788215913923 | 0.025962269646487523 -0.8610901703463676 -0.0653884575108463
0.5896029371250626 0.0024744555614518967 0.5896944899103844 | -0.003513114251941878 -0.07430499038638846 -0.0031655641892317137
0.5914175950129784 1.3880454014535273E-4 0.6831335387247581 | 0.001538391615750015 0.005904835570621644 -0.002779180585124845
0.6054683544344875 1.1338650636769402E-5 0.6624917069214111 | -6.012647552202986E-4 0.005445526032707641 0.005141949840175613
0.6455391220560698 1.292069090130702E-5 0.28416379180766427 | 0.005982944449795292 0.0035424917064282575 0.0027317039464067627
0.6459570684932708 0.011293030562186897 0.21262835004234235 | -0.02345752584003665 0.326841949508139 7.741751362477933E-5
0.6566870632937601 1.7938393791052348E-6 0.28244399939676545 | 0.0034045182940688934 0.004220065575865419 0.004010937976584304
0.6933952168361651 0.044943864476155594 0.451286165008608 | 0.014569390272531152 -0.9685737712539525 0.032111379986046934
0.6559646114039515 7.172845883157301E-5 0.5176157498444256 | -6.507575862539331E-4 0.005060559060455491 0.0011649166169570852
0.6830028213841759 2.6772961069066595E-5 0.5913304173961345 | -0.0028136892613946835 0.0059229265246741195 0.0013606732380283253
0.7242832394507135 0.0022338783516384726 0.7243329455904819 | 0.046711782281031754 -0.8034651593010507 0.04695509521621106
0.6443322054104184 0.002150027668406281 0.8801365813820483 | 0.039337899627213714 -0.025062002057314924 0.11164365155948855
0.7931048896765003 1.4755925614342345E-5 0.14844605205371153 | 0.006226397328313003 0.0010203501705100607 -0.006332937621482627
0.8460636431162624 1.1921928154932465E-5 0.3311069194016112 | 0.002230128711373672 0.004837229230171154 -0.0017901208046815253
0.6442215254960308 1.1346051904920614E-4 0.3652085571851858 | 0.005594812817192916 0.0037916863460455874 8.228022905821733E-5
0.6326977459239352 1.0667785238953361E-4 0.4403944215016082 | 0.004437657094049085 0.0053673756073049535 -2.836412320377849E-4
0.6339334494707444 7.27901461046801E-6 0.5155047918778548 | 0.006539661426579234 0.0033034026972061144 0.0017481970868545831
0.6624327218589025 3.8111906273650975E-6 0.6053899560950228 | 0.00513143522804131 0.005451206673969982 -6.501138391098889E-4
0.8801278188997901 0.0021507974138536695 0.6443184436671952 | 0.1116084300546022 -0.025034014877732748 0.03930394737438939
0.8029095242700651 0.0015931617469124547 0.8029094508916365 | 0.0387802189366202 -0.010859707507028072 0.0387811715010729
0.1921562308686619 0.4000048307831806 0.19215625642786707 | -0.006428173579986433 7.690610392094554E-4 -0.0064281730906115215
0.21850705937882262 0.40000314847830115 0.34560721607482175 | -0.005654141726672551 0.002710343756839091 0.004777099531224067
0.23896650415767484 0.07482108262541226 0.400005105399074 | 0.005855197641400826 0.0018969298053829263 0.0021551258481722754
0.1345724099895683 0.029891544306410184 0.40005334408858834 | 9.073990808413994E-4 0.001723320349665762 0.008268698970527186
0.15503315892557556 3.2958362384735316E-5 0.47336067477801924 | -0.0038700423208013666 0.006484811991110416 4.2618487031435864E-4
0.19254099359110777 1.0802404099015652E-5 0.5690235847750164 | -0.006022695399998616 0.004040678213736721 -0.0017097483623285657
0.1286690190081818 2.368473425844018E-5 0.6571443800117248 | -0.003165439335236067 0.00395497035539936 0.005049462704561783
0.15544352524526758 2.6603027983645365E-5 0.7866983978283566 | -0.005846147929357807 0.0014408069866937642 0.0060744910390355305
0.34561192578814676 0.40000292827972456 0.21850639704140914 | 0.004815468975037244 0.0027041125249956583 -0.005630476657321072
0.34351551705705113 0.4000026586348156 0.34350986298114244 | 0.005361793876172156 0.0025456665434277436 0.00536407782798877
0.3235526908422731 0.020485098844202868 0.4000358797884779 | -0.00654057644105611 -0.011088851920258122 0.007980341238884412
0.27258410365618535 0.1746826497717231 0.40000105729881735 | 0.00487466785403603 -0.17989166591257388 7.061756227561012E-5
0.29868172907459467 1.0967276799550248E-4 0.513197835516208 | -0.00515364959792749 0.003878196251954351 0.00393820808886366
0.14223305463149058 0.018031147832913173 0.501073843599391 | -0.32718628408794165 -1.3330080802786475 -0.12510175173739857
0.21343872403045455 0.01665729005664711 0.6465191888659022 | -0.010142566298994576 0.0953462775174235 -0.029298477968956203
0.2574482818901663 1.895708407700377E-5 0.7972279733604674 | -9.585538581315476E-4 0.004716359331341029 -0.0037799781815529105
0.4000084225335598 0.2190763110844875 0.24498149431269858 | 2.8580346810635847E-4 -0.27469700364685706 -0.0033586322752477862
0.40002527258684173 0.014142144444064631 0.31996712961062906 | 0.011248421994426697 -0.008693375639467739 -0.0011540967699806611
0.45010701113766105 0.05279385473762265 0.45605682604070386 | 0.07065214422674566 -1.2828294878135904 0.1123496912319395
0.329541550889457 0.008901505935272292 0.40003217211521686 | -0.00899147610457502 9.645975596053818E-4 0.0037688585232900883
0.37162077453746367 0.007368633111412974 0.4828146928707745 | -0.0053261724194623205 0.33270913590771867 -0.02081971890322197
0.34634657204914887 0.007218171567444608 0.5761140863151917 | 0.009668666051338133 0.2417836350058443 0.01177854828705071
0.36599629788318083 0.0013553430050962064 0.6555966473515829 | 0.020109170145739753 0.034294674375295126 -0.02430220434262658
0.348449884537413 3.248119806732128E-5 0.7290776738821186 | -0.0036211469200811823 0.0029132842794905942 0.007175183413225192
0.400000399479179 0.029604916819303273 0.1342483388165472 | 0.008370250447559506 0.0012298439889251952 8.018396019678584E-4
0.4000011591284359 0.17676560177447542 0.27217392647193084 | 1.2831123206911277E-4 -0.16077860065228033 0.0022922441584775875
0.400132532755552 0.0048865816153733045 0.33483525431278344 | 0.003184826876926434 1.858822290429567E-4 -0.00969549112699583
0.42167414932924135 5.792567215917356E-6 0.40483662722892366 | -0.003370228116525717 0.005564159294599068 0.0015895379187833786
0.4208245828675542 1.6575145749333193E-4 0.5589805309060375 | 0.0037915066507646688 0.0025997527117139897 -0.007303444414926242
0.42651645428248813 8.881252366508765E-5 0.5458652615100461 | 0.0019624884203082904 0.005135532309211339 -2.073523885506409E-4
0.43256297760419565 9.156237852747201E-6 0.732496594337782 | -7.209122979849341E-4 0.003327871672964271 0.0057427679164433285
0.4370829369554635 6.369401990617385E-6 0.7392608657216335 | -0.00710620196674041 0.00223540397532098 6.19138443663028E-4
0.47314745002020303 7.966950138525066E-5 0.15488348537716884 | 2.1051006594399467E-4 0.00704989687296844 -0.0038612747973924186
0.5133503734311464 5.4128377601282064E-5 0.2989729590690403 | 0.004334144065850701 0.0035245593955646392 -0.005226179115257179
0.4861179237338674 0.004206721918721482 0.3698831468464852 | -0.04343326491853972 0.4461202898375951 3.215824505825506E-4
0.558815919877368 5.2611634776932856E-6 0.42100585107094873 | -0.007073522686428619 0.002627423531431273 0.0036204088783931324
0.5896744193815457 1.207972157813088E-5 0.589765208483844 | -0.003919375964457013 0.007406840796348446 -0.0035291769272038356
0.5005842268309298 0.03739148991016744 0.5724652744565553 | -0.03453442233249071 -1.0782134952482076 0.007182359593671769
0.5084861383113698 0.015571943909841483 0.8138044933059801 | -0.01852905949939484 -0.165932289109896 0.16315543629277715
0.513300231297191 3.431937138028245E-7 0.7312143078008299 | 0.005412027136397606 0.003519048679109617 0.0044334970574771825
0.5690109028574782 2.998174740931583E-5 0.1924938410856389 | -0.0017336105701938936 0.004139424474294548 -0.0060405039862225455
0.5022856615848679 0.016306647593174392 0.14254250550201908 | -0.11842279153602384 -1.3435652079978297 -0.32516220332286777
0.576727064571322 0.007459262671801236 0.3461863377269986 | 0.005410325499193021 0.2699324454015869 0.013624382422384507
0.545957770670766 3.481945452229206E-5 0.42699537528656817 | -3.925383979259595E-5 0.005333128157192198 8.878675162274523E-4
0.5683888359120732 0.0386758128385612 0.4979289400247371 | 0.01821186386693124 -1.0842129559500098 -0.05778430671815577
0.5896039453239312 3.860144508706498E-5 0.5896951487826367 | -0.0015277812639419627 -0.028592881804754396 -9.663126825180454E-4
0.5739858765589321 0.024493816208069417 0.6865516587435424 | 0.009107173746222285 -1.171731858935125 0.01694890821858829
0.5979637039165018 5.982006554368149E-5 0.7168393036465469 | 0.0011360919857119247 0.005445851140374613 0.006748058406249772
0.6570513637936161 1.4248575821164916E-5 0.1286731030836223 | 0.005050831317904599 0.003934353027104529 -0.0032311959487411205
0.6465677755582603 0.016833516023546387 0.21345672543897343 | -0.029692678873169124 0.09651510782591285 -0.009682364971303245
0.6558035998157755 0.0012423450315135324 0.36614363940165234 | -0.02518738504318984 -0.009669771617057229 0.019004004014032856
0.732400359962313 5.7649203810787674E-5 0.43261457230387496 | 0.0056123599763879435 0.003395961730387163 -7.440330898153715E-4
0.8138500450716308 0.015587239501812315 0.5084537872251552 | 0.16283284493239542 -0.16283003459422812 -0.01874759288612669
0.6865708111759017 0.024215914121080272 0.5737798233629096 | 0.017376429606651873 -1.170860997780988 0.007880584458123162
0.6762594381938065 1.0793515066648193E-5 0.6762218930221118 | 0.012571087640979325 0.0032000128531641464 0.011884919561108195
0.6851259882930394 4.939227292930686E-5 0.7928380499065293 | -0.002458769219477084 0.0025525433237036663 0.006720573638911112
0.7867338055553547 1.1029341372717236E-6 0.1553856783665232 | 0.006075152562464428 0.0014365462185577103 -0.005850184886454842
0.7972528071463828 1.714153492153016E-5 0.2574341304249697 | -0.003659208205535954 0.004753303548126218 -0.0010474450574241788
0.729100066855529 3.8532249764030045E-5 0.3484528242933976 | 0.00799839001350391 0.002482039804083211 -0.0039504685457149935
0.739266486746706 6.8378814961844965E-6 0.4370840737782869 | 5.221993154247298E-4 0.002265737054003744 -0.007059828235041446
0.7312129280561637 2.5962741292783423E-6 0.5132987291794789 | 0.004365195680679278 0.003533882023040512 0.005411641197772418
0.7168391927097757 5.850901496312657E-5 0.5979629773071475 | 0.00679860724028813 0.005427559446122231 0.001153621836150057
0.7928346077503938 5.2350817337555735E-5 0.6851248329640839 | 0.006719463781698231 0.002554571975047166 -0.0024568086699881474
0.7988240301739596 6.403574516737072E-6 0.7988240159895251 | 0.005470149357568317 0.0022247309388762904 0.005470432140443518
0.2140629248530909 0.4000048197214068 0.21406293638446477 | -0.0038313407479914166 0.004124310632643862 -0.0038311292347997915
0.23210855685321455 0.4000073546479893 0.3431599007755431 | -0.004643512297970342 0.001658839771297671 0.007046945665788734
0.24143599954343017 0.07803004698342315 0.4000001403297553 | 0.006924549550425963 6.781537069963922E-4 0.0024864332600859724
0.14327130955619374 0.030316210203735 0.40007505993906545 | -0.00451131142037942 1.7252193178289867E-4 0.00786519276032656
0.07010329317645064 2.5225322369263042E-5 0.49284100581386425 | -0.006625664010190761 0.002612017681114267 -1.320587797885296E-4
0.20011270755101906 6.06851922824683E-5 0.5661508827840237 | -0.007711469150791809 0.003850967527032975 -0.0010240143344753515
0.1440980267047883 5.0213139905738174E-5 0.654345387733837 | -0.008066006358845176 0.0023523374222854236 8.924515297028703E-4
0.16581142613410052 7.007381545818197E-6 0.7755695062928569 | -0.005716856542917772 0.001437069382188163 0.005957801496941241
0.34316243617854403 0.4000072344800633 0.2321086600234608 | 0.007057714898545828 0.0016565560127202357 -0.004630532094687475
0.3435082821909901 0.4000016534490282 0.3435028930839878 | 0.005371634144150071 0.0025332303342861075 0.0053727356324500914
0.32246907074921244 0.02008502462953893 0.40002219461702043 | -0.004299010789507901 -0.011802833491618935 0.00896676109205255
0.28952817019142457 0.14677735827946978 0.40000046864567196 | 0.0022378565903165646 -0.19200453448283816 2.5588517188377556E-5
0.300161167782936 5.570277700757161E-5 0.5132524033632995 | -0.006094665911677564 0.003267704594445777 0.0032440929098477463
0.1427953796590332 0.02393283345580048 0.4989850808837621 | -0.32861403758332436 -1.2850562425497047 -0.12911026172355589
0.21340059138554565 0.01709316070406663 0.6472928578720782 | -0.005861513189252705 0.06876491350012748 -0.06417658549779374
0.25730544743426453 8.993329332961659E-7 0.7944005439610066 | 0.0022357480354768997 0.0034104401146706816 0.005862450231241536
0.40000064108498345 0.10044235101588726 0.2427791808686171 | 0.006340223647898877 5.489477339338036E-4 0.006008171294124
0.4000386190782134 0.01411264250230414 0.31856602345292945 | 0.011100405392416579 -0.008227468154311225 0.0022152502461411437
0.4923872554711162 0.007504880694534363 0.501648087505459 | 0.1950856001570202 0.6626554040256457 -0.012300809882807635
0.3234426616642817 0.01284669887632778 0.4000446373686398 | -0.006395953279205239 -0.0013195625724278864 0.008979710758094414
0.3715590017940191 0.006550289991695165 0.48266525503398794 | -0.0030375534282147364 0.10072936818675793 -0.012091218734974844
0.3427766351954669 5.239201265472033E-6 0.5788050848694907 | 0.006770818935068933 0.0017892005884481868 -0.005621828541911729
0.43317360275241773 0.006928591823904653 0.7370524446358893 | -0.018271046155642335 0.36719439435026074 0.053865097145412065
0.35178725486084494 7.382543621244406E-7 0.7305608266788157 | -0.011587207918856583 0.0061608580168070175 0.011729347698393048
0.4000320790104578 0.030579945281581297 0.1430329623000609 | 0.007770040137019001 -1.1832186355667946E-4 -0.004902435289863618
0.400000579214078 0.14941946428538583 0.2925971925716449 | 2.9885512454430655E-5 -0.10918182181668902 0.01937485390310101
0.40005340884219054 0.008304444262940146 0.3286253241751531 | 0.004451991272436657 5.699088008654273E-5 -0.009431137133322595
0.41835975789182317 8.152996040026818E-5 0.38783249528536373 | -0.0016407082545145623 0.005240157004453288 0.0047981924894529605
0.4234853675202486 1.5462301539358013E-7 0.5543701795423857 | 0.003234235486650512 0.002706401768050753 -0.00709387971836284
0.42635779729501583 5.905471824867745E-5 0.5425002934037296 | 0.002104240690783866 0.0033031266611765397 0.005207383183857819
0.4326654201642717 3.3023156082803704E-5 0.7332537831601882 | -8.854188089287452E-4 0.0034864308552517015 0.0054736029471430395
0.43738029481492374 3.774636254387536E-7 0.7442996310012704 | -0.007118428087736868 0.0021069757131692373 -0.001254416901304505
0.4925644507846743 1.0489743187501544E-5 0.07033684935767652 | -1.612123483538641E-4 0.002740275945600055 -0.006547180482015794
0.5123593309481185 1.084413583469685E-4 0.30063375768259853 | 0.00433054372522429 0.0029011931133697292 -0.005832185656935362
0.48524084112644555 0.007073118058456654 0.3701228925038983 | -0.019783745261833387 0.0727037695395231 -0.0017538337643224174
0.5541416134201673 1.3708207359082597E-5 0.4237214977079959 | -0.006937398064897959 0.002846931531377195 0.0031350431749248347
0.5896772480379583 5.130943519759961E-5 0.5897673934289857 | -0.0034629514837048922 0.007447887028844833 -0.002815304644508615
0.5014646342999332 0.005726636511013673 0.5830988769150133 | -0.00652692573704653 0.35335531847747687 0.04415065709655117
0.5075292731946695 0.015819518581674453 0.8161013202932679 | -0.018609275435297154 -0.1607040927068003 0.16532739252230758
0.5125780703380964 9.549971471206328E-6 0.7415875324720516 | 0.006583340162340455 0.0030215629568119814 -0.0018522487376555273
0.5661329204870649 9.931200033290813E-5 0.20008112762972827 | -0.0010340149727838253 0.0038871483542825057 -0.007705428387388871
0.5002839358916057 0.021359459666768887 0.14264226624279236 | -0.12461500666467952 -1.3025701395096145 -0.3287171836201792
0.5789302665735401 7.760756030359615E-5 0.3425332596794681 | -0.004931421656444921 0.0025411788922702866 0.00625655053773954
0.5425722448241529 1.643547456116253E-5 0.4266422948757272 | 0.005217191658752266 0.0033790826452898635 0.0017868624003589955
0.5821941847717881 0.007251884017719904 0.5017249155149255 | 0.05146724052936419 0.3648008141264563 -0.003517223783862187
0.5895330381635522 3.769316731244779E-5 0.58962298888007 | 0.0024119171206160753 0.00885766993190635 0.0027574450263504165
0.49856922445769786 0.025725791800183712 0.710568827540314 | -0.08865638750523223 -1.2946450176133282 0.05959898333032106
0.5938996897393439 6.0384320816307734E-5 0.7264657160144979 | 0.0031082116617741555 0.005075544605023106 0.006418028051841265
0.6543522103996309 3.860818972763586E-5 0.1441036140594872 | 8.878642324030221E-4 0.002369674513106653 -0.00805020710705043
0.6473462725071061 0.017025804784296012 0.21344116355335846 | -0.06345926913011492 0.06973662446309464 -0.005861114531659276
0.7368456164423318 0.006209982736161005 0.4332521987171456 | 0.0528314680087865 0.39086823908776386 -0.017782612772056287
0.7328588302725068 1.4516473375029179E-5 0.43261488053111247 | 0.005495205762489155 0.003473270168822469 -7.040972638206335E-4
0.8161420797084797 0.015865672516915154 0.5075147375693044 | 0.16491153291268656 -0.15676953017641695 -0.018412645022275034
0.7102453210709203 0.025416864110930873 0.4988199346062995 | 0.05890200873114785 -1.292904327491874 -0.08802371171202496
0.7480446016868613 0.041531932328967736 0.7480386706061546 | 0.08942100580133423 -1.0853823578733772 0.08942055026209828
0.6863594395928329 1.923733287528099E-5 0.7936476698298007 | -0.0031908816792722023 0.0024993141639535247 0.006476156080701192
0.7755541782602668 1.1479985447637645E-5 0.16581275463516873 | 0.005944107455385441 0.001450186219441207 -0.005714517465385151
0.7944259654653775 6.425700419292668E-7 0.25729476265022627 | 0.0058959308271602125 0.003409473320542893 0.0021522705959424494
0.7305859373889841 2.7327223163783884E-7 0.35179253384957665 | 0.006821556296773335 0.0021994827892567325 -0.006332133386306319
0.744308615110117 6.835269755981887E-7 0.4373871115612239 | -0.001263379414479588 0.0021306207979953215 -0.007080987051631839
0.741587953357087 1.0559873447019947E-5 0.5125775180699086 | -0.0019173850538910131 0.003002267836239618 0.006536702883198176
0.7264652706178534 6.012129526081049E-5 0.5938989729655092 | 0.006447748308374673 0.005055812516458551 0.0031495601436673662
0.7936460746985547 1.98468524450765E-5 0.6863608314215558 | 0.006474770212125215 0.002500592153111666 -0.003191913312274268
0.7896547180742174 3.3462028921727534E-7 0.7896547403606216 | 0.005581545752529749 0.0021453866324434613 0.005581786529766628
0.2252411249884605 0.4000002772006596 0.22524113243400132 | -0.003465425285666227 0.004451677348748855 -0.003460838325506509
0.23617535161799136 0.40000151306119375 0.3417757589287807 | -0.0049570564337571 0.0012615221701871052 0.007222249447635673
0.24443808105054107 0.20908944421940526 0.4000136752700504 | -0.004517786421971874 -0.25787478273035425 4.8417556468206184E-4
0.15698005395813494 0.023368391597449464 0.40002219130863664 | -0.0080044505780781 6.049675844137469E-5 0.004890726432867595
0.07383820665782587 7.776516265711741E-6 0.4929270361711914 | -0.0068408241278432105 0.002513719782966402 -2.0155666938120856E-4
0.1958512080144662 2.2950840422027722E-5 0.566170780261137 | -0.006982599828127542 0.004145986034510838 -5.230451219209292E-4
0.1457369729414647 4.83307392224548E-5 0.6541588733633469 | -0.008196657557484728 0.0022379612731623557 7.202768149293563E-4
0.16796308735972254 2.2232537758213576E-5 0.7734557483124345 | -0.005900926893173807 0.001432050587082073 0.005767730268989553
0.3417752611880985 0.40000161049353294 0.23617502387087874 | 0.007229016158396646 0.0012605014211170373 -0.00494845775779126
0.3434911296506791 0.4000071549112912 0.3434856740530108 | 0.005379811578091026 0.0025219710915199605 0.005381189740388413
0.32308051939316385 0.02137734877384887 0.40005112938374143 | -0.005418221417184871 -0.01209307919264477 0.008006947958621554
0.3124525659758754 0.11095148433330908 0.4000000110360244 | 0.03123659379806289 -0.03349659648907376 1.2500227021324107E-5
0.30104654427935496 8.791624505663288E-5 0.5121186102217661 | -0.006329263154158757 0.002837723815335981 0.0039341003458779125
0.11290619658937136 0.02070244823093296 0.5459264134021443 | -0.14676570665593805 0.0037080708996139675 0.05698377801409738
0.20454142651176616 0.012229012547985479 0.7206645465362431 | 0.008418098660970135 -0.3060165848231916 0.034581736207923985
0.25736179776768553 3.275665371712407E-6 0.7941432903599162 | 0.0021448884982197595 0.0032552247942132465 0.006132671480926854
0.4000007825944586 0.10097411464710636 0.2428700882843926 | 0.007043049168800048 -9.254663053992515E-4 0.006294997375946491
0.40004435228217994 0.014007856636144046 0.3179109137569317 | 0.010819887189554919 -0.007706481231940174 0.0035356483822054537
0.5097977291625425 4.5420133716179794E-5 0.5088872965019655 | -0.002970441821358482 0.004818506979763235 -0.0010600806671537263
0.3244251744215106 0.011468726885118238 0.4000710345839161 | -0.007155888129181603 3.0953366668959645E-4 0.007308488199269865
0.3706892236827348 1.6033523668337258E-4 0.4820345797855361 | 0.0024536131310787346 0.004939202343519736 0.0011240690019436196
0.34713359041869674 8.100434782701592E-6 0.5763244378067971 | -0.002337617225553708 0.004415556143264411 -0.005529654906319712
0.342584301914203 0.017309563181054737 0.7457480269694189 | -0.10968087524157127 -1.2505853496156452 0.11570954449081831
0.35700616337511504 7.4145301731308005E-6 0.7516223616943728 | -0.009393788395035301 0.0014851066281250738 0.0027146217025824635
0.40002692765447667 0.024108478037030787 0.15717257208441662 | 0.0045848438182217064 2.3102108170441083E-5 -0.008033333982534505
0.4000001459587191 0.11156178306681834 0.31053408522799303 | 6.089428340401031E-6 -0.0024509630440694894 0.010599533282465046
0.4000673796827386 0.010695120411129126 0.3244519920915291 | 0.007333874636045466 -0.002016608166182232 -0.008646161710579822
0.394190807283515 5.731408034459221E-6 0.4038523407472753 | 0.004214273309933419 0.005315402346730202 0.00122292557670671
0.427398388596839 7.36045307993003E-5 0.5450498632981116 | -6.273180276142116E-4 0.0050482870102943915 0.0015911406487671125
0.42628687280220995 1.3295398523676774E-5 0.5429542968646885 | 0.0023380700332970347 0.003499499427491344 0.004828264166893601
0.43268043535682704 1.5463177917001672E-5 0.7332991877876873 | -9.186380486688031E-4 0.003487231168357335 0.0054673256220948456
0.43691130095095415 1.961597915096788E-6 0.752734087771628 | -0.006796665058792016 0.0025105180262136027 -0.0015021072286386336
0.4926103253827054 6.030892281880471E-6 0.07381290204429695 | -2.329256732759332E-4 0.002638730953082059 -0.006777478616468848
0.5113228258185358 7.827215417737997E-6 0.30086285629701875 | 0.005096726263469968 0.0028202120168343485 -0.006000647263703215
0.4844593145274517 1.465040319446131E-4 0.3692904750885489 | 0.001121984869180598 0.0048369242121447855 0.002250783113172482
0.5450951233255098 5.760239565039222E-5 0.42743597988527166 | 0.0018492086997847895 0.005078418193831258 -2.522121524544832E-4
0.5113795511523015 2.1300904385711424E-4 0.5115931134795068 | -0.003203753424653586 0.005051067385617221 -0.0029077518648934052
0.5014314473284903 1.1438920172484813E-4 0.5840947748255719 | -1.8022300311686592E-4 0.006258528657194502 3.3790192375022214E-4
0.5062385501110725 0.013649367339083618 0.817224268922702 | -0.017118875616690423 -0.22143979606130815 0.16043928653078351
0.5131122157226582 5.1719506624286126E-5 0.7514903684259172 | 0.0052356691579647785 0.0028857181754394817 -0.00508143048848015
0.5661536815789993 5.721859649460861E-5 0.19582139919714917 | -5.077010367266851E-4 0.004246073421545031 -0.007012872707425152
0.5462688127376681 0.02154362678609437 0.11240638726754058 | 0.0566887585585745 0.005741517156097668 -0.14884232877020426
0.5766992653352854 7.336994628156176E-7 0.3471105239768642 | -0.003426682481533471 0.005176188798674821 -0.0018592651553874214
0.5430568374563365 1.1544137090710247E-4 0.4265849332438916 | 0.004750464548354122 0.003653335951606859 0.0019340801790898104
0.5838555632257644 3.689531382454458E-4 0.5015699104928012 | 0.006216687579939939 0.04312887873630603 -0.0017189357268136678
0.5895979375562347 3.6057448363488E-5 0.5896882340832386 | -2.4231412320614473E-4 7.118333762805851E-4 2.8916474858618746E-4
0.6033662230761319 0.015615702380022474 0.8169251615067119 | -0.018265980846254165 0.38608045819403974 0.13067210374762928
0.5888400869163034 2.8073029977311215E-6 0.7617824882613953 | 0.00148539412732727 0.00366447477293005 0.005187585371425729
0.6541680267803136 4.069077074358106E-5 0.14574413827770955 | 7.151798574665596E-4 0.002255055337219998 -0.008181267799134504
0.7207662660860841 0.01230091073286844 0.20452522587398622 | 0.03507652681406905 -0.3065021716298283 0.008196452531572215
0.7439403239247641 0.016298164340862713 0.34194536310446755 | 0.12571249437197146 -1.2742361543164138 -0.12542619205483965
0.7332639367695889 5.245030762306441E-7 0.432745346867637 | 0.005342820696654841 0.003542104231001719 -9.80525648150405E-4
0.8172556953012108 0.013848731079784708 0.506225098565696 | 0.160112962938555 -0.21636208051547495 -0.01698689257510497
0.8168944330493597 0.015659790498688448 0.6033709009273086 | 0.13085826305910853 0.38617614143023604 -0.01834150785489264
0.7449015935621527 0.021330958072587683 0.7448969896884943 | 0.08964176662226475 -1.1630503723500534 0.08964821919270322
0.6867514534686331 5.227694162528143E-5 0.7941107142207166 | -0.0034119807883127968 0.0025168632669796825 0.006344460470184959
0.7735925814317509 3.8033062131482173E-6 0.16777383599136497 | 0.005777676413121792 0.0014428400608480628 -0.005879005406058709
0.794167934090622 1.714688044946329E-6 0.2573509003211367 | 0.006162150629998892 0.0032536812186073467 0.0020679690427337113
0.7516446898088837 5.233789507682303E-6 0.357011673919892 | 0.003148465100882252 0.0014609801839868986 -0.00933780720747532
0.7527365103987042 1.374213393020184E-6 0.4369070391621088 | -0.001289245585974001 0.0025320614120725106 -0.006820535210594559
0.751490668205769 5.284212924314976E-5 0.513112080260772 | -0.005069657089590449 0.002854762838110012 0.005182870439754591
0.7617808201707355 2.2503452688063912E-6 0.5888389749859689 | 0.005180814235575964 0.003661743951111938 0.0015004248452029322
0.7941092982623829 5.268303879117632E-5 0.6867529014428977 | 0.006342849533678643 0.002518104933384267 -0.003413442029390909
0.7860554770408335 2.2564323165831466E-7 0.7860555174245097 | 0.0056433234933659865 0.0021916998100960485 0.005643473488436401
0.2393892278999267 0.40000018324521935 0.23938924631536512 | -0.004809484969487064 0.003299295861248257 -0.004801603616246279
0.2422307416645387 0.4000016262909018 0.34188467932271305 | -0.005387288156295263 0.0011490859120795343 0.0070175923897585046
0.23951959242381704 0.009752685167656079 0.4000422830025912 | -0.00863225154633389 -0.007479782045971722 0.008472227585222066
0.1918138186759429 0.09339585705435659 0.40000897177705197 | -0.0035664174206012406 0.0037063152600308614 0.001173705185760527
0.17299256508253275 3.794011934275273E-5 0.4744076158696507 | -0.004655022980814706 0.005092271977167181 2.9503527944881367E-4
0.07923898284870387 5.11269271584872E-6 0.5823521985801908 | -0.004729430932578778 0.0037181834319717283 0.004152776645775079
0.14641192996084107 1.1591101741758605E-6 0.6542830962401859 | -0.008254302997362855 0.002188300380884325 5.857756783209619E-4
0.16996988155755244 2.5479178007102068E-5 0.7715597396365139 | -0.0060862651382412175 0.0014453820541115848 0.0055621307381001515
0.3418846628590171 0.40000157416690624 0.24223061678701943 | 0.0070201017130645015 0.0011484693614077146 -0.005384655835473145
0.34356941898490995 0.4000016311002601 0.3435651625503755 | 0.00530646154187959 0.002623484234646477 0.005302336340985481
0.32246788369618573 0.020823299950372996 0.4000064781084047 | -0.004191944244446611 -0.01230124765505953 0.008596587784371995
0.31061426444162016 0.1048042954340287 0.40000000030756133 | 0.011916123683330298 7.609102794615304E-4 1.3938162821732029E-6
0.2967009151116409 7.779772486753117E-6 0.5095676320638081 | -0.0022271989571635135 0.0034343448956959174 0.007926767292606624
0.09863558371636941 0.019558799508637672 0.5812330832970005 | -0.18163947429707386 -0.17489859916718722 0.02609907264804559
0.20655653970186913 0.0062367784432421835 0.7201145466463257 | 0.0020717406108886906 -0.3938462621193135 0.01910811184328664
0.25770471993668687 2.2068838870153134E-5 0.7933826362120642 | 0.0015688552841570656 0.002927607955189759 0.006737427575683406
0.4000384105442985 0.009385734299908887 0.2391835719049642 | 0.006967591850544588 -0.0027942131073417577 -0.007609325531090138
0.40002679717474043 0.01103769107100662 0.31541497942226937 | 0.00909404786801316 -0.003096807569477801 0.0063922281927748835
0.5040771643774702 7.318854155960957E-6 0.5034016414957238 | 4.713319629731183E-4 0.004060023217726289 0.0024587346507396078
0.3199997557873648 0.013617960502566986 0.4001148919356643 | 0.003117971891107104 -0.002629609920960556 0.010799981826468992
0.3721791542229676 1.0592003373253329E-4 0.4854919974524607 | -3.5981587287322307E-4 0.004326268322596502 -0.004374751111125178
0.34702038044405337 9.218194430493158E-6 0.575965837295166 | -0.0021403396337146604 -0.012357403836620267 -0.004621384092302432
0.3518161507083078 1.0499424344090653E-4 0.7138726780990197 | -0.0033428703060254875 0.0034681531629940994 0.006529954647988772
0.36243099131384204 9.314432742215564E-4 0.9062072112648362 | -0.011058043882939067 -0.2485817393701298 0.10797798987259168
0.4000034226554592 0.09495585501284878 0.1923119840112344 | 0.0013635765723168617 0.002795090842141719 -0.005119843129360268
0.40000041772140116 0.10461636507726332 0.3101123337191807 | 1.415528183405656E-5 -3.444160141809883E-4 0.009788389071914623
0.40010171260801136 0.01321574306437152 0.323842108105904 | 0.008303907041096834 -0.005263175404655294 -0.008577828222892441
0.4075848051760186 3.5352943094453494E-5 0.4086527412394962 | 8.432875520915675E-4 0.005642150076834201 -3.2799935286361814E-4
0.42846577579635026 4.199161587637617E-6 0.5409964081881025 | -0.0017089274943266192 0.0027089293653008487 0.006013014943230402
0.42567492225176806 1.2030963946527449E-4 0.5444003378489253 | 0.0038475275628495993 0.004030881470449467 0.0027459098296821623
0.43270138476930586 5.6379518170750276E-5 0.7332399506898238 | -9.698724926577562E-4 0.0034883488282853557 0.005456594550301366
0.43456468870023524 3.806891194158601E-4 0.9267005277789762 | -0.011045659490877517 -0.08673795754454894 0.06346468916137255
0.4744557310169351 2.105100531354367E-6 0.17294581087765795 | 6.681038137969228E-5 0.00710431677518243 -0.006266491949914117
0.5096948002803741 4.38204881889739E-6 0.2961394893987545 | 0.008364661213238494 0.0035011903103962082 -0.0021472422520640733
0.4865152201800912 2.186258136940367E-6 0.3708157165014697 | -0.0022736848959139214 0.004927976909066899 -2.8620979857172236E-4
0.5410180090033757 4.052367347336965E-5 0.428565782273376 | 0.006004313626120773 0.0028290133853507773 -0.0014985041209333303
0.5083939422468725 1.07777560202692E-4 0.5085807245903563 | -0.0019102331877810742 0.004880068379165557 -0.0013246762505071438
0.5052281150244922 2.9203221807865205E-5 0.578131073221259 | -0.002537690886688157 0.005324540093965266 0.0035243568018170713
0.5062319799955031 0.010618059826528513 0.8158642706893892 | -0.01711796099949984 -0.3329184433224072 0.15212053665092198
0.5074239691376563 9.235934252338641E-4 0.9252009274357087 | 0.0036791431340249454 -0.2657132086368582 0.1047644386029653
0.5821638070487325 9.743101451858746E-6 0.07951825057407494 | 0.004119798139399658 0.0037797599672075486 -0.00465232046856538
0.5812325887442761 0.0194691597279088 0.09852796291110359 | 0.026539452145284866 -0.1748252133414153 -0.18205225898770108
0.5767932452458153 1.7578779569255856E-5 0.34722282916096703 | -0.00363482002645995 0.0051337483324829375 -0.002190384171031372
0.5448596204640477 5.8282098537241025E-5 0.4254554626253115 | 0.0021898276887169455 0.004007510322799895 0.004353876422759634
0.5784256201723914 2.4700621897093137E-4 0.5050752891744676 | 0.003175671039052273 0.00532500535233639 -0.00235437596550748
0.5896211049129461 0.0012848686790450487 0.5897225055766008 | -0.00674109430251753 -0.2022218407163617 -0.005996047117534812
0.6481647953586934 0.02983624016000951 0.7458387780352791 | 0.03208211734044233 -0.048305462566348656 -0.009421544746927156
0.5772418314628633 3.1202146891117915E-4 0.9115574604139179 | -0.01006247370636068 -0.25092324202076166 0.09537715192405014
0.6542687184179631 6.464913982750272E-5 0.14688514460077692 | 5.336112083727309E-4 0.002191277507774043 -0.008256489660160222
0.7201971738320965 0.006229941871058145 0.2065510469695078 | 0.0193817064858784 -0.3945660752618165 0.0017885231874784496
0.709063064723363 1.387733268991E-4 0.35384824760407063 | 0.006657826681009603 0.003745808703156064 -0.0037468114791228664
0.7328546195092547 3.917014758639748E-5 0.43265173048044037 | 0.00547560499167465 0.003478724779773793 -7.886451230296724E-4
0.8159998525063292 0.010480265402954048 0.5062036499568185 | 0.1519290615474295 -0.30762288658034026 -0.017499428553260032
0.7458351829786957 0.02985641762580858 0.648092072161135 | -0.00941612236517382 -0.04791312286605814 0.03196689489747138
0.7377806114411276 0.005430192578537752 0.7377792024219213 | 0.0012808645921236837 0.4789094843871662 0.0012984059197687203
0.6868205299852469 6.3192304526911555E-6 0.7938661003745879 | -0.0034542129886581895 0.0024628942412579543 0.006385274474202578
0.7715439754628262 2.934717811908553E-5 0.16997536688829984 | 0.005545847522932179 0.001458742141242796 -0.006086774650128953
0.7934061318376642 1.7490127120886473E-5 0.25769305684693117 | 0.006754169935301382 0.002923881914992505 0.001509525634555057
0.9062051725628895 9.32921848334345E-4 0.36243865458832275 | 0.10797262794299138 -0.24864999110655175 -0.011046749684095029
0.9266965163682116 3.757670411742434E-4 0.43456794953845346 | 0.0634799209224582 -0.08674416705713561 -0.01103122135942171
0.9251905557777028 9.233732826042567E-4 0.5074228539334643 | 0.10475561890292943 -0.265713063312531 0.0036748217204896493
0.9115598962654323 3.1043253080384394E-4 0.577237015262753 | 0.09539019409040787 -0.25092917710331153 -0.010058219343999895
0.7938646948091735 6.655385290485582E-6 0.6868219395876414 | 0.006383766543965335 0.002464022599857456 -0.0034557288325143746
0.7819680391913703 1.1863498482709908E-6 0.7819681357709999 | 0.00573538583753918 0.002342190565340563 0.005735497082979595
0.25213007088753747 0.40000718712305305 0.2521300802829471 | -0.005225563468120018 0.0026224996821758344 -0.005227454886516985
0.2498498871448597 0.4000012233897605 0.33922821154863536 | -0.004629119624998448 9.611414567260348E-4 0.007695710358634893
0.22447106609113476 0.036279925627676235 0.40002392698141576 | 5.537575898553345E-4 -0.009185556985013934 0.008046582972967396
0.20884630917840274 0.10524383017171705 0.40000071698067485 | -0.005032323641449222 0.0033329015613038685 0.0011501658632524724
0.23327847568022828 1.8718987489044193E-4 0.47950157542565075 | -0.007297603288592408 0.0042124318679603034 0.001793976206040813
0.19636832841082616 9.894749267071371E-5 0.5663767454517299 | -0.007108044369185837 0.004098996331089101 -7.013423894022446E-4
0.14983861887537864 6.410580908591384E-5 0.6538297079478755 | -0.008376140046683888 0.0020701550229045964 3.7729882139277604E-4
0.1871550320669699 3.6796810991771356E-6 0.7575307876622696 | -0.007921481862875857 0.0028493794352019465 2.2394584837921104E-4
0.33922818798137083 0.4000012065294853 0.24984966577103243 | 0.00769310548968807 9.609916018266763E-4 -0.004633463318650667
0.3436430936977415 0.40000239507411595 0.3436374705888695 | 0.005212479512257417 0.0027409641831269128 0.005214837897546221
0.3155671594336643 3.101728600534738E-5 0.4473060335161748 | -0.0028033311673449418 0.004043130149926 0.0017796535735648336
0.32453173443567884 0.09394467513155105 0.40000004741487893 | 0.0023301063326714743 0.005230039831757929 4.832620357322551E-5
0.3014191546380288 6.250959860160899E-5 0.5111086735585343 | -0.00634693322540764 0.0026311029922624295 0.004566839633511404
0.26633290753696925 4.993122087162778E-5 0.5915906635167367 | 0.0024093535703942977 0.005559012516127543 -0.0018868884540563645
0.21552537608681296 5.985948633848913E-6 0.7170747420644855 | -0.004242361912194991 0.005207970387331792 4.020616174276647E-4
0.2590417315869733 3.7986621992752047E-6 0.791025852507135 | 1.4742412036957182E-4 0.0022753349164563036 0.00765846995076245
0.400003851577182 0.03643984819583155 0.22430512094691094 | 0.008463135210821846 -0.010118877944321796 6.254383960637464E-4
0.45771200004243257 9.132165406207078E-5 0.3057923003159465 | 0.0032636794682337 0.0038883850088480398 -0.0070343115187343685
0.49879091967319883 5.3208438555669356E-6 0.49888350035452644 | 0.002832501377991815 0.003225031296709738 0.0038194149309112775
0.31791003227685094 4.1378798213262765E-4 0.4000403170127112 | 0.0027567499005371706 0.0026858134362568713 0.006979110135333017
0.3737417768243167 1.94175517954317E-5 0.4845450253100892 | -0.0028801105259294293 0.004448599422441514 -0.0030727641940507225
0.34440753475015823 2.513691107498894E-6 0.5751016607056184 | 0.007802657712864959 0.0028466069436461398 -2.2416887460038608E-4
0.36534115928733213 3.412001310488177E-6 0.649789840173531 | -4.638833975887403E-6 0.0049691308609278294 0.004663716281614436
0.3498514454841719 2.1111282667957754E-6 0.7433066440663195 | -0.008029167623585683 0.002283725032917506 0.0035748790456753355
0.4000005290456361 0.10396143344497231 0.20833179333195992 | 0.0013885023675329735 0.0018410002456606084 -0.006692227647326941
0.4000008373471201 0.09332127075255157 0.32439641060917285 | 5.9686106370626606E-5 0.00505143197717559 0.0034562969962036636
0.4000849567894462 1.9770106877162934E-4 0.31205791091387225 | 0.007926307156185395 3.763395928078124E-4 0.004892145889436587
0.4248608146128011 1.7254233748687143E-4 0.4260172178847697 | -2.859560212244332E-4 0.005655884859571003 -7.803466094367669E-4
0.428854075726197 4.662777838337452E-7 0.5399527091987091 | -0.0019577061236352574 0.002370498514117741 0.006324583232896024
0.4448830548905805 6.690779548984023E-5 0.6413607430157499 | -0.0027402954581841623 0.004971485179773142 5.684354804558763E-4
0.43193899257742924 3.8882715235770334E-5 0.7278687042876494 | -2.03976555278679E-4 0.0028013487214625325 0.006551373256523365
0.42740720891285366 3.7164158261243756E-5 0.8403616105678946 | -0.005558615808143246 0.00851449777604022 0.014938816693801942
0.4795015119474629 1.949646072032398E-4 0.2332804489945515 | 0.0019141480479131943 0.0043949626671125125 -0.006855775535662795
0.5105562667012554 3.441802862990557E-6 0.3010470839605544 | 0.005301598130113493 0.0026480593935326495 -0.005783457980089174
0.487175644600186 8.752075895173246E-5 0.3723625501218636 | -0.002980423034474091 0.004439175048873302 -0.0026100496017682604
0.5397224174452131 1.4285666554095904E-6 0.429042619615321 | 0.006387902734505453 0.0024154035500661645 -0.001800518760174513
0.5346958695161649 3.197310592006179E-4 0.534920345888216 | -0.0023072725242348296 0.005678280906989398 -0.0028161128247096746
0.49976165607328465 2.4180234431757212E-5 0.5901574996186525 | 7.162038414252774E-4 0.0057276435819745555 -0.003416502839968899
0.5145467619750319 6.512959772887733E-6 0.7321090918252116 | 0.004585307041104285 0.003853392342673032 0.004518851372184781
0.5148723364810476 4.895632612734585E-5 0.832019221755978 | -0.0034554272480707077 0.002864579669439583 0.00714257859773229
0.5664411600149534 1.3175351986811505E-5 0.19599196690243217 | -6.937327905898899E-4 0.004186169918380921 -0.0070480108863251135
0.5916555166368405 8.220532653992982E-5 0.2662986542467843 | -0.0020406891900461915 0.00550758731975064 0.002474090391259073
0.5755321553204846 4.5103682420302076E-5 0.3441892279069926 | -9.56406158300793E-5 0.004008388194210914 0.006315208315504177
0.6412687284919193 1.1428423886563352E-4 0.445095820002972 | 4.891719077715828E-4 0.005025631507728786 -0.002843887549474001
0.5904200638456674 2.6557564419993622E-5 0.49972130022735584 | -0.0036133294503963406 0.0057012634301927 8.71563105218975E-4
0.5896723089352554 3.8701248499070924E-5 0.5897643897869086 | -0.002302244659598529 0.0164460825429728 -0.0018772340895555218
0.6035730985263922 8.318540080847083E-5 0.666485542849545 | -9.725985064817853E-4 0.006136247912311871 0.003588578789957049
0.58473452064231 4.950980420608395E-6 0.7949387181928382 | 0.005203374852751807 0.0026159907867602038 0.004638138139269178
0.6538428680348575 5.5791033175328304E-5 0.14984618945900952 | 3.740113470673171E-4 0.002085009167487033 -0.00836234902013989
0.7171318855559878 3.9222027172945776E-7 0.21556626398244877 | 4.3673623589821433E-4 0.005227024003697149 -0.0041953466695809636
0.6498986999473528 4.195329780766721E-5 0.3653191497000329 | 0.004161955093690613 0.004496505103102267 1.0309744850893234E-4
0.7270338088680106 1.133963917163784E-5 0.43184169015427326 | 0.006545896746868405 0.002757897092585467 -4.6521654622647E-5
0.7321494270864868 2.3220597970458168E-6 0.5145494293055952 | 0.004427639119432746 0.003879923486251726 0.004581850809091482
0.6664147826186436 9.194108755686438E-5 0.6035096797913282 | 0.0035667074022376812 0.006141452496154157 -0.0010537816683154559
0.6983569842547344 1.3436628997225098E-4 0.6983466494174577 | -0.002350088445655766 0.004810512662865121 -0.0023348067046026445
0.6845873050085686 8.76714800477607E-6 0.7900146173373267 | -0.002388046057518218 0.0022774769846423655 0.007025989214382375
0.7575272874415229 3.5522181371723937E-6 0.1871561124456033 | 1.5918122006870308E-4 0.0028635173770841715 -0.007908476556962172
0.7910485506546248 6.401319418613238E-7 0.25903068390415546 | 0.0076556924968309015 0.002275389991163248 1.1916451433239213E-4
0.7433598272626595 8.872058021329775E-6 0.3498568288061868 | 0.00452212971060042 0.0018986057172579766 -0.008011831947022263
0.8403833751943053 6.219084327623133E-5 0.42738591759191547 | 0.015009790918166878 0.008568571300616968 -0.005637747357728605
0.8319999865033517 2.7523045496933387E-5 0.51486893977623 | 0.007109727082886956 0.0028585094350232856 -0.0034672711615989834
0.7949393381819183 2.509567504380568E-6 0.5847268494825159 | 0.004645986450411849 0.002628059357034318 0.005194919661243762
0.7900134649013624 9.087243775810013E-6 0.6845884312150187 | 0.007025503102377866 0.002278427924341387 -0.0023876513542695718
0.7437455636135751 5.629649114125538E-6 0.743745526534862 | -0.005387747769348581 0.0028565183079769774 -0.005387188575587714
