512
0.2759382267465442 0.6894224332534556 0.2759382267465443
0.27206731551319324 0.6932933444868074 0.3432053264648666
0.2697508814600073 0.6956097785399934 0.39860320363674545
0.26918160460785984 0.6961790553921405 0.4498206429607627
0.26918160460786 0.6961790553921405 0.500179357039238
0.2697508814600073 0.6956097785399934 0.5513967963632543
0.27206731551319324 0.6932933444868076 0.6067946735351333
0.27593822674654434 0.6894224332534556 0.6740617732534552
0.3432053264648666 0.6932933444868074 0.27206731551319324
0.34131609183033884 0.6968325207326668 0.34131609183033884
0.33979972809660863 0.6992443958582891 0.3983040304821803
0.33921256072980155 0.700017052238253 0.4497667222196493
0.33921256072980155 0.700017052238253 0.5002332777803504
0.33979972809660874 0.6992443958582891 0.5516959695178199
0.34131609183033884 0.6968325207326668 0.6086839081696609
0.3432053264648666 0.6932933444868076 0.6779326844868068
0.39860320363674545 0.6956097785399934 0.2697508814600073
0.3983040304821803 0.6992443958582891 0.33979972809660863
0.39791060308119264 0.7016688627585335 0.39791060308119264
0.39753778217518393 0.7025305523181885 0.44975221372964963
0.3975377821751839 0.7025305523181885 0.5002477862703505
0.3979106030811927 0.7016688627585335 0.5520893969188075
0.3983040304821803 0.6992443958582891 0.6102002719033915
0.39860320363674545 0.6956097785399934 0.6802491185399929
0.4498206429607627 0.6961790553921405 0.26918160460785984
0.4497667222196493 0.700017052238253 0.33921256072980155
0.44975221372964963 0.7025305523181885 0.39753778217518393
0.44968745983453107 0.7034465747168103 0.44968745983453107
0.44968745983453123 0.7034465747168103 0.500312540165469
0.44975221372964963 0.7025305523181887 0.5524622178248165
0.44976672221964925 0.7000170522382527 0.610787439270199
0.44982064296076274 0.6961790553921408 0.6808183953921402
0.500179357039238 0.6961790553921405 0.26918160460786
0.5002332777803504 0.700017052238253 0.33921256072980155
0.5002477862703505 0.7025305523181885 0.3975377821751839
0.500312540165469 0.7034465747168103 0.44968745983453123
0.500312540165469 0.7034465747168104 0.500312540165469
0.5002477862703505 0.7025305523181881 0.5524622178248165
0.5002332777803505 0.700017052238253 0.610787439270199
0.500179357039238 0.6961790553921403 0.68081839539214
0.5513967963632543 0.6956097785399934 0.2697508814600073
0.5516959695178199 0.6992443958582891 0.33979972809660874
0.5520893969188075 0.7016688627585335 0.3979106030811927
0.5524622178248165 0.7025305523181887 0.44975221372964963
0.5524622178248164 0.7025305523181881 0.5002477862703505
0.5520893969188077 0.7016688627585338 0.5520893969188075
0.5516959695178199 0.6992443958582891 0.6102002719033914
0.5513967963632544 0.6956097785399934 0.6802491185399929
0.6067946735351333 0.6932933444868076 0.27206731551319324
0.6086839081696609 0.6968325207326668 0.3413160918303389
0.6102002719033915 0.6992443958582891 0.3983040304821803
0.6107874392701989 0.7000170522382527 0.44976672221964925
0.610787439270199 0.700017052238253 0.5002332777803505
0.6102002719033914 0.6992443958582891 0.5516959695178199
0.6086839081696609 0.6968325207326668 0.6086839081696609
0.6067946735351334 0.6932933444868075 0.677932684486807
0.6740617732534552 0.6894224332534556 0.27593822674654434
0.6779326844868068 0.6932933444868076 0.3432053264648666
0.6802491185399929 0.6956097785399934 0.39860320363674545
0.6808183953921402 0.6961790553921408 0.44982064296076274
0.6808183953921398 0.6961790553921403 0.500179357039238
0.6802491185399929 0.6956097785399934 0.5513967963632544
0.6779326844868069 0.6932933444868076 0.6067946735351334
0.6740617732534552 0.6894224332534556 0.6740617732534552
0.27206731551319324 0.6221553335351336 0.27206731551319324
0.26852813926733277 0.6240445681696615 0.3413160918303389
0.26611626414171236 0.6255609319033919 0.3983040304821803
0.2653436077617476 0.6261480992701993 0.44976672221964925
0.26534360776174765 0.6261480992701993 0.5002332777803504
0.2661162641417124 0.6255609319033919 0.5516959695178199
0.26852813926733277 0.6240445681696615 0.6086839081696609
0.27206731551319324 0.6221553335351339 0.677932684486807
0.3413160918303389 0.6240445681696615 0.26852813926733277
0.33872321239729736 0.626637447602703 0.33872321239729736
0.33710008434245914 0.628260575657541 0.39753203922653696
0.33631797921038975 0.6290426807896109 0.44964614683155485
0.3363179792103897 0.6290426807896109 0.5003538531684449
0.33710008434245914 0.628260575657541 0.5524679607734628
0.33872321239729747 0.626637447602703 0.6112767876027025
0.3413160918303388 0.6240445681696615 0.6814718607326663
0.3983040304821803 0.6255609319033919 0.26611626414171236
0.39753203922653696 0.628260575657541 0.33710008434245914
0.39684382919358535 0.6300732966860454 0.39684382919358535
0.3962960742375604 0.6309955831900463 0.4495757060234785
0.39629607423756047 0.6309955831900463 0.5004242939765217
0.39684382919358546 0.6300732966860452 0.5531561708064148
0.39753203922653685 0.628260575657541 0.6128999156575407
0.3983040304821803 0.6255609319033919 0.6838837358582887
0.44976672221964925 0.6261480992701993 0.2653436077617476
0.4496461468315548 0.6290426807896109 0.33631797921038975
0.4495757060234785 0.6309955831900463 0.3962960742375604
0.4494421649551261 0.6320712878687269 0.4494421649551261
0.4494421649551262 0.632071287868727 0.5005578350448744
0.44957570602347846 0.6309955831900463 0.5537039257624402
0.4496461468315547 0.6290426807896109 0.6136820207896103
0.4497667222196493 0.6261480992701993 0.6846563922382526
0.5002332777803504 0.6261480992701993 0.26534360776174765
0.5003538531684449 0.6290426807896109 0.3363179792103897
0.5004242939765216 0.6309955831900463 0.3962960742375604
0.5005578350448744 0.632071287868727 0.4494421649551261
0.5005578350448744 0.6320712878687268 0.5005578350448744
0.5004242939765213 0.6309955831900463 0.55370392576244
0.5003538531684453 0.6290426807896107 0.6136820207896103
0.5002332777803504 0.6261480992701993 0.6846563922382524
0.5516959695178199 0.6255609319033919 0.2661162641417124
0.5524679607734628 0.628260575657541 0.3371000843424592
0.5531561708064148 0.6300732966860452 0.39684382919358546
0.5537039257624401 0.6309955831900463 0.44957570602347846
0.5537039257624401 0.6309955831900463 0.5004242939765213
0.5531561708064149 0.6300732966860452 0.5531561708064149
0.5524679607734626 0.628260575657541 0.6128999156575405
0.5516959695178199 0.6255609319033919 0.6838837358582887
0.6086839081696609 0.6240445681696615 0.26852813926733277
0.6112767876027025 0.626637447602703 0.3387232123972974
0.6128999156575407 0.628260575657541 0.3975320392265369
0.6136820207896103 0.6290426807896109 0.4496461468315547
0.6136820207896103 0.6290426807896107 0.5003538531684453
0.6128999156575405 0.628260575657541 0.5524679607734626
0.6112767876027025 0.626637447602703 0.6112767876027025
0.6086839081696609 0.6240445681696614 0.6814718607326664
0.677932684486807 0.6221553335351339 0.27206731551319324
0.6814718607326663 0.6240445681696615 0.34131609183033884
0.6838837358582887 0.6255609319033919 0.3983040304821803
0.6846563922382526 0.6261480992701993 0.4497667222196493
0.6846563922382525 0.6261480992701993 0.5002332777803504
0.6838837358582887 0.6255609319033919 0.5516959695178199
0.6814718607326664 0.6240445681696614 0.6086839081696609
0.677932684486807 0.6221553335351341 0.677932684486807
0.2697508814600073 0.5667574563632548 0.2697508814600073
0.2661162641417124 0.5670566295178203 0.3397997280966088
0.2636917972414657 0.567450056918808 0.3979106030811927
0.2628301076818124 0.5678228778248168 0.44975221372964974
0.2628301076818124 0.567822877824817 0.5002477862703504
0.2636917972414657 0.567450056918808 0.5520893969188077
0.2661162641417124 0.5670566295178203 0.6102002719033914
0.2697508814600074 0.5667574563632548 0.6802491185399929
0.3397997280966088 0.5670566295178203 0.2661162641417124
0.3371000843424591 0.5678286207734637 0.3371000843424591
0.3352873633139552 0.5685168308064152 0.3968438291935855
0.3343650768099544 0.5690645857624408 0.4495757060234784
0.3343650768099546 0.5690645857624408 0.500424293976522
0.3352873633139553 0.5685168308064152 0.5531561708064148
0.33710008434245897 0.5678286207734634 0.6128999156575404
0.3397997280966089 0.5670566295178203 0.6838837358582887
0.3979106030811927 0.567450056918808 0.2636917972414657
0.3968438291935855 0.5685168308064152 0.3352873633139552
0.39605829577872315 0.569302364221278 0.3960582957787231
0.3953912831640265 0.5699693768359742 0.4495100789148772
0.39539128316402644 0.5699693768359744 0.500489921085122
0.3960582957787233 0.5693023642212776 0.5539417042212771
0.3968438291935855 0.5685168308064152 0.6147126366860448
0.3979106030811927 0.567450056918808 0.6863082027585331
0.44975221372964974 0.5678228778248168 0.2628301076818124
0.4495757060234784 0.5690645857624408 0.3343650768099544
0.4495100789148772 0.5699693768359742 0.3953912831640265
0.4493617894303502 0.5707297662048522 0.4493617894303502
0.4493617894303501 0.5707297662048522 0.50063821056965
0.4495100789148772 0.5699693768359742 0.5546087168359736
0.4495757060234785 0.5690645857624408 0.6156349231900459
0.4497522137296496 0.567822877824817 0.6871698923181877
0.5002477862703504 0.567822877824817 0.2628301076818124
0.500424293976522 0.5690645857624408 0.3343650768099546
0.500489921085122 0.5699693768359744 0.3953912831640264
0.50063821056965 0.5707297662048522 0.4493617894303501
0.5006382105696502 0.5707297662048522 0.5006382105696502
0.5004899210851222 0.5699693768359742 0.5546087168359737
0.5004242939765213 0.5690645857624405 0.6156349231900459
0.5002477862703505 0.5678228778248168 0.6871698923181878
0.5520893969188077 0.567450056918808 0.2636917972414657
0.5531561708064148 0.5685168308064152 0.3352873633139553
0.5539417042212771 0.5693023642212778 0.3960582957787233
0.5546087168359735 0.569969376835974 0.4495100789148772
0.5546087168359737 0.5699693768359742 0.5004899210851221
0.553941704221277 0.5693023642212776 0.5539417042212771
0.5531561708064148 0.5685168308064154 0.6147126366860448
0.5520893969188077 0.567450056918808 0.6863082027585332
0.6102002719033914 0.5670566295178203 0.2661162641417124
0.6128999156575404 0.5678286207734633 0.337100084342459
0.6147126366860448 0.5685168308064152 0.3968438291935855
0.6156349231900458 0.5690645857624408 0.4495757060234785
0.6156349231900458 0.5690645857624406 0.5004242939765213
0.6147126366860448 0.5685168308064154 0.5531561708064148
0.6128999156575405 0.5678286207734634 0.6128999156575405
0.6102002719033914 0.5670566295178203 0.6838837358582887
0.6802491185399929 0.5667574563632548 0.26975088146000736
0.6838837358582887 0.5670566295178203 0.33979972809660886
0.686308202758533 0.567450056918808 0.3979106030811927
0.6871698923181877 0.567822877824817 0.44975221372964963
0.6871698923181878 0.5678228778248168 0.5002477862703505
0.6863082027585332 0.5674500569188081 0.5520893969188077
0.6838837358582887 0.5670566295178203 0.6102002719033914
0.6802491185399928 0.566757456363255 0.6802491185399928
0.26918160460785984 0.5155400170392391 0.26918160460785984
0.26534360776174776 0.5155939377803506 0.3392125607298014
0.26283010768181236 0.5156084462703507 0.39753778217518393
0.26191408528319005 0.5156732001654695 0.44968745983453123
0.2619140852831904 0.5156732001654695 0.500312540165469
0.2628301076818124 0.5156084462703507 0.5524622178248163
0.2653436077617476 0.5155939377803506 0.610787439270199
0.26918160460785984 0.5155400170392389 0.6808183953921401
0.3392125607298014 0.5155939377803506 0.26534360776174776
0.33631797921038975 0.5157145131684455 0.33631797921038975
0.3343650768099545 0.5157849539765229 0.3962960742375602
0.33328937213127335 0.5159184950448747 0.44944216495512607
0.33328937213127335 0.5159184950448747 0.5005578350448744
0.33436507680995453 0.5157849539765226 0.5537039257624403
0.33631797921038975 0.5157145131684455 0.6136820207896103
0.3392125607298014 0.5155939377803508 0.6846563922382521
0.39753778217518393 0.5156084462703507 0.26283010768181236
0.3962960742375602 0.5157849539765229 0.3343650768099545
0.3953912831640262 0.5158505810851228 0.3953912831640263
0.39463089379514804 0.5159988705696504 0.44936178943035
0.394630893795148 0.5159988705696508 0.5006382105696502
0.39539128316402644 0.5158505810851229 0.5546087168359737
0.39629607423756036 0.5157849539765222 0.6156349231900459
0.397537782175184 0.5156084462703507 0.6871698923181881
0.44968745983453123 0.5156732001654695 0.2619140852831901
0.44944216495512607 0.5159184950448747 0.33328937213127335
0.44936178943035 0.5159988705696505 0.39463089379514804
0.44918093767904194 0.5161797223209583 0.44918093767904194
0.4491809376790419 0.5161797223209583 0.5008190623209577
0.44936178943035004 0.5159988705696504 0.5553691062048518
0.4494421649551261 0.5159184950448747 0.6167106278687264
0.44968745983453123 0.5156732001654695 0.6880859147168098
0.500312540165469 0.5156732001654695 0.2619140852831904
0.5005578350448744 0.5159184950448747 0.3332893721312733
0.5006382105696502 0.5159988705696508 0.394630893795148
0.5008190623209579 0.5161797223209583 0.4491809376790419
0.5008190623209579 0.5161797223209583 0.5008190623209579
0.5006382105696501 0.5159988705696508 0.5553691062048518
0.5005578350448744 0.5159184950448747 0.6167106278687263
0.500312540165469 0.5156732001654695 0.6880859147168098
0.5524622178248164 0.5156084462703507 0.2628301076818124
0.5537039257624403 0.5157849539765226 0.3343650768099546
0.5546087168359737 0.5158505810851229 0.3953912831640264
0.5553691062048518 0.5159988705696504 0.44936178943035
0.5553691062048518 0.5159988705696505 0.5006382105696501
0.5546087168359737 0.5158505810851229 0.5546087168359737
0.5537039257624401 0.515784953976522 0.6156349231900459
0.5524622178248163 0.5156084462703507 0.6871698923181878
0.610787439270199 0.5155939377803506 0.2653436077617477
0.6136820207896104 0.5157145131684455 0.33631797921038975
0.6156349231900459 0.5157849539765222 0.39629607423756036
0.6167106278687264 0.5159184950448747 0.4494421649551261
0.6167106278687264 0.5159184950448747 0.5005578350448744
0.6156349231900459 0.5157849539765222 0.5537039257624401
0.6136820207896102 0.5157145131684459 0.6136820207896102
0.6107874392701991 0.5155939377803508 0.6846563922382521
0.6808183953921401 0.5155400170392389 0.2691816046078599
0.6846563922382526 0.5155939377803508 0.33921256072980144
0.687169892318188 0.5156084462703507 0.397537782175184
0.6880859147168098 0.5156732001654695 0.44968745983453123
0.6880859147168098 0.5156732001654695 0.500312540165469
0.6871698923181878 0.5156084462703507 0.5524622178248164
0.6846563922382523 0.5155939377803508 0.6107874392701991
0.6808183953921402 0.5155400170392389 0.6808183953921402
0.26918160460785984 0.46518130296076193 0.26918160460785984
0.2653436077617477 0.4651273822196506 0.3392125607298014
0.26283010768181236 0.4651128737296504 0.397537782175184
0.26191408528319005 0.46504811983453154 0.44968745983453107
0.26191408528319027 0.46504811983453154 0.500312540165469
0.2628301076818124 0.4651128737296503 0.5524622178248163
0.2653436077617476 0.4651273822196504 0.610787439270199
0.2691816046078598 0.465181302960762 0.6808183953921401
0.3392125607298014 0.4651273822196506 0.2653436077617477
0.3363179792103898 0.46500680683155526 0.3363179792103898
0.3343650768099544 0.4649363660234782 0.3962960742375602
0.33328937213127335 0.4648028249551265 0.449442164955126
0.33328937213127335 0.4648028249551265 0.5005578350448744
0.33436507680995453 0.4649363660234783 0.5537039257624402
0.33631797921038975 0.46500680683155526 0.6136820207896102
0.3392125607298014 0.4651273822196504 0.6846563922382524
0.39753778217518393 0.4651128737296504 0.26283010768181236
0.3962960742375602 0.4649363660234783 0.3343650768099544
0.3953912831640263 0.4648707389148782 0.3953912831640263
0.39463089379514804 0.4647224494303506 0.44936178943035004
0.39463089379514804 0.4647224494303502 0.5006382105696501
0.39539128316402644 0.4648707389148782 0.5546087168359737
0.3962960742375604 0.46493636602347876 0.6156349231900459
0.397537782175184 0.4651128737296504 0.6871698923181878
0.4496874598345311 0.46504811983453154 0.2619140852831902
0.449442164955126 0.4648028249551265 0.3332893721312734
0.44936178943035004 0.4647224494303506 0.39463089379514804
0.449180937679042 0.46454159767904296 0.449180937679042
0.4491809376790421 0.46454159767904296 0.5008190623209577
0.44936178943035004 0.4647224494303506 0.5553691062048517
0.44944216495512607 0.4648028249551265 0.6167106278687264
0.44968745983453123 0.46504811983453154 0.6880859147168098
0.500312540165469 0.46504811983453154 0.2619140852831901
0.5005578350448744 0.4648028249551265 0.33328937213127335
0.5006382105696501 0.4647224494303502 0.39463089379514804
0.5008190623209577 0.46454159767904296 0.4491809376790419
0.5008190623209577 0.46454159767904296 0.5008190623209577
0.5006382105696501 0.4647224494303501 0.5553691062048518
0.5005578350448744 0.4648028249551265 0.6167106278687264
0.500312540165469 0.46504811983453154 0.6880859147168098
0.5524622178248163 0.4651128737296503 0.2628301076818124
0.5537039257624402 0.46493636602347854 0.33436507680995453
0.5546087168359737 0.4648707389148782 0.39539128316402644
0.5553691062048517 0.4647224494303506 0.44936178943035
0.5553691062048518 0.4647224494303502 0.5006382105696501
0.5546087168359736 0.4648707389148782 0.5546087168359736
0.5537039257624401 0.46493636602347876 0.6156349231900458
0.5524622178248163 0.4651128737296501 0.6871698923181878
0.610787439270199 0.4651273822196504 0.26534360776174754
0.6136820207896103 0.46500680683155526 0.3363179792103898
0.6156349231900459 0.46493636602347876 0.39629607423756036
0.6167106278687264 0.4648028249551265 0.44944216495512607
0.6167106278687264 0.4648028249551265 0.5005578350448744
0.6156349231900459 0.46493636602347876 0.5537039257624401
0.6136820207896102 0.46500680683155504 0.6136820207896102
0.6107874392701991 0.4651273822196504 0.6846563922382521
0.6808183953921401 0.465181302960762 0.2691816046078598
0.6846563922382526 0.4651273822196504 0.33921256072980144
0.6871698923181877 0.4651128737296501 0.397537782175184
0.6880859147168098 0.4650481198345316 0.44968745983453123
0.6880859147168098 0.4650481198345316 0.500312540165469
0.6871698923181878 0.4651128737296501 0.5524622178248164
0.6846563922382523 0.4651273822196504 0.6107874392701991
0.6808183953921402 0.46518130296076216 0.6808183953921402
0.26975088146000736 0.41396386363674603 0.26975088146000736
0.2661162641417124 0.4136646904821809 0.33979972809660886
0.2636917972414657 0.4132712630811931 0.3979106030811927
0.2628301076818124 0.4128984421751843 0.4497522137296498
0.2628301076818124 0.4128984421751842 0.5002477862703504
0.2636917972414657 0.41327126308119305 0.5520893969188077
0.2661162641417124 0.4136646904821808 0.6102002719033914
0.2697508814600075 0.4139638636367461 0.6802491185399929
0.33979972809660886 0.4136646904821809 0.2661162641417124
0.337100084342459 0.41289269922653765 0.337100084342459
0.3352873633139552 0.41220448919358565 0.3968438291935856
0.3343650768099544 0.41165673423756055 0.4495757060234784
0.33436507680995453 0.4116567342375606 0.5004242939765219
0.3352873633139553 0.4122044891935857 0.5531561708064148
0.337100084342459 0.4128926992265378 0.6128999156575404
0.3397997280966089 0.4136646904821808 0.6838837358582887
0.39791060308119275 0.4132712630811931 0.2636917972414657
0.3968438291935855 0.41220448919358565 0.3352873633139552
0.39605829577872315 0.41141895577872367 0.39605829577872315
0.3953912831640265 0.410751943164027 0.44951007891487715
0.39539128316402644 0.410751943164027 0.500489921085122
0.3960582957787233 0.4114189557787238 0.5539417042212771
0.3968438291935854 0.4122044891935857 0.6147126366860448
0.39791060308119275 0.41327126308119316 0.6863082027585332
0.44975221372964974 0.4128984421751843 0.2628301076818124
0.4495757060234784 0.41165673423756055 0.3343650768099544
0.4495100789148772 0.410751943164027 0.3953912831640265
0.44936178943035016 0.4099915537951489 0.44936178943035016
0.44936178943035016 0.4099915537951489 0.50063821056965
0.4495100789148772 0.41075194316402713 0.5546087168359736
0.4495757060234785 0.41165673423756083 0.6156349231900459
0.44975221372964963 0.41289844217518407 0.6871698923181877
0.5002477862703504 0.4128984421751841 0.2628301076818124
0.500424293976522 0.4116567342375606 0.3343650768099545
0.500489921085122 0.4107519431640269 0.39539128316402644
0.50063821056965 0.4099915537951488 0.44936178943035016
0.5006382105696501 0.4099915537951488 0.50063821056965
0.5004899210851221 0.410751943164027 0.5546087168359737
0.5004242939765216 0.4116567342375607 0.6156349231900459
0.5002477862703505 0.4128984421751842 0.6871698923181877
0.5520893969188077 0.41327126308119316 0.2636917972414657
0.5531561708064148 0.4122044891935857 0.33528736331395537
0.5539417042212772 0.4114189557787238 0.39605829577872326
0.5546087168359736 0.41075194316402713 0.4495100789148772
0.5546087168359736 0.41075194316402713 0.5004899210851221
0.5539417042212771 0.4114189557787238 0.5539417042212771
0.5531561708064147 0.41220448919358577 0.6147126366860448
0.5520893969188077 0.41327126308119305 0.6863082027585332
0.6102002719033914 0.41366469048218074 0.2661162641417124
0.6128999156575404 0.41289269922653793 0.33710008434245897
0.6147126366860448 0.4122044891935857 0.3968438291935854
0.6156349231900459 0.41165673423756083 0.4495757060234785
0.6156349231900459 0.41165673423756083 0.5004242939765214
0.6147126366860448 0.41220448919358577 0.5531561708064147
0.6128999156575405 0.41289269922653776 0.6128999156575405
0.6102002719033914 0.4136646904821809 0.6838837358582887
0.6802491185399929 0.41396386363674614 0.2697508814600075
0.6838837358582887 0.4136646904821808 0.3397997280966089
0.6863082027585331 0.4132712630811931 0.39791060308119275
0.687169892318188 0.4128984421751842 0.44975221372964963
0.6871698923181877 0.41289844217518407 0.5002477862703505
0.6863082027585332 0.41327126308119305 0.5520893969188077
0.6838837358582887 0.4136646904821808 0.6102002719033914
0.6802491185399928 0.413963863636746 0.6802491185399928
0.27206731551319324 0.35856598646486726 0.27206731551319324
0.26852813926733277 0.3566767518303396 0.3413160918303389
0.26611626414171236 0.3551603880966091 0.3983040304821803
0.2653436077617476 0.35457322072980196 0.4497667222196492
0.26534360776174765 0.3545732207298018 0.5002332777803505
0.2661162641417124 0.3551603880966092 0.5516959695178197
0.26852813926733277 0.35667675183033953 0.6086839081696609
0.27206731551319324 0.35856598646486715 0.677932684486807
0.34131609183033895 0.3566767518303396 0.26852813926733277
0.33872321239729736 0.35408387239729805 0.33872321239729736
0.3371000843424592 0.35246074434246005 0.39753203922653674
0.3363179792103897 0.35167863921039016 0.44964614683155485
0.3363179792103897 0.3516786392103902 0.5003538531684449
0.3371000843424592 0.35246074434246005 0.5524679607734632
0.33872321239729736 0.3540838723972981 0.6112767876027025
0.3413160918303389 0.35667675183033964 0.6814718607326663
0.3983040304821803 0.3551603880966091 0.26611626414171236
0.39753203922653674 0.35246074434246005 0.3371000843424592
0.3968438291935854 0.3506480233139557 0.3968438291935854
0.3962960742375604 0.349725736809955 0.4495757060234785
0.3962960742375604 0.3497257368099551 0.5004242939765217
0.39684382919358546 0.35064802331395584 0.5531561708064147
0.3975320392265369 0.35246074434245994 0.6128999156575407
0.3983040304821803 0.3551603880966091 0.6838837358582887
0.4497667222196492 0.3545732207298019 0.2653436077617476
0.44964614683155485 0.35167863921039016 0.3363179792103897
0.4495757060234785 0.349725736809955 0.39629607423756036
0.44944216495512607 0.3486500321312739 0.4494421649551261
0.44944216495512607 0.3486500321312739 0.5005578350448744
0.4495757060234785 0.3497257368099551 0.5537039257624401
0.4496461468315547 0.35167863921039033 0.6136820207896102
0.44976672221964925 0.35457322072980185 0.6846563922382526
0.5002332777803505 0.3545732207298019 0.26534360776174765
0.5003538531684449 0.3516786392103902 0.3363179792103897
0.5004242939765218 0.3497257368099551 0.3962960742375604
0.5005578350448744 0.3486500321312739 0.4494421649551261
0.5005578350448744 0.3486500321312739 0.5005578350448744
0.5004242939765217 0.3497257368099551 0.5537039257624401
0.5003538531684449 0.35167863921039033 0.6136820207896102
0.5002332777803505 0.3545732207298018 0.6846563922382523
0.5516959695178197 0.3551603880966092 0.2661162641417124
0.5524679607734632 0.35246074434246005 0.3371000843424592
0.5531561708064147 0.3506480233139558 0.3968438291935855
0.5537039257624402 0.3497257368099551 0.4495757060234785
0.5537039257624401 0.34972573680995517 0.5004242939765217
0.5531561708064147 0.350648023313956 0.5531561708064147
0.552467960773463 0.35246074434245994 0.6128999156575407
0.5516959695178197 0.3551603880966092 0.6838837358582887
0.6086839081696609 0.3566767518303396 0.26852813926733277
0.6112767876027025 0.3540838723972981 0.33872321239729736
0.6128999156575407 0.35246074434245994 0.39753203922653685
0.6136820207896103 0.3516786392103904 0.4496461468315547
0.6136820207896102 0.3516786392103904 0.500353853168445
0.6128999156575407 0.35246074434245994 0.552467960773463
0.6112767876027025 0.3540838723972981 0.6112767876027025
0.6086839081696609 0.3566767518303396 0.6814718607326665
0.677932684486807 0.35856598646486715 0.27206731551319324
0.6814718607326663 0.35667675183033964 0.3413160918303389
0.6838837358582887 0.3551603880966091 0.3983040304821803
0.6846563922382526 0.3545732207298018 0.44976672221964925
0.6846563922382523 0.3545732207298018 0.5002332777803505
0.6838837358582887 0.3551603880966092 0.5516959695178197
0.6814718607326665 0.3566767518303396 0.6086839081696609
0.6779326844868068 0.35856598646486704 0.6779326844868068
0.2759382267465443 0.2912988867465449 0.2759382267465443
0.27206731551319324 0.28742797551319416 0.3432053264648666
0.2697508814600073 0.2851115414600074 0.3986032036367455
0.26918160460785984 0.28454226460786053 0.44982064296076263
0.2691816046078599 0.28454226460786064 0.500179357039238
0.2697508814600073 0.28511154146000733 0.5513967963632543
0.27206731551319324 0.28742797551319416 0.6067946735351333
0.2759382267465443 0.2912988867465449 0.6740617732534552
0.3432053264648666 0.28742797551319416 0.27206731551319324
0.3413160918303389 0.28388879926733396 0.3413160918303389
0.33979972809660863 0.2814769241417128 0.3983040304821803
0.33921256072980155 0.2807042677617486 0.44976672221964936
0.33921256072980155 0.28070426776174884 0.5002332777803504
0.33979972809660863 0.2814769241417128 0.5516959695178197
0.34131609183033895 0.2838887992673339 0.6086839081696609
0.34320532646486646 0.28742797551319416 0.6779326844868069
0.3986032036367455 0.2851115414600074 0.2697508814600073
0.3983040304821803 0.2814769241417128 0.33979972809660863
0.39791060308119264 0.2790524572414672 0.39791060308119264
0.3975377821751839 0.27819076768181233 0.44975221372964963
0.3975377821751839 0.27819076768181233 0.5002477862703505
0.39791060308119275 0.27905245724146716 0.5520893969188075
0.39830403048218027 0.2814769241417128 0.6102002719033915
0.39860320363674545 0.2851115414600075 0.6802491185399929
0.44982064296076263 0.28454226460786053 0.26918160460785984
0.44976672221964936 0.2807042677617486 0.33921256072980155
0.44975221372964963 0.2781907676818124 0.39753778217518393
0.44968745983453107 0.27727474528319074 0.44968745983453107
0.4496874598345312 0.27727474528319074 0.500312540165469
0.4497522137296497 0.2781907676818125 0.5524622178248165
0.44976672221964925 0.28070426776174867 0.610787439270199
0.4498206429607627 0.2845422646078604 0.6808183953921402
0.500179357039238 0.28454226460786064 0.2691816046078599
0.5002332777803504 0.28070426776174884 0.33921256072980155
0.5002477862703505 0.27819076768181233 0.3975377821751839
0.500312540165469 0.27727474528319074 0.4496874598345312
0.500312540165469 0.27727474528319074 0.500312540165469
0.5002477862703504 0.2781907676818125 0.5524622178248164
0.5002332777803505 0.28070426776174884 0.610787439270199
0.500179357039238 0.28454226460786053 0.68081839539214
0.5513967963632543 0.2851115414600074 0.2697508814600073
0.5516959695178197 0.2814769241417128 0.33979972809660863
0.5520893969188075 0.27905245724146716 0.39791060308119275
0.5524622178248165 0.2781907676818125 0.44975221372964974
0.5524622178248164 0.2781907676818125 0.5002477862703504
0.5520893969188077 0.27905245724146716 0.5520893969188077
0.5516959695178197 0.2814769241417128 0.6102002719033914
0.5513967963632546 0.2851115414600074 0.6802491185399929
0.6067946735351333 0.28742797551319416 0.27206731551319324
0.6086839081696609 0.2838887992673339 0.34131609183033895
0.6102002719033915 0.2814769241417128 0.3983040304821803
0.610787439270199 0.2807042677617487 0.44976672221964925
0.610787439270199 0.28070426776174884 0.5002332777803504
0.6102002719033914 0.2814769241417128 0.5516959695178197
0.6086839081696609 0.2838887992673336 0.6086839081696609
0.6067946735351334 0.2874279755131942 0.6779326844868067
0.6740617732534552 0.2912988867465449 0.27593822674654434
0.6779326844868069 0.28742797551319416 0.3432053264648665
0.6802491185399929 0.2851115414600074 0.39860320363674545
0.6808183953921402 0.2845422646078604 0.4498206429607627
0.68081839539214 0.28454226460786053 0.500179357039238
0.6802491185399929 0.2851115414600074 0.5513967963632546
0.6779326844868067 0.2874279755131942 0.6067946735351334
0.6740617732534552 0.2912988867465449 0.6740617732534552
