512
0.28151147779358277 0.4000030197381564 0.28150180648858686 | -0.0019601736819879058 0.005182610171881105 -0.001959799739028969
0.2248782501352054 0.024995886077085007 0.40001574629261355 | -0.0011717716731166573 -0.013785497084018638 0.006314639316055368
0.2591136244002619 0.06501925368814286 0.4000001571703201 | -0.002892051717860625 0.0048329360826397305 0.0020879095992367507
0.05683924270543413 0.0033192476042792924 0.40744165718673997 | -0.09769284308134844 -0.1519313289967188 -0.07917960677037729
0.21422478879121556 7.640005716893009E-5 0.46994119306583054 | -0.0016478137233226465 0.004285340694862544 0.002586784962813097
0.29275532873996846 4.938892564570776E-6 0.6020573221287536 | -0.007551345700772854 0.002284477968845002 3.7907714667396574E-4
0.3689880861456205 7.211709696990732E-7 0.6492311696086625 | -0.0038352292709755995 0.002476700042271942 0.006283275434500895
0.2790853238797243 5.24599534159657E-6 0.7184093516613584 | -5.502314648253058E-4 0.005501108358752912 0.0012093116605848468
0.40000658300692477 0.015629283690281073 0.22255963719558491 | 0.008807280625525696 -0.010927363339365202 1.8855973094278225E-4
0.3439022857921188 0.4000093623358199 0.3438965147977949 | 0.004728965299237504 0.003284784894764526 0.004732939681685695
0.4075652654917621 7.30401995745134E-5 0.40745534751335133 | 0.00227707447864347 0.0057017552147062165 8.371202641171988E-4
0.15886155010989178 0.02121616591454633 0.4754387534158973 | -0.1035084581786382 -0.13678473151131548 -0.02544402670320431
0.27588858530805427 0.020280663695240644 0.4701529700968504 | -0.03556028856847108 -1.0795085598597427 -0.006341063867502233
0.2179437593502158 0.04790705009196216 0.531907232617522 | -0.06551434212046933 -0.23091120390674003 -0.03334720115335068
0.28596439256097717 0.034829701667061605 0.67478369918454 | 0.021307427674077253 0.09414551223508014 0.04293962513111947
0.27940459927979516 0.039294325584552016 0.7232815933326718 | 8.875360193898388E-4 -0.16439022241971862 -0.024293953324620712
0.4000004492860806 0.0650601427776213 0.25912792652188527 | 0.006472108160973588 0.0019504150146380241 0.005641064385553706
0.40001882993917987 0.0015156919527157353 0.3515503920857312 | 0.004050324176696541 -0.002616381256333391 -0.00975920708447497
0.41210391124084766 0.011119806481433242 0.41114572985163694 | -0.03657435689856453 0.5363148094875085 -0.04733582868191678
0.3609664733596899 0.058442134844297444 0.504737260032824 | -0.03559995305530912 0.020803100018566684 -0.07047434962684884
0.3695790669901078 0.01930182075748926 0.4820191758102808 | -0.04775475397281176 0.10847352420932269 -0.07993397737503674
0.34821997470761257 2.6238808863695216E-5 0.5760935844351847 | -0.003621211851981081 0.0024928350039942907 -0.00665313995989062
0.3649318228068323 8.214421452673504E-4 0.6571215325708507 | 0.012404848000002884 -0.11517420387253068 -0.014614119455153146
0.36577964650402217 0.029221600520506104 0.6647873581946171 | -0.006981630552151728 0.06904613137773692 -0.061049440461659714
0.4077535829283506 0.0035979019147849285 0.05566672086731818 | -0.07894064353757577 -0.10155116855202984 -0.09722995164811188
0.47568928445878206 0.017296675879128368 0.15918274521170292 | -0.02498665860515798 -0.13332221616316656 -0.11051483514506986
0.4829208725378141 0.027478045236136683 0.3697283362434406 | -0.13352337582762167 -0.025312868694215195 0.007250450338483704
0.42518688991891 1.5880178985309235E-4 0.4250740420676215 | -0.003077447330844795 0.004664057778624019 -0.004161823015201101
0.463370587700681 1.359236050974826E-4 0.4634513544468135 | 1.4740212186247015E-6 0.005367962810213779 2.2613274522125998E-4
0.43881660153373914 0.015661159278242392 0.6380839091675373 | 0.05937275482489691 -0.32500949591302786 0.09831168173393205
0.4380321473812633 6.708505062724771E-5 0.6387210625352706 | 0.0024203212735499336 0.005268278853045278 0.0010275526055949446
0.4588862408621278 0.05623926250059106 0.6809404198900387 | 0.029156494277985265 -0.25366607317676043 7.055870488252495E-4
0.47056625145456243 1.359981554853883E-4 0.21420925811224611 | 0.0025806326658740514 0.004546472282744835 -4.0988981545115883E-4
0.46696417210288044 0.026349219961660227 0.2752379263023764 | -0.01914932133579753 -1.067176555250807 -0.04023675806533822
0.48393416802822253 0.02131764814752595 0.3690386329599038 | -0.09375344104860733 0.03348404950676319 -0.021836166607989774
0.4624796177176609 2.131040576521982E-4 0.4642456648801289 | 5.257660616483683E-4 0.005371131325354702 -1.481620118598248E-4
0.5178688111067085 1.8125491047621238E-4 0.5165620484082759 | -0.004790446647427183 0.004459962389304456 -0.004213122977614511
0.500639684742338 0.013598249469227115 0.5803895735948394 | -0.04819455433173199 -0.718448130508799 -0.056164451071054444
0.5178955785693785 1.3280465148739562E-5 0.6549730770294492 | 0.003248658772346998 0.003468788622994661 0.004759825344358596
0.5251071538849265 0.02824978228293561 0.6628142592870834 | 0.05914474839984535 -0.3373217453623555 -0.026751678604559716
0.6012060509722025 1.806927995196667E-5 0.2920098947115258 | 8.325171971767194E-5 0.0023264339667336672 -0.0075587717474794825
0.5301004559363902 0.048005205006891226 0.21973486769926256 | -0.039171076764298304 -0.22378953912612615 -0.062398926746377634
0.5755996606789313 7.9753984566772E-6 0.34821467082899804 | -0.0013871690167846793 0.003275983455839313 -0.006455408144249162
0.6378801936108741 0.01353308444653113 0.4382392025211984 | 0.09791902605511273 -0.2987657911925381 0.05413460632914575
0.585078592967824 0.02476323365510856 0.5011962320201346 | 0.006744009158018972 -0.6904560219654888 -0.038647012405377865
0.5896681125663602 1.1985219935639465E-5 0.589756911165231 | -0.003925718156460906 0.0036185050312874827 -0.003965005947756927
0.5956549140752988 5.687923368579848E-7 0.6800446662196714 | 0.006122034828461803 7.457672096770196E-4 -0.00604567977734853
0.5974420148276324 0.002009061696402956 0.6797550910135727 | 0.028015253086554812 0.28564747724493506 -0.04506089305239825
0.6504876319909616 1.6652519747006382E-6 0.36937040653847575 | 0.0057193868180192365 0.0025374980491270965 -0.004333742322172197
0.6764725502144994 0.03523579659030894 0.28569769844755344 | 0.044701836970965796 0.08945625360585654 0.020256918900818852
0.6572797709318807 2.5145521012240606E-4 0.36490526501662374 | -0.007483924923673956 0.060370165557001323 0.0028526541622325486
0.6389561757687403 2.422531000497775E-5 0.4385168201809247 | 9.641723503418128E-4 0.005407047707666834 0.0016760765964687798
0.653891774365932 1.6490699824383637E-5 0.5173114526355811 | 0.004756173509264364 0.0036496727840556182 0.003119598349483325
0.6807161597655265 8.843872925623722E-6 0.5944980788525983 | -0.006040117807749102 0.0010461814330247237 0.005928092684623721
0.6832049508368434 5.252420115046429E-5 0.6828014919576875 | 0.003778922242615407 0.004351001495879737 0.003592983723380565
0.6836206524348631 1.1405347378791504E-5 0.6831939104978038 | 0.0020297803867013677 0.005314467503992861 0.0019035923370107747
0.7190962048890055 3.1204593240600532E-6 0.2796936305183246 | 0.001037123250687195 0.005376076573661176 -4.521793193310501E-4
0.7234444270761523 0.03951848578779945 0.2799638014224867 | -0.024233912188061726 -0.1581650126591429 0.0067734973432229
0.6628743018805542 0.029465676368349892 0.36498431941537113 | -0.0667250472202907 0.10106060404909822 -0.007196880370565623
0.681360296250565 0.05796471390990501 0.45890916693404993 | -0.0019098818394355922 -0.24902383254749974 0.03235607358010411
0.6672056297756516 0.03173333806407806 0.5238590807658228 | -0.010480796742812751 -0.3316018804618697 0.053655749134324734
0.6797207032935776 8.493154490073985E-4 0.5968459601966253 | -0.04245337118609167 0.3116662934566148 0.026605241041983578
0.6836239759467061 1.2978881247736852E-5 0.6831904834074292 | 0.0020127171265878754 0.005314868785309596 0.0019194573434457866
0.7401323747036888 5.122223679644078E-6 0.7401621008324046 | 0.0033827199234521778 0.004215964909298935 0.0034743124657694306
0.2809784801992638 0.4000044860753599 0.28096827759643067 | 0.003547578067994601 0.004328497905704663 0.0035533394355625665
0.19086686413982176 0.12341429300870255 0.5005197275504961 | -0.04795117254895791 -0.12048497236069776 0.145560771802274
0.2601906215291758 0.14167515205524622 0.40000000750880454 | -6.234861756799476E-4 0.00552080573599688 1.716029642441896E-7
0.2290298265176045 0.011614865659757482 0.4000447861371314 | -0.0026075915698246773 -0.011482963276463571 0.007868291376623432
0.2232125266033332 9.510259404423843E-5 0.46896155694461317 | -0.0027800171879975477 0.0044412710567939325 0.002496873317574509
0.2705429271115326 5.179111177680264E-6 0.5903247386335073 | -0.0037347569995371706 0.003731049924035346 -0.003780848659866958
0.30916970733967875 3.545723672794383E-5 0.6544749202856317 | -0.007273654550820271 0.002466000874553354 0.0019062570518172128
0.25475302225148544 5.910347989393475E-6 0.7043735668962 | 0.003401265621430547 0.0035900219048764135 0.004945771784512933
0.4981359931437704 0.11913306330383605 0.18897007248753184 | 0.13056416314529515 -0.11217215350294385 -0.056467801163196676
0.3437227636690865 0.4000050056401913 0.34371698798490674 | 0.005069373804668221 0.0028964288257577425 0.00507273330498398
0.3969395084593325 0.04540026588071384 0.4288134553169327 | 0.13271585283271473 -1.3880865557806898 0.0309601707373988
0.1939790159861449 1.089601587045267E-5 0.48219264699687475 | -0.004191656251290664 0.004371475454703062 -0.002582417933050788
0.2757985616591867 0.022581267323850684 0.470291566460076 | -0.04020446451939692 -1.0733470366247144 -0.007343729462612312
0.2157250042396395 0.018449845096446624 0.5348679421959961 | -0.05658199640621394 -0.8190179914795024 -0.009490288334266107
0.21337664112033317 0.0019788658014011523 0.6430266547191881 | -0.0023955519394224817 -0.4230861160248598 -0.008211688821227985
0.28898738276779024 0.004593096393012006 0.8973942698114327 | -0.029889383863572837 -0.2539375618917702 0.13398421933753812
0.4000000924987839 0.10549217860217888 0.25617803522288646 | 1.3996211555551295E-5 0.005698851504886387 -0.0025725367448293044
0.4135016624966113 0.0445120999664833 0.40482988290134925 | 0.029531344127300546 -1.3578351624002243 0.11466625592179426
0.46687936383091727 0.056401781026919416 0.466542122780864 | 0.03804131807479401 -0.4977159992034848 0.014141559939342352
0.3314901415905129 0.0032672480777460444 0.4000644038042483 | -0.007433784427012562 0.0020504396118094996 0.0028117871301243684
0.371795045776813 5.726279144448366E-6 0.48261919270090925 | -0.0036098564178320904 0.004567022510234996 0.002340836429947493
0.3482683947893957 2.3435187060636026E-5 0.5760584255634345 | -0.0039529836653162944 0.00250092930580184 -0.006451179164612842
0.36327048623995434 2.7699875416347438E-8 0.6577053997103783 | 0.0037698020228851803 0.004573621412760705 -0.0016829289261794168
0.3814691481944363 0.00148010484940946 0.8321103167959387 | 0.0432558558599359 0.07571123480280212 0.02389589275994474
0.40005920879969925 0.01148355638710696 0.22692164564399628 | 0.009276319007464713 -0.008820540921425899 -0.0027316308941318984
0.4780838079672167 6.448245249752451E-5 0.17965872763316323 | -0.0012565748246310044 0.002583107823118189 -0.006890679864358873
0.40008460711805544 0.010311524263908845 0.33645640077827055 | 0.002935291468696466 2.3848070747178545E-4 -0.009017179131692515
0.43894524496259185 2.2916595770584156E-4 0.43920693670678135 | 0.004343785127570989 0.004169754210140504 0.003832189955751028
0.46255407314304836 9.942440466850181E-5 0.46317519148335856 | 6.081412386264181E-4 0.0053521555362771945 5.002040167018512E-4
0.42667895601867983 0.03963973534491064 0.621541283627942 | 0.03055158132844471 -0.7920030965285642 0.0818337823811635
0.4372985878487971 3.267007052605781E-5 0.6385781703785653 | 0.00321307880713976 0.005067798260399876 9.601244742125855E-4
0.43772239790712963 1.4877850475932138E-5 0.6350248182522431 | 0.0018085707166009492 0.004713720332854245 0.0038754608637873045
0.46820903354786453 6.170400682128035E-5 0.2225076458355843 | 0.0028673058926505404 0.004636257578235284 -0.0018222277938706882
0.46690550317739266 0.027845101752180565 0.2750853093935935 | -0.021388982033746298 -1.0474096903293417 -0.042476273745999174
0.48569192626657504 8.796030183021045E-6 0.36906390753435186 | 3.9282356149497285E-5 0.0016601668406079177 -6.968507369788027E-4
0.4627477280311141 1.259877171402039E-4 0.46405476411799684 | 3.614196988877807E-4 0.005372697023699805 -6.712254306364922E-5
0.5895905379329279 4.752527592853277E-6 0.5896817062192415 | -0.0035181914162232516 0.003948523630954569 -0.0035892715500666
0.5020576137104681 0.008878789373457936 0.583140646098286 | 0.004843022903772871 -0.7696979732410524 0.030990247124945584
0.5154566228503241 1.0434062294976E-4 0.6494376906315522 | 0.004002354682593608 0.002402167288365639 0.005959248458902886
0.5192210744881606 7.61760965109215E-5 0.6451656261608604 | 0.0013330689069433353 0.0022267086597888832 0.007451710913565287
0.5903091089121223 2.7730019097962233E-6 0.2706286360138392 | -0.00387963594422442 0.003677955623188594 -0.0038635720386241655
0.532535887512169 0.021202175574498598 0.21840770398552614 | -0.010823336577626286 -0.8079412929203882 -0.05390408688270791
0.5755719985835615 1.9711135950455434E-5 0.3481670036955174 | -0.0011927614941484469 0.0034117655709587744 -0.006301646663425527
0.6208839788949718 0.042442587280227984 0.42512745522436496 | 0.082552351762228 -0.7408187846475337 0.030486995604124073
0.5853376600060595 0.011719059743978417 0.5024442198439679 | 0.0393231296962448 -0.7494941253204206 0.009327306193155424
0.5896503691840942 1.8422729666667983E-5 0.5897430139603727 | -0.0038132337537066406 0.0037000875297895012 -0.003892879534775373
0.598139076970303 0.004190634274817979 0.6782946081997714 | 0.025689395790477364 0.19710821942236098 -0.028764731806903712
0.5946338175901087 2.3073181546827377E-8 0.8091600853147114 | -0.0013254622199092127 0.004093492055271816 0.0052210743001149485
0.6546485318085418 1.1167521806937825E-6 0.3086823763303669 | 0.0019298951401025654 0.0026237246938349374 -0.0070138745280171055
0.6430089577303926 0.0029009257277554865 0.21330069993618805 | -0.008630983092352204 -0.4015716792624728 -0.0021944496210639683
0.658450334408227 6.842777775873112E-7 0.363708256360198 | -0.002955095191573613 0.004538944521095041 0.002736650048339683
0.6383877119865613 1.7126476975128405E-5 0.43676714325724086 | 9.961392441672021E-4 0.0049696555207182705 0.0035301804036168435
0.6481046083904763 1.9722642605484407E-5 0.5148879107701242 | 0.006010221350757778 0.0028148097911040856 0.003942059533753754
0.678369572438096 0.003618157389673166 0.597539409716051 | -0.02653044804716713 0.25312275703901493 0.024247043938678624
0.6827925302398943 8.388973840505867E-6 0.6824307395168314 | 0.004742612953049099 0.0035418517227621114 0.0044666359631413575
0.6560382349365126 3.023827007807452E-7 0.8898931653052746 | 0.007201699819140357 0.0025253592511585558 0.002084499678845844
0.7043533171068791 4.2486142737958076E-7 0.25474518850527306 | 0.004891006492345291 0.0036855953700439285 0.0032863765776814766
0.897397597421493 0.0045876320299922824 0.289019866523982 | 0.13393268298226954 -0.25408421790399144 -0.029853158430880898
0.8313022026364706 0.0013267516083047453 0.3810173571960011 | 0.02443214823760516 0.05996611405815919 0.04326087345962966
0.634782804173303 5.917295015972192E-5 0.43766452083453744 | 0.003979879358974065 0.004721600319622382 0.001611864383492196
0.6451187459843902 4.3553618982990265E-5 0.5191816832878187 | 0.007354562188466663 0.0028103888006151376 0.001299599109747453
0.8093429529920939 7.344885901538005E-6 0.5947152903733287 | 0.005349754955919509 0.004169251398459007 -0.0013533094363388759
0.8899102870935888 4.583800574930591E-6 0.6560213750332196 | 0.0020761718497202494 0.00253102206447027 0.007197999757694029
0.6814957298132115 5.4486426438044564E-6 0.6812252593894841 | 0.005897941017661396 0.0021443279562367483 0.00556763043286682
0.17348883906394627 0.40000173494126046 0.17348892167062982 | -0.006381573986195435 8.74430986034782E-4 -0.006381562654125141
0.223567179433235 0.4000045133371587 0.3464327864315845 | -0.0044665922527099815 0.0034376426984282626 0.004715171244059366
0.23500645960109595 0.0719979371287249 0.40000057009258355 | 0.007928632737870218 0.004822877278226214 4.0828310334559424E-4
0.20349193688994027 0.10653372945507146 0.40000005385424864 | -0.005602425554795131 0.004023227482296991 9.148634805021717E-7
0.2643879005339651 1.0603285336112313E-4 0.4550085923037501 | -0.0020794408592502227 0.007012450797317165 0.0014258749812678085
0.2675709226017187 6.022643850270832E-6 0.5823589895952951 | -0.002732928900696695 0.004648020605971708 0.002011362451496131
0.28414741122905596 1.4394448612253795E-6 0.6455556024904783 | 0.0026791790035914547 0.003225291694458196 0.005642895639570358
0.14874765909144066 5.10443095525194E-6 0.7927996122337446 | -0.006400465509866013 0.0010329019689499822 0.006199061155997641
0.3465404444866517 0.40000080530260607 0.22359285397942383 | 0.00457624370154713 0.0034704906961793174 -0.0045446042714588865
0.3435883744063473 0.4000159403219293 0.34358258596317864 | 0.005232376330977854 0.002693774944818928 0.00523542865160635
0.3246756894337607 0.017789514232146142 0.40006108151025316 | -0.005543350147023039 -0.007215801272411643 0.008637004521699103
0.22515354490212164 0.013310809244658725 0.4000388543207027 | -7.987913677909965E-4 -0.012310009278422738 0.007865865902297191
0.27584227392979577 0.015488090265684047 0.47002600100586855 | -0.03411009250039883 -1.1279906968933797 -0.004108012051888713
0.2647482682442959 0.0037847845822568432 0.5812939972409489 | 0.019761709479853024 -0.022725782501150656 0.03779775882462627
0.21336032647809217 0.0021463389180945364 0.6430549441343956 | -0.0030130238081855706 -0.4140389526665363 -0.007650472364951568
0.33111097284051527 1.6170425060758946E-5 0.8460604820377323 | -0.00454163575782202 0.0030685102789269753 0.004449752737876627
0.40037595998923303 0.08401624407425241 0.2352669628027572 | 0.01817170731829184 -0.38804571210300925 -8.072907502241003E-5
0.40008244824449585 0.02167238682336368 0.3254852110311707 | 0.006544377308866621 -0.00948104941682452 -0.00662230181521377
0.46878929767139205 0.05615255766626693 0.46512676857647245 | 0.057326182507936675 -0.5421293799872695 0.003008853775013386
0.4084408369435802 9.6312776306736E-5 0.40929871417475094 | 0.001649915463406815 0.005716487737952623 -0.0016093061188441476
0.3726069217979274 1.437925498374498E-7 0.48547224315533205 | -0.0040675705038102266 0.0037142194271963043 -0.004084219253229481
0.26659323887353126 0.055948658534406844 0.5992283436999133 | -0.2318781269071027 0.10425063489877821 0.05805510297799658
0.282551989162245 6.331252380688218E-6 0.6560383740044008 | 0.004018138490723906 0.003914679908084964 0.0034369702292032247
0.3651406199027185 4.083558148597505E-7 0.644691225825735 | -4.567727824433824E-4 0.0021031353378043807 0.007648901871204629
0.40000005706474967 0.10679918547354969 0.20322035879594036 | 1.0682047883235392E-5 0.0034102741579809105 -0.007131171329850056
0.40000306618936043 0.014754036025177508 0.22310274570199004 | 0.008994944629291608 -0.010585432548994918 -1.275634583477968E-4
0.40886202237357 8.518472015513114E-5 0.4081268843171871 | 7.985412298627695E-4 0.005923061737863697 2.1635443278302592E-4
0.4092065145506078 1.4510119820994256E-4 0.40765157433315335 | 1.8849004588318306E-4 0.005897915034439843 0.0010218349109448086
0.4255051115274571 7.0520431035064035E-6 0.550952715209486 | 0.0019426686731312086 0.0018368405562432175 -0.007374177446107576
0.4132214747042221 0.06326363181556671 0.6125402073506655 | 0.031962568528394256 -0.5786228613803811 0.09604590258898345
0.4656775008510571 0.059485740852290914 0.688054963258647 | 0.03954876911590141 -0.5685264205447834 -0.029445864038041215
0.4404051219072851 2.3334822190006145E-5 0.6327170787308392 | -0.001509036487499441 0.004065198715140823 0.005282276533691162
0.4553119771652968 2.475543940739551E-5 0.26419246026134124 | 0.0010218542232154882 0.006642232219960716 -0.002893767278647958
0.46710123146424704 0.021596801119907194 0.2753893739215523 | -0.013201085719068638 -1.123364957358658 -0.03665153923492173
0.4856612793330339 7.097941433754751E-6 0.36922909036658974 | 6.877184226811339E-4 0.0046427947344700096 -0.00259879367668211
0.5506824426651966 1.0466947798088126E-6 0.4259018423162632 | -0.007260733006375485 0.0020457344376958743 0.0023141651075464656
0.5896950882863002 1.6340217685586607E-6 0.5897865674173997 | -0.004063801366772341 0.003478853001740597 -0.004128808590072708
0.5032630837030718 0.04245155486053667 0.5840894022488253 | 0.026936400271666387 -0.4953724338560425 0.05087206637374288
0.517648689240517 1.1532087902819621E-4 0.6564277097415021 | 0.0035914048415807507 0.00378992481233842 0.0038805113281035965
0.5154874786881641 3.190698816093893E-5 0.6339595915587165 | 0.002659563124902243 0.0024515798740776438 0.008468597343192164
0.583386454084728 2.0803949741938134E-5 0.267979117458948 | 9.764169358916978E-4 0.004682009841310723 -0.00318746492855459
0.5811098147131626 0.0037562736574405964 0.2645997776899708 | 0.032770200263547385 -0.009510979452992114 0.01587522520755493
0.6028862487069923 0.05026714610708154 0.27057643216581234 | 0.045784429421927446 0.13452728216967014 -0.1939262084488336
0.6129231452222095 0.06264079028756699 0.4140412346407344 | 0.09669404807711994 -0.575085703564163 0.034399317370115624
0.5876675383388376 0.04327076949927793 0.5044057385863393 | 0.07091513115464917 -0.487773524964563 0.035547195051489865
0.589890994925424 2.762268399473426E-5 0.5899801540531255 | -0.004651682547635327 0.0028792391061936706 -0.004684743587948688
0.5960389129011328 1.0357273400245036E-5 0.6793452974790197 | 0.006579526234485278 7.9768674722338E-4 -0.005493007915956276
0.6054683544344875 1.1338650636769402E-5 0.6624917069214111 | -0.0011749920492419652 3.3317926377451353E-4 0.008608289410706647
0.6455391220560698 1.292069090130702E-5 0.28416379180766427 | 0.005539208963836635 0.0033111221533260594 0.002534148472360443
0.6430375017255505 0.0029756863823556827 0.21329037770011947 | -0.008117504165088293 -0.3924519101319622 -0.002759384400139386
0.6566870632937601 1.7938393791052348E-6 0.28244399939676545 | 0.00335745167906827 0.004059787703072371 0.0037853148088203745
0.6872989577629635 0.0591642080318789 0.46502432375694397 | -0.028785192010758805 -0.5476118373172941 0.041387770103807495
0.6559646114039515 7.172845883157301E-5 0.5176157498444256 | 0.00383307129102769 0.0041114507936600925 0.00295800334572468
0.679467501334781 2.481772668848522E-6 0.5953200146414455 | -0.005692547507973669 0.0012552708080883826 0.006675403033303094
0.7401003895497833 6.927925901128307E-8 0.7401259243007499 | 0.0035388543909364327 0.0040773548418464286 0.0036684019556395765
0.6488772714442838 4.693366919849036E-6 0.8841945536730493 | 0.007576743429989501 0.0018186979570645246 0.003140813888256064
0.7931048896765003 1.4755925614342345E-5 0.14844605205371153 | 0.006206828673438657 0.0010170108613773347 -0.00640902700390372
0.8460636431162624 1.1921928154932465E-5 0.3311069194016112 | 0.004862434612601456 0.0030687437062078948 -0.004103450072750312
0.644785391822569 1.1472381962203648E-7 0.3651711456989015 | 0.007581159203077508 0.002086853377348147 -4.991968083820364E-4
0.6326977459239352 1.0667785238953361E-4 0.4403944215016082 | 0.005201813117647694 0.0041348481893763575 -0.0016173535042411176
0.6339334494707444 7.27901461046801E-6 0.5155047918778548 | 0.008532471153284168 0.0029958516727351635 0.0026992392294403933
0.6624327218589025 3.8111906273650975E-6 0.6053899560950228 | 0.008613310326156533 3.42064454498E-4 -0.001395806409293805
0.8841960757245906 5.222419333738567E-6 0.6488704899666455 | 0.0031534690906515023 0.0018197672064459121 0.007570298662400708
0.8060655610134106 9.163733873239583E-7 0.806065577119326 | 0.006069380150387828 0.0014388270488025863 0.006068677642741327
0.1921562308686619 0.4000048307831806 0.19215625642786707 | -0.00642833210405791 7.691170983043637E-4 -0.006428331631674532
0.21850705937882262 0.40000314847830115 0.34560721607482175 | -0.005642300630740189 0.0027028641285376446 0.004783506503889525
0.23896650415767484 0.07482108262541226 0.400005105399074 | 0.00840855719629068 0.0016691379042319055 6.318503925015059E-4
0.1345724099895683 0.029891544306410184 0.40005334408858834 | -0.004766821009264284 -4.160813537313075E-5 0.008282331130366569
0.15503315892557556 3.2958362384735316E-5 0.47336067477801924 | -0.0035162936342686513 0.003957295785808972 -6.554799367973166E-4
0.19254099359110777 1.0802404099015652E-5 0.5690235847750164 | -0.0066119220509000725 0.0032573881101656188 -0.0029413969398890912
0.1286690190081818 2.368473425844018E-5 0.6571443800117248 | -0.003296212440516217 0.002605612483590246 0.006561243822812314
0.1553112935438506 2.880030357329924E-7 0.7868345292779456 | -0.006146413706882343 0.0012855300256573968 0.0061772908925877956
0.34561192578814676 0.40000292827972456 0.21850639704140914 | 0.004821768812370843 0.0026966278203616615 -0.005618720010479936
0.34351551705705113 0.4000026586348156 0.34350986298114244 | 0.005341227643047764 0.0025524179167403615 0.005343526345325006
0.3235526908422731 0.020485098844202868 0.4000358797884779 | -0.0014766940344278097 -0.01116298530421512 0.008352574489307742
0.2807287340887318 0.1109229245702886 0.4000000385601838 | 0.004404113494131851 0.004661915028482943 7.650658537591632E-7
0.2985145925822886 4.902064049985979E-6 0.5133198137923365 | -0.004600912666350483 0.00459975099056434 0.0034820095048258455
0.10283425844673547 0.006163295139935031 0.5059314679736213 | -0.16517670646751847 -0.972683504520549 -0.028111475418572108
0.21360309962191693 0.002854695646126773 0.6430416455260802 | 0.005144949685982517 0.0692102765601205 0.002150373299917609
0.2574482818901663 1.895708407700377E-5 0.7972279733604674 | 8.951913649852569E-5 0.00334177248924473 0.006783741785876936
0.4000163279716606 0.06649390749753899 0.22726866894884235 | 0.005468629188047102 -0.11773292364361916 -0.012672403273794425
0.40002527258684173 0.014142144444064631 0.31996712961062906 | 0.009526939269065067 -0.005808886349648265 0.002821747195803666
0.46885121262220003 0.05503211029214476 0.46544129605978607 | 0.059666522053137404 -0.5824692143208986 0.008193080099454941
0.329541550889457 0.008901505935272292 0.40003217211521686 | -0.007388577079786251 0.0018415569720593103 0.003197182451040422
0.3706705019550281 6.431130293469607E-6 0.4815673017743091 | -9.700539699478457E-4 0.0043821130298381025 0.004686626867748065
0.3469590711500715 3.289588845450019E-6 0.5751083312846472 | 0.006202258698634034 0.003430793078773709 -0.001742653909304974
0.3660231191028453 4.8485061154568654E-5 0.6556215980168274 | -0.0028378199559746633 0.00455621356251791 0.0031223969696931525
0.348449884537413 3.248119806732128E-5 0.7290776738821186 | -0.003135754350915445 0.002344585484383539 0.007572778990645383
0.400000399479179 0.029604916819303273 0.1342483388165472 | 0.007365537058462131 8.94628549920594E-4 -0.0050853152226454385
0.4000002011400847 0.11092048548522046 0.2898265623847881 | 1.0078032665908477E-5 0.002502914090724044 0.007113904210818891
0.400132532755552 0.0048865816153733045 0.33483525431278344 | 0.0029031704775756015 0.0012711346250066442 -0.008137238275386222
0.42167414932924135 5.792567215917356E-6 0.40483662722892366 | -0.0068135136901633616 0.0028253712373716685 0.0034038127829573374
0.42114782894048947 1.715846462240171E-6 0.5582204458987754 | 0.0035823928853318822 0.0012625308583824066 -0.007305844213369807
0.4266672340144094 1.5529495111610537E-6 0.5459616439113272 | 0.002345865134122315 0.004312832265957405 0.003449512531563955
0.43256297760419565 9.156237852747201E-6 0.732496594337782 | 0.0012142133000084142 0.0033993066742999366 0.006305157586771823
0.4370829369554635 6.369401990617385E-6 0.7392608657216335 | -0.007704171086631476 0.002335170484168152 3.099417939951518E-5
0.47314745002020303 7.966950138525066E-5 0.15488348537716884 | 3.19809917494954E-4 0.004732017476743427 -0.0010220588616621808
0.5133503734311464 5.4128377601282064E-5 0.2989729590690403 | 0.0030906797650091145 0.003569672512939719 -0.005320696309155788
0.4857406086991319 2.0436684198490235E-5 0.36914100401128036 | -5.263483862382849E-4 0.005927726438318368 -0.0017672482885967252
0.558815919877368 5.2611634776932856E-6 0.42100585107094873 | -0.00724928204921256 0.0012799946408709765 0.003969236679948627
0.5896744193815457 1.207972157813088E-5 0.589765208483844 | -0.00394935290237348 0.003588030564799803 -0.0040083831891475205
0.5021717898507538 0.02193165859586616 0.5836166089761332 | 0.006182708771971207 -0.7603937386468014 0.044269800095851276
0.5077426717829858 3.628088992490321E-6 0.8377459415440343 | 0.004854038457600943 0.004053647809803494 0.0026283786712032837
0.513300231297191 3.431937138028245E-7 0.7312143078008299 | 0.005936707665522573 0.0028480441180529633 0.005250514698052054
0.5690109028574782 2.998174740931583E-5 0.1924938410856389 | -0.003112328852548252 0.0031102101740376692 -0.006462907321336395
0.5085170508267701 0.008541667763071734 0.10241189294238304 | -0.02858145963921151 -0.9556578522123456 -0.16504422900862628
0.5755235387206762 8.142663837614291E-6 0.34700603235403354 | -0.0014554105424642173 0.003367754131790025 0.006349573049654518
0.545957770670766 3.481945452229206E-5 0.42699537528656817 | 0.0033883389295551705 0.004363628049947746 0.0026383091431705116
0.5864628986739535 0.025552370476816924 0.502848438186134 | 0.05708999125871658 -0.7287286315927833 0.012247254366489008
0.5896126721756456 3.2191175748601494E-5 0.5897049069225958 | -0.0035766443919441134 0.0038985592254334165 -0.003654720367931339
0.5982351453292719 0.004594019328610657 0.6779915218083072 | 0.028157232067472233 0.1380764562191422 -0.025955282772194267
0.5979637039165018 5.982006554368149E-5 0.7168393036465469 | -1.0371730258217966E-4 0.0018296028540317933 0.007311900296058785
0.6570513637936161 1.4248575821164916E-5 0.1286731030836223 | 0.006767024645977224 0.002521437864648926 -0.003137279523120127
0.6430218662632239 0.002858061470701506 0.2134712186585124 | 0.0033641964047210287 0.09432958947409885 0.0036685700356946485
0.6559189559807599 6.702095356255503E-7 0.36604650176522724 | 0.0027618161729490377 0.004544173950187625 -0.0028702336138186437
0.7326659214243246 1.46483003587387E-6 0.4325703990966069 | 0.006173642949903013 0.0034589616417140517 0.0014367356851341024
0.83785429880945 5.164390061365091E-6 0.5078466589709691 | 0.0024715854657888833 0.004200128555613416 0.004641734942751699
0.6779820180165367 0.004528275359072036 0.5976047500070237 | -0.024533368296154802 0.1356525304649319 0.027046366304678236
0.6813514262345964 1.1103561358550774E-6 0.6810936239190504 | 0.005964711425012065 0.0020496260706661094 0.005626231806758888
0.6851259882930394 4.939227292930686E-5 0.7928380499065293 | -0.003753482813934231 0.0019003049719724286 0.007296454694451188
0.7867338055553547 1.1029341372717236E-6 0.1553856783665232 | 0.0061718968827990245 0.0012984081086659664 -0.006137431317642701
0.7972528071463828 1.714153492153016E-5 0.2574341304249697 | 0.00644625008517796 0.0030381593428282535 -8.364340493713756E-4
0.729100066855529 3.8532249764030045E-5 0.3484528242933976 | 0.006720373528479574 0.0018585137212145544 -0.0024851100513883706
0.739266486746706 6.8378814961844965E-6 0.4370840737782869 | -7.854566250628892E-5 0.0023240525081037 -0.007713335684393491
0.7312129280561637 2.5962741292783423E-6 0.5132987291794789 | 0.0049949686142448015 0.003290069052577459 0.005466278779745487
0.7168391927097757 5.850901496312657E-5 0.5979629773071475 | 0.0073340349230130285 0.0017931603744414818 -8.842228063745634E-5
0.7928346077503938 5.2350817337555735E-5 0.6851248329640839 | 0.007293201220844375 0.0019011652845017837 -0.0037554304742766424
0.7988240301739596 6.403574516737072E-6 0.7988240159895251 | 0.006112144184011392 0.0013605490070858536 0.0061092044495118444
0.2140629248530909 0.4000048197214068 0.21406293638446477 | -0.0038643937301944984 0.004092412148722029 -0.003864169801501378
0.23210855685321455 0.4000073546479893 0.3431599007755431 | -0.004622028253340355 0.001642142948915136 0.007040768504118902
0.24143599954343017 0.07803004698342315 0.4000001403297553 | 0.010815097940480719 -0.010083532205956766 6.520987236770634E-4
0.14327130955619374 0.030316210203735 0.40007505993906545 | -0.008836727911103407 -0.0012976573023242464 0.004991886025945363
0.07010329317645064 2.5225322369263042E-5 0.49284100581386425 | -0.00892327908471491 0.0029851218392841503 -0.0033798814151865877
0.20011270755101906 6.06851922824683E-5 0.5661508827840237 | -0.007604427119965755 0.0028308000356692866 -0.0018472756204789473
0.14374458903254214 9.180905820624201E-7 0.6543798742831259 | -0.008575829736639872 9.045528899034454E-4 0.0010180429459257677
0.16581142613410052 7.007381545818197E-6 0.7755695062928569 | -0.0062794018172656185 8.81908559068512E-4 0.006468506624280558
0.34316243617854403 0.4000072344800633 0.2321086600234608 | 0.007051506878598106 0.0016398867814924098 -0.00460906677868665
0.3435082821909901 0.4000016534490282 0.3435028930839878 | 0.005351255986864242 0.002539874051948367 0.0053523591480864495
0.32246907074921244 0.02008502462953893 0.40002219461702043 | 0.0016198369958009104 -0.01077979047356793 0.008465951936788054
0.2985380252647852 0.10814131454285998 0.40000000667708746 | 0.00679840951634888 0.003137019417921913 8.601695405918994E-7
0.300161167782936 5.570277700757161E-5 0.5132524033632995 | -0.005570684894835568 0.0038804127301028573 0.002897018655920591
0.10283740774938843 0.007865889554240384 0.5051052451783524 | -0.16149987340916383 -0.9443653448569149 -0.025287676631856177
0.21356844896341254 0.0028254924415598184 0.6429262401480654 | 0.004704109180833552 0.06069037655805134 0.0032967685601861707
0.25730544743426453 8.993329332961659E-7 0.7944005439610066 | 0.0012028736151262695 0.0020810689902588503 0.008079734160772165
0.4000035215157302 0.10101642121626689 0.24240075185855137 | 2.309571576474191E-4 -0.1402366753146457 -0.004129050938987664
0.4000386190782134 0.01411264250230414 0.31856602345292945 | 0.00844492399925698 -0.00496323742630473 0.005201967119382372
0.5248579055166015 0.039629799419022074 0.5042626312950842 | 0.1059855142988219 -1.2109465887113042 -0.008467811367987674
0.3234426616642817 0.01284669887632778 0.4000446373686398 | -0.002289679842797755 4.0255087781072466E-4 0.008391387770978077
0.3713270480901011 7.810225547035684E-6 0.4821358266852434 | -0.0025292722354667697 0.004564642815564973 0.0035389485323103344
0.3427766351954669 5.239201265472033E-6 0.5788050848694907 | 0.007243772269542316 7.249558941990295E-4 -0.005538607594966272
0.4327673607007148 3.575469732658472E-5 0.744111779661189 | 0.003060513278084966 0.0028868667662233422 -0.006369926469509123
0.35178725486084494 7.382543621244406E-7 0.7305608266788157 | -0.006040344417348765 0.0019034649995300465 0.006137412926715873
0.4000320790104578 0.030579945281581297 0.1430329623000609 | 0.0046259756879488655 -5.412293529438253E-4 -0.008638282872589532
0.4000000102210465 0.14905681460793532 0.2986355335092788 | 5.968407785876402E-7 0.005442357069359224 0.0010075741301183397
0.40005340884219054 0.008304444262940146 0.3286253241751531 | 0.003754997284084414 0.0012664923423476525 -0.007364153716092659
0.41835975789182317 8.152996040026818E-5 0.38783249528536373 | -0.0032287688876686104 0.0030640183975359525 0.005799657957356479
0.4234853675202486 1.5462301539358013E-7 0.5543701795423857 | 0.0031084096026276027 0.0013626310602251526 -0.007411683592676992
0.42645826093059447 2.422290297568114E-7 0.5428100940600957 | 0.0025890087071379405 0.001547309920030165 0.008794911398751713
0.4326654201642717 3.3023156082803704E-5 0.7332537831601882 | 0.0011840042546985253 0.003591528435743457 0.006035278868184845
0.43738029481492374 3.774636254387536E-7 0.7442996310012704 | -0.007603032581390862 0.0018726226471586253 -0.0029064483696097914
0.4925644507846743 1.0489743187501544E-5 0.07033684935767652 | -0.0036714293085195132 0.0032563140162562816 -0.008361773954029636
0.5123593309481185 1.084413583469685E-4 0.30063375768259853 | 0.0033035827721264767 0.0030895723111549083 -0.005817779651046321
0.4857232578193265 3.7866616196494417E-6 0.36911300142135645 | -2.886566219499797E-4 0.004435696224240319 -0.0013323533878659868
0.5541416134201673 1.3708207359082597E-5 0.4237214977079959 | -0.007297500132108138 0.001426318425700327 0.003644159339625322
0.5896713800571952 2.388617532882321E-5 0.5897633136333612 | -0.003903855497211964 0.003624045958201911 -0.003973715104293409
0.5018554362618812 1.828665032633183E-5 0.5823791728608665 | 2.3887016655255736E-4 0.0061434879034405025 8.525091719296252E-4
0.5078459316673153 1.5130015089598253E-5 0.8378767857362613 | 0.004615058902543663 0.004316834988403439 0.002021816684507633
0.5125780703380964 9.549971471206328E-6 0.7415875324720516 | 0.00805777434859777 0.0025322943117937913 0.0014946198356939726
0.5661329204870649 9.931200033290813E-5 0.20008112762972827 | -0.0019404769898353812 0.0027689049775032905 -0.007492432876189842
0.5079116255058431 0.010056950864393184 0.10241038523533944 | -0.024762376941909556 -0.9415155849686497 -0.16147106618295912
0.5787182496894752 3.571906568303744E-6 0.3427942244320894 | -0.005193419200280074 8.192695750610307E-4 0.00738289317121575
0.5425722448241529 1.643547456116253E-5 0.4266422948757272 | 0.007535310685572923 0.0016191569070905954 0.0026830810042163256
0.5833063978745368 3.371409366286407E-5 0.5020472489207461 | 0.0010643649077386544 0.006047017374522274 -2.0621255996401886E-4
0.5895488702257363 1.2783646010098582E-5 0.5896399454279557 | -0.0032153463445294592 0.004172438239342335 -0.003288825756553789
0.5275317145344198 0.027518099560991025 0.7419464573378577 | 0.0752569077722612 -0.8936018708676609 0.0604739976651987
0.5938996897393439 6.0384320816307734E-5 0.7264657160144979 | 0.001563839010901975 0.002019173317395341 0.007387782061490482
0.6543522103996309 3.860818972763586E-5 0.1441036140594872 | 0.001045710465554447 9.525954049384409E-4 -0.008570984684015862
0.6429632542839614 0.0030669434161919 0.21345815372982527 | 0.004678490035562987 0.04984112087553662 0.0022646132583531904
0.744180134627864 9.008486106795962E-6 0.43284407785485524 | -0.006492280617334622 0.0028408882148560394 0.002935577123053519
0.7328588302725068 1.4516473375029179E-5 0.43261488053111247 | 0.006105162430252101 0.0035153854570285684 0.001381887560042353
0.8378843794012114 5.0201646455000935E-6 0.5078709776312659 | 0.0023358094470938406 0.00425975081722268 0.004587044173673262
0.7401431413013646 0.03221263648252145 0.5284020836490305 | 0.062336409098717994 -0.9237178913165918 0.07457249942029927
0.7388787944105794 0.026107708033974122 0.7389000243699466 | -0.014405005334013307 -0.7374280814809056 -0.0143981352449194
0.6863594395928329 1.923733287528099E-5 0.7936476698298007 | -0.004363586097276331 0.0018250609675209287 0.007013123517387747
0.7755541782602668 1.1479985447637645E-5 0.16581275463516873 | 0.006453198770332998 8.893685706113545E-4 -0.006287545548554176
0.7944259654653775 6.425700419292668E-7 0.25729476265022627 | 0.007694070992858022 0.0019182956699171825 6.480749930631499E-4
0.7305859373889841 2.7327223163783884E-7 0.35179253384957665 | 0.005633311208842336 0.0015138058246670677 -0.004921755114865632
0.744308615110117 6.835269755981887E-7 0.4373871115612239 | -0.002954004667522295 0.0018493584529297728 -0.007610906488251222
0.741587953357087 1.0559873447019947E-5 0.5125775180699086 | 0.001589777540111856 0.0031039191653979507 0.007383803560330278
0.7264652706178534 6.012129526081049E-5 0.5938989729655092 | 0.007425892538614891 0.0019996953513418208 0.001647382873583708
0.7936460746985547 1.98468524450765E-5 0.6863608314215558 | 0.007007965486337557 0.0018246279364353564 -0.004370700342896031
0.7896547180742174 3.3462028921727534E-7 0.7896547403606216 | 0.006258151363722472 0.0010419188844144212 0.0062544903166286605
0.2252411249884605 0.4000002772006596 0.22524113243400132 | -0.0035771873975985673 0.004312709830593996 -0.003572738616489657
0.23617535161799136 0.40000151306119375 0.3417757589287807 | -0.004935107638059936 0.0012467910811858277 0.007214184372735117
0.23117454125310344 0.059118069242051485 0.40001265957067 | 0.0909966545107073 -0.07317948630643602 0.009754925696711696
0.15698005395813494 0.023368391597449464 0.40002219130863664 | -0.00933557911893953 -9.763672205545277E-4 0.003506589689613053
0.07383820665782587 7.776516265711741E-6 0.4929270361711914 | -0.009190738717382995 0.0028932051299907125 -0.003242200061000959
0.1958512080144662 2.2950840422027722E-5 0.566170780261137 | -0.0072922001590495205 0.0032151221123381236 -0.0015624548812900223
0.14533161919146603 1.7071662525860345E-6 0.6541914435898009 | -0.008627681138721637 8.312101047295861E-4 8.552587856764925E-4
0.16796308735972254 2.2232537758213576E-5 0.7734557483124345 | -0.006520799026058371 8.13617599698353E-4 0.006293758398878949
0.3417752611880985 0.40000161049353294 0.23617502387087874 | 0.007220939107433191 0.0012457842437435683 -0.004926521205355423
0.3434911296506791 0.4000071549112912 0.3434856740530108 | 0.0053596802967827125 0.0025284464501713743 0.005361063059266249
0.32308051939316385 0.02137734877384887 0.40005112938374143 | 4.1665435678316004E-5 -0.01176489556523973 0.007988287621660857
0.3157306885101661 0.10932405878547802 0.4000000208846354 | 0.008450266435515835 0.0016164545881532473 1.442170228052197E-6
0.30104654427935496 8.791624505663288E-5 0.5121186102217661 | -0.0058374031177758365 0.003601981419215812 0.0036245957303847613
0.1080955574561381 2.2568115359268583E-7 0.570227013903266 | 0.007363050115843444 0.0051652358578387425 0.010964742604897259
0.2066127838328461 6.124853449002236E-6 0.7163318388800656 | 0.0031306657972336844 0.004793855398903714 9.241846590072622E-4
0.25736179776768553 3.275665371712407E-6 0.7941432903599162 | 0.0011348715226078816 0.002026079918202414 0.008141176112306654
0.40000384246896903 0.10135212778926889 0.24241727703476817 | 2.660714210569238E-4 -0.1587389665780282 -0.0047601341164445745
0.40004435228217994 0.014007856636144046 0.3179109137569317 | 0.007917964911200361 -0.00446851087890097 0.005915931702697584
0.5097977291625425 4.5420133716179794E-5 0.5088872965019655 | -0.0015571140866824833 0.0051017894512335425 -9.055616621348141E-4
0.3244251744215106 0.011468726885118238 0.4000710345839161 | -0.00409683618993924 0.001795776661703142 0.006501702693027663
0.37068840890812177 6.443322434519015E-6 0.4819736992608878 | -0.0010391473410784782 0.004679929918112913 0.0039715236916595086
0.34713359041869674 8.100434782701592E-6 0.5763244378067971 | 0.002871776199839974 0.002196865991151869 -0.007344990428953005
0.33800557152650046 0.004073187007651229 0.7885391925762556 | -7.535808692286123E-4 0.4196167239390268 0.12034832714721659
0.35700616337511504 7.4145301731308005E-6 0.7516223616943728 | -0.008943970761246025 0.0010002109820021017 0.0017169743248341058
0.40002692765447667 0.024108478037030787 0.15717257208441662 | 0.0035603788573652304 -3.234828525242685E-4 -0.008982712670434097
0.4000000159266015 0.11144098135684428 0.31102773910493475 | 5.1289558037255144E-6 -3.7528068663294107E-4 0.009477208867379142
0.4000673796827386 0.010695120411129126 0.3244519920915291 | 0.006444091249645546 -6.92738378221901E-5 -0.006118191071928341
0.394190807283515 5.731408034459221E-6 0.4038523407472753 | 0.006276662442733073 0.004012101941661918 0.0011772679205173042
0.4274142026737747 4.284480390055848E-8 0.5451983665926461 | -0.0021101123229004494 0.003305721299904033 0.005541566963376239
0.42628687280220995 1.3295398523676774E-5 0.5429542968646885 | 0.0026809433256842425 0.0015363714174401247 0.007452705759695986
0.43268043535682704 1.5463177917001672E-5 0.7332991877876873 | 0.001162722195216284 0.00359359837068783 0.006036792180398147
0.43691130095095415 1.961597915096788E-6 0.752734087771628 | -0.006800329389258249 0.0016354613818610141 -0.00492304719991462
0.4926103253827054 6.030892281880471E-6 0.07381290204429695 | -0.003509176992386558 0.0031555567603129895 -0.008703551211370517
0.5113228258185358 7.827215417737997E-6 0.30086285629701875 | 0.003911294223240403 0.0030628978918691274 -0.005775908665198996
0.4857542493042933 2.1234495805908747E-6 0.3691673289777548 | -7.638081158192137E-4 0.0070026279508709835 -0.00222460084956475
0.5450951233255098 5.760239565039222E-5 0.42743597988527166 | 0.00583752387685177 0.0034911759254319307 1.5140193034350713E-4
0.5112834035417795 5.787722150364453E-6 0.5114551349446671 | -0.002083747895333651 0.004781586900358874 -0.002797307664389769
0.501996505472215 2.41113278307504E-6 0.5824174793215363 | -7.135914830174202E-4 0.006134529107245438 5.725918451098508E-4
0.5077617595698879 3.5026369599760234E-7 0.8374627259743568 | 0.004145479175577676 0.0038493545314769624 0.00413828511164492
0.5131122157226582 5.1719506624286126E-5 0.7514903684259172 | 0.0072819141693066525 0.002603409589324216 -0.0033649264794341433
0.5661536815789993 5.721859649460861E-5 0.19582139919714917 | -0.0017074574444086942 0.003109360163517092 -0.007155213302093612
0.5720212549063604 1.1985982344575125E-5 0.1060782043560819 | 0.006225789092923843 0.0022111969262137952 0.003058571202092023
0.5766992653352854 7.336994628156176E-7 0.3471105239768642 | -0.007281634459731107 0.0021286836796310387 0.003144319568309625
0.5433194415705626 2.006148475259977E-6 0.4267791717382035 | 0.007288956501736998 0.0019050055628070475 0.0025511850868819
0.5829498531631058 4.5702552301504536E-5 0.5020560516072412 | 0.0017779020478273725 0.005956926156091196 -1.5591285148013425E-4
0.5896076951070887 5.602565259392675E-6 0.5896989642955113 | -0.0036187885600048693 0.003868327934586521 -0.0036892218248152295
0.5989402420918664 0.010347809559546731 0.8480791131807501 | -0.010789729852195054 -0.2035309789504993 0.07143466792164505
0.5888400869163034 2.8073029977311215E-6 0.7617824882613953 | 0.002614461935892028 0.0028962585592237325 0.006580428416342766
0.6541680267803136 4.069077074358106E-5 0.14574413827770955 | 8.707007119870883E-4 8.779341098234157E-4 -0.008628109144497539
0.71639716621879 2.1877661236008433E-5 0.20666344675830797 | 9.805070895160474E-4 0.004736033529888022 0.0033513386856277453
0.7886685520777056 0.0016066435783595053 0.33595806161680863 | 0.09037951850594028 -1.0651037535464545 -0.03145244670352184
0.7332639367695889 5.245030762306441E-7 0.432745346867637 | 0.005996783027550779 0.0036213118209752967 0.0011618863796440666
0.837583326311085 7.4615826321873505E-6 0.5078082570382125 | 0.0038649733647146494 0.003932962299974049 0.004219449183975974
0.8479970946623204 0.010420965842003558 0.5989189865438497 | 0.07120174441992028 -0.20365834991693624 -0.010915747780429799
0.7401317518377897 0.005291023298508984 0.7401672061547869 | 0.004211693766476445 0.2097568560130526 0.004415861394060581
0.6867514534686331 5.227694162528143E-5 0.7941107142207166 | -0.004554887046868034 0.0018257339004899562 0.006882599047380711
0.7735925814317509 3.8033062131482173E-6 0.16777383599136497 | 0.006303848458023752 8.215413632524887E-4 -0.006503342068072899
0.794167934090622 1.714688044946329E-6 0.2573509003211367 | 0.007744789380537144 0.0018658654070840511 6.03987140826011E-4
0.7516446898088837 5.233789507682303E-6 0.357011673919892 | 0.0021143023329773074 0.0011029946514335236 -0.009233538798967123
0.7527365103987042 1.374213393020184E-6 0.4369070391621088 | -0.004799139025088012 0.0016367999990669986 -0.006898812292068092
0.751490668205769 5.284212924314976E-5 0.513112080260772 | -0.0027932374075722954 0.0032286478657426905 0.0067227982849564875
0.7617808201707355 2.2503452688063912E-6 0.5888389749859689 | 0.006665770577747159 0.0029410090526764895 0.0024314159819381577
0.7941092982623829 5.268303879117632E-5 0.6867529014428977 | 0.006876589329373879 0.0018251913401456093 -0.00456319688564863
0.7860554770408335 2.2564323165831466E-7 0.7860555174245097 | 0.006270383389835724 0.001021623731698205 0.006266504575149894
0.2393892278999267 0.40000018324521935 0.23938924631536512 | -0.004824448901072668 0.0031802553520879416 -0.004816689631969595
0.2422307416645387 0.4000016262909018 0.34188467932271305 | -0.005362241870077781 0.0011337058367447107 0.007008286351768498
0.23951959242381704 0.009752685167656079 0.4000422830025912 | -0.006549551805409298 -0.008962968667987728 0.006388147608060154
0.19072605263100323 0.09412690832922926 0.4000000204165223 | -0.004805207076563586 0.004443677368879917 2.0863987227678814E-6
0.17299256508253275 3.794011934275273E-5 0.4744076158696507 | -0.0064480764559703176 0.002666448331036526 -1.461571459117534E-4
0.07923898284870387 5.11269271584872E-6 0.5823521985801908 | -0.004935206356893639 0.001327840200493523 0.006375460637976976
0.14641192996084107 1.1591101741758605E-6 0.6542830962401859 | -0.008660451123599497 7.898761126297682E-4 6.865480217059494E-4
0.16996988155755244 2.5479178007102068E-5 0.7715597396365139 | -0.006752622311708062 7.664587214821031E-4 0.006092313478941171
0.3418846628590171 0.40000157416690624 0.24223061678701943 | 0.007010800814052876 0.0011330986165360387 -0.005359616292472238
0.34356941898490995 0.4000016311002601 0.3435651625503755 | 0.005284652182028922 0.002631012871153566 0.005280468395174521
0.32246788369618573 0.020823299950372996 0.4000064781084047 | 0.001646464091064012 -0.011306200193937936 0.008099143049309988
0.31061426444162016 0.1048042954340287 0.40000000030756133 | 0.006488539415782916 0.0034212032800147946 1.5939670819619125E-6
0.2967009151116409 7.779772486753117E-6 0.5095676320638081 | -0.0020537658157866088 0.004777927113198386 0.00776353342351074
0.07306147325471629 1.7249617163527003E-5 0.5878477430009603 | -0.006935794775343409 0.0015708240315759636 0.004286901235213104
0.20795635128386314 3.740740696899355E-6 0.7165564392918764 | -1.5413290603397256E-4 0.005340137424889095 -2.495556329520447E-4
0.25770471993668687 2.2068838870153134E-5 0.7933826362120642 | 6.965707561969495E-4 0.0019077160883168899 0.008300429823448188
0.4000384105442985 0.009385734299908887 0.2391835719049642 | 0.006615660172841041 -0.005738247138295786 -0.007311384647824882
0.40002679717474043 0.01103769107100662 0.31541497942226937 | 0.0060635097431855425 -0.0011643749678841198 0.006801582131320952
0.5040771643774702 7.318854155960957E-6 0.5034016414957238 | 0.0020875849836960838 0.004670892358225814 0.0026173388691835327
0.3199997557873648 0.013617960502566986 0.4001148919356643 | 0.00605602782911739 -9.129910287476906E-4 0.007012911869038586
0.3720846777752196 8.532972242250936E-6 0.48520348877187536 | -0.0034249164883720148 0.004045264545689958 -0.003954050105224288
0.34702038044405337 9.218194430493158E-6 0.575965837295166 | 0.003988576767134175 0.0024998543042191175 -0.006439337557686816
0.35164509134397104 7.973560912991367E-7 0.7144179965273584 | -0.0030212622521396215 0.0017195990509047965 0.008032915712147358
0.3621894223044689 1.7970192963687146E-5 0.9114021624246703 | 0.001463860381319092 0.0017717485043454609 0.008030135007186011
0.40000027136123717 0.09517571386674287 0.1916938533163187 | 1.0282619808855628E-5 0.003319621833312845 -0.005797739287708121
0.4000000242103419 0.10458776940771057 0.3106064839018286 | 6.006739013080403E-6 6.898065831980294E-4 0.00880338677375616
0.40010171260801136 0.01321574306437152 0.323842108105904 | 0.007975432881733628 -0.003344842708954644 -0.006039557696737218
0.4075848051760186 3.5352943094453494E-5 0.4086527412394962 | 0.0025498663852642858 0.005646575522522528 -8.472944356582947E-4
0.42846577579635026 4.199161587637617E-6 0.5409964081881025 | -0.0019254003481209946 0.0011388358067288247 0.00802470820107561
0.42591027749343197 9.685190953449402E-7 0.5445862621074156 | 0.004425787496322443 0.0021402540596702963 0.005833248362122804
0.43264846781196964 2.955578441588168E-6 0.7334852877745202 | 0.0013225326757110988 0.003624638514814388 0.005956383162300476
0.4343467491744055 9.860772874817897E-6 0.9279855378641969 | -9.739166285956461E-4 0.0029863669398449166 0.006995109929812939
0.4744557310169351 2.105100531354367E-6 0.17294581087765795 | 5.004892018733093E-4 0.0024678772558165423 -0.006785397575818004
0.5096948002803741 4.38204881889739E-6 0.2961394893987545 | 0.006910096522063011 0.004293679462989332 -0.0026992563173486328
0.48561557230998387 1.0415809646372982E-5 0.369098971318783 | 0.0013416873696152798 0.005154571896421252 -0.0012874444461172037
0.5410180090033757 4.052367347336965E-5 0.428565782273376 | 0.008043475347628318 0.001402322718235757 -0.0013938966345068058
0.5083939422468725 1.07777560202692E-4 0.5085807245903563 | -2.9096616542537395E-4 0.005180042828714684 -9.985588760684557E-4
0.5018267399112829 3.324539197595651E-5 0.5826678346250047 | 2.9858523645654003E-4 0.006146512845637525 -7.455440902125511E-4
0.5074782700773148 5.144488456099037E-6 0.8367512569407809 | 0.003918871339875815 0.0030694269229452594 0.005735119968230102
0.5070378972914792 6.223873947178316E-7 0.9288220651051893 | -7.84024358923644E-4 0.0021427494968020567 0.007933769887608726
0.5821638070487325 9.743101451858746E-6 0.07951825057407494 | 0.006583338627462646 0.001493809505566947 -0.004289587422888517
0.587672798490378 1.754391729148517E-5 0.07374177008061576 | 0.004632109634104789 0.001717480505595887 -0.0064295982444159475
0.5767932452458153 1.7578779569255856E-5 0.34722282916096703 | -0.007563354248938209 0.0021000029911190537 0.00248186420546037
0.5448596204640477 5.8282098537241025E-5 0.4254554626253115 | 0.004472940228351521 0.0020354349809738725 0.006164015118850089
0.5821471096838394 9.644279015865618E-6 0.502371329662716 | 0.0031067933113237546 0.005632157454959233 -7.168466273626409E-4
0.5898656503515507 2.2737013604558417E-5 0.5899562278918156 | -0.00459259708155724 0.002939774232966373 -0.004637735673045117
0.6395566329679733 0.026012107496151578 0.7519314977404941 | -0.03111184955482328 -0.2269663540023792 0.018604142987232314
0.5760221869900171 6.029829802502752E-6 0.9144600206683774 | -0.0021073435854146666 0.0023997980521526445 0.007331909517140513
0.6542960722089592 4.732565267566853E-7 0.14646427534059026 | 7.308373480516339E-4 8.429833482668681E-4 -0.008659749204902813
0.7166275866957869 2.6947031521757167E-5 0.20805306002602547 | -1.7748754319104018E-4 0.005358632201949999 6.656867545927828E-5
0.7095646493889748 4.2752537600202555E-6 0.3536843580723861 | 0.007351708963691669 0.0015860115296599479 -0.002828789693234795
0.7328546195092547 3.917014758639748E-5 0.43265173048044037 | 0.006098943642951371 0.0035360808478005256 0.0012734239448187758
0.8368996723230997 1.3525897993789224E-5 0.507568756978613 | 0.0056133409309212234 0.0031773643583434194 0.0038568682308725765
0.7520601610529025 0.026115620425296752 0.6391745497740821 | 0.018518798903986635 -0.22670861785760507 -0.032166246769943604
0.7403945891693161 0.0011421386387808518 0.7404312057827757 | 0.004214657288265248 0.02097989453278017 0.004349207344119627
0.6868205299852469 6.3192304526911555E-6 0.7938661003745879 | -0.004574448694414894 0.0017886150433120698 0.006912051668171226
0.7717508044161708 2.585389320303673E-7 0.16974346742940138 | 0.006104234256819428 7.734482183064765E-4 -0.006735385884840223
0.7934061318376642 1.7490127120886473E-5 0.25769305684693117 | 0.007860822484975596 0.0017498301589968224 2.3865648264376186E-4
0.9113934226877716 2.2785118947999958E-5 0.3621964593241436 | 0.007993745893076746 0.00178736473194725 0.001559905866986867
0.9279869666374027 4.250936375135607E-6 0.43435100167944996 | 0.007003911730643313 0.00297937875988849 -9.718884764806319E-4
0.9288071846723568 1.5810225995730586E-6 0.5070365279908844 | 0.007954675277355692 0.002121629827390979 -7.790983800157232E-4
0.9144627639211115 4.497365613203612E-6 0.576018166835132 | 0.007326898200833375 0.0024058896426817256 -0.0021026513566687935
0.7938646948091735 6.655385290485582E-6 0.6868219395876414 | 0.006906266984892965 0.0017878526382058071 -0.004582725105145184
0.7819680391913703 1.1863498482709908E-6 0.7819681357709999 | 0.006274257613755508 0.0010511512605304015 0.006270136459339316
0.25213007088753747 0.40000718712305305 0.2521300802829471 | -0.005277194784833908 0.002631658979931091 -0.005279169893931972
0.2498498871448597 0.4000012233897605 0.33922821154863536 | -0.004605073459260507 9.461448057535445E-4 0.007686902014342124
0.22447106609113476 0.036279925627676235 0.40002392698141576 | -0.001179803765538358 -0.014610024408445306 0.005694500085006769
0.2077141767401545 0.10593579083915831 0.4000000520288864 | -0.005482004910175313 0.004032398559876527 9.481364722665607E-7
0.23327847568022828 1.8718987489044193E-4 0.47950157542565075 | -0.005954741305910871 0.00501735328101741 -2.7810595266249035E-4
0.19636832841082616 9.894749267071371E-5 0.5663767454517299 | -0.007331800134977379 0.003143173217522294 -0.0017021236711658742
0.14933298995757707 1.4709061305156777E-6 0.653856133786227 | -0.008694647581169385 7.134679682693244E-4 5.50445833605857E-4
0.1871550320669699 3.6796810991771356E-6 0.7575307876622696 | -0.008859929272009166 0.0010252204952647562 9.725751375287434E-4
0.33922818798137083 0.4000012065294853 0.24984966577103243 | 0.0076843388794814935 9.459975370119693E-4 -0.00460941847996332
0.3436430936977415 0.40000239507411595 0.3436374705888695 | 0.0051886655720552455 0.002749728766412371 0.005191041619184157
0.3155671594336643 3.101728600534738E-5 0.4473060335161748 | -0.002735297984410215 0.005294724782518923 0.0013634138571928752
0.32453173443567884 0.09394467513155105 0.40000004741487893 | 0.0033986220010379245 0.004992067554813668 4.213427643115086E-5
0.3014191546380288 6.250959860160899E-5 0.5111086735585343 | -0.005873332656853416 0.003509302891318067 0.0043064635349748465
0.26633290753696925 4.993122087162778E-5 0.5915906635167367 | 0.0013363028405754018 0.0036793945975523903 -0.005417835244562603
0.21552537608681296 5.985948633848913E-6 0.7170747420644855 | -0.006555554991465073 0.0030176352824008885 -0.0012000214110639861
0.2590417315869733 3.7986621992752047E-6 0.791025852507135 | -4.865866035841528E-4 0.0016334954429235947 0.008563700391749118
0.400003851577182 0.03643984819583155 0.22430512094691094 | 0.0053881208983182416 -0.01416584985950847 -0.0018992743371666209
0.45771200004243257 9.132165406207078E-5 0.3057923003159465 | 0.0015421702564611436 0.0055921669867047595 -0.005856195775553311
0.49879091967319883 5.3208438555669356E-6 0.49888350035452644 | 0.0036793347499151944 0.004172990249813042 0.0036482348779304477
0.31791003227685094 4.1378798213262765E-4 0.4000403170127112 | 0.003992983554162114 0.00301520187444025 0.004717157890293901
0.3735275519790896 1.179783800799194E-6 0.4843761980418473 | -0.005794238180415803 0.0036357563124692445 -0.001556363039842027
0.34440753475015823 2.513691107498894E-6 0.5751016607056184 | 0.008703224369211861 0.0012392898603299813 -7.866615072210527E-4
0.36534115928733213 3.412001310488177E-6 0.649789840173531 | -8.766196003394349E-4 0.002666503442918133 0.007079909419157243
0.3498514454841719 2.1111282667957754E-6 0.7433066440663195 | -0.007351953471124227 0.0028334845736148143 0.0019017378198225262
0.4000002749833236 0.10410683658557185 0.20780713545047383 | 8.438979095359983E-6 0.0037591537435970566 -0.006939559546934669
0.4000008373471201 0.09332127075255157 0.32439641060917285 | 1.6009143799656148E-5 0.003855714184628633 0.0057783988047050705
0.4000849567894462 1.9770106877162934E-4 0.31205791091387225 | 0.005684126625769147 0.0013763813194365977 0.00517618391878703
0.4248608146128011 1.7254233748687143E-4 0.4260172178847697 | -0.0024455674341528695 0.004693224816636661 -0.004445444701914653
0.428854075726197 4.662777838337452E-7 0.5399527091987091 | -0.0021194210738935027 9.750910413515533E-4 0.008122368633596494
0.4448830548905805 6.690779548984023E-5 0.6413607430157499 | -0.0045481854924918136 0.004517191243688721 4.5734528233946404E-4
0.43193899257742924 3.8882715235770334E-5 0.7278687042876494 | 0.001192958272419033 0.0028053809683294293 0.007055663977285277
0.427278090236816 1.6679669932938349E-6 0.8404157360018067 | -0.007766189129952235 0.0018744977153339491 0.0025173961386947123
0.4795015119474629 1.949646072032398E-4 0.2332804489945515 | 3.814227217125744E-4 0.005184347178638544 -0.0053512749681859295
0.5105562667012554 3.441802862990557E-6 0.3010470839605544 | 0.004318711844489402 0.0030366116093116613 -0.005742994452893379
0.4856982101373971 1.2442768346673968E-5 0.3693293154253426 | 2.582866479206601E-4 0.005185658494565582 -0.0036309984868937834
0.5397224174452131 1.4285666554095904E-6 0.429042619615321 | 0.008161041923792772 0.0011917504117169649 -0.0017415653405644948
0.5344864026165003 7.872713841860204E-6 0.5346634581227684 | -0.003642970960016436 0.004835972437132261 -0.0038576079403834012
0.5017912042922756 2.5880294973939557E-5 0.5831995698581609 | 2.7048485557199816E-4 0.005665485498659682 -0.0033081741648226725
0.5145467619750319 6.512959772887733E-6 0.7321090918252116 | 0.0052285671116886305 0.0030175627803126696 0.005658163233105871
0.5107996849702265 5.799392727484908E-6 0.8337735720027316 | -0.004774283990181922 0.0014947969163905384 0.007072211469613203
0.5664411600149534 1.3175351986811505E-5 0.19599196690243217 | -0.001864184628598517 0.003059280070054582 -0.007159448280894272
0.5916555166368405 8.220532653992982E-5 0.2662986542467843 | -0.00555882256357642 0.003615433359481571 0.0012438815322307944
0.5755531383207215 1.1406122436503419E-7 0.344493983003014 | -8.71110455920277E-4 0.0012294680666622097 0.008664997870632957
0.6412687284919193 1.1428423886563352E-4 0.445095820002972 | 5.738454233918352E-4 0.0044446096726437415 -0.0047147192127007884
0.5850099735065256 6.217472022465712E-6 0.5014950528905 | -0.0023611940988765975 0.0058444914325336324 8.643637252343943E-4
0.5896687490155892 2.667120422026167E-5 0.5897620778972946 | -0.0038810427445683713 0.003638089493013265 -0.003964910614604118
0.6035273862705279 2.1191547967131957E-6 0.6668336652560404 | -0.0017564357748825522 2.908061109267366E-4 0.008620618556269243
0.58473452064231 4.950980420608395E-6 0.7949387181928382 | 0.003084148645508917 0.0032498469007183725 0.005957728195960552
0.6538699406777032 6.399890183007166E-7 0.1493343340802689 | 5.881185329786969E-4 7.662891975147425E-4 -0.008700188479738587
0.7171318855559878 3.9222027172945776E-7 0.21556626398244877 | -0.0011733482310857198 0.003078886314263843 -0.006522368421068678
0.6498986999473528 4.195329780766721E-5 0.3653191497000329 | 0.007005322356467381 0.0026329386992847963 -8.61309917377588E-4
0.7270338088680106 1.133963917163784E-5 0.43184169015427326 | 0.007113793536655864 0.0027372067330503143 0.0013069589962382017
0.7321494270864868 2.3220597970458168E-6 0.5145494293055952 | 0.005324919174324419 0.003512397382020561 0.0046990202728167405
0.6667484383450795 9.97745957873526E-7 0.6034581443682007 | 0.00855443807559561 3.396909787553859E-4 -0.0021259532221830006
0.6979070154695667 3.4090037499737413E-6 0.6978961267887843 | -0.0060988934065649945 0.001245186677910422 -0.00613228056150321
0.6845873050085686 8.76714800477607E-6 0.7900146173373267 | -0.0035551754646490526 0.001747825046660583 0.007591068138637844
0.7575272874415229 3.5522181371723937E-6 0.1871561124456033 | 8.933727037128508E-4 0.0010356024934672903 -0.008860257651500362
0.7910485506546248 6.401319418613238E-7 0.25903068390415546 | 0.008020241023906955 0.0014865557544647956 -7.703833958920196E-4
0.7433598272626595 8.872058021329775E-6 0.3498568288061868 | 0.0028839700400007176 0.002420285046319767 -0.006250201342220029
0.8404772738779821 1.0000170610394276E-5 0.4273359647787492 | 0.0026558324014331635 0.001848178617535232 -0.0077663264287044
0.8337789171407595 7.996825525299716E-6 0.510692477356106 | 0.007163783002886312 0.0014944381242141009 -0.004590705556048406
0.7949393381819183 2.509567504380568E-6 0.5847268494825159 | 0.005980755782499735 0.00334349977653651 0.00287617787447876
0.7900134649013624 9.087243775810013E-6 0.6845884312150187 | 0.007589187816057313 0.001747201632391953 -0.0035566582706144053
0.7391459796452778 4.1809348507326505E-6 0.7391604656160541 | 0.005224642315568725 -0.01438735092469003 0.005333128311938268
