512
0.2739374595249833 0.5256089992698401 0.27393745952259385 | -5.239487661248002E-5 -2.8219306558376216 -5.239493577454205E-5
0.26986661212389645 0.52966686095059 0.3420805534098242 | -1.8134356399668566E-5 -2.821979091890264 -4.249473934506575E-6
0.2673206129644441 0.5321965535201229 0.3981597728559667 | -1.2692366014899507E-5 -2.8220628124433063 -4.6412316438705916E-5
0.2665933006268417 0.5328981422531729 0.4497347430821851 | -4.7474544428546575E-6 -2.821984327627416 -2.1382580877012905E-5
0.26659351075537735 0.5328847392604801 0.500275843534751 | 6.893348917848075E-8 -2.8220003907387983 1.0024516908890007E-6
0.2673240246307595 0.5321507243122766 0.5518615284729764 | -1.0219038792670999E-8 -2.8220000342197378 6.637238725636868E-8
0.2698840433000898 0.5295896358974588 0.607920779135001 | 6.852147484062323E-10 -2.821999995732983 -4.531106651249153E-9
0.27395673804440107 0.5255168105254844 0.6760432722013525 | -6.617760005830848E-12 -2.8220000000744374 6.906052769184237E-11
0.3420805533484177 0.5296668609000408 0.2698666122736038 | -4.249545773250957E-6 -2.821979092150365 -1.8134210120535107E-5
0.3398961259312375 0.5333920151879671 0.33989612592763635 | 7.847289224002601E-6 -2.8219835941214177 7.84794104529023E-6
0.33815253043903504 0.5359940812131654 0.3977442077221955 | 5.405636767535444E-6 -2.822090467893395 -5.842216691893563E-5
0.33740620612861977 0.536928096403935 0.4496582008061736 | 5.4916548000378546E-6 -2.821980979248694 -3.158477872578703E-5
0.3374071844665577 0.5369100778068004 0.5003548669583039 | -2.2599688321056726E-7 -2.8220003075627904 1.1269890487400127E-6
0.3381581995514687 0.5359443985050191 0.5522713936176624 | -4.2554076221453677E-8 -2.8220001100860794 1.7169976810510563E-7
0.3398956919198317 0.5333094012772714 0.610104468456909 | 4.081262202569524E-10 -2.8219999955178774 -4.776634794212895E-9
0.34207932216675263 0.5295895144806148 0.68011597653329 | 1.5273185831292545E-13 -2.8220000000595316 5.1581364499761734E-11
0.39815977284061055 0.5321965538651177 0.267320612853622 | -4.641237718985162E-5 -2.8220628123648748 -1.2692129904106514E-5
0.39774420766816915 0.5359940804818721 0.3381525312081504 | -5.842080654576533E-5 -2.822090467943364 5.4114580698022495E-6
0.39723086695601223 0.5386042849645671 0.3972308669208012 | -6.0177823694423554E-6 -2.82199058631162 -6.015100731838187E-6
0.3967480903153284 0.539651132185623 0.449629572381344 | 3.363230140634194E-6 -2.8220246695850655 -2.2733622703505033E-5
0.39674757026124224 0.5396421645108437 0.5003794730737632 | 1.4675733321359413E-6 -2.8219939040817734 -7.078913601832904E-6
0.3972290044711614 0.5385798013063827 0.5527720385921003 | -5.195543700937325E-8 -2.8220002578634755 4.096122027910556E-7
0.397729637239857 0.5359428091271847 0.6118419772640359 | 2.935161440963665E-10 -2.821999993134114 -7.631196664261083E-9
0.39813919192316355 0.5321495610767905 0.6826760228056344 | -1.0149579352963421E-12 -2.822000000058012 5.0002519456755636E-11
0.4497347431347737 0.5328981424546548 0.2665933005633057 | -2.138260403991873E-5 -2.8219843276570593 -4.747367789669446E-6
0.4496582007819938 0.5369280973085192 0.33740620566194096 | -3.1586933367053736E-5 -2.8219809784351195 5.494060772425795E-6
0.44962957168999745 0.5396511328130743 0.3967480902775537 | -2.2740118077107678E-5 -2.822024673061549 3.3592962173235805E-6
0.44953458346975644 0.5407501079206692 0.4495345840800074 | -8.279836238718664E-6 -2.8219944362139433 -8.27882812353404E-6
0.4495334471757048 0.5407451825947183 0.5004678018487023 | -6.893158550235559E-7 -2.8219994627576805 -7.510986830795402E-7
0.4496241536709468 0.5396350804715669 0.5532530618894018 | 6.838995130933801E-8 -2.8220000988003253 1.4291158580002487E-7
0.44964799180174936 0.536903397622532 0.6125926415803811 | -6.247720569671769E-10 -2.821999996377608 -4.150868143021835E-9
0.4497264019913318 0.5328799636005899 0.6834064243127365 | 3.3292909215942712E-12 -2.822000000037731 3.231724414865478E-11
0.5002758435548073 0.5328847393001531 0.2665935107312815 | 1.0024447397988852E-6 -2.822000390737699 6.893290422476491E-8
0.5003548670011256 0.5369100781620794 0.3374071843846847 | 1.1266978802047265E-6 -2.8220003074410016 -2.2545801565033682E-7
0.5003794739295726 0.539642166211505 0.3967475702857922 | -7.080020442179357E-6 -2.8219939025081007 1.4668628799513237E-6
0.5004678017082663 0.5407451826493452 0.449533447245886 | -7.509751691764006E-7 -2.821999462884339 -6.896135660140691E-7
0.5004672641639231 0.5407435086182154 0.5004672642150751 | 2.493819832290894E-7 -2.822000129351843 2.494155003033183E-7
0.5003759023887356 0.5396346050084464 0.5532527709717546 | 5.965395846307881E-10 -2.822000000886411 -1.4147721546589657E-10
0.5003520226218026 0.536903354551915 0.6125926078009895 | -3.5366146131343495E-10 -2.8219999994092837 -6.808953492209851E-10
0.5002735998286544 0.5328799615478547 0.6834064213912188 | 1.9926686969465095E-12 -2.8220000000093033 7.759282892935644E-12
0.5518615284693859 0.5321507243064737 0.2673240246294085 | 6.636928399640314E-8 -2.8220000342175493 -1.0217517062963187E-8
0.5522713936751591 0.5359443985806028 0.3381581995647943 | 1.7172594184638154E-7 -2.8220001101034167 -4.258714508109304E-8
0.5527720388379564 0.5385798016499028 0.397229004482293 | 4.0952514796956046E-7 -2.822000257781916 -5.188187857806646E-8
0.5532530619316995 0.5396350805271488 0.44962415366293956 | 1.428961245913423E-7 -2.822000098787907 6.840015329617422E-8
0.5532527709699767 0.5396346050067238 0.5003759023863401 | -1.4177520742314986E-10 -2.822000000886012 5.972037321890048E-10
0.552771081439866 0.5385782557453722 0.5527710814400557 | -1.9324926003662634E-9 -2.8219999989017177 -1.932729268160314E-9
0.552270376539237 0.5359426717735882 0.6118418704349845 | 5.525925768930687E-11 -2.822000000023802 5.672937321143654E-11
0.5518608093629934 0.532149553826997 0.6826760134292416 | -4.1833805965295465E-13 -2.821999999999855 -3.731091993032194E-13
0.6079207791347153 0.529589635896415 0.26988404330057403 | -4.531019900914111E-9 -2.821999995733066 6.852436947641911E-10
0.6101044684613925 0.5333094012739646 0.33989569192051583 | -4.776168881149467E-9 -2.821999995518269 4.091785907593768E-10
0.6118419772635234 0.5359428091117813 0.39772963724076865 | -7.635191042715941E-9 -2.8219999931311683 2.9262120166396737E-10
0.612592641584704 0.5369033976154924 0.4496479918026036 | -4.150458028461166E-9 -2.821999996378037 -6.25341578314493E-10
0.6125926078030894 0.536903354548993 0.5003520226205188 | -6.808939913765989E-10 -2.8219999994093175 -3.5373891572153723E-10
0.61184187043572 0.5359426717726955 0.5522703765382435 | 5.670070391732124E-11 -2.822000000023818 5.527569379514098E-11
0.6101043173978381 0.5333092015054203 0.610104317397612 | 4.1558427787727516E-12 -2.822000000003147 4.15947875010742E-12
0.6079206779609573 0.5295895026930484 0.6801159625108972 | -1.02366644718315E-13 -2.821999999999918 -4.482318984078218E-14
0.6760432722014119 0.525516810525514 0.27395673804437914 | 6.905990325922591E-11 -2.8220000000744365 -6.618515216557461E-12
0.6801159765322065 0.5295895144792673 0.34207932216653264 | 5.156420152877514E-11 -2.822000000059516 1.494054556439049E-13
0.6826760228040721 0.5321495610749825 0.39813919192307645 | 4.998214309043521E-11 -2.822000000057992 -1.0068307681823264E-12
0.6834064243114133 0.5328799635988758 0.4497264019914391 | 3.2306991655636786E-11 -2.82200000003772 3.338186174105263E-12
0.6834064213905772 0.5328799615468379 0.5002735998287334 | 7.75627056932761E-12 -2.8220000000093006 1.9962497363809506E-12
0.6826760134292474 0.5321495538268433 0.5518608093629859 | -3.7362841555319986E-13 -2.8219999999998553 -4.1818498580644074E-13
0.6801159625109243 0.5295895026930539 0.6079206779609436 | -4.479335822355555E-14 -2.821999999999918 -1.0242984770579729E-13
0.6760432621966297 0.5255168022044848 0.67604326219663 | 1.515729051866854E-16 -2.821999999999993 1.4847224187468671E-16
0.2705265358765779 0.4626156553472858 0.27052653509575575 | 0.00257956025487393 -2.7610731436407874 0.0025795678996952858
0.26629909816364655 0.4646146122590217 0.3401055753355791 | -2.1958584483286112E-4 -2.789723589445147 0.0014954911596888369
0.26372344382589724 0.4625117834020001 0.3990905441463044 | 0.007900024425316742 -2.845858072781381 0.036250376612680185
0.26255132333174036 0.46232836633026897 0.44978006699855594 | 4.815089877719414E-5 -2.821697970359457 4.874748960941944E-5
0.2625712778983397 0.46212439228549934 0.5003967791296475 | 1.9578043571638713E-5 -2.821908011963482 -2.9845999026343933E-5
0.26353074748490746 0.46132097910962927 0.5522757628312452 | -5.117167739425694E-7 -2.8220012259335734 2.8164780222957417E-6
0.2661643300219042 0.45957831711480707 0.6101048740914045 | 8.696099872391354E-9 -2.8219999224385375 -4.081578459077968E-8
0.26988403770224806 0.45739424215108043 0.6801160156694706 | -7.76108448506361E-11 -2.822000002189267 1.388057104362262E-9
0.3401055750008261 0.4646146155386597 0.2662990898442878 | 0.0014955076562688748 -2.789723738294255 -2.1968293517600636E-4
0.33715675471918316 0.4670418971489386 0.3371567748001581 | 5.983356004718398E-4 -2.7863429517118687 5.983863246610095E-4
0.33481829613012026 0.46587362761503315 0.3983002232339161 | -0.014680137511783192 -2.8460465127456263 0.04512618671141277
0.3342621821546536 0.4656282302154498 0.44969918997896663 | -0.0010043856702746838 -2.8230620387263685 0.0013721812962038077
0.33426897070401074 0.46527719211271495 0.5005756482139908 | 3.847165052728513E-5 -2.821837304622874 -1.4852683325381394E-4
0.3352135639873259 0.4642688070423093 0.5532597752281335 | -8.362985374778735E-8 -2.822001353954673 1.8695446852271228E-6
0.3370202369811782 0.4624540125742369 0.6129806663124179 | -1.03666223345868E-8 -2.8219999021734186 -6.083296712237698E-8
0.3398956831559479 0.45957789536787413 0.6838357478026442 | 7.822465879167954E-11 -2.82200000281656 1.7221682441974044E-9
0.3990905424942275 0.4625117899078789 0.26372343086815986 | 0.036250370814750445 -2.845858002469563 0.007900080220947112
0.3983002076741321 0.4658736800428211 0.3348181895872473 | 0.04512572090985814 -2.8460441560537992 -0.014684549366704384
0.39588321537090276 0.4680525970367308 0.3958833772153628 | -2.1583792775941432E-4 -2.8050650829024533 -2.162672878708507E-4
0.39522637082100054 0.467954966564113 0.45003185168274634 | -0.0030788537196182572 -2.8258646426948837 0.023188786570777664
0.39526948472347767 0.4674068034614272 0.5007022832689941 | 4.933760135740348E-5 -2.8215491695875667 -3.4767924005599227E-4
0.39590094913662893 0.46626037645146856 0.5541053265843587 | -1.5370243415299815E-7 -2.822006067136507 8.319836507254123E-6
0.39674856697422856 0.4642605330327231 0.614787191179946 | -9.240254947974576E-10 -2.8219998176739405 -1.3914719044030456E-7
0.3977296288273698 0.46131542801678665 0.686469185063712 | 4.938183238289893E-11 -2.8220000033077905 2.007620255114098E-9
0.4497800660015116 0.4623283694349429 0.26255131674671395 | 4.874088851197143E-5 -2.8216979722575797 4.815473044062279E-5
0.4496992184272565 0.4656282590679685 0.3342621204175091 | 0.0013730391195573195 -2.82306381019173 -0.0010063902081926027
0.4500319676451208 0.4679551993978545 0.39522641083451243 | 0.023193829630492824 -2.825858173871678 -0.003076662160966076
0.44932911433616485 0.46866728743551606 0.4493291531840878 | 0.003772604827105404 -2.827170447340252 0.0037735061664948026
0.4491977519250336 0.4685518128888159 0.5008487663668382 | -6.0113289002425485E-5 -2.8218462813259984 -1.8859656557441501E-4
0.44935979969566875 0.4673111265753 0.5547372154043897 | 3.771252247017687E-7 -2.8220049704087495 4.856033861355906E-6
0.44948455339991694 0.4651947750376147 0.615721374163834 | -5.9514565116466465E-9 -2.8219998682354923 -1.0674946798017172E-7
0.44964798686318275 0.4620661257641554 0.6874298041133412 | 1.034547144698467E-10 -2.8220000023694314 1.3990709752632586E-9
0.5003967792379921 0.46212439143152534 0.2625712785149269 | -2.9842690234279844E-5 -2.8219080139606914 1.9577111578319262E-5
0.5005756527362792 0.4652771981336549 0.334268969553259 | -1.4854770614462645E-4 -2.821837285167975 3.8498500470986915E-5
0.5007023045198885 0.46740682445361026 0.39526948458785394 | -3.473923942397705E-4 -2.8215492244051092 4.925687505981403E-5
0.5008487716381241 0.4685518161086392 0.44919775792017785 | -1.8856311610101166E-4 -2.821846292958903 -6.01193653954145E-5
0.5008311434199672 0.4685220908354559 0.5008311427233547 | -1.0645262390056244E-5 -2.8219827773855246 -1.0647953810981563E-5
0.5006423106196046 0.4673099423382692 0.5547356731767871 | 4.931181549700105E-7 -2.8220012625793847 1.0293440539802323E-6
0.500515547807289 0.46519467119236096 0.6157212157603151 | -7.202607867204294E-9 -2.8219999543416807 -3.538583032977725E-8
0.5003520215854202 0.462066120278232 0.6874297843738698 | 7.244122470327689E-11 -2.8220000009463053 5.465871867123957E-10
0.5522757628533551 0.4613209790840454 0.2635307474832063 | 2.8164367797745332E-6 -2.8220012259464595 -5.117644187608153E-7
0.553259775214157 0.46426880663562997 0.3352135638539692 | 1.8681905958900305E-6 -2.8220013528560557 -8.464318098986818E-8
0.5541053257251582 0.4662603747829339 0.39590094924083113 | 8.332430708787552E-6 -2.8220060780295784 -1.5398008128184284E-7
0.5547372151894615 0.46731112580737005 0.4493597997065517 | 4.855508259612678E-6 -2.8220049692286007 3.777729527136283E-7
0.554735673278868 0.46730994209118976 0.5006423104831486 | 1.029188360086649E-6 -2.8220012625026487 4.932891696856634E-7
0.5540998785715975 0.4662553837439217 0.5540998784686236 | 8.26072314729424E-9 -2.822000017851649 8.25986876899347E-9
0.5532515405405732 0.4642601291605426 0.6147866284677619 | -1.570342006850082E-9 -2.821999995802101 -2.409973189683254E-9
0.5522703766806748 0.4613154085760852 0.6864691288383706 | 1.8335827874190272E-11 -2.8220000001407746 7.036061914996201E-11
0.6101048740948621 0.45957831711419006 0.26616433001719975 | -4.081473720941886E-8 -2.8219999224405345 8.697728684680012E-9
0.6129806661568358 0.46245401241173767 0.33702023696401606 | -6.07590548824487E-8 -2.821999902228184 -1.0362789759663106E-8
0.6147871909501336 0.4642605328023163 0.3967485669828931 | -1.3910126189663513E-7 -2.821999817730939 -9.305845354934382E-10
0.6157213739554853 0.46519477482336774 0.4494845534170966 | -1.0673038408867884E-7 -2.8219998682564342 -5.961442141805589E-9
0.6157212156545163 0.4651946710714177 0.5005155477997734 | -3.537600581439491E-8 -2.8219999543501646 -7.2114264168477156E-9
0.6147866284621494 0.46426012914443504 0.5532515405278415 | -2.4083638848616404E-9 -2.8219999958026136 -1.5722066855964255E-9
0.612979796421438 0.46245333034677055 0.6129797964178766 | 1.3275326258187536E-10 -2.821999999923261 1.3276985977524618E-10
0.6101043173506422 0.45957785837050064 0.6838356616653384 | -1.4127154221935224E-12 -2.8220000000009886 1.4090566419611134E-12
0.6801160156689737 0.45739424215102387 0.26988403770249714 | 1.3880221739539373E-9 -2.8220000021891933 -7.763769144116541E-11
0.6838357477942796 0.45957789536672045 0.3398956831570774 | 1.722005589634785E-9 -2.8220000028161514 7.792548930203325E-11
0.6864691850615707 0.46131542802369485 0.397729628828272 | 2.008348438203869E-9 -2.8220000033083443 4.884692998966826E-11
0.6874298041028077 0.46206612576382056 0.44964798686214896 | 1.3993579255277284E-9 -2.822000002369583 1.0325805944629995E-10
0.6874297843631237 0.4620661202741471 0.5003520215844914 | 5.466239262502431E-10 -2.8220000009462898 7.244743551104824E-11
0.6864691288344151 0.46131540857411696 0.55227037668033 | 7.035110115413297E-11 -2.8220000001407533 1.8376902671379497E-11
0.6838356616654592 0.4595778583705843 0.6101043173505769 | 1.4052146189878559E-12 -2.8220000000009864 -1.408608038255027E-12
0.6801159624682596 0.4573942179701541 0.6801159624682352 | -1.4429801730614318E-14 -2.8219999999999996 -1.4458509546218583E-14
0.26524563469784757 0.40980934517323403 0.2652456350866201 | -0.010946206428775371 -2.6317317824774746 -0.010946221637881838
0.2601717783166508 0.409200585102253 0.33995710990070327 | -0.015748456226038595 -2.5972769377877616 0.008171496945902296
0.26111544953039145 0.4044775267901968 0.40443575215407757 | 0.01021799321724618 -2.98507221391398 0.056803662699125
0.2594634978792506 0.4045652280772067 0.4516900928377564 | -0.005088445778127283 -2.8172412537785716 0.03256421454511044
0.2598217470564353 0.402929594715425 0.5005917217524776 | 1.3754190589631554E-4 -2.822246987717992 2.2046129586347928E-4
0.2608934740715533 0.402256892082337 0.5527885118192305 | -6.640788689781538E-7 -2.8220012869059032 2.0294201317076027E-6
0.2635307032610403 0.40174446713801437 0.6118429645153666 | 6.072576120807305E-9 -2.821999566463441 -1.8534943891077258E-7
0.26732398245643724 0.4013343607349095 0.6826761119552699 | 2.338942636596279E-10 -2.8220000122833695 5.116592850691779E-9
0.33995709869077784 0.4092006010845854 0.2601717283082214 | 0.00817147298808104 -2.5972764881898933 -0.015748700538319855
0.3367141748836247 0.4091818644174106 0.3367140782669757 | 0.001959030806475262 -2.6076650738939753 0.001959015520417707
0.33082092013584014 0.4059633736464046 0.4031661622507873 | -0.01005235449920727 -2.968291563548515 0.055556413152028514
0.33176641601252493 0.40574989709931886 0.45200870620908945 | -0.014063249126795487 -2.8545624151476416 0.03875021713015157
0.3320953951491618 0.4044589446307403 0.5009872511725812 | -2.529732723560011E-4 -2.8236602724821114 2.766448713096273E-4
0.3332204915018272 0.40358906237008774 0.5541214029263773 | 1.1702416082628714E-6 -2.8220056818102592 2.260106918956373E-6
0.3352133105030137 0.40272568565809047 0.6147881900855817 | -6.134093559650194E-8 -2.821999260227639 -4.2868973858596687E-7
0.3381581302146597 0.4017439149964305 0.6864692659324223 | 1.2960236813021271E-9 -2.8220000195726205 7.580730184114271E-9
0.4044357392375975 0.40447746859992084 0.2611155382768948 | 0.05680318300210267 -2.9850733464127233 0.010218115894773177
0.4031659712083685 0.4059637695497013 0.3308199714946546 | 0.05556545119527823 -2.968281182381021 -0.010061838235088319
0.39680450410039186 0.4074911605805131 0.396804604688157 | 0.011865887089777536 -2.7889387225988718 0.011874102706519847
0.3943084834941466 0.4065433326854926 0.4545578096969074 | -0.0068252939996928585 -2.8810337670790105 0.10528778643833865
0.39422624771334824 0.40553946754511283 0.5008826519216926 | 6.758967626464483E-5 -2.8201606838375697 -2.149590397622354E-5
0.3949467961794555 0.40453610545557267 0.5550707294431477 | 1.0861441719189254E-6 -2.822037897517589 3.107131167107615E-5
0.3959011449260358 0.4035729626515381 0.616782277326534 | -3.511278060383555E-8 -2.821998689068818 -7.78604165952508E-7
0.39722894119207397 0.4022445810320723 0.6891047284542557 | 1.1330168655858456E-9 -2.822000025544709 9.97218658378131E-9
0.451690072173546 0.40456524198813326 0.25946346962425676 | 0.03256396764052735 -2.817240297761825 -0.005088137974146167
0.45200899775009 0.4057497814103643 0.33176574080146093 | 0.03874482776334839 -2.854585709315782 -0.014074019419743768
0.4545577662312796 0.4065445268310209 0.3943090778914142 | 0.10515116236740138 -2.880926583847428 -0.0068048093135968145
0.45091436654703426 0.4061282634529598 0.45091465908230954 | 0.014640462162050607 -2.903360933618795 0.014646360145629759
0.4491322500741147 0.4063223593214902 0.5010740502281924 | 1.7496210606099595E-4 -2.820856982307482 -0.0011904570297464599
0.449226646543347 0.40532192969650466 0.5558553841539146 | 1.7315291972510796E-6 -2.8220409516319562 2.549992934816734E-5
0.4493593151787189 0.40420660856626145 0.61783441134525 | -3.775069524399415E-8 -2.8219989146991447 -6.610009218453012E-7
0.4496241263792901 0.40272612630707283 0.6901607715771985 | 4.012047341950477E-10 -2.8220000214243024 8.593409775726872E-9
0.5005917271299997 0.40292958977506044 0.2598217459488639 | 2.204647482112705E-4 -2.822246960766879 1.3755968639620307E-4
0.5009872523330846 0.4044588925522649 0.3320954607058159 | 2.76787868695375E-4 -2.823661716906936 -2.527956241235083E-4
0.5008825835857452 0.4055393728784614 0.3942262193382455 | -2.6370763151815386E-5 -2.8201588412051173 6.782861318209064E-5
0.5010740284366639 0.406322292155516 0.4491321936359176 | -0.0011900540157046857 -2.820857549097151 1.7496428592963425E-4
0.5010577566682074 0.4062486349876559 0.5010577455707811 | -1.4277229850143678E-4 -2.8215305414042207 -1.428277922655852E-4
0.5007849718242365 0.4053203095142813 0.5558511422524601 | 1.2350177778625167E-6 -2.8220153558875896 1.0250530666132581E-5
0.5006412162712589 0.40420659151482774 0.6178342468548061 | -2.550081504866498E-8 -2.821999498421436 -2.8376674509952495E-7
0.5003758866556041 0.40272614446417276 0.6901607581222823 | 9.20138865718884E-11 -2.822000010434442 3.996997826745308E-9
0.552788511372851 0.40225689231465744 0.2608934743840606 | 2.029181572242062E-6 -2.822001285672126 -6.642662828672823E-7
0.5541213939001925 0.40358905605945095 0.3332204915553602 | 2.2438974552064774E-6 -2.822005651785376 1.1685235666768677E-6
0.5550707201985037 0.40453609846284116 0.39494679790478027 | 3.1039824259557945E-5 -2.8220379205861117 1.0831547361102464E-6
0.5558553740175995 0.4053219210079435 0.44922664500539516 | 2.5487161083881814E-5 -2.8220409611396233 1.7251788355951925E-6
0.5558511374121105 0.40532030520373813 0.5007849673837121 | 1.0248229580975445E-5 -2.8220153535715524 1.236162776992121E-6
0.555058302798057 0.4045300693349191 0.5550583024668331 | 6.043004465753728E-7 -2.8220019308908935 6.047254942814077E-7
0.5540992276348546 0.4035727954377933 0.6167814866494687 | -1.133879611203084E-8 -2.8219999097553132 -4.213316507941373E-8
0.5527710650723171 0.40224461714108023 0.6891046802058008 | 3.266491124311881E-11 -2.822000002278308 6.327015998181363E-10
0.611842964456098 0.40174446713065987 0.2635307032999554 | -1.852994266926307E-7 -2.8219995665371522 6.084246424458677E-9
0.6147881899194496 0.4027256857910873 0.3352133105682832 | -4.287555416360483E-7 -2.8219992603336186 -6.111410319409435E-8
0.6167822775598748 0.40357296333271747 0.39590114501326384 | -7.793308178761533E-7 -2.8219986882876147 -3.460352013531532E-8
0.6178344110723475 0.4042066087077626 0.449359315160372 | -6.612434354150879E-7 -2.821998914436792 -3.753619730292834E-8
0.6178342463689103 0.4042065913586426 0.5006412162533265 | -2.838140516295828E-7 -2.821999498400269 -2.545769026671709E-8
0.6167814864258238 0.4035727953573885 0.5540992274508089 | -4.2124343387214515E-8 -2.821999909762605 -1.1350657213486968E-8
0.6147866199368153 0.40272507134770896 0.6147866199297142 | -4.270842455188456E-10 -2.821999999430405 -4.290352140400864E-10
0.6118418657798336 0.40174391983009566 0.6864691327452744 | 1.46286701924476E-12 -2.822000000081101 7.449172940803196E-13
0.6826761119445057 0.4013343607283271 0.26732398245793115 | 5.116087253460758E-9 -2.822000012282461 2.338882202443279E-10
0.6864692659572933 0.40174391501832585 0.33815813021714747 | 7.58121494795354E-9 -2.8220000195739483 1.294670157993528E-9
0.6891047284871653 0.4022445810532133 0.3972289411949154 | 9.975355945937255E-9 -2.822000025554785 1.1273087129422973E-9
0.6901607716046401 0.40272612633406696 0.44962412638448945 | 8.597565850874777E-9 -2.822000021432157 3.9262769580424934E-10
0.69016075812003 0.40272614447534927 0.500375886651399 | 3.998372937969731E-9 -2.822000010436854 8.840655439193629E-11
0.6891046801907673 0.40224461713948556 0.5527710650688441 | 6.328661896367506E-10 -2.8220000022785023 3.223706248654106E-11
0.6864691327418629 0.40174391983052304 0.6118418657769921 | 7.254838535805298E-13 -2.8220000000810943 1.489918541805571E-12
0.6826760139096442 0.40133434952384706 0.6826760139095179 | -1.2963837602960269E-12 -2.8219999999991443 -1.2955115263371672E-12
0.2608258059469308 0.41669218392436985 0.26082580796047106 | -0.10135059567527435 0.9736576828514015 -0.10135055430491398
0.2567561331718239 0.4175869075388082 0.33979466469990144 | -0.07358615665783166 1.0144645170934996 -0.007190515095454357
0.2584392126526031 0.3510535003118302 0.40417381984001144 | 0.03382915778954319 -2.8669565426611743 -0.043771336529764476
0.25783820569314275 0.351537203777931 0.45664157720008164 | -0.012524710368404603 -2.869218776216686 0.10484569246728498
0.25861682232931177 0.3502480172035258 0.5008487971367793 | -1.1470246760751796E-5 -2.8234208218183023 3.682684935312206E-4
0.2598351803283223 0.34984664345482724 0.5532762990792559 | 2.2821033731157356E-6 -2.8219925082372024 1.6263728877044393E-5
0.26256995865770555 0.3498258063002631 0.6125934198945922 | -1.1259999234615108E-7 -2.821998989249927 -2.5106801104511617E-7
0.26659356278495294 0.34974702140711633 0.6834063537336776 | 1.9820507555900113E-9 -2.8220000210687366 -4.593946177052067E-9
0.3397946537401865 0.4175869044328792 0.2567560649314847 | -0.007190777472886533 1.0144641079206953 -0.07358701957849222
0.33621888779447623 0.4169977983733954 0.33621862140519615 | 0.009254100240694535 1.0825530566370378 0.009253077496202876
0.33275495546619366 0.35096644339248445 0.40142428266535224 | 0.04999422094510148 -2.820256138082105 -0.04850499427874396
0.3306603239259283 0.35050570193956504 0.45760593221148776 | -0.014198767200451667 -2.9481517451738837 0.10988333818592862
0.330861568732544 0.3506335212004519 0.5011940256063442 | -2.571500175933637E-4 -2.824117490328627 -1.581696791559602E-4
0.33217642489229565 0.3501080228537257 0.5547498963506798 | 6.990112760521614E-6 -2.8220165783428146 1.988080715403288E-5
0.33427880098381757 0.34998792231566395 0.615721159420371 | -3.584124631791635E-7 -2.8219979292565545 -7.006158311360141E-7
0.33740741691651904 0.3498253765896794 0.6874296125280475 | 7.827926646429642E-9 -2.822000039114718 -3.916922499459539E-9
0.40417373447847615 0.3510532081057235 0.2584397107498071 | -0.04377158865585244 -2.866956624559765 0.03382233564520397
0.4014244849662547 0.35096398844273663 0.33275812560596496 | -0.048518221813702626 -2.8200972926976418 0.04988371084728037
0.3992044588232979 0.42159832407797015 0.3992008879491742 | 0.05782288738821281 1.044615965596044 0.05773547139918737
0.39446726148481204 0.3484643005619277 0.45670912734786573 | 7.51787979290529E-4 -2.9843100536516207 0.06956625473149466
0.39349867905441094 0.35081862732242297 0.5010638912684194 | 1.8415173498529897E-5 -2.8215241302112197 -0.0018278068745582348
0.3941634340332691 0.35024413315843944 0.5558495554763528 | 9.826836758601089E-6 -2.8221160880335137 4.742639336257652E-5
0.39526766470485697 0.3501126707815639 0.6178326985571765 | -2.8350066521168523E-7 -2.821996058269444 -1.5114794905787981E-6
0.3967474040581602 0.349849240180008 0.6901604852923884 | 7.965352327867091E-9 -2.8220000518574824 -1.0078419500451127E-8
0.4566415671256146 0.3515371891458602 0.2578382683226965 | 0.10484740030393101 -2.8692154364125684 -0.012524251346693476
0.4576043950020062 0.3505047945484915 0.3306608748213178 | 0.10977038164026438 -2.9481306514384875 -0.014196778005237115
0.4567026288770076 0.34845765128163414 0.39446652548666095 | 0.06948203581540931 -2.9842617007886876 7.463842444674168E-4
0.4510541914923347 0.34865351033644054 0.4510531686022115 | 0.002103480097854882 -2.940671916563711 0.0021023033672748293
0.44905311168740275 0.3509392366543716 0.5013750541406579 | -2.929342008331299E-5 -2.8189215852604215 -0.0031050461182809226
0.4490263905920395 0.35045580933019216 0.5567329623215858 | 3.4655708390366614E-6 -2.822127838105003 5.3376135814741904E-5
0.44918281135649196 0.3502902164772492 0.6190280514327778 | -5.1975575781899484E-8 -2.8219959692106023 -1.721553221738476E-6
0.44953305746525557 0.34994040459053266 0.6912684679659267 | -1.1954810154962223E-9 -2.8220000463386925 -1.1825272374068628E-8
0.5008488027263113 0.35024801205470746 0.25861681020870836 | 3.6826825151277176E-4 -2.82342089643315 -1.1313373888930536E-5
0.5011939345768834 0.35063316822388324 0.33086167777777736 | -1.5797036600126142E-4 -2.8241186258914652 -2.56855014866883E-4
0.501063773277217 0.35081830879985165 0.3934986469914446 | -0.0018293435696835425 -2.8215200366660835 2.0316182200009064E-5
0.5013748173255347 0.3509390652295913 0.4490527752777168 | -0.00310647018255383 -2.818923004493525 -2.87343186357818E-5
0.5013838893198683 0.3507864167199983 0.5013838909248245 | -2.8851072287049693E-4 -2.820567355579899 -2.884045424819592E-4
0.500988589082206 0.35046145886756536 0.5567340393796341 | -9.333466309596719E-7 -2.822056394911055 2.903958595679118E-5
0.5008172136433405 0.3502910294116419 0.619028932233956 | -7.909139352462158E-9 -2.82199787389835 -8.879652514493186E-7
0.5004669479822735 0.34994048700261754 0.6912686007051312 | -3.1603062493080624E-9 -2.8220000370841487 6.5228272566134515E-9
0.5532762957593371 0.3498466432154758 0.259835182762874 | 1.6257933450417518E-5 -2.821992485382624 2.28362191887408E-6
0.554749899835523 0.35010803512017696 0.3321764188028236 | 1.989799923820937E-5 -2.8220166573752308 6.973346123835356E-6
0.5558495867069935 0.35024415636887746 0.39416343353670413 | 4.755742765211569E-5 -2.8221163545653 9.733322516531693E-6
0.5567329647753788 0.35045581349076027 0.44902640460080495 | 5.3486521658626244E-5 -2.822127850869545 3.3963051116804495E-6
0.5567340251180388 0.35046145402670636 0.5009885772392797 | 2.905976204580999E-5 -2.822056390686366 -9.523431178751868E-7
0.5558490983602242 0.35025647533077897 0.5558490981716554 | 1.7480211169811494E-6 -2.822008820583363 1.7479560118551717E-6
0.5547329967772848 0.3501149537798581 0.6178344728800014 | -9.815844784312318E-9 -2.8219995494917227 -1.745903286062924E-7
0.5532525987289066 0.3498494454769534 0.6901607996667433 | -7.556974525075921E-10 -2.8220000110574563 1.5990985655847672E-9
0.6125934195136524 0.34982580597353624 0.26256995865099897 | -2.507986231319941E-7 -2.821998989541156 -1.1263279435192972E-7
0.6157211603251893 0.3499879224381526 0.3342788005934764 | -7.011734158494475E-7 -2.8219979276064464 -3.583131744909281E-7
0.6178326999982626 0.3501126718539041 0.3952676646029243 | -1.5145248137547896E-6 -2.821996055065556 -2.820400947419609E-7
0.6190280530136814 0.3502902176865904 0.44918281173418684 | -1.7234892679189543E-6 -2.8219959665330006 -4.8704526114306235E-8
0.6190289326610904 0.3502910299177755 0.5008172142070934 | -8.890375017656378E-7 -2.821997873435162 -6.503167593580703E-9
0.6178344725080662 0.3501149538364809 0.5547329964395918 | -1.7475203718654265E-7 -2.821999549484137 -9.64100571103358E-9
0.6157212365204425 0.3499890903220263 0.6157212365098705 | -1.2399521116015107E-9 -2.821999988158435 -1.2476692273850461E-9
0.6125925812087117 0.3498255658440673 0.6874298058126395 | -1.0846727507924711E-10 -2.8220000007292687 5.831493313025895E-11
0.6834063537420896 0.3497470214141747 0.26659356277276747 | -4.594341459978135E-9 -2.822000021065769 1.982141578232037E-9
0.6874296124928382 0.34982537652558215 0.33740741690333015 | -3.9092504589132814E-9 -2.8220000391281768 7.828704648883671E-9
0.6901604853388067 0.3498492401628517 0.3967474040481021 | -1.0090722795908872E-8 -2.8220000518706163 7.951808468207977E-9
0.6912684679776812 0.34994040455161 0.44953305747201805 | -1.1817563672834213E-8 -2.8220000463652353 -1.2275292318437646E-9
0.6912686007383204 0.34994048699693425 0.5004669479982231 | 6.533900371124322E-9 -2.8220000371001293 -3.1855111625817398E-9
0.6901607996693138 0.34984944547521263 0.5532525987406369 | 1.6016438568046208E-9 -2.8220000110597923 -7.621669807980893E-10
0.6874298058064034 0.34982556584413244 0.6125925812040175 | 5.852328804735956E-11 -2.822000000729322 -1.0879441817413327E-10
0.6834064241280194 0.34974713998649215 0.6834064241278486 | -8.112928640025674E-12 -2.8220000000052816 -8.114850205954159E-12
0.2567758103847024 0.4271613702686715 0.25677581259032517 | -0.1314840207299927 0.5575991856194301 -0.131483998644323
0.2537777629208145 0.4294829738222701 0.3402145194946671 | -0.07372320361936245 0.6255467181109449 -0.014218450039006436
0.25818522983129627 0.3062628984336316 0.4001815119666202 | -0.005393930566636654 -1.3640954694142877 0.08991506386519213
0.25797307720857876 0.29531116158467924 0.45953025470326525 | -0.0028979871682418214 -2.969781556840769 0.02763045277464867
0.2584542953308008 0.29917624475314797 0.5003588290101573 | -2.091318203303355E-5 -2.8239506481873557 -1.383365433827395E-4
0.25985255950479846 0.29906269458961127 0.553303160948876 | 1.3298887078586865E-5 -2.8219209753446064 9.11543830174922E-6
0.2625699982515443 0.2991196158450473 0.6125909834497871 | -2.5932091681036114E-7 -2.822000138516538 1.1465468966249981E-6
0.26659362960354893 0.29919998072103904 0.6834062987828011 | 2.914129071849779E-9 -2.822000007399429 -8.938524520436214E-10
0.340214517223823 0.4294829494173929 0.2537777130569084 | -0.01421851778797212 0.625546052813477 -0.0737233585910217
0.3372438053939173 0.43183965425955945 0.33724369496013523 | 0.029086121483654775 0.8010812043656567 0.029089830374355755
0.334345625047534 0.33825082261687195 0.40007229103817077 | 0.00519027897090745 -0.011549587459902044 0.014581234930017253
0.33078114182468127 0.2928941148117213 0.45904335087174913 | -4.5146757292763274E-4 -3.0229857958136117 0.018117670725473007
0.3309422652871092 0.29872962169742157 0.5006840871318163 | -4.6554018639122216E-5 -2.8264117919631775 -0.0022312291130078816
0.3321861014395452 0.29879182714775965 0.5547278383759918 | 3.0456566340992127E-5 -2.8219235434904872 -6.5356841490772875E-6
0.33427913266377446 0.2989542123606346 0.6157169905921762 | -5.138182279837011E-7 -2.8219995124837087 1.5772550108949938E-6
0.33740752659305806 0.2991215219899799 0.6874293877164717 | 5.392814193647334E-9 -2.8220000178357934 -7.106488723510707E-9
0.4001815614351606 0.3062626844509342 0.2581856786444292 | 0.0899146261227568 -1.3640972337842325 -0.005395610915623546
0.40007481463205846 0.3382444245475122 0.334351647103776 | 0.014558273266902066 -0.011569217716198262 0.005253963063874633
0.40114745767696125 0.43799543249558304 0.4011413446302165 | 0.05804041596159019 0.7404776570109831 0.05794204919044164
0.3946303787910026 0.2934961328286353 0.455584214217028 | 0.0017135330609064445 -3.025679055499816 -0.010344924199973099
0.39362661956113826 0.29862956518950023 0.5008142295211817 | -3.5713022198575204E-4 -2.8255738770012493 -0.005658060283755977
0.39415147970923914 0.2986505257220885 0.5557887530736143 | 2.226463653249655E-5 -2.8221014713058317 -1.3267946847292642E-5
0.39526785335891335 0.29882895816804944 0.6178289919845561 | -1.0815800902288714E-6 -2.821997295554667 3.6199639201845156E-6
0.3967473963275918 0.2990976896863111 0.6901603157461071 | 2.660278458380813E-9 -2.8220000401775596 2.0084249695490836E-9
0.4595302037589929 0.29531113186937724 0.2579735285486859 | 0.02762460758205667 -2.9697781564219254 -0.0028945621121025536
0.45903052388176174 0.29289745424154096 0.3307893429573239 | 0.01797089037519302 -3.022636992815555 -5.845906767410415E-4
0.45557428816783124 0.29348540049468796 0.3946204715544732 | -0.010124190828731486 -3.025912626007391 0.0015397415311533798
0.4505974313376134 0.2947126871389713 0.45058956839023295 | -0.0028199415268418473 -2.947364173799395 -0.003015370767428487
0.4491380462388706 0.2984191369705945 0.5013804084594552 | -3.869309481367389E-4 -2.8161339734572572 -0.0032347601260665666
0.4490044615408998 0.29848515253435615 0.5567136186975441 | -1.4335659552315665E-5 -2.822217361506891 3.921142064739071E-5
0.44918184482632295 0.2986557114795684 0.6190261973436497 | 1.4678162605794056E-7 -2.8219966065004076 3.564350863971218E-6
0.4495329659963325 0.29900652605424155 0.6912681767115777 | -3.5365341458962394E-10 -2.8220000463542645 9.912306241703194E-9
0.5003586520639346 0.29917619935557477 0.2584545747555147 | -1.3826578782183185E-4 -2.8239552479782453 -2.1943413864644012E-5
0.500684430842344 0.2987298275078248 0.3309420778755071 | -0.0022373221323851913 -2.8263880099633854 -4.478386874716665E-5
0.5008145241390511 0.2986308410252469 0.3936267044249544 | -0.005706438245212538 -2.8255322837916093 -3.55693765451189E-4
0.5013800439599373 0.29841953822248596 0.4491378990833558 | -0.0032414117286123662 -2.8161315730809466 -3.8035629477727517E-4
0.5014459541316837 0.2983380604006532 0.5014460899229036 | -2.127413224095731E-4 -2.8197219433322815 -2.1049873006934235E-4
0.5009865668447712 0.2985059858982976 0.5567418143587409 | -6.3279282438057436E-6 -2.822117067095654 5.176159516885772E-5
0.5008164219439181 0.2986570105122699 0.6190285267823841 | 5.8410461067173E-7 -2.8219957042168606 -5.529894495545903E-8
0.5004668774116686 0.29900655449601393 0.6912684441546108 | 8.380725401413986E-10 -2.8220000618994256 1.2614484606652468E-8
0.5533031522521458 0.2990626798169878 0.25985254712508365 | 9.108856306530112E-6 -2.821920898467259 1.332182476991016E-5
0.5547277624537291 0.29879186770037464 0.3321861076396955 | -6.5405364194739424E-6 -2.821924230948416 3.0520860152026305E-5
0.5557888054365768 0.2986505299019947 0.39415148508096776 | -1.3356684320410754E-5 -2.822102377505529 2.222620103237629E-5
0.5567136565200344 0.298485157225991 0.44900448156873096 | 3.941146285267097E-5 -2.822217764105845 -1.4753674355461167E-5
0.5567418103401371 0.29850599088853047 0.5009865565198113 | 5.1886968365033896E-5 -2.822117107727886 -6.466488722158697E-6
0.5558557340943665 0.29870047652172205 0.5558557321493174 | 2.8466426809968894E-6 -2.8220200790539933 2.8326330464425154E-6
0.5547329784028617 0.29883310756363507 0.6178349504937432 | 1.0122246879887086E-7 -2.8219988859986307 -3.001569269707928E-7
0.5532525790888062 0.2990976810663369 0.6901608318121374 | -8.321842307564974E-10 -2.8220000265823675 3.796771944179012E-9
0.6125909833060084 0.2991196165163413 0.262569999148393 | 1.147421887939174E-6 -2.8220001388263776 -2.5902439445174904E-7
0.6157169882415912 0.29895420917698157 0.3342791314689677 | 1.5726280229553553E-6 -2.821999507033867 -5.144556600116665E-7
0.6178289917743187 0.2988289562981897 0.39526785277005727 | 3.6286600905523717E-6 -2.8219972908583646 -1.0811395217958967E-6
0.619026196479103 0.29865570876677583 0.4491818452823198 | 3.5708674340150173E-6 -2.8219966039097204 1.5185364762889236E-7
0.61902852708708 0.2986570099429287 0.5008164229038847 | -5.736783442327653E-8 -2.8219957010024896 5.897170554268233E-7
0.6178349503102257 0.2988331076232404 0.5547329782597915 | -3.010575095472584E-7 -2.821998885736926 1.023604563162624E-7
0.6157215088320106 0.29895802589160836 0.6157215088318847 | 4.678271536735133E-9 -2.821999947931199 4.712659384900797E-9
0.6125925876620084 0.299121532942044 0.6874298523676398 | -4.293519400066262E-10 -2.822000002662019 3.37230538191087E-10
0.6834062987964789 0.29919998073043397 0.2665936295989938 | -8.930686362420825E-10 -2.822000007397147 2.916035838863181E-9
0.6874293876293057 0.2991215219811648 0.33740752659480544 | -7.131350384373842E-9 -2.822000017850348 5.394705618069534E-9
0.6901603156919925 0.2990976896690728 0.39674739632879 | 2.040594701971942E-9 -2.8220000402155234 2.640086211734132E-9
0.6912681767005279 0.2990065260740224 0.44953296599880316 | 9.925020950686635E-9 -2.8220000464051083 -3.8930548048072764E-10
0.6912684441588154 0.2990065545066041 0.5004668773967526 | 1.2621503567314775E-8 -2.8220000619394647 7.947685190716124E-10
0.6901608318193855 0.29909768107140666 0.5532525790988446 | 3.806195928844479E-9 -2.8220000265928493 -8.556111228897391E-10
0.6874298523651025 0.29912153294145116 0.6125925876601382 | 3.3871512418627916E-10 -2.8220000026624845 -4.3171818873196287E-10
0.6834064298388675 0.29919994134362654 0.6834064298387604 | -1.884654708326205E-11 -2.8219999999801955 -1.8841894310526624E-11
0.25354397356982455 0.43156766090814513 0.2535439753484936 | -0.16012937723352852 0.1478999641077698 -0.1601293586924792
0.2515568638381171 0.43504192156056243 0.340361882739505 | -0.07929546486103473 0.22254858986028406 -0.022975568957626456
0.26042989565356656 0.32179855747716063 0.4000459367373833 | -0.010217663540954307 -0.018088022121012265 0.009823078461970152
0.2597628567193684 0.23800019793657035 0.45250552870971755 | 0.004362612685179024 -2.947875064323456 -0.05346792865126655
0.2595656077700396 0.24582425544668016 0.500110700402714 | 3.64309307588853E-4 -2.8255873317607625 -0.0022490360351860813
0.2609237961392744 0.24667200905512635 0.5527378809025874 | 1.2730310731569476E-5 -2.821842498227334 -1.622708410702939E-5
0.26353283337421674 0.2472034536449428 0.6118415545028022 | -2.5142812514556806E-7 -2.8220025362102263 2.9695352192306107E-7
0.26732400681267005 0.24761271466136933 0.6826759130936879 | 2.9205339295525954E-9 -2.8219999840199494 -8.46879678072407E-9
0.34036187595040507 0.4350418829070574 0.2515568131296008 | -0.022975791907797805 0.2225479811947146 -0.07929565130570286
0.33783347323995194 0.4449759729154242 0.33783333656908004 | 0.022276774424146797 0.5180741492573111 0.022277947945209976
0.3346818746475092 0.3385455736717823 0.4000651339735207 | 0.0017238838133729205 -0.004559277516692475 0.007448896152042534
0.3320731530288843 0.23471267882325894 0.4517587380967553 | 0.0032684434612087524 -2.9874804164345363 -0.04026254407315118
0.33207689122147 0.24418235675509536 0.5004587875099626 | 3.044557014775307E-4 -2.8290954025187602 -0.002276561126374773
0.3332439904989548 0.24536136402836853 0.5540042307003057 | 1.817179364176436E-5 -2.821672934035518 -6.507402816224999E-5
0.3352151094090949 0.24622227324098525 0.6147829876299062 | -2.2653996012455768E-7 -2.822004107218118 1.9155728065603685E-7
0.3381581437198259 0.2472031750102043 0.6864689236984737 | 1.0006682956208586E-9 -2.821999975576803 -1.4746455521288608E-8
0.40004597352669313 0.321798601550286 0.2604301741253178 | 0.009823619799088123 -0.018087797771965473 -0.010216840663080384
0.4000615423016188 0.3385440480987919 0.3346885648158726 | 0.007443471669421924 -0.004576018294238917 0.0017510428993266678
0.39984540475061864 0.30448147359301375 0.4000110990570035 | -0.001225687664567721 -0.006691056219217038 0.0011743335529221847
0.3946109598666069 0.2352909594118862 0.4526613998387227 | 0.001775576412488216 -2.9724512554177314 -0.042161010434734594
0.3944782518504112 0.24319743857802947 0.5004385334271596 | 4.0932746051947224E-4 -2.824629537859525 0.0019881055372411444
0.3949280029143938 0.24440917836727 0.5549592754634217 | 2.2421110085806926E-6 -2.821812963926242 -2.6316325531431835E-5
0.3958995240303255 0.24537595262454193 0.6167778919175336 | 3.992127032183097E-7 -2.822001931668668 3.857767323709356E-7
0.3972289945545852 0.24670247444860624 0.6891043774044858 | -2.3589706918222038E-9 -2.8219999987796878 -7.780311446508769E-10
0.45250559364438303 0.23800024566780928 0.2597636906145847 | -0.0534688525836662 -2.947872223848765 0.004365797717321898
0.4517493666295988 0.2347228901136683 0.3320762819799538 | -0.04019815351819648 -2.9871866617555183 0.0030891147349478326
0.45267191329104867 0.23529250687010683 0.39459023885376643 | -0.041532890119630045 -2.972439784172747 0.0012751816349302627
0.45044934992735974 0.23782777293674112 0.4504337823918816 | -0.0067053737654920965 -2.91276283340027 -0.007149685979156811
0.4494213876180535 0.2428231107165624 0.5011626443096676 | 3.318646060588776E-4 -2.81388919304357 -2.0947825323002997E-4
0.44918121110823195 0.2436500931973048 0.5558247713085454 | 2.0864978960730113E-5 -2.8220841829822683 -1.5882094464221441E-4
0.4493558503946951 0.24474004362344726 0.6178292377983605 | 1.5435045014270578E-7 -2.8219974123160148 -1.5287682927657735E-6
0.44962409279928695 0.24622093827950028 0.690160273611635 | 6.66983423499247E-9 -2.822000033260668 -1.0181045677147589E-8
0.5001102690680417 0.24582402833084452 0.25956622765674353 | -0.0022488066555653367 -2.825600321131244 3.627061337699967E-4
0.5004606720458341 0.24418306500045023 0.3320755016737242 | -0.0022500024157317373 -2.8290522269036344 3.00473346737346E-4
0.5004395361447349 0.24319869325563662 0.39447795732902124 | 0.0019835390695256273 -2.824613604760096 4.0378334760949176E-4
0.5011623655220651 0.24282400843490037 0.4494224560704413 | -2.1860381961524616E-4 -2.813883427282038 3.5446305727736944E-4
0.5012672545490108 0.2428453473768606 0.5012676209319797 | -2.4692443678471495E-6 -2.8190239487381037 5.158958430262077E-6
0.5007823496548908 0.24363889096560146 0.5558748833349343 | -3.096387513394955E-5 -2.822191110268695 6.1665274135205996E-6
0.5006388564207722 0.24474085439285534 0.6178324418324218 | -8.068253919985721E-7 -2.8219956230073593 -1.9649364014141316E-6
0.5003757358078218 0.24622091828463066 0.6901604181555411 | 5.6805845305280795E-9 -2.822000059518735 -1.653314951163856E-8
0.552737912393075 0.24667200756206048 0.260923707719607 | -1.624306183511825E-5 -2.8218423074955066 1.270320199375744E-5
0.5540042002087039 0.2453613540420195 0.33324402489738403 | -6.492647098318458E-5 -2.82167369897046 1.8437539737732992E-5
0.5549592144512422 0.24440914218702264 0.3949280477220952 | -2.6701366982001757E-5 -2.821813377353607 2.1959329712079443E-6
0.5558246825467613 0.24365001775244047 0.4491812096300266 | -1.5996150996326806E-4 -2.8220842088395726 2.0679984324361036E-5
0.5558748862813748 0.243638869260621 0.5007823310235485 | 6.3894998044938025E-6 -2.8221912734961703 -3.1339964865582945E-5
0.5550751296731001 0.24441791459103665 0.5550751249396145 | -5.021758378239663E-7 -2.8220383394893007 -5.693339004945921E-7
0.5540993727896348 0.24537484610713944 0.6167832515582842 | 1.8797490240694785E-7 -2.821997720744089 -3.190694779316525E-7
0.5527709918702767 0.24670247483521784 0.68910471953571 | -4.379933557074997E-9 -2.822000038335279 1.6160495659974883E-9
0.6118415548276033 0.2472034550830492 0.2635328375376999 | 2.9617422436117634E-7 -2.822002536538938 -2.5154943632526845E-7
0.6147829833779921 0.24622227569923982 0.33521510933463344 | 1.9958344416234587E-7 -2.8220040992299413 -2.2895033846788068E-7
0.6167778895387417 0.24537595289353203 0.39589952330884937 | 3.817448237918451E-7 -2.8220019225247683 4.0186279377711095E-7
0.6178292372264801 0.24474004436874755 0.4493558498313075 | -1.5305367209455367E-6 -2.821997409988943 1.5858475545764745E-7
0.6178324412188442 0.24474085542263124 0.5006388554847926 | -1.9660629456772103E-6 -2.8219956185376898 -8.041808174952125E-7
0.6167832514404749 0.2453748463887533 0.5540993727302265 | -3.210228205411196E-7 -2.821997719447626 1.9111742616913735E-7
0.6147875448821262 0.2462220311960522 0.6147875448894704 | 1.0183478487614551E-8 -2.8219998258802788 1.0433365966840168E-8
0.6118418832978332 0.24720317723869606 0.6864692678488709 | -8.773836471194627E-10 -2.822000006741508 8.24032415162881E-10
0.6826759130781039 0.24761271465770565 0.26732400678822754 | -8.474786518420642E-9 -2.8219999840166072 2.9184887790732445E-9
0.6864689235628728 0.24720317496589225 0.3381581437349609 | -1.473074813471063E-8 -2.8219999756236165 1.0159422849988906E-9
0.6891043773012644 0.24670247440203624 0.39722899454343935 | -7.283128210315499E-10 -2.82199999882073 -2.3729312001395507E-9
0.690160273579932 0.2462209382571419 0.4496240927612212 | -1.0225065256788842E-8 -2.8220000333192274 6.633319568789265E-9
0.6901604181566033 0.24622091826702064 0.5003757358088877 | -1.6549871648263532E-8 -2.8220000595756196 5.6420130770402896E-9
0.6891047195127528 0.24670247482873753 0.5527709918621796 | 1.6218196076182929E-9 -2.8220000383580612 -4.411164692373417E-9
0.6864692678468661 0.24720317723830973 0.6118418832966214 | 8.280815016624386E-10 -2.8220000067437363 -8.839604373225541E-10
0.6826760314870904 0.2476127306534635 0.6826760314869662 | -4.160711177280281E-12 -2.8219999999699206 -4.2073885775642234E-12
0.252721593704972 0.42395944261220636 0.2527215955833119 | -0.16260951722924705 -0.20316709573560532 -0.16260949666895735
0.25168134888289867 0.4289132555051178 0.3401867700565909 | -0.06285919442616113 -0.07635253733553982 -0.02544819840811149
0.26658661547096063 0.3482721979474568 0.40005503304808704 | -0.017080687550660483 -0.01009038560625937 0.009966133688549766
0.262921621769386 0.1807965340823734 0.44491430375909524 | 0.0037535740321503136 -2.8855418107870516 -0.045117147635287735
0.2625148218647827 0.186006970475078 0.5004099600743749 | -5.383370658086385E-4 -2.820607355798674 0.0042174330775752574
0.2635520996193423 0.18765739716016652 0.5522463476013256 | -2.6786376932073235E-5 -2.821915458154252 5.5567706736737565E-5
0.26616500342139016 0.1893677606459017 0.6101042781539635 | -1.3279550328868526E-7 -2.822003786047731 -1.915830225247022E-7
0.2698840085901869 0.19155293046780777 0.6801159336607128 | 2.195905380561363E-9 -2.8219999338757713 7.740308380100871E-9
0.34018676548637244 0.4289132434149295 0.25168129833427394 | -0.02544835545612516 -0.07635280714680846 -0.06285928558135467
0.3379938197979879 0.44592649507836446 0.3379936755821505 | 0.020501608009433066 0.16712298930108332 0.02050220931253212
0.33811204316825555 0.3542513176161978 0.4000749148596865 | -0.0017946504330862993 -0.00915077862151193 0.004760811237757091
0.3347902352470066 0.17626727591034336 0.4437693584229525 | 0.005079637803290563 -2.913760092942697 -0.045879307027877625
0.33422814026528913 0.1827551897703786 0.5008309001627526 | -7.999937196502689E-4 -2.821788831854457 0.008169867994538709
0.33521936718711004 0.18472819046464412 0.553209513141944 | -4.6280214559256454E-5 -2.821829952605868 2.420760044492853E-4
0.33702060621297986 0.18649439934453108 0.612978749360225 | -8.659714262274472E-9 -2.8220082715222743 1.6942143153569026E-6
0.33989566703716056 0.18936931781876362 0.6838355942133316 | -6.343818707200662E-9 -2.8219998515934224 2.038354732545859E-8
0.40005503296477796 0.3482721979377337 0.26658661345250506 | 0.009966812267042813 -0.010090716085218348 -0.017080051459778325
0.4000749148596865 0.3542513176161978 0.3381120431682556 | 0.004753120991785227 -0.009164028491874912 -0.001773709823885668
0.40177082807007625 0.33390094402900516 0.4019289710246845 | 0.041362931139150017 -0.275144597374552 0.04281540619460403
0.394611856390882 0.17499576521048765 0.44470765087543523 | -0.0036074921949839807 -2.902649692502316 -0.0440641541710403
0.39533576201833265 0.18090588246003175 0.5008863231492601 | 5.239589827841163E-4 -2.8205798098469534 0.007714113790913463
0.39587930525342985 0.18274414206858208 0.5540674916606911 | 1.5106979166982151E-5 -2.82187944374317 1.464977701855697E-4
0.39674776411299423 0.18468743513110905 0.6147845153944452 | 7.213592493303057E-8 -2.8220053490721098 2.580584890756285E-6
0.3977297297765296 0.18763176344128607 0.6864689137009723 | -6.514369099377957E-9 -2.8219999089973555 2.0734605177589755E-8
0.4449144847902262 0.18079663078585678 0.2629221216363173 | -0.04511785211868264 -2.8855423986834485 0.003755260381343868
0.4437659132865431 0.17627477532217506 0.3347880993887365 | -0.04586641461433328 -2.9136163902511396 0.004998403596266038
0.4447129616972085 0.17500607764575374 0.39458744676288354 | -0.04384735049097903 -2.90249323615252 -0.0040183339085859415
0.4486958107431452 0.17613193414269696 0.4486759622648648 | -0.0037894432713302733 -2.8775671926579722 -0.004124988205498964
0.4495080382252471 0.18039833828859098 0.5013251721992733 | 0.0013869629489940605 -2.815640615856379 0.004293169556121627
0.4493257503875748 0.18163200825942025 0.5547241425991251 | -1.1805985284407002E-5 -2.8221440099585537 1.7909633451713703E-4
0.44948264862301834 0.18375310704563588 0.6157166161184403 | -1.9345636851983677E-7 -2.8219968588445785 2.4121449668414447E-6
0.4496480253237769 0.18688102585864177 0.6874294018921593 | -9.446561173915641E-9 -2.822000017462959 5.902622763604145E-9
0.5004098047977497 0.18600682923580797 0.2625151107510742 | 0.00422119546585647 -2.820613337509395 -5.378252424612918E-4
0.5008319013998433 0.18275498557284253 0.334226560894565 | 0.008165272934744817 -2.8217960010504037 -7.971650406903901E-4
0.5008885319657334 0.18090376706050945 0.3953356417432256 | 0.007718265073876707 -2.820615427623353 5.385557307692497E-4
0.5013240824899186 0.18039755651193265 0.44950924421779787 | 0.004282572531307267 -2.8156511432675377 0.001412751347517872
0.5010614279082252 0.18044592569018292 0.5010620999539322 | 4.137060123720835E-4 -2.819585788711939 4.246074658714683E-4
0.5006674338142693 0.18161833938985597 0.5547746547058512 | 3.4578614071074656E-5 -2.822216105358783 1.4102515395316718E-5
0.500512021079206 0.18375243600108118 0.6157189492715074 | 8.254950193372424E-7 -2.8219941651467804 3.8448638333199114E-6
0.5003519082954561 0.18688097572364679 0.6874294273667515 | -4.486541630969694E-9 -2.8220000807499184 1.2436706886368805E-8
0.552246401986206 0.1876574159059049 0.2635520038925187 | 5.5859794647777744E-5 -2.8219153512865365 -2.6784747620652055E-5
0.5532095788035724 0.18472820555432065 0.33521937297979915 | 2.4210712141545406E-4 -2.8218297279385482 -4.6580426547194034E-5
0.5540674009752805 0.18274424457817795 0.39587937730826606 | 1.4696039500841976E-4 -2.8218788001886335 1.5637278767495815E-5
0.5547240641896456 0.1816320753258607 0.449325797343278 | 1.7814347622433307E-4 -2.822143521126676 -1.2309839843584797E-5
0.5547746595035715 0.1816183594458392 0.5006673818210646 | 1.442216896927039E-5 -2.822215927598494 3.401490957484351E-5
0.554126874495062 0.18268796284230937 0.5541268641801682 | 1.445822473370284E-6 -2.8220504283986636 1.2912195134096317E-6
0.5532523699968283 0.1846867554031842 0.6147896142101615 | 2.635724830057004E-7 -2.821996539936644 5.99097059647248E-7
0.5522702260316842 0.18763164742286065 0.6864691011250007 | 2.60935453164766E-9 -2.82200006557472 -6.492653820071223E-10
0.6101042799236684 0.1893677597623882 0.26616500546257876 | -1.8965317230152234E-7 -2.822003788607134 -1.323937302275204E-7
0.6129787450902704 0.18649439991643052 0.33702060787548166 | 1.7027741862358317E-6 -2.822008277277949 -1.3111355508931562E-8
0.6147845123032742 0.18468743237410876 0.3967477659135468 | 2.5931083957439823E-6 -2.8220053539537027 7.523048452925071E-8
0.6157166165825129 0.1837531055154528 0.44948264622478157 | 2.409175286885956E-6 -2.8219968618304843 -1.8420217509431566E-7
0.6157189503178669 0.18375243497566 0.5005120209436694 | 3.842026775601284E-6 -2.821994168685258 8.296124975424056E-7
0.6147896135254154 0.18468675516248473 0.5532523697711358 | 5.956643978845987E-7 -2.8219965411338306 2.6897480841607087E-7
0.6129815676905257 0.1864938811996221 0.6129815677270712 | 1.1154464187868856E-8 -2.821999589034544 1.1962889220354846E-8
0.6101043367699781 0.18936921753436065 0.6838358546352374 | 4.71608078522447E-11 -2.822000015903138 -1.4947455567113162E-10
0.6801159336405889 0.19155293048377667 0.2698840086065429 | 7.744911391670464E-9 -2.8219999338485624 2.1927687067736965E-9
0.6838355939295551 0.18936931785784733 0.3398956670571651 | 2.040276203092205E-8 -2.8219998515328193 -6.3134031462444324E-9
0.6864689136011585 0.1876317634975652 0.3977297297067937 | 2.07734718948951E-8 -2.8219999089320047 -6.555254485306597E-9
0.6874294019045427 0.1868810258878736 0.44964802530945164 | 5.866144028150245E-9 -2.8220000174021393 -9.514653361542297E-9
0.6874294273572104 0.18688097574813295 0.5003519082938536 | 1.2411913411416617E-8 -2.8220000807207892 -4.541611766434121E-9
0.6864691011189881 0.18763164742983707 0.5522702260478114 | -6.418660567173189E-10 -2.8220000655605615 2.5544646928830192E-9
0.6838358546230164 0.18936921753389052 0.6101043367605812 | -1.40377108231732E-10 -2.82200001590095 3.154648423826114E-11
0.6801160082551021 0.19155286621296327 0.6801160082548113 | 4.758921704349284E-13 -2.822000000168957 1.308182585166841E-13
0.2556637625604101 0.40039916344323334 0.25566376468450425 | -0.07635741321923825 0.2735833288344296 -0.07635735624161974
0.2531237295877878 0.40658066953452504 0.34007205433779886 | -0.06420024549558116 -0.3677399089714632 -0.011970990898689483
0.2580126514540494 0.38790503090771833 0.41253098934237287 | -0.010289329524634648 -1.0734677162235609 0.023109022321836637
0.2689180635054664 0.11493076344133239 0.43670222756521065 | 0.0025120708551209054 -2.8307571292697062 -0.030426846279484585
0.267357515597845 0.11564545937162479 0.4997015047497061 | 1.9253519363515563E-7 -2.8205860885000367 3.2681706091060905E-4
0.26730449155199604 0.11679369908924102 0.5518817533453593 | 8.60140719313185E-6 -2.822057903362718 -3.9567434244011486E-5
0.2698815375811172 0.11935939090702394 0.607922187810045 | 2.0965217689977534E-7 -2.8220002359124714 -9.752173287352114E-7
0.2739567668264639 0.12343021890797752 0.6760434149583117 | -2.266565754367402E-9 -2.821999994030232 -2.7307774970766567E-11
0.34007204788833634 0.4065806524653608 0.253123680539312 | -0.011971138161623531 -0.36774024528143134 -0.06420016584582856
0.3375351982672689 0.4146770087644026 0.3375350113567896 | 0.010209827588274583 -0.23491889015401038 0.010210773446073296
0.33370397873989294 0.40152797883436503 0.4151664069673321 | 0.029821118414892787 -0.9257170838962524 0.10709071191981549
0.33917649594340527 0.11076202600565524 0.4337787147561097 | 0.00296282642656421 -2.830919623089167 -0.03292021855694684
0.3375627807718587 0.1116111550062779 0.4996110078601347 | 1.0849682557746867E-4 -2.8201568910007477 3.337196807438512E-4
0.3381605887562077 0.11299681024836108 0.5523668062021623 | 1.4452390335015629E-5 -2.822098228282823 -5.837491600543522E-5
0.33989362482578295 0.1156419166894534 0.6101052035900878 | 4.577023312370943E-7 -2.822000776174899 -1.5109171629356491E-6
0.34207939075513033 0.11935746467517319 0.6801159238735159 | -1.8474973717631044E-9 -2.8219999882482836 -1.1501879553479492E-9
0.4125308853240813 0.3879048947796929 0.2580130475898528 | 0.02310920936313765 -1.0734661233159857 -0.010291198594739768
0.4151685347274075 0.40152630536012 0.33370534650285233 | 0.10712892513979295 -0.9257070272076776 0.02984984524682815
0.4081716388617169 0.3957745993827745 0.4081573766525551 | 0.14134763606353865 -0.7136014716795268 0.14113754755240274
0.39238385442729806 0.10811645993684657 0.43658917140668385 | -0.005294596999374717 -2.8301550405037705 -0.025505259522932037
0.39615542456561 0.10903393999060096 0.4999135169623537 | -1.8935327700077726E-4 -2.820151097670002 3.4335126712365294E-4
0.39725626346618476 0.11036765515672077 0.5528344144483087 | 5.366644207033753E-6 -2.822112553532064 -7.432300829091974E-5
0.3977327720098033 0.1130079209293612 0.6118429594264463 | 4.20800974334763E-7 -2.8220004933856715 -3.1731345557934067E-6
0.39813907656098374 0.11679744920240565 0.6826760211070809 | 7.178065055209072E-10 -2.821999997395869 -5.70240096578523E-9
0.4367022494170021 0.11493098462432288 0.26891829687418384 | -0.030427002250216086 -2.8307572509867454 0.002512673295874032
0.43377860328245527 0.11076178204372872 0.33917634592127593 | -0.032931077591092164 -2.8309191894243098 0.0029698604060727904
0.43658987242577185 0.1081198770120993 0.39238134719776346 | -0.02549701452485282 -2.8301059456969413 -0.005338410185003503
0.4463424890088686 0.1063623356576804 0.44634252521416606 | -0.0020186436975299085 -2.828273201972979 -0.002004086246780146
0.4486048459541129 0.10810436981438115 0.4997201122084599 | -2.2050029434036325E-4 -2.820852432200312 3.08507789445618E-4
0.4496552521575267 0.10930304057828835 0.5532400613310238 | -1.6117308693324776E-5 -2.82209949603202 -1.0497503023620207E-4
0.4496516807412599 0.11204492171855569 0.6125958572654225 | -2.672020852138634E-7 -2.8219986010967752 -3.6610300603230367E-6
0.449726357194997 0.11606715029812185 0.6834066406176593 | 1.5849429044261037E-9 -2.8220000268646355 -1.792347251865887E-8
0.49970152228659853 0.11564540265996184 0.2673574602277463 | 3.267508573996091E-4 -2.8205861410686235 1.8434264777213394E-7
0.4996106489184276 0.11161159039350972 0.3375626799129181 | 3.3155350188193613E-4 -2.820158753975955 1.1009954878983647E-4
0.49991308558940645 0.10903394998678377 0.39615584859654857 | 3.4013834639544686E-4 -2.8201561128158965 -1.8234453689719099E-4
0.49972030714493026 0.10810347758933458 0.44860506193984634 | 3.052743173151166E-4 -2.8208549615701224 -2.1675024968805377E-4
0.5000528573565154 0.10822596750377186 0.5000528744053236 | -3.972070976125834E-5 -2.8218148568993953 -3.992525706305292E-5
0.5003347241728764 0.10929962332721359 0.5531916899767052 | -9.512799471054772E-6 -2.8220447725907887 -3.493397689267402E-5
0.5003547766505035 0.11204274959128926 0.6125944188701988 | -7.565940748493791E-7 -2.8219975819490344 -3.325280391224912E-7
0.5002737196272026 0.11606717939049661 0.6834066997619496 | 1.4737419392967303E-9 -2.822000045779567 -1.2053033283025769E-8
0.5518817532850896 0.11679370103760459 0.2673044975491871 | -3.955747772587474E-5 -2.822057899875376 8.60213478114908E-6
0.5523668055753679 0.11299675893313975 0.33816062314298173 | -5.837604912253239E-5 -2.8220981237854104 1.4376768960866191E-5
0.5528344817720706 0.11036755194945978 0.3972562360396039 | -7.41162723014104E-5 -2.822112385172919 5.162335750337763E-6
0.553240070193855 0.10930307445192503 0.4496552323398372 | -1.048645527306922E-4 -2.822099349336572 -1.633380615708884E-5
0.5531916896031769 0.10929965023785154 0.5003347257057909 | -3.486667896701671E-5 -2.822044719172665 -9.605643231995103E-6
0.5527387297132591 0.11036437222715456 0.55273872892977 | -1.0110601087256373E-6 -2.8220058450328884 -1.007402272006105E-6
0.5522685990527477 0.11300361865028384 0.6118388710327856 | -2.1886695372169723E-7 -2.8219991365262826 7.552243386806177E-8
0.5518609541016909 0.11679751322656148 0.6826760899891302 | 3.2659646909081456E-9 -2.822000025616054 -4.032784022789155E-9
0.607922187394266 0.11935939054096906 0.2698815382984692 | -9.742189813952654E-7 -2.8220002370300983 2.0949509769239815E-7
0.6101052055674285 0.11564191831636442 0.33989362248062177 | -1.5075597712497486E-6 -2.8220007753908263 4.559849839112338E-7
0.6118429599150391 0.11300792583439544 0.3977327725292696 | -3.164889677265618E-6 -2.8220005008094406 4.1950808111791467E-7
0.6125958565201559 0.11204492382095638 0.4496516823015725 | -3.65544952730937E-6 -2.821998592371506 -2.6195660291694314E-7
0.6125944184331411 0.11204274902906469 0.5003547767944967 | -3.3487925634134246E-7 -2.8219975842314504 -7.529177821379519E-7
0.6118388711265623 0.11300361829761175 0.5522685990769056 | 7.484655353578996E-8 -2.821999137039701 -2.1798098611174477E-7
0.6101023521399745 0.11563769648995195 0.6101023521429844 | -8.417816860355016E-9 -2.8219999395525712 -8.443251381132582E-9
0.6079206379946278 0.11935754858074044 0.6801157979459432 | 8.091994503179298E-10 -2.822000005236293 -7.561390888040625E-10
0.6760434150086474 0.12343021889199939 0.2739567667845415 | -2.2903808782926635E-11 -2.821999994023498 -2.265172884768612E-9
0.680115923881721 0.11935746469684638 0.3420793907699971 | -1.1435054708415204E-9 -2.8219999882474958 -1.8431889449662583E-9
0.6826760210929911 0.11679744915075956 0.3981390765751627 | -5.704264630112814E-9 -2.821999997371791 7.049476031722963E-10
0.6834066406243431 0.11606715025610909 0.4497263571997825 | -1.7950757454304376E-8 -2.822000026931397 1.5462146477503423E-9
0.6834066997745993 0.11606717937859595 0.5002737196273982 | -1.2054071777439661E-8 -2.822000045782523 1.436815462308751E-9
0.6826760899824634 0.11679751323349415 0.5518609540970534 | -4.027674652404015E-9 -2.8220000256057554 3.246316475332966E-9
0.6801157979453577 0.11935754858138715 0.6079206379944642 | -7.547154886939739E-10 -2.822000005235066 8.068751538817406E-10
0.676043204754006 0.12343027212649887 0.6760432047539232 | 2.2456899528904327E-12 -2.822000000036614 2.276943976534314E-12
