512
0.27344124559912547 2.581145976629013E-6 0.27344124559912464
0.2114565980977418 0.05299797404272151 0.2984245526619364
0.2597835809526985 6.756228240834429E-4 0.3517953566839366
0.23944822631306978 2.1390388984560257E-5 0.43673361515344095
0.2386756272796602 1.9858725283304726E-6 0.5188575596552284
0.2724986703525638 7.033951049452956E-5 0.6030519775801392
0.27523742261623385 2.554091982875348E-6 0.6855164964374121
0.29513496647736454 1.5753676534323425E-5 0.7165806052120208
0.2984245526607598 0.052997974046361813 0.2114565981012758
0.2662060160028731 9.74552798163781E-5 0.26620601600287763
0.3388857733563668 2.8267794822325963E-5 0.3374667874998477
0.3043021587174283 0.04071983655963223 0.4202356933483963
0.27785765883260083 0.04685931518777923 0.5628237160763451
0.331553080176111 1.5916151426915244E-4 0.6087866405500498
0.24396355305665754 0.027924624247964814 0.7041546900525032
0.3027605649452103 0.03912934105831263 0.7453349739602084
0.351795356718456 6.756227996018739E-4 0.25978358056546824
0.3374667874998476 2.82677948216636E-5 0.338885773356367
0.3322000917149068 0.0027189415523845763 0.33220009147224927
0.3279814495895849 7.30245625261556E-5 0.42688986709189725
0.33013016126678796 6.405421055089274E-5 0.519746666637455
0.3212501101260667 0.0015472191442447531 0.6286524527479558
0.3329051111954541 8.468273133675792E-5 0.6102796183022164
0.3521823754585371 0.02669914360029637 0.8499747637257665
0.4367336151534404 2.1390388996551967E-5 0.23944822631306265
0.4202356991754844 0.04071982254886948 0.3043021816445727
0.4268898670918981 7.302456251490134E-5 0.3279814495895871
0.42856269160630994 3.739890981521908E-5 0.42856269160631083
0.4276696272751272 6.613528506037089E-5 0.5193803803403345
0.4231273233193509 1.5024977323242331E-5 0.6174537015081484
0.4262253506234201 1.0029468607572017E-4 0.6168898034831511
0.43816426807365844 0.05111390405256546 0.7894192913556086
0.5188575597589269 1.985884818583835E-6 0.23867562728655933
0.5628236646200587 0.04685926886877234 0.2778576581664948
0.5197466666374527 6.405421053834608E-5 0.3301301612667794
0.5193803803403315 6.613528506274418E-5 0.427669627275128
0.518240446334404 9.32489367111794E-5 0.5182404463344018
0.5176258037184075 1.294018436760838E-4 0.6134106238310191
0.5152634246572074 6.599807057653779E-5 0.6129138279295123
0.4989367011281426 0.037748228409191446 0.7852004003213954
0.603051977580139 7.033951048108109E-5 0.2724986703525677
0.6087866405500536 1.5916151428426744E-4 0.33155308017611046
0.6286523362617423 0.0015473379348430395 0.3212502475811418
0.6174537015081473 1.5024977293153414E-5 0.42312732331935093
0.613410623831049 1.2940184373555898E-4 0.5176258037184087
0.6298953741323033 0.0064906037897402655 0.6298953740631953
0.5930608016342362 8.443810202274196E-5 0.6587213627134378
0.5977453636300808 0.011474586300231796 0.8588184299899715
0.6855164964374165 2.5540919810377187E-6 0.2752374226162351
0.704154602978228 0.027924603528855726 0.24396370738532686
0.610279618302213 8.468273136772375E-5 0.33290511119545213
0.6168898034831547 1.0029468608048489E-4 0.4262253506234268
0.6129138279295265 6.599807059380864E-5 0.5152634246572136
0.6587213627134405 8.443810208440933E-5 0.5930608016342286
0.6487922603978772 8.105624676668683E-6 0.6487922603959966
0.6603158880480586 3.9431292590896264E-5 0.743586439319224
0.7165806052120088 1.575367651555636E-5 0.29513496647736076
0.7453349551899173 0.03912970754109679 0.3027604946895846
0.8499747615279348 0.026699064905954684 0.35218237950167774
0.7894192884270884 0.05111390860419105 0.4381642693290095
0.7852003204226162 0.037748238116304685 0.4989367159132513
0.8588184212191663 0.011474562193858711 0.5977453572911082
0.7435864393192825 3.9431292809336764E-5 0.6603158880480877
0.7445974616765635 1.5140084558444347E-5 0.7445974616765593
0.20761987320154798 5.0464407157286195E-6 0.20761987320424952
0.1496826350540897 1.8933189654115447E-6 0.2758646831739729
0.07951036297156537 0.00850279665876704 0.34050861942909233
0.3193060526882806 4.0255581639616E-5 0.4254399044502794
0.3306169858703569 6.573059111917564E-5 0.5209362254587283
0.09036468478622729 0.012701775418224964 0.6028555316650284
0.2031808516557173 1.1922295822379978E-7 0.6658214666886968
0.21377517418662872 2.5791822121364757E-7 0.7278369005467406
0.2758646831739714 1.8933189626148418E-6 0.1496826350540915
0.2657859792696729 4.781080372854153E-5 0.2657859792696717
0.3344242576391989 4.731173073854621E-6 0.33634451848164576
0.3285803848992243 3.210452679722512E-5 0.4290090055994236
0.3365771327019061 3.6542824396579055E-5 0.5189476235891445
0.3259958232524173 1.8447392406645705E-5 0.6049648449809258
0.2729403721158502 0.006662858068146865 0.6930373101831714
0.2304408433235963 0.004057703550681384 0.9003279375869965
0.34050759360880234 0.008499133964305187 0.07950641638618039
0.33634451848164654 4.7311730728739706E-6 0.33442425763919764
0.3405113078791601 1.7506971055450234E-6 0.3405113078791189
0.3280795176085901 1.1073642151353365E-4 0.42868564047589336
0.3350271645405817 3.459718585835378E-5 0.5181106820398453
0.3334390185460481 3.199432898454118E-6 0.6079723125379108
0.33806190213124593 1.5720877204787262E-6 0.6239939877392295
0.33633225404465356 4.001985872702898E-6 0.889044595995362
0.4254399044502784 4.025558163792345E-5 0.31930605268828105
0.42900900559942423 3.2104526794628105E-5 0.32858038489922425
0.4286856404758936 1.107364215108279E-4 0.3280795176085887
0.43016401349791417 6.163726837243462E-5 0.43016401349791494
0.4290143976043014 5.401349623354167E-5 0.5181840902179231
0.42492349270292795 1.0733650299001409E-8 0.6180303226756856
0.42732569648799124 1.7908315339072466E-6 0.6418675405386289
0.4349835988088561 4.305487419629264E-6 0.7060839543505539
0.5209362254587284 6.573059112082721E-5 0.33061698587035854
0.5189476235891473 3.654282439914436E-5 0.33657713270190204
0.5181106820398474 3.4597185859110574E-5 0.3350271645405775
0.5181840902179198 5.40134962361031E-5 0.4290143976043014
0.5183461548930811 2.7293272196081285E-5 0.5183461548930789
0.5204177431351202 1.0825076797490863E-4 0.614814744385538
0.5361328089972136 3.0445335513062927E-6 0.6418507764741203
0.5091862924993317 5.861030546275057E-6 0.7349084619500237
0.6028536967897137 0.012686337937159798 0.09034970227628533
0.604964844980929 1.844739241395745E-5 0.32599582325241716
0.6079723121286039 3.198813355810846E-6 0.3334390183994134
0.618030322675684 1.0733642715938949E-8 0.42492349270292695
0.6148147443855525 1.082507679953871E-4 0.5204177431351232
0.5793524150731365 0.051738606977043855 0.5793524150458956
0.6005763961611542 9.468064597023838E-5 0.6510595132271775
0.6180382820253857 3.504605561015997E-5 0.8925780812533864
0.6658214666887042 1.1922294404621652E-7 0.2031808516557208
0.6930282826399257 0.006632931093729082 0.27293797351849275
0.6239939869081644 1.5718792833292447E-6 0.3380619026189731
0.64186754053863 1.790831526894173E-6 0.42732569648799656
0.6418507764741058 3.0445335675162095E-6 0.5361328089972194
0.6510595132271636 9.468064583902189E-5 0.600576396161166
0.7002985247782081 0.050756937130454094 0.700298524779657
0.7327129341502998 0.0018174452942493087 0.8991328898861921
0.727837115402078 2.1128729292296087E-6 0.21377515482071602
0.9003279160089993 0.004058216729663371 0.23044092308396344
0.8890445960060728 4.001982179267287E-6 0.3363322540139059
0.7060839543505572 4.305487410622212E-6 0.4349835988088524
0.734908461949918 5.8610305435380495E-6 0.5091862924993655
0.8925780812533819 3.504605560481739E-5 0.618038282025386
0.8991328898862097 0.001817445294252984 0.7327129341502754
0.7221315712298477 6.190139541237734E-5 0.7221315712298476
0.09385992390498585 1.728422007120796E-5 0.09385992390498228
0.1501299512502846 1.7813007096399267E-6 0.2762542604392439
0.12907654159160176 3.98069448283696E-6 0.35629085034788344
0.25926392126293063 5.319431540298126E-7 0.4359628490832859
0.26415705581076554 2.9762185815372967E-6 0.5168659793436737
0.12746596432456214 6.2039172131256934E-6 0.5892113950147186
0.1438209784766276 5.996960000545717E-6 0.6724592538013097
0.1121875478505202 1.903829758413065E-4 0.8775654954754489
0.2762542604392423 1.7813007073744016E-6 0.15012995125028575
0.26618179358223387 1.7266332032584357E-6 0.26618179358223215
0.2600972968500688 0.001302002121023597 0.35238051760885
0.16532632136436765 0.05022013409908942 0.44006394437151924
0.16649633842259148 0.06027138093886004 0.5285413880040742
0.239129723360273 0.013961074681961852 0.6210447416390986
0.27781550430512064 3.7058725880977413E-6 0.6835853503980226
0.2697716324452402 3.2194003096370596E-6 0.806646953492021
0.35629085034788016 3.980694480698537E-6 0.12907654159159573
0.35238051770737105 0.0013020021359787907 0.26009729675762483
0.3839465562015576 0.057191688874321946 0.3839465563744184
0.33520055985410546 4.267652218300881E-5 0.42776444406953734
0.3355263211984897 1.223363600217069E-5 0.5197664631874295
0.3826857417734082 0.05596442964441008 0.5661462493756018
0.3588435992030698 0.03495644961308083 0.6836161664459318
0.3659820579789029 9.694839511375306E-6 0.7664560894812503
0.4359628490832861 5.319431549041098E-7 0.2592639212629292
0.44006394431000356 0.050220134101205266 0.1653263213699451
0.4277644440695368 4.267652218173577E-5 0.3352005598541043
0.42981237040107007 1.9924843564153196E-5 0.42981237040107056
0.4298162250902088 2.4021589894309804E-6 0.5186281897315417
0.40427631935980196 1.3859702452566068E-4 0.6145904847303305
0.43464690748541646 3.345130127024496E-5 0.7046212416735468
0.43533964295810723 7.002375548849622E-6 0.69390606135477
0.5168659793693559 2.9762154663941706E-6 0.26415705580631715
0.5285413871893145 0.0602713815363571 0.16649633824279406
0.5197664631874301 1.2233636003996867E-5 0.335526321198488
0.5186281897315399 2.402158990915382E-6 0.42981622509020784
0.5164886472078081 2.539394228626161E-7 0.5164886472078065
0.5517466580121119 5.446556231651533E-7 0.6185067548363152
0.5213967166438985 0.013739737719086783 0.7031370417032062
0.5170488820986863 3.6729144284895413E-6 0.6854983916654255
0.5892113950147169 6.203917215074418E-6 0.12746596432457552
0.621044635777988 0.013961195359815446 0.239129854076152
0.5661462468156168 0.05596443060462046 0.38268574381853004
0.614590484730332 1.3859702451850568E-4 0.40427631935979
0.6185067548363229 5.446556218890304E-7 0.5517466580121096
0.5796584049974505 0.054283987606200707 0.5796584049766234
0.5942906736001798 9.393499881161288E-6 0.6615740375325223
0.5817849017684839 3.052969009277125E-5 0.7712631681491977
0.6724592535333995 5.996942715767199E-6 0.14382097793446014
0.6835853503980254 3.7058725914690578E-6 0.277815504305121
0.6836161974093506 0.03495650057226487 0.35884353221926313
0.7046212416735437 3.3451301183358535E-5 0.4346469074854126
0.7031369419490214 0.013739632434927512 0.521396722892027
0.6615740374051772 9.39348595618684E-6 0.594290673893404
0.6734672236652068 5.98706270189676E-5 0.6734672236652101
0.6759597457755039 5.595660916171004E-7 0.8060425315527909
0.8775654954662179 1.903829756768224E-4 0.11218754785610446
0.8066469534920245 3.219400316056668E-6 0.26977163244524044
0.7664560894812547 9.694839515438296E-6 0.3659820579789037
0.6939060613547741 7.002375553165431E-6 0.43533964295810806
0.6854983916654153 3.6729144329013395E-6 0.5170488820986869
0.7712631681491987 3.052969010481924E-5 0.5817849017684855
0.8060425315527934 5.595660892106561E-7 0.675959745775504
0.8146119086793068 3.4623041300221684E-4 0.814611908679307
0.14284446351268448 9.862363833445298E-6 0.14284446351268534
0.1506473800727403 1.1450295579904005E-6 0.2766575006125748
0.17070786290325718 1.0097621235172152E-6 0.36944612462609033
0.11203761147164235 6.59340128481788E-5 0.4315157205964249
0.1188278638686494 2.9461999994259275E-6 0.5115221555900754
0.15602306928406887 2.913403864627781E-5 0.5799768421532133
0.05345026283619913 1.655950852012306E-5 0.6618889118470447
0.1423826703781663 4.545651671603512E-8 0.8032976540117858
0.276657500612573 1.1450295572741782E-6 0.15064738007274092
0.27109697999117266 8.798456685097026E-7 0.27109697999117227
0.260052553339715 0.003872931597246187 0.35193775481675693
0.16678647687086753 0.034997304183307786 0.44733957294794074
0.24126870543030268 4.1684894138271456E-5 0.5189900223421356
0.24009803393450269 0.011037016341268843 0.6200445569767172
0.2796287700754742 1.6753352925067077E-5 0.68141361433111
0.2731581846517966 1.6915352444981962E-6 0.8018640149168037
0.36944612462608845 1.009762122652991E-6 0.17070786290325815
0.3519377549163962 0.00387293161122047 0.26005255324400117
0.38417212120267213 0.054140477001899875 0.38417212142340457
0.37851916238766636 0.06075935319353967 0.47353059420776183
0.3785092449006402 0.060590275420062734 0.47334932402257923
0.38399615334253623 0.04248660361177534 0.5656943793751532
0.3590011421824665 0.03611654795815065 0.6837216946174095
0.3664952547101256 1.2888770382737315E-5 0.7643853846674747
0.43151572059644044 6.593401284253683E-5 0.11203761147168478
0.44733957288272824 0.03499730418452191 0.16678647687883655
0.473530593891673 0.06075935329483677 0.3785191624417713
0.4300799445219498 2.87903362513776E-5 0.4300799445219501
0.42987333332734823 3.1637244457274E-5 0.5181314472504139
0.4748375630287265 0.05619892897198517 0.573766829326879
0.4343648516543517 1.8600787182813384E-5 0.7047329782773175
0.4299300697653095 2.5069770858073544E-5 0.8393292389252314
0.5115221555900923 2.946200014241452E-6 0.11882786386860356
0.5189900223421375 4.1684894181416116E-5 0.2412687054303017
0.47334932371548055 0.060590275525809 0.3785092449626474
0.5181314472504134 3.1637244457442484E-5 0.4298733333273468
0.5172717508524133 2.0502670021101245E-6 0.5172717508524116
0.47430395614775983 0.056288061228137745 0.5737097842113065
0.5214375002070772 0.008615203698015926 0.7029406438943527
0.5140858889162956 2.0974696437189784E-5 0.8242335552732986
0.5799768421532105 2.9134038648737737E-5 0.15602306928407353
0.6200445526885066 0.011037482216566998 0.2400982553290514
0.5656943766277045 0.04248660280319062 0.3839961550331789
0.5737668293832738 0.056198928970095256 0.474837563347737
0.5737097842719899 0.056288061224375734 0.4743039564822696
0.5798419931100472 0.0556332045070252 0.5798419930918942
0.6210145250723382 0.0491956971648432 0.7159300425266719
0.5811187081012196 7.709649615800839E-7 0.7680036687189861
0.6618889118485942 1.655950735895519E-5 0.05345026282915666
0.6814136143311118 1.675335293129088E-5 0.27962877007547376
0.6837217280746027 0.03611578932606166 0.3590010054150402
0.7047329782773147 1.8600787109341353E-5 0.4343648516543475
0.7029405423220391 0.008615099162918183 0.5214375064715578
0.7159300425020092 0.04919569716683668 0.6210145250756451
0.6735655877193123 2.5402853046664327E-4 0.6735655877193164
0.6753922546990664 2.1672623015437246E-5 0.8054539562956706
0.8032976532040927 4.5734144817492274E-8 0.14238267107693175
0.8018640148855706 1.6912838898483303E-6 0.27315818449963697
0.7643853846674782 1.288877038043592E-5 0.3664952547101274
0.839329238925242 2.5069770848787166E-5 0.4299300697653066
0.8242335552732506 2.0974696385376095E-5 0.5140858889162793
0.7680036687189844 7.709649677683542E-7 0.5811187081012205
0.8054539562956714 2.167262301378026E-5 0.6753922546990665
0.8085507101889462 3.192319566342741E-6 0.8085507101889461
0.15574365465702833 1.701896599933064E-5 0.15574365465702808
0.15673555853291532 6.000354159659814E-7 0.28046370056265185
0.19802900464626547 2.273910751645988E-6 0.3677798001182729
0.11721154937791992 5.0162317796436646E-5 0.430452263437174
0.1216449580195554 4.126049961051004E-5 0.517276699844686
0.19897918556588398 4.715443586659953E-5 0.5822073502890163
0.1448567536408145 3.808350492322165E-6 0.6710993524719671
0.15315899541282188 2.2612654042246943E-6 0.7948553999129016
0.2804637005626497 6.000354178911077E-7 0.15673555853291463
0.20987403172570201 0.01884324444227901 0.20987403172771762
0.26001324998878483 0.0051125215092533375 0.35187839314882796
0.23569976099075854 1.861179728350108E-5 0.43535690159854507
0.2396656280532523 2.183235352077927E-6 0.5189186297676307
0.24380221207231484 0.006193282333566635 0.6163501132487483
0.20296284748866608 0.012695826721569718 0.7416943858586673
0.2781906159901536 3.2464911250963704E-6 0.7822717237456206
0.36777980011813893 2.2739106762403877E-6 0.19802900464631318
0.35187839325121645 0.005112521524449288 0.2600132498959636
0.3838949774987021 0.05689623391937139 0.383894977667988
0.37904195041787847 0.00863939296793107 0.4718455065053066
0.3784831254105846 0.053437963315864485 0.472850501786623
0.38259936138251505 0.05889312609654687 0.5661020213165818
0.35654995974538184 0.0028187700889518758 0.68400647227802
0.3691691467149138 2.890500684525186E-6 0.7622411226382756
0.4304522634371759 5.016231779165927E-5 0.11721154937792379
0.4353569015985424 1.8611797226337617E-5 0.23569976099079162
0.4718455058312517 0.008639395137775651 0.3790419522151457
0.42945566035305366 8.643206712358102E-6 0.42945566035305377
0.4298629376048903 2.8926027206307384E-5 0.5180747383086387
0.4749612678109719 0.00728132490405551 0.5771637013675297
0.4344596102465387 3.888806850191952E-6 0.7052923705677224
0.4312557408557676 2.4374185506751447E-5 0.8268386862004222
0.5172766998446895 4.126049961979914E-5 0.12164495801954738
0.5189186298880365 2.1832500631256045E-6 0.23966562806130384
0.4728505014682954 0.053437963522919456 0.378483125574555
0.5180747383086383 2.8926027206099624E-5 0.4298629376048896
0.5173664042759747 8.227838454357465E-7 0.5173664042759728
0.4740876324380642 0.040318364891295165 0.5734818045883004
0.5211773871606468 0.002115666684796114 0.7017762247537241
0.5157992390637807 2.0887890988844653E-6 0.8177624121191274
0.5822073502890157 4.715443586692266E-5 0.19897918556588426
0.6163500390650126 0.0061935991463527695 0.24380228637045445
0.5661020191370955 0.0588931270001311 0.3825993632255437
0.5771637013982581 0.007281324832041879 0.47496126788341125
0.5734818046510108 0.04031836484496688 0.47408763276422106
0.5794102575045026 0.05421917332020287 0.5794102574850799
0.6223985496820338 0.034197684750767336 0.7164606876953262
0.5800402281512886 5.6612308453751845E-5 0.7588581715690548
0.6710993524719635 3.808350492024575E-6 0.1448567536408154
0.7416942528633552 0.01269568939148118 0.20296299802730355
0.684006488250018 0.0028189562938339295 0.35654994655225614
0.7052923705677211 3.888806812509355E-6 0.4344596102465359
0.7017761432543095 0.0021156045557934287 0.5211773924216335
0.7164606876583255 0.034197684754866065 0.6223985496868749
0.6985444348982812 0.047489068497478526 0.6985444348997484
0.6734484012625961 1.4763278874841731E-6 0.8017561368306146
0.7948553989033932 2.2615779439649E-6 0.15315899620625986
0.7822717237456183 3.2464911230869304E-6 0.27819061599015293
0.7622411226382791 2.8905006935976643E-6 0.3691691467149148
0.8268386862004302 2.437418550841132E-5 0.43125574085576657
0.8177624121191256 2.088789074601813E-6 0.5157992390638121
0.7588581715690522 5.6612308455373744E-5 0.580040228151291
0.8017561368306153 1.4763278849201942E-6 0.673448401262596
0.8006722985548136 6.549294541189637E-6 0.8006722985548135
0.16061901894679584 6.648158169232724E-6 0.16061901894679564
0.1592652918182084 1.4592351098798206E-5 0.2813866144831264
0.19694793597284904 1.3057211710678865E-5 0.36752795906863095
0.10045252281232109 2.3005076167800393E-6 0.425997388987981
0.07636384232943376 5.146522748161999E-8 0.5284172411290127
0.19705968776769411 8.308239542301236E-5 0.5829589671810725
0.14687197195401444 5.674554861021909E-7 0.6703599224084107
0.15719645721877143 1.8025490970104827E-6 0.7914747486205237
0.2813866144831241 1.459235110032229E-5 0.15926529181820775
0.20940098851128786 0.016557906515278092 0.2094009885134686
0.25997397140378464 0.004698723581012467 0.35182883171944723
0.23831143673859012 5.406356754273506E-5 0.4361283583766882
0.23906110679827197 2.6215389627304777E-6 0.5187759277692178
0.2445645055746676 0.0078121718727788576 0.6157280297933865
0.20202602115268292 0.008416511561191083 0.7409145174461541
0.2783763079037866 2.2583546499095656E-6 0.7837573525337838
0.3675279590686299 1.305721171105986E-5 0.19694793597284788
0.3518288318207643 0.004698723595819113 0.2599739713108591
0.3837884960234393 0.046699431033618184 0.3837884962920271
0.33116446235449637 4.974586107195643E-5 0.4302302907426019
0.33283051689409243 2.1632603632068916E-7 0.5175544951352296
0.38251902238229263 0.047524153338033864 0.5655368664892851
0.355651715649832 2.0461439292378115E-5 0.6837836861121699
0.3694903129500806 9.226970374132565E-6 0.7617769981717564
0.42599738898797823 2.3005076179320584E-6 0.10045252281231476
0.43612835837668823 5.4063567545154306E-5 0.23831143673858624
0.43023029074260194 4.974586107424968E-5 0.3311644623544951
0.42788371015769866 9.89950575385096E-6 0.4278837101576986
0.42883575121580025 6.116569365520558E-5 0.5191671416019424
0.4284237538000837 1.3992535576491164E-4 0.6116800344633961
0.4349074974059203 1.8606492878552782E-6 0.7059866896959939
0.4292137297679639 2.383208530664966E-5 0.8454650812230056
0.5284172411289912 5.14652028496681E-8 0.0763638423294771
0.5187759278767162 2.6215523371155326E-6 0.2390611068053575
0.5175544951352316 2.163260327345414E-7 0.3328305168940903
0.519167141601942 6.11656936542575E-5 0.4288357512157995
0.5190616650746732 2.1181093999076195E-6 0.5190616650746731
0.5146562245528455 2.974320081131727E-5 0.6071288689197889
0.5208691484016911 2.046854319197349E-6 0.7001404870853418
0.5248724717490478 5.409648747442758E-7 0.8888770303271117
0.582958967181072 8.308239542351267E-5 0.19705968776769475
0.6157279532025178 0.007812463707164662 0.24456457067262552
0.5655368637519717 0.04752415392779243 0.38251902444837865
0.6116800344633909 1.3992535576867182E-4 0.42842375380008985
0.6071288689197976 2.9743200810688868E-5 0.5146562245528514
0.582365367542733 4.0896478669367195E-4 0.582365367541891
0.6231235171494928 0.003228977527696939 0.715272940847446
0.5800611395232596 1.773294390960042E-5 0.7588787501136858
0.6703599224084094 5.674554852385324E-7 0.14687197195401464
0.7409143987254925 0.008416398749013924 0.20202616714685356
0.6837836946942609 2.0472518741797916E-5 0.35565170215309133
0.7059866896959944 1.860649285978043E-6 0.43490749740591794
0.7001404628005458 2.043264869064609E-6 0.5208691488950615
0.7152729407827744 0.003228977527551052 0.6231235171595167
0.7445008617592098 2.153738868771894E-5 0.7445008617591962
0.6728983826822612 1.4838527793283666E-5 0.8000661346618226
0.7914747486205226 1.802549094906612E-6 0.1571964572187717
0.783757352533782 2.2583546487374956E-6 0.2783763079037865
0.7617769981717601 9.226970385428498E-6 0.369490312950082
0.8454650812229939 2.3832085289052806E-5 0.4292137297679684
0.888877030327182 5.409649658143682E-7 0.524872471749061
0.7588787501136831 1.7732943910937404E-5 0.5800611395232622
0.8000661346618225 1.4838527790738173E-5 0.6728983826822608
0.7955787084910275 3.783834817786237E-6 0.7955787084910273
0.16948859659731777 1.4955021397895386E-5 0.16948859659731794
0.15257618485987498 4.74478603783607E-6 0.27842175438441896
0.17717685886362314 5.40862157112166E-5 0.37120118645990446
0.11539398789120518 4.9673414460456213E-5 0.43000711816731024
0.11390638880267351 2.47436163063377E-5 0.5189867190566246
0.1625377654325017 1.6711567628268692E-6 0.578117116523338
0.1368715436192215 3.0740217673198104E-6 0.6746770061177799
0.16246767845241758 3.218812589068436E-5 0.7865304917895218
0.27842175438441674 4.744786038086803E-6 0.1525761848598747
0.20919852384617468 0.012730494610601361 0.2091985238486585
0.2599314368385661 0.0031172172132891904 0.35181826311124814
0.2378214465248478 5.049015169313704E-5 0.4366754532381602
0.23844893082075455 5.463555465374446E-6 0.5188057266574493
0.24409475924142102 0.007508752338474226 0.6160051680824201
0.2021368382169521 0.00387703161377713 0.7408133711380968
0.2738616261779009 1.8175307268637354E-6 0.8011297397606962
0.3712011864599031 5.4086215710418905E-5 0.1771768588636236
0.3518182632098689 0.0031172172270678778 0.25993143674444724
0.3500029893382879 6.452579958913408E-6 0.3500029893382875
0.3396763654011436 1.0434739304697447E-4 0.42813213222199986
0.34031483378905003 1.5446240915359895E-4 0.5229226738373676
0.34456915522401765 1.3377397081293587E-5 0.5971853901259098
0.35560153348670037 3.84456504916495E-5 0.6837927961851329
0.3676502970267559 2.4847851702895156E-6 0.7631202797853693
0.4300071181673106 4.967341445711019E-5 0.11539398789120663
0.43667545323816004 5.0490151698067125E-5 0.23782144652484455
0.4281321322219998 1.0434739304644977E-4 0.33967636540114304
0.4303162381828203 6.618624239528739E-5 0.430316238182821
0.42991132143621075 2.0301059052499985E-5 0.5178619327659385
0.4266579698936224 9.00629841658881E-5 0.6060799551989111
0.4355658489884414 7.0934523599291625E-6 0.7065539301430055
0.43011868411207277 1.8105353142067716E-7 0.8309422362418876
0.5189867190566262 2.474361631275503E-5 0.1139063888026698
0.5188057266574508 5.463555467542986E-6 0.23844893082075752
0.5229226738373679 1.5446240915488585E-4 0.34031483378904903
0.5178619327659362 2.0301059055387128E-5 0.42991132143621
0.5182798300790351 2.216721709103417E-5 0.5182798300790333
0.518718045228632 2.0033242970599814E-4 0.6033817048002119
0.5208809830909356 1.746787475986376E-5 0.7000278712807705
0.5186637770384384 4.15726050786564E-5 0.8327895194964089
0.5781171165233369 1.6711567591001309E-6 0.16253776543250606
0.616005094398139 0.00750905251619148 0.244094828496813
0.597185390125918 1.33773970697505E-5 0.3445691552240109
0.6060799551989063 9.006298416849983E-5 0.4266579698936239
0.603381704800217 2.003324297036551E-4 0.5187180452286327
0.58039710177567 1.6084565850836875E-4 0.5803971017756133
0.6237338669916385 0.005619094581598929 0.7153971392271876
0.5811171587675278 3.4142290277036375E-5 0.7678600284937
0.6746770061177785 3.0740217683580932E-6 0.13687154361921947
0.7408132668649947 0.0038769546936334594 0.20213696811348802
0.6837928027085698 3.845873408480351E-5 0.35560152473016143
0.7065539301430076 7.0934523586689605E-6 0.43556584898843914
0.7000278456305923 1.7463415178741896E-5 0.5208809863949126
0.7153971391640904 0.005619094580559082 0.6237338670006238
0.7446510350350541 3.445055380754021E-5 0.7446510350350459
0.6742539264556332 2.276961152267815E-6 0.8032146508030124
0.7865304917895205 3.218812588911296E-5 0.1624676784524174
0.8011297397606949 1.8175307317739515E-6 0.2738616261779011
0.7631202797853714 2.484785163124945E-6 0.3676502970267578
0.8309422362418925 1.8105353104009848E-7 0.4301186841120731
0.8327895194964108 4.1572605078716374E-5 0.5186637770384432
0.767860028493698 3.414229028340618E-5 0.5811171587675287
0.8032146508030131 2.2769611516061975E-6 0.6742539264556331
0.7898803728247962 7.433482277348518E-7 0.789880372824796
0.20622023680864454 1.1630131879124797E-5 0.20622023681030982
0.15916146042822032 2.0776716327411845E-5 0.2812574739226342
0.2026937374820315 2.0596072673467346E-7 0.3681939548730052
0.16939026747597943 1.2547347594906163E-4 0.48544878866747904
0.17004624172835478 1.329498643261304E-5 0.4839358957842173
0.20349863936279813 3.5215056029357824E-7 0.5815348783979761
0.15741694072722343 5.256625763970902E-6 0.666684820321243
0.20317350998221945 2.0185611206426204E-5 0.7438308041454637
0.28125747392263223 2.077671632824583E-5 0.1591614604282197
0.2680248235287465 3.9919333829291266E-6 0.2680248235287452
0.2597488287926306 4.749395387426772E-4 0.3517232923960137
0.25650156541515257 1.8354495035528846E-6 0.4336085940641773
0.2563158162682903 2.868833607827603E-6 0.5184168622675821
0.2755793689985713 2.407279001609325E-4 0.5991530397473573
0.27826339552460916 1.9344112965027886E-5 0.6842895244223656
0.2773442277637847 1.8655065136700656E-5 0.7890117496434104
0.3681939548730043 2.0596072711291094E-7 0.20269373748203132
0.3517232924751656 4.749395627292478E-4 0.25974882873893107
0.3488097882621319 7.528873578645283E-5 0.3488097882621315
0.33501580150050914 1.0377583634185616E-6 0.4300693417692325
0.33517104111550294 4.506132849403679E-5 0.5184063981728302
0.34206197191305376 2.088025283620825E-5 0.5994562242349135
0.3555329758017902 1.1183602285619806E-5 0.6835781850573256
0.3696376115078343 1.1808771194611649E-5 0.7612752514561301
0.4854487886828775 1.254734510175234E-4 0.16939026749628686
0.4336085940646433 1.835449499532785E-6 0.2565015654151425
0.43006934176923295 1.037758365482537E-6 0.33501580150050825
0.4303772076569423 7.695661431490517E-5 0.43037720765694276
0.42960858295296733 5.311267408291044E-6 0.5182940499659545
0.42777735000047284 3.863368876305749E-5 0.6081965051314844
0.4313684757881327 1.082253486046198E-5 0.6918916443290175
0.4672250211466092 3.148631617115114E-6 0.7756742678226298
0.48393589580012536 1.3294957253197565E-5 0.17004624175088615
0.5184168623542924 2.8688399925252407E-6 0.2563158162657728
0.5184063981728316 4.5061328491386674E-5 0.33517104111550117
0.5182940499659536 5.311267409013204E-6 0.4296085829529663
0.5173476495049236 2.7928342530312803E-6 0.517347649504922
0.515956325630785 7.973814271843989E-5 0.6036931666971794
0.5192736078279051 1.9012261324081915E-5 0.6840127621613415
0.47837337381219736 1.0913414554924712E-5 0.7746527309880742
0.5815348798954854 3.5043789101830817E-7 0.2034986395697143
0.5991530397473559 2.4072790015248905E-4 0.2755793689985748
0.5994562242349164 2.0880252837375636E-5 0.34206197191305204
0.6081965051314795 3.863368876210225E-5 0.4277773500004756
0.6036931666971856 7.97381427177669E-5 0.5159563256307889
0.6093755416105832 5.670510705640543E-8 0.6093755416105844
0.6017757474789184 1.8988296628429682E-4 0.6782520861362736
0.5800370001264274 5.438361527965185E-5 0.7597396946356155
0.6666848203212428 5.25662576341741E-6 0.15741694072722437
0.6842895244223662 1.9344112961717386E-5 0.2782633955246085
0.6835781896007169 1.1191054425340121E-5 0.3555329722937614
0.6918916443290154 1.082253485295123E-5 0.43136847578813114
0.6840127621613483 1.901226133167181E-5 0.519273607827904
0.6782520861362729 1.8988296628368544E-4 0.6017757474789172
0.6753370145529259 4.8275946061228565E-6 0.6753370145529286
0.672594590655245 2.261639937791369E-5 0.7988489126284408
0.743830796051062 2.0198869079643346E-5 0.2031735212020406
0.7890117496434075 1.8655065135887654E-5 0.2773442277637846
0.7612752514561334 1.1808771202231219E-5 0.36963761150783575
0.7756742678226246 3.148631781402121E-6 0.4672250211466345
0.7746527309885446 1.0913414486477128E-5 0.4783733738124234
0.7597396946356136 5.438361528208087E-5 0.5800370001264287
0.7988489126284413 2.2616399375890162E-5 0.6725945906552451
0.741789641632392 1.0400387118477636E-6 0.7417896416323913
