512
0.2919650185281719 0.8952214414718281 0.29196501852817197
0.29012154210258634 0.8970649178974136 0.34943177034531253
0.28978664865091885 0.8973998113490815 0.3999777700774044
0.28977477230611304 0.8974116876938868 0.45000010341885543
0.2897747723061131 0.8974116876938868 0.4999998965811445
0.28978664865091885 0.8973998113490815 0.5500222299225958
0.29012154210258634 0.8970649178974136 0.6005682296546874
0.29196501852817197 0.8952214414718281 0.658034981471828
0.34943177034531253 0.8970649178974136 0.29012154210258634
0.34920449705220896 0.8990483490323563 0.34920449705220896
0.34899525089055383 0.8994974872962602 0.39998156314205313
0.3489759090886081 0.8995143053910748 0.4500006173913901
0.3489759090886081 0.8995143053910748 0.4999993826086099
0.34899525089055383 0.8994974872962602 0.550018436857947
0.34920449705220913 0.8990483490323563 0.6007955029477909
0.34943177034531253 0.8970649178974136 0.6598784578974135
0.3999777700774044 0.8973998113490815 0.28978664865091885
0.39998156314205313 0.8994974872962602 0.34899525089055383
0.39996954821089226 0.9000300236275215 0.39996954821089226
0.39995717672790954 0.9000556350249939 0.45000140746827016
0.39995717672790954 0.9000556350249939 0.4999985925317299
0.3999695482108922 0.9000300236275215 0.5500304517891076
0.39998156314205313 0.8994974872962602 0.6010047491094466
0.3999777700774044 0.8973998113490815 0.6602133513490814
0.45000010341885543 0.8974116876938868 0.28977477230611304
0.4500006173913901 0.8995143053910748 0.3489759090886081
0.45000140746827016 0.9000556350249939 0.39995717672790954
0.45000107307025927 0.9000858446828566 0.45000107307025927
0.4500010730702593 0.9000858446828566 0.4999989269297408
0.45000140746827016 0.9000556350249939 0.5500428232720903
0.45000061739139 0.8995143053910748 0.6010240909113918
0.45000010341885543 0.8974116876938869 0.6602252276938868
0.4999998965811445 0.8974116876938868 0.2897747723061131
0.4999993826086099 0.8995143053910748 0.3489759090886081
0.4999985925317299 0.9000556350249939 0.39995717672790954
0.4999989269297408 0.9000858446828566 0.4500010730702593
0.4999989269297408 0.9000858446828566 0.4999989269297408
0.4999985925317299 0.9000556350249937 0.5500428232720903
0.49999938260860993 0.8995143053910748 0.6010240909113918
0.4999998965811445 0.8974116876938868 0.6602252276938868
0.5500222299225958 0.8973998113490815 0.28978664865091885
0.550018436857947 0.8994974872962602 0.34899525089055383
0.5500304517891076 0.9000300236275215 0.3999695482108922
0.5500428232720903 0.9000556350249939 0.45000140746827016
0.5500428232720903 0.9000556350249937 0.4999985925317299
0.5500304517891077 0.9000300236275215 0.5500304517891077
0.550018436857947 0.8994974872962602 0.6010047491094465
0.5500222299225958 0.8973998113490815 0.6602133513490814
0.6005682296546874 0.8970649178974136 0.29012154210258634
0.6007955029477909 0.8990483490323563 0.34920449705220913
0.6010047491094466 0.8994974872962602 0.39998156314205313
0.6010240909113918 0.8995143053910748 0.45000061739139
0.6010240909113918 0.8995143053910748 0.49999938260860993
0.6010047491094465 0.8994974872962602 0.550018436857947
0.6007955029477909 0.8990483490323563 0.6007955029477909
0.6005682296546874 0.8970649178974136 0.6598784578974135
0.658034981471828 0.8952214414718281 0.29196501852817197
0.6598784578974135 0.8970649178974136 0.34943177034531253
0.6602133513490814 0.8973998113490815 0.3999777700774044
0.6602252276938868 0.8974116876938869 0.45000010341885543
0.6602252276938867 0.8974116876938868 0.4999998965811445
0.6602133513490814 0.8973998113490815 0.5500222299225958
0.6598784578974135 0.8970649178974136 0.6005682296546874
0.658034981471828 0.8952214414718281 0.658034981471828
0.29012154210258634 0.8377546896546874 0.29012154210258634
0.2881381109676437 0.8379819629477909 0.34920449705220913
0.2876889727037401 0.8381912091094466 0.39998156314205313
0.287672154608925 0.8382105509113917 0.45000061739139
0.287672154608925 0.8382105509113917 0.49999938260860993
0.28768897270374016 0.8381912091094466 0.550018436857947
0.2881381109676437 0.8379819629477909 0.6007955029477909
0.29012154210258634 0.8377546896546874 0.6598784578974135
0.34920449705220913 0.8379819629477909 0.2881381109676437
0.3488291500498727 0.8383573099501274 0.3488291500498727
0.3485538179911617 0.8386326420088385 0.39999706428197607
0.3485253846117257 0.8386610753882745 0.4500017880088434
0.3485253846117257 0.8386610753882745 0.4999982119911565
0.3485538179911617 0.8386326420088385 0.5500029357180239
0.3488291500498727 0.8383573099501274 0.6011708499501274
0.34920449705220913 0.8379819629477909 0.6618618890323562
0.39998156314205313 0.8381912091094466 0.2876889727037401
0.39999706428197607 0.8386326420088385 0.3485538179911617
0.3999843535922307 0.8389535560162744 0.3999843535922307
0.39996618167369274 0.8389906348285716 0.45000373568813967
0.3999661816736927 0.8389906348285717 0.4999962643118604
0.3999843535922307 0.8389535560162744 0.5500156464077695
0.39999706428197607 0.8386326420088386 0.6014461820088385
0.39998156314205313 0.8381912091094466 0.6623110272962601
0.45000061739139 0.8382105509113917 0.287672154608925
0.4500017880088434 0.8386610753882745 0.3485253846117257
0.45000373568813967 0.8389906348285716 0.39996618167369274
0.4500034106977076 0.8390320006277885 0.4500034106977076
0.4500034106977076 0.8390320006277885 0.4999965893022925
0.4500037356881396 0.8389906348285716 0.5500338183263075
0.4500017880088434 0.8386610753882745 0.6014746153882744
0.45000061739139 0.8382105509113917 0.6623278453910748
0.49999938260860993 0.8382105509113917 0.287672154608925
0.4999982119911565 0.8386610753882745 0.3485253846117257
0.4999962643118604 0.8389906348285717 0.3999661816736927
0.4999965893022925 0.8390320006277885 0.4500034106977076
0.4999965893022925 0.8390320006277885 0.4999965893022925
0.49999626431186045 0.8389906348285716 0.5500338183263075
0.4999982119911565 0.8386610753882745 0.6014746153882745
0.49999938260860993 0.8382105509113917 0.6623278453910747
0.550018436857947 0.8381912091094466 0.28768897270374016
0.5500029357180239 0.8386326420088385 0.3485538179911617
0.5500156464077695 0.8389535560162744 0.3999843535922307
0.5500338183263075 0.8389906348285716 0.4500037356881396
0.5500338183263075 0.8389906348285716 0.49999626431186045
0.5500156464077695 0.8389535560162744 0.5500156464077695
0.5500029357180239 0.8386326420088385 0.6014461820088384
0.550018436857947 0.8381912091094466 0.6623110272962601
0.6007955029477909 0.8379819629477909 0.2881381109676437
0.6011708499501274 0.8383573099501274 0.3488291500498727
0.6014461820088385 0.8386326420088386 0.39999706428197607
0.6014746153882744 0.8386610753882745 0.4500017880088434
0.6014746153882745 0.8386610753882745 0.49999821199115657
0.6014461820088384 0.8386326420088385 0.5500029357180239
0.6011708499501274 0.8383573099501274 0.6011708499501274
0.6007955029477909 0.8379819629477909 0.6618618890323562
0.6598784578974135 0.8377546896546874 0.29012154210258634
0.6618618890323562 0.8379819629477909 0.34920449705220913
0.6623110272962601 0.8381912091094466 0.39998156314205313
0.6623278453910748 0.8382105509113917 0.45000061739139
0.6623278453910747 0.8382105509113917 0.49999938260860993
0.6623110272962601 0.8381912091094466 0.550018436857947
0.6618618890323562 0.8379819629477909 0.6007955029477909
0.6598784578974135 0.8377546896546875 0.6598784578974135
0.28978664865091885 0.7872086899225959 0.28978664865091885
0.28768897270374016 0.7872048968579471 0.34899525089055383
0.28715643637247834 0.7872169117891077 0.3999695482108922
0.2871308249750065 0.7872292832720904 0.45000140746827016
0.2871308249750065 0.7872292832720904 0.4999985925317299
0.28715643637247834 0.7872169117891078 0.5500304517891077
0.28768897270374016 0.7872048968579471 0.6010047491094465
0.28978664865091885 0.7872086899225959 0.6602133513490814
0.34899525089055383 0.7872048968579471 0.28768897270374016
0.3485538179911617 0.787189395718024 0.3485538179911617
0.34823290398372553 0.7872021064077694 0.3999843535922307
0.34819582517142855 0.7872202783263076 0.4500037356881396
0.34819582517142866 0.7872202783263076 0.49999626431186045
0.34823290398372553 0.7872021064077697 0.5500156464077696
0.3485538179911617 0.7871893957180239 0.6014461820088384
0.34899525089055383 0.7872048968579471 0.6623110272962601
0.3999695482108922 0.7872169117891077 0.28715643637247834
0.3999843535922307 0.7872021064077694 0.34823290398372553
0.39996667345071973 0.7872197865492804 0.39996667345071973
0.3999443974375654 0.7872420625624347 0.4500065750645416
0.3999443974375653 0.7872420625624347 0.4999934249354583
0.39996667345071973 0.7872197865492804 0.5500333265492803
0.3999843535922307 0.7872021064077694 0.6017670960162744
0.39996954821089226 0.7872169117891077 0.6628435636275214
0.45000140746827016 0.7872292832720904 0.2871308249750065
0.4500037356881396 0.7872202783263076 0.34819582517142855
0.4500065750645416 0.7872420625624347 0.3999443974375654
0.4500061762887748 0.7872660031099047 0.4500061762887748
0.4500061762887748 0.7872660031099047 0.4999938237112252
0.4500065750645416 0.7872420625624347 0.5500556025624346
0.4500037356881396 0.7872202783263076 0.6018041748285715
0.45000140746827016 0.7872292832720904 0.6628691750249937
0.4999985925317299 0.7872292832720904 0.2871308249750065
0.49999626431186045 0.7872202783263076 0.34819582517142866
0.4999934249354583 0.7872420625624347 0.3999443974375653
0.4999938237112252 0.7872660031099047 0.4500061762887748
0.4999938237112252 0.7872660031099047 0.4999938237112252
0.4999934249354583 0.7872420625624347 0.5500556025624347
0.49999626431186045 0.7872202783263076 0.6018041748285715
0.4999985925317299 0.7872292832720904 0.6628691750249937
0.5500304517891077 0.7872169117891078 0.28715643637247834
0.5500156464077696 0.7872021064077697 0.34823290398372553
0.5500333265492803 0.7872197865492804 0.39996667345071973
0.5500556025624346 0.7872420625624347 0.4500065750645416
0.5500556025624347 0.7872420625624347 0.4999934249354583
0.5500333265492803 0.7872197865492804 0.5500333265492803
0.5500156464077695 0.7872021064077694 0.6017670960162744
0.5500304517891077 0.7872169117891078 0.6628435636275214
0.6010047491094465 0.7872048968579471 0.28768897270374016
0.6014461820088384 0.7871893957180239 0.3485538179911617
0.6017670960162744 0.7872021064077694 0.3999843535922307
0.6018041748285715 0.7872202783263076 0.4500037356881396
0.6018041748285715 0.7872202783263076 0.49999626431186045
0.6017670960162744 0.7872021064077694 0.5500156464077695
0.6014461820088384 0.7871893957180239 0.6014461820088384
0.6010047491094465 0.7872048968579471 0.6623110272962601
0.6602133513490814 0.7872086899225959 0.28978664865091885
0.6623110272962601 0.7872048968579471 0.34899525089055383
0.6628435636275214 0.7872169117891077 0.39996954821089226
0.6628691750249937 0.7872292832720904 0.45000140746827016
0.6628691750249937 0.7872292832720904 0.4999985925317299
0.6628435636275214 0.7872169117891078 0.5500304517891077
0.6623110272962601 0.7872048968579471 0.6010047491094465
0.6602133513490814 0.7872086899225959 0.6602133513490814
0.28977477230611304 0.737186356581145 0.28977477230611304
0.2876721546089251 0.7371858426086099 0.3489759090886081
0.28713082497500647 0.7371850525317298 0.3999571767279095
0.28710061531714387 0.7371853869297408 0.4500010730702593
0.28710061531714387 0.7371853869297408 0.49999892692974085
0.2871308249750065 0.7371850525317298 0.5500428232720903
0.287672154608925 0.7371858426086099 0.6010240909113918
0.28977477230611304 0.7371863565811448 0.6602252276938867
0.3489759090886081 0.7371858426086099 0.2876721546089251
0.3485253846117257 0.7371846719911567 0.3485253846117257
0.3481958251714286 0.7371827243118604 0.3999661816736926
0.34815445937221173 0.7371830493022925 0.4500034106977076
0.3481544593722118 0.7371830493022925 0.4999965893022925
0.34819582517142866 0.7371827243118604 0.5500338183263075
0.3485253846117257 0.7371846719911567 0.6014746153882745
0.3489759090886081 0.7371858426086099 0.6623278453910747
0.3999571767279095 0.7371850525317298 0.28713082497500647
0.3999661816736926 0.7371827243118604 0.3481958251714286
0.3999443974375654 0.7371798849354584 0.3999443974375654
0.39992045689009525 0.7371802837112253 0.4500061762887748
0.39992045689009525 0.7371802837112253 0.4999938237112252
0.3999443974375654 0.7371798849354584 0.5500556025624346
0.39996618167369263 0.7371827243118604 0.6018041748285716
0.39995717672790954 0.7371850525317298 0.6628691750249938
0.4500010730702593 0.7371853869297408 0.28710061531714387
0.4500034106977076 0.7371830493022925 0.34815445937221173
0.4500061762887748 0.7371802837112253 0.39992045689009525
0.45000557508842076 0.7371808849115793 0.45000557508842076
0.45000557508842076 0.7371808849115793 0.49999442491157914
0.4500061762887748 0.7371802837112252 0.5500795431099047
0.4500034106977076 0.7371830493022925 0.6018455406277884
0.4500010730702593 0.7371853869297408 0.6628993846828565
0.49999892692974085 0.7371853869297408 0.28710061531714387
0.4999965893022925 0.7371830493022925 0.3481544593722118
0.4999938237112252 0.7371802837112253 0.39992045689009525
0.49999442491157914 0.7371808849115793 0.45000557508842076
0.49999442491157914 0.7371808849115793 0.49999442491157914
0.4999938237112252 0.7371802837112253 0.5500795431099047
0.4999965893022925 0.7371830493022925 0.6018455406277884
0.4999989269297408 0.7371853869297408 0.6628993846828565
0.5500428232720903 0.7371850525317298 0.2871308249750065
0.5500338183263075 0.7371827243118604 0.34819582517142866
0.5500556025624346 0.7371798849354584 0.3999443974375654
0.5500795431099047 0.7371802837112252 0.4500061762887748
0.5500795431099047 0.7371802837112252 0.4999938237112252
0.5500556025624346 0.7371798849354584 0.5500556025624346
0.5500338183263075 0.7371827243118604 0.6018041748285715
0.5500428232720903 0.7371850525317298 0.6628691750249938
0.6010240909113918 0.7371858426086099 0.28767215460892503
0.6014746153882745 0.7371846719911567 0.3485253846117257
0.6018041748285716 0.7371827243118604 0.39996618167369263
0.6018455406277884 0.7371830493022925 0.4500034106977076
0.6018455406277884 0.7371830493022925 0.4999965893022925
0.6018041748285716 0.7371827243118604 0.5500338183263075
0.6014746153882745 0.7371846719911567 0.6014746153882745
0.6010240909113918 0.7371858426086099 0.6623278453910747
0.6602252276938867 0.7371863565811448 0.2897747723061131
0.6623278453910748 0.7371858426086099 0.3489759090886081
0.6628691750249938 0.7371850525317298 0.39995717672790954
0.6628993846828565 0.7371853869297408 0.4500010730702593
0.6628993846828565 0.7371853869297408 0.4999989269297408
0.6628691750249938 0.7371850525317298 0.5500428232720903
0.6623278453910748 0.7371858426086099 0.6010240909113918
0.6602252276938868 0.7371863565811448 0.6602252276938868
0.28977477230611304 0.6871865634188552 0.28977477230611304
0.2876721546089251 0.6871870773913903 0.3489759090886081
0.28713082497500647 0.6871878674682703 0.3999571767279095
0.28710061531714387 0.6871875330702594 0.45000107307025927
0.2871006153171438 0.6871875330702594 0.49999892692974085
0.2871308249750065 0.6871878674682703 0.5500428232720903
0.287672154608925 0.6871870773913903 0.6010240909113918
0.289774772306113 0.6871865634188553 0.6602252276938867
0.3489759090886081 0.6871870773913903 0.2876721546089251
0.3485253846117257 0.6871882480088435 0.3485253846117257
0.3481958251714286 0.6871901956881398 0.3999661816736926
0.34815445937221173 0.6871898706977076 0.4500034106977076
0.3481544593722118 0.6871898706977076 0.4999965893022925
0.34819582517142866 0.6871901956881398 0.5500338183263075
0.3485253846117257 0.6871882480088435 0.6014746153882745
0.3489759090886081 0.6871870773913903 0.6623278453910747
0.3999571767279095 0.6871878674682703 0.28713082497500647
0.3999661816736926 0.6871901956881398 0.3481958251714286
0.3999443974375654 0.6871930350645418 0.3999443974375654
0.39992045689009525 0.6871926362887749 0.4500061762887748
0.3999204568900953 0.6871926362887748 0.4999938237112252
0.3999443974375654 0.6871930350645418 0.5500556025624346
0.3999661816736927 0.6871901956881399 0.6018041748285715
0.39995717672790954 0.6871878674682703 0.6628691750249938
0.45000107307025927 0.6871875330702594 0.28710061531714387
0.4500034106977076 0.6871898706977076 0.3481544593722118
0.4500061762887748 0.6871926362887749 0.39992045689009525
0.45000557508842076 0.6871920350884209 0.45000557508842076
0.45000557508842076 0.6871920350884209 0.49999442491157914
0.4500061762887748 0.6871926362887749 0.5500795431099047
0.4500034106977076 0.6871898706977076 0.6018455406277884
0.4500010730702593 0.6871875330702594 0.6628993846828565
0.49999892692974085 0.6871875330702594 0.2871006153171438
0.4999965893022925 0.6871898706977076 0.3481544593722118
0.4999938237112252 0.6871926362887748 0.3999204568900953
0.49999442491157914 0.6871920350884209 0.45000557508842076
0.49999442491157914 0.6871920350884209 0.49999442491157914
0.4999938237112252 0.6871926362887749 0.5500795431099047
0.4999965893022925 0.6871898706977076 0.6018455406277884
0.4999989269297408 0.6871875330702594 0.6628993846828565
0.5500428232720903 0.6871878674682703 0.2871308249750065
0.5500338183263075 0.6871901956881398 0.34819582517142866
0.5500556025624346 0.6871930350645418 0.3999443974375654
0.5500795431099047 0.6871926362887749 0.4500061762887748
0.5500795431099047 0.6871926362887749 0.4999938237112252
0.5500556025624346 0.6871930350645418 0.5500556025624346
0.5500338183263075 0.6871901956881398 0.6018041748285715
0.5500428232720903 0.6871878674682703 0.6628691750249938
0.6010240909113918 0.6871870773913903 0.2876721546089249
0.6014746153882745 0.6871882480088435 0.3485253846117257
0.6018041748285716 0.6871901956881399 0.39996618167369263
0.6018455406277884 0.6871898706977076 0.4500034106977076
0.6018455406277884 0.6871898706977076 0.4999965893022925
0.6018041748285715 0.6871901956881398 0.5500338183263075
0.6014746153882745 0.6871882480088435 0.6014746153882745
0.6010240909113918 0.6871870773913903 0.6623278453910747
0.6602252276938867 0.6871865634188553 0.289774772306113
0.6623278453910748 0.6871870773913903 0.3489759090886081
0.6628691750249938 0.6871878674682703 0.39995717672790954
0.6628993846828565 0.6871875330702594 0.4500010730702593
0.6628993846828565 0.6871875330702594 0.4999989269297408
0.6628691750249938 0.6871878674682703 0.5500428232720903
0.6623278453910748 0.6871870773913903 0.6010240909113918
0.6602252276938868 0.6871865634188553 0.6602252276938868
0.28978664865091885 0.6371642300774043 0.28978664865091885
0.28768897270374016 0.6371680231420531 0.34899525089055383
0.28715643637247834 0.6371560082108925 0.3999695482108922
0.2871308249750065 0.6371436367279099 0.45000140746827016
0.2871308249750065 0.6371436367279099 0.4999985925317299
0.28715643637247834 0.6371560082108924 0.5500304517891077
0.28768897270374016 0.6371680231420531 0.6010047491094465
0.28978664865091885 0.6371642300774044 0.6602133513490814
0.34899525089055383 0.6371680231420531 0.28768897270374016
0.3485538179911617 0.6371835242819762 0.3485538179911617
0.34823290398372553 0.6371708135922306 0.3999843535922307
0.34819582517142855 0.6371526416736927 0.4500037356881396
0.34819582517142866 0.6371526416736927 0.49999626431186045
0.34823290398372553 0.6371708135922306 0.5500156464077696
0.3485538179911617 0.6371835242819762 0.6014461820088384
0.34899525089055383 0.6371680231420531 0.6623110272962601
0.39996954821089226 0.6371560082108925 0.28715643637247834
0.3999843535922307 0.6371708135922306 0.34823290398372553
0.39996667345071973 0.6371531334507199 0.39996667345071973
0.3999443974375654 0.6371308574375655 0.4500065750645416
0.3999443974375653 0.6371308574375655 0.4999934249354583
0.39996667345071973 0.6371531334507198 0.5500333265492803
0.3999843535922307 0.6371708135922307 0.6017670960162744
0.39996954821089226 0.6371560082108926 0.6628435636275214
0.45000140746827016 0.6371436367279099 0.2871308249750065
0.4500037356881396 0.6371526416736927 0.34819582517142855
0.4500065750645416 0.6371308574375655 0.3999443974375654
0.4500061762887748 0.6371069168900955 0.4500061762887748
0.4500061762887748 0.6371069168900955 0.4999938237112252
0.4500065750645416 0.6371308574375656 0.5500556025624347
0.4500037356881396 0.6371526416736927 0.6018041748285715
0.45000140746827016 0.6371436367279099 0.6628691750249937
0.4999985925317299 0.6371436367279099 0.2871308249750065
0.49999626431186045 0.6371526416736927 0.3481958251714286
0.4999934249354583 0.6371308574375655 0.3999443974375653
0.4999938237112252 0.6371069168900955 0.4500061762887748
0.4999938237112252 0.6371069168900955 0.4999938237112252
0.4999934249354583 0.6371308574375656 0.5500556025624347
0.49999626431186045 0.6371526416736927 0.6018041748285715
0.4999985925317299 0.6371436367279099 0.6628691750249937
0.5500304517891077 0.6371560082108925 0.28715643637247834
0.5500156464077696 0.6371708135922306 0.34823290398372553
0.5500333265492803 0.6371531334507198 0.39996667345071973
0.5500556025624347 0.6371308574375656 0.4500065750645416
0.5500556025624347 0.6371308574375656 0.4999934249354583
0.5500333265492803 0.6371531334507198 0.5500333265492803
0.5500156464077695 0.6371708135922307 0.6017670960162744
0.5500304517891077 0.6371560082108925 0.6628435636275214
0.6010047491094465 0.6371680231420531 0.28768897270374016
0.6014461820088384 0.6371835242819762 0.3485538179911617
0.6017670960162744 0.6371708135922307 0.3999843535922307
0.6018041748285715 0.6371526416736927 0.4500037356881396
0.6018041748285715 0.6371526416736927 0.49999626431186045
0.6017670960162744 0.6371708135922307 0.5500156464077695
0.6014461820088384 0.6371835242819762 0.6014461820088384
0.6010047491094465 0.6371680231420531 0.6623110272962601
0.6602133513490814 0.6371642300774044 0.28978664865091885
0.6623110272962601 0.6371680231420531 0.34899525089055383
0.6628435636275214 0.6371560082108926 0.39996954821089226
0.6628691750249938 0.6371436367279099 0.45000140746827016
0.6628691750249937 0.6371436367279099 0.4999985925317299
0.6628435636275214 0.6371560082108925 0.5500304517891077
0.6623110272962601 0.6371680231420531 0.6010047491094465
0.6602133513490814 0.6371642300774044 0.6602133513490814
0.29012154210258634 0.5866182303453129 0.29012154210258634
0.2881381109676437 0.5863909570522092 0.34920449705220913
0.2876889727037401 0.5861817108905536 0.39998156314205313
0.287672154608925 0.5861623690886085 0.45000061739139
0.287672154608925 0.5861623690886084 0.49999938260860993
0.28768897270374016 0.5861817108905537 0.550018436857947
0.2881381109676437 0.5863909570522092 0.6007955029477909
0.29012154210258634 0.5866182303453128 0.6598784578974135
0.34920449705220913 0.5863909570522092 0.2881381109676437
0.3488291500498727 0.5860156100498728 0.3488291500498727
0.3485538179911617 0.5857402779911617 0.39999706428197607
0.3485253846117257 0.5857118446117258 0.4500017880088434
0.3485253846117257 0.5857118446117257 0.4999982119911565
0.3485538179911617 0.5857402779911617 0.5500029357180239
0.3488291500498727 0.5860156100498728 0.6011708499501274
0.34920449705220913 0.5863909570522092 0.6618618890323562
0.39998156314205313 0.5861817108905536 0.2876889727037401
0.39999706428197607 0.5857402779911617 0.3485538179911617
0.3999843535922307 0.5854193639837257 0.3999843535922307
0.39996618167369274 0.5853822851714285 0.45000373568813967
0.39996618167369263 0.5853822851714287 0.4999962643118604
0.3999843535922307 0.5854193639837257 0.5500156464077695
0.39999706428197607 0.5857402779911617 0.6014461820088385
0.39998156314205313 0.5861817108905536 0.6623110272962601
0.45000061739139 0.5861623690886085 0.287672154608925
0.4500017880088434 0.5857118446117258 0.3485253846117257
0.45000373568813967 0.5853822851714285 0.3999661816736927
0.4500034106977076 0.5853409193722118 0.4500034106977076
0.4500034106977076 0.5853409193722118 0.4999965893022925
0.45000373568813967 0.5853822851714287 0.5500338183263075
0.4500017880088434 0.5857118446117257 0.6014746153882744
0.45000061739139 0.5861623690886084 0.6623278453910748
0.49999938260860993 0.5861623690886084 0.287672154608925
0.4999982119911565 0.5857118446117257 0.3485253846117257
0.4999962643118604 0.5853822851714287 0.39996618167369263
0.4999965893022925 0.5853409193722118 0.4500034106977076
0.4999965893022925 0.5853409193722118 0.4999965893022925
0.49999626431186045 0.5853822851714287 0.5500338183263075
0.4999982119911565 0.5857118446117257 0.6014746153882745
0.49999938260860993 0.5861623690886084 0.6623278453910747
0.550018436857947 0.5861817108905537 0.28768897270374016
0.5500029357180239 0.5857402779911617 0.3485538179911617
0.5500156464077695 0.5854193639837257 0.3999843535922307
0.5500338183263075 0.5853822851714287 0.45000373568813967
0.5500338183263075 0.5853822851714287 0.49999626431186045
0.5500156464077695 0.5854193639837257 0.5500156464077695
0.5500029357180239 0.5857402779911617 0.6014461820088385
0.550018436857947 0.5861817108905537 0.6623110272962601
0.6007955029477909 0.5863909570522092 0.2881381109676437
0.6011708499501274 0.5860156100498728 0.3488291500498727
0.6014461820088385 0.5857402779911617 0.39999706428197607
0.6014746153882745 0.5857118446117257 0.4500017880088434
0.6014746153882745 0.5857118446117257 0.4999982119911565
0.6014461820088385 0.5857402779911617 0.5500029357180239
0.6011708499501274 0.5860156100498728 0.6011708499501274
0.6007955029477909 0.5863909570522092 0.6618618890323562
0.6598784578974135 0.5866182303453128 0.29012154210258634
0.6618618890323562 0.5863909570522092 0.34920449705220913
0.6623110272962601 0.5861817108905536 0.39998156314205313
0.6623278453910748 0.5861623690886084 0.45000061739139
0.6623278453910747 0.5861623690886084 0.49999938260860993
0.6623110272962601 0.5861817108905537 0.550018436857947
0.6618618890323562 0.5863909570522092 0.6007955029477909
0.6598784578974135 0.5866182303453128 0.6598784578974135
0.2919650185281719 0.5291514785281721 0.2919650185281719
0.29012154210258634 0.5273080021025867 0.34943177034531253
0.28978664865091885 0.5269731086509187 0.3999777700774044
0.289774772306113 0.5269612323061135 0.45000010341885543
0.289774772306113 0.5269612323061135 0.4999998965811445
0.28978664865091885 0.5269731086509187 0.5500222299225958
0.29012154210258634 0.5273080021025867 0.6005682296546874
0.2919650185281719 0.5291514785281721 0.658034981471828
0.34943177034531253 0.5273080021025867 0.29012154210258634
0.34920449705220896 0.525324570967644 0.34920449705220896
0.34899525089055383 0.52487543270374 0.39998156314205313
0.3489759090886081 0.5248586146089254 0.4500006173913901
0.3489759090886081 0.5248586146089255 0.4999993826086099
0.34899525089055383 0.52487543270374 0.550018436857947
0.34920449705220913 0.525324570967644 0.6007955029477909
0.34943177034531253 0.5273080021025867 0.6598784578974135
0.3999777700774044 0.5269731086509187 0.28978664865091885
0.39998156314205313 0.52487543270374 0.34899525089055383
0.39996954821089226 0.5243428963724788 0.39996954821089226
0.39995717672790954 0.5243172849750064 0.45000140746827016
0.39995717672790954 0.5243172849750064 0.4999985925317299
0.39996954821089226 0.5243428963724788 0.5500304517891076
0.39998156314205313 0.52487543270374 0.6010047491094466
0.3999777700774044 0.5269731086509187 0.6602133513490814
0.45000010341885543 0.5269612323061135 0.289774772306113
0.4500006173913901 0.5248586146089254 0.3489759090886081
0.45000140746827016 0.5243172849750064 0.39995717672790954
0.4500010730702593 0.5242870753171437 0.4500010730702593
0.4500010730702593 0.5242870753171437 0.4999989269297408
0.45000140746827016 0.5243172849750064 0.5500428232720903
0.45000061739139 0.5248586146089254 0.6010240909113918
0.45000010341885543 0.5269612323061134 0.6602252276938868
0.4999998965811445 0.5269612323061135 0.289774772306113
0.4999993826086099 0.5248586146089255 0.3489759090886081
0.4999985925317299 0.5243172849750064 0.39995717672790954
0.4999989269297408 0.5242870753171437 0.4500010730702593
0.4999989269297408 0.5242870753171437 0.4999989269297408
0.4999985925317299 0.5243172849750064 0.5500428232720903
0.49999938260860993 0.5248586146089255 0.6010240909113918
0.4999998965811445 0.5269612323061134 0.6602252276938868
0.5500222299225958 0.5269731086509187 0.28978664865091885
0.550018436857947 0.52487543270374 0.34899525089055383
0.5500304517891076 0.5243428963724788 0.39996954821089226
0.5500428232720903 0.5243172849750064 0.45000140746827016
0.5500428232720903 0.5243172849750064 0.4999985925317299
0.5500304517891077 0.5243428963724788 0.5500304517891077
0.550018436857947 0.52487543270374 0.6010047491094465
0.5500222299225958 0.5269731086509187 0.6602133513490814
0.6005682296546874 0.5273080021025867 0.29012154210258634
0.6007955029477909 0.525324570967644 0.34920449705220913
0.6010047491094466 0.52487543270374 0.39998156314205313
0.6010240909113918 0.5248586146089254 0.45000061739139
0.6010240909113918 0.5248586146089255 0.49999938260860993
0.6010047491094465 0.52487543270374 0.550018436857947
0.6007955029477909 0.525324570967644 0.6007955029477909
0.6005682296546874 0.5273080021025867 0.6598784578974135
0.658034981471828 0.5291514785281721 0.2919650185281719
0.6598784578974135 0.5273080021025867 0.34943177034531253
0.6602133513490814 0.5269731086509187 0.3999777700774044
0.6602252276938868 0.5269612323061134 0.45000010341885543
0.6602252276938868 0.5269612323061134 0.4999998965811445
0.6602133513490814 0.5269731086509187 0.5500222299225958
0.6598784578974135 0.5273080021025867 0.6005682296546874
0.658034981471828 0.5291514785281721 0.658034981471828
