512
0.2651850463392286 0.08395291242265497 0.26518504633922874
0.26915958770284387 0.10816086615205388 0.30928486100138153
0.26271048759345417 0.0926087725606613 0.36623748175895526
0.2714248661828447 0.09237552183180274 0.4361541811881053
0.27067915867525827 0.0913483108558099 0.5129238170827396
0.25757363727651533 0.09103801095923011 0.5814496951018122
0.27627430864250513 0.09255256886798978 0.6402872781817436
0.26601547076842214 0.09021971697927311 0.6910377042048863
0.3092848610013814 0.10816086615205442 0.26915958770284304
0.3000834144612743 0.1429199928591467 0.30008341446127457
0.3150136150301725 0.10319585672406094 0.3653968299322966
0.3059164181747093 0.11514779877364488 0.4348313541054389
0.3060374982463775 0.12031095032842523 0.5139289014218017
0.31413591624804976 0.10225485247879193 0.5832008625528304
0.3004092321753216 0.13698032286156672 0.6498985248511959
0.30985162764510277 0.12688700867679592 0.6927547309630244
0.3662374817589551 0.09260877256066287 0.26271048759345533
0.36539682993229644 0.1031958567240608 0.3150136150301725
0.3632511122753464 0.15021694512579392 0.36325111227534607
0.36021793413375586 0.11881366942186569 0.43564703129992394
0.35907359313778464 0.11663714760200607 0.5149975074634979
0.36302742390729337 0.14768495751391375 0.5854185960967595
0.36359515683496 0.10020237040058079 0.638012523429707
0.3693002119455574 0.14239985935274205 0.7077739326789383
0.4361541811881052 0.09237552183180255 0.27142486618284495
0.4348313541054392 0.11514779877364667 0.305916418174709
0.435647031299924 0.11881366942186557 0.36021793413375625
0.4375591935545802 0.10982210198087607 0.4375591935545802
0.43744047264639874 0.11467757425308697 0.5125553304615498
0.4323908946973829 0.10760261254506658 0.5926890362317784
0.4363723710670327 0.08488858942435958 0.6364048092061717
0.4361550510260957 0.11301083418086154 0.6964398361798795
0.5129238170827397 0.09134831085580915 0.2706791586752592
0.5139289014218021 0.12031095032842405 0.30603749824637816
0.5149975074634985 0.11663714760200636 0.3590735931377842
0.5125553304615496 0.11467757425308761 0.4374404726463985
0.5121774019059409 0.12162638930335425 0.5121774019059405
0.5177712323052825 0.10753456849463142 0.5919602664364221
0.5136075023081346 0.08979791505273924 0.6366084984124477
0.5132052071465041 0.11350618521114954 0.6985137771294982
0.5814496951018123 0.09103801095922948 0.2575736372765152
0.5832008625528307 0.10225485247879286 0.3141359162480496
0.5854185960967608 0.14768495751391433 0.36302742390729403
0.5926890362317777 0.10760261254506502 0.43239089469738273
0.591960266436424 0.10753456849463204 0.5177712323052832
0.585546394791765 0.1489299601202907 0.5855463947917651
0.5839051462861169 0.10538803362552207 0.6388809835527239
0.5808615768353047 0.14153250399060746 0.7082751967744835
0.6402872781817438 0.0925525688679897 0.27627430864250463
0.6498985248511961 0.1369803228615683 0.30040923217532156
0.6380125234297068 0.1002023704005823 0.36359515683495974
0.6364048092061715 0.08488858942435912 0.4363723710670337
0.6366084984124454 0.0897979150527406 0.5136075023081356
0.6388809835527239 0.10538803362552107 0.5839051462861163
0.6412878877012835 0.10153416046145415 0.6412878877012838
0.6388376449242642 0.10750851515504437 0.6867439890168011
0.6910377042048855 0.09021971697927246 0.26601547076842275
0.6927547309630243 0.12688700867679434 0.309851627645103
0.7077739326789381 0.14239985935274338 0.36930021194555773
0.696439836179882 0.11301083418086158 0.4361550510260956
0.6985137771294954 0.11350618521114927 0.5132052071465038
0.7082751967744828 0.14153250399060596 0.5808615768353057
0.6867439890168007 0.10750851515504461 0.6388376449242645
0.6932414991117468 0.10479993373583052 0.6932414991117466
0.2184911662052998 0.10414057246922312 0.21849116620530076
0.21606498236200064 0.12046682849736956 0.3009999617396397
0.2149562255963655 0.1052619358652371 0.38390836516573473
0.27960322059839526 0.061161299568157655 0.4365906220031127
0.2792581211897337 0.06099509169872744 0.5126667969614276
0.21509133474473544 0.10232964923269433 0.5668433183023005
0.2267274740369701 0.10410773069357723 0.6502250629085301
0.22495135379507147 0.09604845134464635 0.7260007410857312
0.30099996173963955 0.12046682849736934 0.21606498236200103
0.2987146028966283 0.13527671067004693 0.29871460289662854
0.3124874948364063 0.0941086131658913 0.364554739157579
0.30079267636745183 0.10530233802334621 0.43398920378991795
0.300700044328731 0.1134935302091197 0.514592471522265
0.31166114040947207 0.09299360314760544 0.5837663634873421
0.2987601128648086 0.13172895600707715 0.6514281992514018
0.30093773830320253 0.1492642925377492 0.7401964577345079
0.38390836516573446 0.1052619358652368 0.21495622559636582
0.3645547391575788 0.09410861316589124 0.31248749483640614
0.3610556884048222 0.13592549525955802 0.3610556884048219
0.3546050953753283 0.09660253867974075 0.43098908372944117
0.35367358379722863 0.09412458491484985 0.5192498241309946
0.3611123932655994 0.1341635010262732 0.5870776090447009
0.36188372318769474 0.08969277887874856 0.6396418594045624
0.38545266169835707 0.1305451808454476 0.74519824091419
0.43659062200311266 0.0611612995681573 0.27960322059839543
0.43398920378991834 0.10530233802334767 0.3007926763674519
0.4309890837294412 0.09660253867974021 0.35460509537532836
0.43634534693497234 0.08903707136871278 0.43634534693497234
0.4372533545603529 0.1017861554168697 0.5125491683636174
0.42747311476789757 0.08800535864347002 0.597909221657768
0.43349107619827953 0.08046561609481133 0.6426272495404327
0.4349240108773848 0.08049904181496496 0.689195837739941
0.5126667969614276 0.0609950916987271 0.2792581211897339
0.5145924715222652 0.11349353020911981 0.3007000443287307
0.5192498241309949 0.09412458491485029 0.3536735837972283
0.5125491683636171 0.10178615541687036 0.4372533545603526
0.5111416894755358 0.11819285321692988 0.5111416894755354
0.5226990931974328 0.087258166989034 0.5971304627213011
0.5160834416420675 0.08808857239235113 0.6438876740290053
0.5139596472709704 0.08286364159907467 0.6906841230861364
0.5668433183023005 0.10232964923269401 0.21509133474473574
0.5837663634873423 0.09299360314760591 0.31166114040947224
0.5870776090447016 0.1341635010262729 0.36111239326559974
0.5979092216577678 0.08800535864346865 0.42747311476789734
0.5971304627213028 0.08725816698903442 0.5226990931974334
0.5867516600339511 0.13667984690393178 0.5867516600339514
0.5855364956065076 0.09514738469087539 0.6399650764966909
0.5655615335817904 0.12549985022366378 0.7450004260796219
0.6502250629085301 0.1041077306935774 0.2267274740369696
0.6514281992514022 0.1317289560070785 0.2987601128648083
0.639641859404562 0.08969277887874937 0.3618837231876944
0.642627249540432 0.08046561609481137 0.4334910761982806
0.6438876740290045 0.08808857239235206 0.5160834416420683
0.6399650764966908 0.09514738469087401 0.5855364956065071
0.6552332605687877 0.1401950179257566 0.6552332605687877
0.6489565441976375 0.14497052777309696 0.7377312522896512
0.7260007410857328 0.09604845134464979 0.22495135379506917
0.7401964577345082 0.14926429253774934 0.30093773830320253
0.7451982409141907 0.13054518084545 0.38545266169835746
0.6891958377399433 0.08049904181496545 0.43492401087738497
0.6906841230861342 0.08286364159907503 0.5139596472709707
0.7450004260796224 0.1254998502236659 0.56556153358179
0.7377312522896511 0.14497052777309719 0.6489565441976376
0.7182715991812991 0.08475066839100265 0.7182715991812991
0.20843032706044143 0.13609516599023505 0.20843032706044182
0.20534454397022336 0.11576114933226495 0.30051110742514947
0.21148955434035724 0.09166880370079467 0.3824059627651803
0.24658338631669327 0.035883184968897607 0.44459237486044423
0.2498260861055827 0.034822028515700966 0.5062506842544878
0.21218920572369937 0.08866791537447767 0.5682690036784628
0.20468244954971193 0.11002632335882624 0.650138509079194
0.20694361420779456 0.13993224376851732 0.7410985136426341
0.3005111074251492 0.1157611493322643 0.20534454397022403
0.30034322277715114 0.1218074018993451 0.30034322277715125
0.2812784961962752 0.16937060148544508 0.3681502356853206
0.2834381165689541 0.14937786738201117 0.44012936335088204
0.2839178403184502 0.1492307233656367 0.5098793140522851
0.2805135142459892 0.16108766961131515 0.5827286316476947
0.3004252032522416 0.1163733386615416 0.6502815778957473
0.29992229226761186 0.1271844036006196 0.747580410381921
0.38240596276517996 0.09166880370079503 0.21148955434035707
0.36815023568532057 0.169370601485445 0.28127849619627504
0.365961071849666 0.1520064261769314 0.36596107184966564
0.3509710569832523 0.08055344730256672 0.42823639994123575
0.3505361636116827 0.0782205799511767 0.5213972529419251
0.36542198581307583 0.14673428185216336 0.5838270044991714
0.36823208400461965 0.15926071355357568 0.6632530011042532
0.38047410464514914 0.09403143206745493 0.7441063188919051
0.4445923748604446 0.0358831849688987 0.24658338631669263
0.44012936335088204 0.14937786738201095 0.2834381165689549
0.42823639994123586 0.08055344730256592 0.35097105698325237
0.43515456361451543 0.07215988878069682 0.4351545636145155
0.4361390118879172 0.08159187505953878 0.5136533692845833
0.4250444717094005 0.07236559425258995 0.6000386515465208
0.44082306168555063 0.14201041396821198 0.6624548348617191
0.4425801874275269 0.051572979241296626 0.7028388460405927
0.5062506842544882 0.034822028515699634 0.24982608610558177
0.5098793140522849 0.14923072336563747 0.2839178403184489
0.5213972529419253 0.0782205799511772 0.3505361636116821
0.5136533692845829 0.08159187505953971 0.43613901188791676
0.5129090290158845 0.0885861576314249 0.5129090290158839
0.5251456199955942 0.07000520053485204 0.5991753583727438
0.5099319008177879 0.1416535834189414 0.6615236226739964
0.5081061644106575 0.05026791488356179 0.6996049029798629
0.5682690036784626 0.08866791537447764 0.21218920572369973
0.582728631647695 0.16108766961131174 0.28051351424599
0.5838270044991702 0.14673428185217288 0.3654219858130783
0.6000386515465205 0.07236559425258843 0.42504447170940024
0.5991753583727452 0.07000520053485193 0.5251456199955943
0.5838947668836422 0.14602026107705823 0.5838947668836426
0.5854160849568296 0.12415183481350148 0.6531028908887703
0.5704921192703352 0.08779014963245893 0.7438704347690902
0.6501385090791939 0.11002632335882653 0.20468244954971174
0.6502815778957477 0.1163733386615426 0.30042520325224137
0.6632530011042523 0.1592607135535675 0.3682320840046188
0.6624548348617177 0.1420104139682101 0.44082306168555013
0.6615236226739988 0.14165358341894335 0.5099319008177869
0.6531028908887724 0.12415183481350746 0.5854160849568288
0.6526283261266695 0.10794304458276946 0.6526283261266694
0.6500701202171971 0.12351433851926415 0.748291466252758
0.7410985136426339 0.13993224376851707 0.20694361420779464
0.7475804103819207 0.12718440360062022 0.2999222922676119
0.7441063188919065 0.09403143206745382 0.38047410464514925
0.7028388460405928 0.051572979241298327 0.4425801874275263
0.6996049029798556 0.05026791488356153 0.5081061644106588
0.7438704347690903 0.0877901496324619 0.5704921192703349
0.7482914662527582 0.12351433851926334 0.6500701202171975
0.7432776112196705 0.14049235167868657 0.7432776112196704
0.20561049386153898 0.11299112613153005 0.20561049386153926
0.19758511531308043 0.10815693941320013 0.3003743489473183
0.20298879373947384 0.08078220183047782 0.3812642904474181
0.16910896727295466 0.06781881983498807 0.44439487055610505
0.1695224674236289 0.06683004238110228 0.5055940239810695
0.2038258326122031 0.0781800135718548 0.5692637233724691
0.19506049992126073 0.10746986469198962 0.6494228316163946
0.203863752263293 0.11888370455483942 0.744717829178551
0.3003743489473179 0.10815693941320002 0.19758511531308032
0.29864415701279123 0.11919509551417332 0.2986441570127915
0.27882479072531663 0.1667948585165102 0.368994339540425
0.2817697162092222 0.1473290863474042 0.4404025726373942
0.2822231289512944 0.14647736374794046 0.5097271385201722
0.2779704016719315 0.16186999438950178 0.5820564267005967
0.29848370174646577 0.114358768073123 0.6520221684843005
0.29901883240788557 0.11004298708464288 0.7547756007705657
0.38126429044741783 0.08078220183047796 0.20298879373947323
0.36899433954042493 0.1667948585165102 0.2788247907253163
0.37382969015483686 0.18520811789387406 0.37382969015483686
0.38089309886125783 0.1689054243118568 0.44931101537410567
0.37926439800519446 0.17205333404593937 0.5005914137783023
0.37427291301627313 0.1849540160748513 0.5770694939269521
0.37039933157542615 0.16850010722656125 0.6666236703113679
0.3779956331029057 0.07545035254934367 0.75111583288725
0.4443948705561059 0.06781881983498789 0.16910896727295896
0.4404025726373941 0.14732908634740394 0.28176971620922303
0.44931101537410584 0.16890542431185745 0.3808930988612583
0.4323028774419122 0.050507970877414037 0.4323028774419122
0.4342228497661686 0.05871179849977462 0.5156494586279408
0.44947449904322007 0.1646570278717609 0.5738681092498176
0.4419272294913502 0.14315445379389946 0.6643632356224781
0.444064069685177 0.061831399505838075 0.7827524134370585
0.5055940239810705 0.06683004238110239 0.16952246742362517
0.5097271385201722 0.14647736374794057 0.2822231289512932
0.5005914137783021 0.17205333404593956 0.3792643980051932
0.5156494586279405 0.05871179849977488 0.4342228497661681
0.5151266215335474 0.0622429063872677 0.5151266215335468
0.5003709417084428 0.16799729463639257 0.5751426947046498
0.5088309827072228 0.14475736074693588 0.6639080542693397
0.5055269291335185 0.06050630985287568 0.7823918450858438
0.5692637233724688 0.0781800135718553 0.20382583261220358
0.5820564267005967 0.1618699943895018 0.2779704016719316
0.5770694939269524 0.18495401607484963 0.37427291301627347
0.5738681092498175 0.1646570278717596 0.44947449904322045
0.5751426947046508 0.16799729463639204 0.5003709417084427
0.5777352193828642 0.1848077100876392 0.5777352193828647
0.58125863677466 0.16622872379375814 0.6700763464855201
0.5723535803932502 0.0720479732187469 0.751042980664831
0.6494228316163946 0.10746986469198913 0.19506049992126076
0.6520221684843011 0.11435876807312495 0.2984837017464654
0.666623670311369 0.1685001072265632 0.37039933157542654
0.664363235622477 0.1431544537938968 0.44192722949134955
0.6639080542693423 0.14475736074693682 0.508830982707222
0.6700763464855194 0.16622872379375922 0.5812586367746599
0.6555273476370864 0.1076070839858984 0.6555273476370864
0.6509229949613573 0.1086765439767609 0.7575818278169865
0.7447178291785506 0.11888370455483868 0.20386375226329334
0.7547756007705654 0.11004298708464345 0.29901883240788535
0.7511158328872515 0.07545035254933925 0.37799563310290524
0.7827524134370603 0.061831399505830775 0.44406406968517587
0.7823918450858385 0.0605063098528726 0.5055269291335178
0.7510429806648286 0.07204797321874715 0.5723535803932506
0.7575818278169868 0.10867654397676091 0.6509229949613575
0.746823420646386 0.12375106853754916 0.7468234206463858
0.20355041064678514 0.09272613541553756 0.2035504106467854
0.1913154497733116 0.06668082276850311 0.29575097378523174
0.1982220281691126 0.03025713225764124 0.37116081303969484
0.16156026370133109 0.0243885424172193 0.4396414945122809
0.16316754161229538 0.022099670283805814 0.510700892851093
0.19767916614528006 0.026460048972273373 0.5788777329730775
0.1899795761299426 0.0719136930329077 0.6532633588983146
0.2017948880808729 0.09876141926801835 0.7471800266960275
0.2957509737852315 0.06668082276850498 0.1913154497733118
0.2784134356593994 0.18362463976088708 0.27841343565939947
0.27658145072202983 0.15937937204195826 0.3689716075901609
0.28073750093761723 0.14344037957488873 0.4402280392383306
0.28122338852717294 0.1425278537136769 0.5099131110412958
0.27619776301713 0.1567912836342053 0.5822795266566966
0.27794262545126136 0.18290036798477094 0.6686115148313644
0.29314826649844083 0.06264330106488289 0.7594107991159278
0.3711608130396942 0.0302571322576409 0.19822202816911125
0.36897160759016084 0.1593793720419584 0.2765814507220294
0.37471673922990123 0.17705337587958822 0.37471673922990123
0.37808028330527166 0.13294289444285803 0.44510273782712784
0.3791396746745791 0.14276698985962177 0.5027401584352365
0.375006746428331 0.1770113532766399 0.5764648006337445
0.37154487216691706 0.1604944123903977 0.6697420659015141
0.37206252428834835 0.04500134981843839 0.7484387434559273
0.43964149451228174 0.02438854241721755 0.16156026370133647
0.4402280392383305 0.1434403795748882 0.28073750093761823
0.4451027378271284 0.1329428944428595 0.3780802833052726
0.43001509095252033 0.03422446057329629 0.4300150909525203
0.4320226433079363 0.039397876778713745 0.5178751209471537
0.44634457718293824 0.13436113069229141 0.575609522057361
0.44250778576531113 0.14270869614952233 0.6662319124566747
0.43941345070962673 0.02259303916417767 0.7879083787604432
0.5107008928510935 0.02209967028380874 0.1631675416122915
0.5099131110412957 0.14252785371367677 0.2812233885271716
0.5027401584352362 0.14276698985962197 0.3791396746745784
0.5178751209471536 0.03939787677871336 0.4320226433079358
0.5178157251486728 0.038445342980862995 0.5178157251486722
0.5027868578870834 0.14033532623646763 0.5762283918860925
0.5082383104482808 0.14634532989010987 0.6662692751409613
0.5105096256185991 0.019687936923884722 0.7860100513017251
0.5788777329730773 0.026460048972274035 0.19767916614528064
0.5822795266566966 0.15679128363420586 0.2761977630171304
0.576464800633745 0.17701135327663792 0.37500674642833093
0.5756095220573612 0.13436113069229014 0.44634457718293824
0.5762283918860936 0.14033532623646783 0.5027868578870835
0.5771010811402543 0.1774227199635268 0.5771010811402547
0.5810483373353127 0.16115417419828443 0.6730497352919578
0.5775417563894806 0.04370316859292835 0.747933061669649
0.6532633588983146 0.07191369303290666 0.18997957612994257
0.6686115148313644 0.18290036798477066 0.2779426254512595
0.6697420659015152 0.1604944123903996 0.3715448721669175
0.6662319124566739 0.14270869614952011 0.44250778576531047
0.6662692751409646 0.14634532989011023 0.50823831044828
0.6730497352919567 0.16115417419828273 0.5810483373353128
0.6681824355218344 0.17911575017932785 0.6681824355218343
0.6558685418079025 0.07055691604168211 0.7617158646814856
0.7471800266960272 0.09876141926801785 0.20179488808087342
0.7594107991159281 0.0626433010648805 0.29314826649843984
0.7484387434559266 0.04500134981845 0.3720625242883507
0.7879083787604457 0.022593039164176647 0.43941345070962673
0.7860100513017174 0.01968793692387635 0.5105096256185996
0.7479330616696472 0.043703168592928304 0.5775417563894812
0.7617158646814862 0.07055691604167942 0.655868541807903
0.749607706718622 0.10564944136084858 0.7496077067186219
0.20254940068361119 0.08054620929291313 0.2025494006836115
0.18715379192845566 0.048895183234434016 0.2933580614501904
0.19515966741214724 0.0214305311586116 0.369498612740398
0.15092240666091256 0.04070907505651687 0.4396930955456561
0.15054693801549332 0.049252225130522416 0.5098661657980457
0.19481564570800328 0.018065475982576632 0.5804339030582113
0.18573840065384706 0.054543248788619624 0.6552531521814999
0.20049009755092131 0.08333336894204611 0.7486606119358418
0.29335806145019006 0.048895183234435466 0.18715379192845594
0.27404522032222606 0.17262500302554606 0.27404522032222617
0.2750478439913333 0.15114651834774886 0.36830349010448604
0.2807822444999234 0.133038943599581 0.43928022556679414
0.28183260910440694 0.13173667911644946 0.5107517312144536
0.27469123672073237 0.1493333188595513 0.5829044023500691
0.27297472006800955 0.17265370212530867 0.6717104131723025
0.29115115665304353 0.05090120645612775 0.7645301064418748
0.36949861274039725 0.021430531158611515 0.19515966741214594
0.368303490104486 0.15114651834774911 0.27504784399133286
0.37229816742831734 0.15623290960618977 0.37229816742831723
0.37308726906283224 0.11172887220979685 0.4409332294564149
0.3740912039968098 0.11607762527527224 0.507934426601742
0.37276924154683405 0.15515199463787857 0.5781917194061363
0.3705199338812073 0.1464669269208086 0.6716374457951089
0.3709963035056754 0.040979265858878046 0.7511641408079631
0.43969309554565617 0.04070907505651792 0.15092240666091328
0.4392802255667939 0.13303894359958002 0.28078224449992445
0.44093322945641517 0.11172887220979785 0.37308726906283296
0.42925294519788243 0.018017301203265734 0.4292529451978822
0.4306540257194416 0.021251864729511117 0.5195051008352297
0.44132516598504556 0.10786426556809561 0.5793445207028963
0.4413336121605289 0.13320294193885782 0.6668100546729865
0.4395828532020095 0.04191751555132079 0.8024984361840316
0.509866165798046 0.04925222513051976 0.15054693801549257
0.5107517312144535 0.1317366791164498 0.2818326091044058
0.5079344266017425 0.11607762527527121 0.37409120399680873
0.5195051008352298 0.02125186472950994 0.43065402571944117
0.5191771076981174 0.02211781032418729 0.5191771076981171
0.5085176232088652 0.10993489382903719 0.579601620772198
0.5091318731171678 0.13610847671213627 0.6663834270533576
0.509750560268654 0.04806911451782803 0.8042011802892418
0.5804339030582109 0.01806547598257747 0.19481564570800408
0.582904402350069 0.14933331885955153 0.27469123672073265
0.5781917194061371 0.15515199463787693 0.37276924154683394
0.5793445207028958 0.10786426556809549 0.44132516598504584
0.5796016207721988 0.10993489382903872 0.5085176232088651
0.577732327788428 0.1563131180269696 0.5777323277884285
0.581810606758544 0.14853382608500548 0.6753722363082408
0.5786234146182376 0.03954294260777913 0.7503952977349775
0.6552531521815 0.054543248788618354 0.18573840065384675
0.6717104131723025 0.17265370212530876 0.27297472006800905
0.6716374457951103 0.14646692692080895 0.3705199338812076
0.6668100546729855 0.13320294193885587 0.44133361216052847
0.6663834270533604 0.13610847671213733 0.5091318731171671
0.6753722363082396 0.14853382608500348 0.5818106067585445
0.6714063721294753 0.169565749963552 0.6714063721294752
0.6577930111843622 0.059559431593042424 0.7642931573129876
0.7486606119358414 0.08333336894204627 0.2004900975509218
0.764530106441875 0.05090120645612666 0.291151156653043
0.7511641408079608 0.04097926585889395 0.37099630350567886
0.8024984361840352 0.04191751555130548 0.4395828532020083
0.8042011802892401 0.048069114517842966 0.5097505602686525
0.7503952977349753 0.03954294260777886 0.5786234146182381
0.7642931573129883 0.05955943159303964 0.6577930111843624
0.7518732327002748 0.0848475050820592 0.7518732327002747
0.20300733505175295 0.06906608687122655 0.20300733505175333
0.1913503705536797 0.08885942344888902 0.2995233328352345
0.19778842529289678 0.07278487739487699 0.3823565771723459
0.15813306675890923 0.011358491872738402 0.43953714772328556
0.15767037763102837 0.014659640891828588 0.5108689800112539
0.19601723493792858 0.07876392403871546 0.5669848628173461
0.1881205182800734 0.07953667259632641 0.6514090595238978
0.20137594626781685 0.06867458111731445 0.747917939861471
0.29952333283523397 0.0888594234488878 0.1913503705536795
0.27280408769655606 0.16241231574990286 0.2728040876965562
0.2764936189483603 0.15171554657315098 0.36809600406872445
0.28404545329997266 0.1351046151872912 0.43981371330121577
0.2847122505463112 0.13552066370360963 0.5101608284237134
0.2755066878768237 0.14926111017090535 0.5830504835565399
0.2716354289080864 0.16223394794548557 0.6724577264391883
0.29913932718334607 0.10295323043858162 0.7602380698877136
0.38235657717234545 0.07278487739487677 0.1977884252928964
0.36809600406872445 0.15171554657315106 0.2764936189483599
0.36848160619944553 0.13369049043744002 0.36848160619944514
0.36125143883765604 0.07565778050343008 0.434093730866537
0.35948114434365785 0.07282541968520483 0.5168043020339151
0.36875568053690433 0.1313255887140928 0.5812741062757344
0.3697259143802713 0.14536183263272176 0.6717331334328724
0.37658124197091886 0.059690563440687815 0.756404255830594
0.43953714772328595 0.011358491872737768 0.15813306675891117
0.4398137133012158 0.13510461518729164 0.2840454532999738
0.43409373086653685 0.07565778050342926 0.3612514388376557
0.44833496710007076 0.11853558674020229 0.4483349671000711
0.44692621537751526 0.12192620119710423 0.5033599846875095
0.43495120611025456 0.07687514408255126 0.5865706783810255
0.44151000152869646 0.13112185774730364 0.6672049698736137
0.4383570131970471 0.012354521148026099 0.7942770078118669
0.5108689800112542 0.014659640891829698 0.15767037763102631
0.5101608284237132 0.1355206637036101 0.28471225054631005
0.5168043020339154 0.07282541968520587 0.3594811443436578
0.5033599846875094 0.12192620119710464 0.44692621537751503
0.5052179568615829 0.12399326695283518 0.5052179568615827
0.5154505480315127 0.07627575512917942 0.5864385645519403
0.5091049358915711 0.1336758423532672 0.6670187117703741
0.5115273367637572 0.015203215398045106 0.7957598055568229
0.5669848628173462 0.07876392403871428 0.19601723493792964
0.5830504835565398 0.14926111017090524 0.27550668787682386
0.5812741062757348 0.13132558871409264 0.36875568053690466
0.5865706783810238 0.07687514408255393 0.43495120611025545
0.5864385645519413 0.07627575512917907 0.5154505480315131
0.5806534967784583 0.13162433010847696 0.5806534967784587
0.5824280439879669 0.14488265212353976 0.6766121155014029
0.5724049625221131 0.06508453513194633 0.7596960579993025
0.6514090595238976 0.07953667259632746 0.18812051828007317
0.6724577264391881 0.16223394794548548 0.2716354289080862
0.6717331334328742 0.14536183263272046 0.3697259143802716
0.6672049698736124 0.13112185774730287 0.44151000152869585
0.6670187117703775 0.13367584235326835 0.5091049358915705
0.6766121155014011 0.1448826521235392 0.5824280439879672
0.6715403876045244 0.15770045487300027 0.6715403876045243
0.6530733861902996 0.08829658959013219 0.7642345060330019
0.7479179398614701 0.0686745811173147 0.20137594626781716
0.7602380698877128 0.10295323043858484 0.2991393271833464
0.7564042558305993 0.05969056344066807 0.376581241970914
0.7942770078118696 0.012354521148022707 0.43835701319704723
0.7957598055568234 0.015203215398051275 0.5115273367637576
0.7596960579992995 0.06508453513194865 0.5724049625221131
0.7642345060330022 0.08829658959013417 0.6530733861902995
0.7511765140341001 0.06403879957148173 0.7511765140341001
0.2084967881132525 0.0346405560490058 0.20849678811325406
0.1968507387429521 0.06078796895967553 0.29606211229641965
0.20812691003945438 0.031558656739813014 0.37471440275309026
0.2198758453973292 0.05385759006755129 0.4546446086249147
0.21836899728590564 0.05641308834493783 0.4949039500567704
0.20830968291521043 0.03618426445093354 0.5742597452769777
0.19460331350343943 0.052599282860411496 0.654771173938305
0.2084004238588087 0.03241919384307471 0.7410448816779893
0.2960621122964192 0.060787968959674844 0.19685073874295203
0.2813774618909369 0.13321779628325922 0.281377461890937
0.2753858224759499 0.13493311563707727 0.3670074766765382
0.28463052922261056 0.11358145503181934 0.4382643069502644
0.28549156629516237 0.11386009670816787 0.5114977716921635
0.2748217029677977 0.1337454074368519 0.5838932656814547
0.2816986056174019 0.12789059948448123 0.6660394732395231
0.2951386241748557 0.06536557094479326 0.7545100343077943
0.3747144027530897 0.03155865673981354 0.20812691003945394
0.36700747667653827 0.13493311563707774 0.2753858224759495
0.3698142359034417 0.1260874843086068 0.36981423590344137
0.3714500946966673 0.08697013332893426 0.43945865021844904
0.37447814229418563 0.09351901541705833 0.5090637389275839
0.36866530047467255 0.11799426122183043 0.5813493789708751
0.36690797699205535 0.10909146517817785 0.6712257940663772
0.3726776412882837 0.03145926703775107 0.7470067679130902
0.4546446086249148 0.05385759006755179 0.21987584539732888
0.43826430695026436 0.1135814550318185 0.28463052922261123
0.4394586502184495 0.08697013332893562 0.3714500946966684
0.43827950078240785 0.04967459096395397 0.43827950078240785
0.43671265528648096 0.043523579882463276 0.5135581918449227
0.4387692649932029 0.07977458365695075 0.5817463273330196
0.4365656421671095 0.08881803425876242 0.668732308522903
0.4535701517579645 0.049574451912034044 0.7313868252060528
0.4949039500567707 0.05641308834493865 0.21836899728590567
0.5114977716921634 0.11386009670816863 0.2854915662951612
0.5090637389275845 0.09351901541705755 0.37447814229418463
0.5135581918449224 0.043523579882464004 0.4367126552864806
0.5134106244939194 0.054595682533591705 0.5134106244939189
0.511013835802628 0.08134362583826246 0.5811426872922182
0.5140060985115159 0.08010214770448398 0.6662589269060041
0.4958295286696526 0.0546437277693963 0.7341872589320789
0.5742597452769775 0.03618426445093298 0.20830968291521046
0.5838932656814546 0.13374540743685218 0.27482170296779845
0.5813493789708755 0.11799426122183082 0.3686653004746733
0.5817463273330195 0.07977458365694927 0.4387692649932029
0.581142687292219 0.08134362583826285 0.5110138358026283
0.5821718419508382 0.10933378773000246 0.5821718419508386
0.5843797623130368 0.10920744848011034 0.6733793216865632
0.57715355625421 0.03175447574653168 0.7482808314155719
0.654771173938305 0.05259928286041155 0.1946033135034392
0.6660394732395223 0.1278905994844794 0.2816986056174025
0.6712257940663783 0.1090914651781757 0.3669079769920552
0.6687323085229012 0.08881803425875776 0.43656564216710925
0.6662589269060083 0.08010214770448769 0.5140060985115157
0.6733793216865614 0.10920744848010971 0.5843797623130368
0.6663506188874375 0.1181898250398812 0.6663506188874374
0.6572301068556873 0.0534100527430432 0.7593720501847252
0.7410448816779888 0.032419193843074554 0.20840042385880905
0.7545100343077936 0.06536557094479485 0.29513862417485526
0.7470067679130925 0.031459267037755353 0.37267764128828457
0.731386825206052 0.049574451912037826 0.45357015175796433
0.7341872589320864 0.05464372776938849 0.4958295286696499
0.7482808314155709 0.03175447574653252 0.5771535562542105
0.7593720501847256 0.053410052743042405 0.6572301068556875
0.7415502500419014 0.029063383775249318 0.7415502500419016
