512
0.25478725479757763 0.0581495977676513 0.25478725479757763
0.2518762403547593 0.05738068679560646 0.3215668382612326
0.25017287558401485 0.060441726315855704 0.38406527284272957
0.25207619101294354 0.05015635439098741 0.4445627961557072
0.2520708835343798 0.04993283722114246 0.5052906520497971
0.24979616244351951 0.05995473371976087 0.5660926628489062
0.2517721479556026 0.05568212940428816 0.6286376016222897
0.25494953197761966 0.058497165364622856 0.695531687682052
0.32156683826123245 0.0573806867956066 0.2518762403547592
0.31739410414297947 0.06983825607222201 0.3173941041429795
0.3171494613412682 0.059310706921885184 0.383102241342524
0.3149260683915494 0.0611195911409264 0.4447550376855387
0.3150650757497991 0.061057764190092706 0.5051666268459933
0.3168663002269637 0.059366407174726306 0.5670199939356917
0.31739951490965834 0.06926749254512221 0.6325685906255946
0.32200543586479363 0.05817829826167142 0.6979575642307038
0.3840652728427295 0.06044172631585561 0.25017287558401496
0.383102241342524 0.05931070692188519 0.3171494613412682
0.3793723487562485 0.06435766863433086 0.3793723487562484
0.3769214085071313 0.05413926068976557 0.44313367784981755
0.3772257072694207 0.054208050381996095 0.5069402837615239
0.37922233050298615 0.06411485312613623 0.5704709296061943
0.3829206009408825 0.05943959578411434 0.6328749965377704
0.38391291014037615 0.06113991104099264 0.6993841106486336
0.4445627961557072 0.05015635439098738 0.2520761910129435
0.4447550376855387 0.06111959114092647 0.3149260683915494
0.44313367784981755 0.05413926068976568 0.37692140850713135
0.4416637977167679 0.05516203976811942 0.4416637977167679
0.4420199562385598 0.0541546609867322 0.5084546312692608
0.44257147364996763 0.0545026257889714 0.5733002455892037
0.445063506627747 0.05011891893190347 0.6333150540827022
0.44422607411399057 0.051631326377383546 0.6980983146641807
0.5052906520497971 0.04993283722114238 0.2520708835343798
0.5051666268459933 0.061057764190092595 0.31506507574979903
0.5069402837615241 0.05420805038199612 0.3772257072694206
0.5084546312692608 0.054154660986732356 0.44201995623855966
0.5081108622051461 0.0536120044507974 0.5081108622051461
0.5075177325862037 0.054466723995043195 0.5728983311475127
0.5050811263315699 0.05029458568046517 0.6333830461754493
0.5056218336327325 0.05161134029375819 0.6980820999266021
0.5660926628489062 0.059954733719760955 0.24979616244351957
0.5670199939356917 0.059366407174726514 0.3168663002269637
0.5704709296061953 0.06411485312613613 0.37922233050298626
0.5733002455892038 0.05450262578897149 0.4425714736499677
0.5728983311475128 0.05446672399504323 0.5075177325862038
0.5706008270108992 0.06396358360520854 0.5706008270108992
0.5668700972919584 0.05983761516311714 0.6330358381303254
0.5660834225838219 0.06047164818984622 0.6995725011253997
0.6286376016222898 0.05568212940428821 0.2517721479556026
0.6325685906255946 0.06926749254512234 0.3173995149096583
0.6328749965377704 0.05943959578411452 0.3829206009408824
0.6333150540827021 0.050118918931903365 0.44506350662774696
0.6333830461754494 0.05029458568046523 0.50508112633157
0.6330358381303254 0.05983761516311713 0.5668700972919584
0.6302834719328024 0.05674305427921685 0.6302834719328025
0.6280948604278522 0.05671100690619052 0.6980662146818692
0.6955316876820521 0.058497165364622794 0.25494953197761966
0.6979575642307039 0.05817829826167131 0.3220054358647938
0.6993841106486333 0.0611399110409926 0.3839129101403762
0.6980983146641806 0.05163132637738347 0.4442260741139906
0.6980820999266022 0.05161134029375827 0.5056218336327324
0.6995725011253998 0.06047164818984612 0.566083422583822
0.698066214681869 0.056711006906190596 0.6280948604278523
0.6952565307098337 0.059134875147554125 0.6952565307098337
0.24206697923170603 0.0744483526504368 0.2420669792317066
0.24258315772024117 0.07698160298591719 0.3138005887990887
0.23820126868962369 0.07636027112818602 0.3831220203052895
0.2455762554322102 0.05647467249069958 0.4453146205961848
0.2455584407060838 0.056531640562443135 0.504647975894033
0.23796314525054488 0.07588808995430467 0.5667361244458573
0.24286072025911049 0.07453811638132186 0.6362035386711636
0.24223567252422937 0.07453263336294391 0.7079441682294056
0.31380058879908856 0.07698160298591714 0.24258315772024125
0.3132759706056454 0.08682738620830385 0.3132759706056454
0.3128243730763812 0.07436240741742473 0.380404985147864
0.30947088750465696 0.07440036543168407 0.44383096128550276
0.30964272723895636 0.07474762558327164 0.5060856597670403
0.3127376643881956 0.073995494886602 0.5695998750691206
0.31311593454863473 0.08616009896259977 0.6367753988904945
0.3136114292553216 0.08002241149794968 0.7077684749391508
0.3831220203052893 0.07636027112818597 0.23820126868962369
0.380404985147864 0.07436240741742475 0.31282437307638117
0.37650458312443624 0.07655143562533083 0.37650458312443613
0.3738910850501858 0.06306892264587458 0.4411274423170618
0.3741802542567712 0.062918418341637 0.5089080156877631
0.37639214783654673 0.07596778227801433 0.5733548828508833
0.38043221440892033 0.07354032560693535 0.6370401478372248
0.38280933867766226 0.07914399284307266 0.7115862896374702
0.44531462059618476 0.05647467249069965 0.24557625543220998
0.44383096128550276 0.07440036543168407 0.30947088750465707
0.4411274423170618 0.06306892264587449 0.3738910850501859
0.4403234001118563 0.07188903334879287 0.4403234001118563
0.44053822968506373 0.07230801048534105 0.5097277726981417
0.44078282708752115 0.06203536153012658 0.5762690220528488
0.44441387199265514 0.07231571980074601 0.6398256946553855
0.44500000448226834 0.0585103781306127 0.7040490933958261
0.504647975894033 0.056531640562442906 0.24555844070608368
0.5060856597670405 0.07474762558327176 0.30964272723895614
0.5089080156877629 0.06291841834163689 0.37418025425677104
0.5097277726981418 0.07230801048534129 0.4405382296850637
0.5095563297142686 0.07305946278428782 0.5095563297142685
0.5093393579093297 0.062139855784630306 0.576041354836214
0.5057364477268108 0.07323066627448581 0.6399845195364835
0.5049325695575825 0.05894605073262202 0.7039708626699376
0.5667361244458573 0.07588808995430465 0.23796314525054527
0.5695998750691206 0.07399549488660197 0.3127376643881957
0.5733548828508834 0.07596778227801439 0.3763921478365468
0.5762690220528487 0.062035361530126676 0.44078282708752126
0.5760413548362141 0.062139855784630264 0.5093393579093297
0.5735960488209962 0.07580851434568261 0.5735960488209961
0.5697594409234793 0.07351325618655993 0.6370232599942552
0.5670001603352692 0.07862564003459875 0.7119589042273573
0.6362035386711636 0.07453811638132195 0.24286072025911032
0.6367753988904946 0.08616009896259982 0.31311593454863473
0.6370401478372245 0.07354032560693524 0.3804322144089202
0.6398256946553856 0.07231571980074596 0.44441387199265514
0.6399845195364836 0.07323066627448611 0.5057364477268109
0.6370232599942552 0.07351325618655974 0.5697594409234792
0.637392736257373 0.0871978072165023 0.637392736257373
0.6363281533542208 0.07779982495196736 0.7072746744507586
0.7079441682294058 0.07453263336294419 0.2422356725242293
0.7077684749391511 0.08002241149794967 0.3136114292553216
0.7115862896374695 0.07914399284307286 0.38280933867766226
0.7040490933958261 0.05851037813061285 0.4450000044822684
0.7039708626699382 0.058946050732622234 0.5049325695575825
0.7119589042273577 0.07862564003459895 0.5670001603352693
0.7072746744507588 0.07779982495196756 0.6363281533542209
0.7078812120696141 0.07452409045244067 0.7078812120696141
0.23045721693811888 0.09581316362067842 0.23045721693811896
0.23342449768336818 0.08559911072577908 0.3118131085516456
0.22994354389172456 0.0788342156544286 0.3828174308693103
0.22932348909135028 0.07126305557465733 0.4465461671707772
0.2296276557948155 0.0707932736997364 0.5034960755251834
0.22981814628606573 0.07828851586779269 0.5670157980354247
0.23370113268373643 0.08391798493717854 0.6382153593552462
0.23045792423095393 0.09695672208603338 0.7194883621745302
0.31181310855164557 0.08559911072577896 0.23342449768336856
0.3125518381392535 0.08879924317575966 0.3125518381392535
0.3079791285902741 0.09534921453589978 0.37799619256728484
0.3043091381409702 0.09316370039311385 0.4427067419982668
0.30432704947660133 0.09332767723258727 0.5071986794698244
0.30798248551575563 0.0943631774399532 0.5720216130607609
0.31229387373455114 0.08782415747005232 0.6376224863097154
0.3116167094127449 0.08815888806509953 0.7173379787782116
0.38281743086931025 0.07883421565442861 0.22994354389172433
0.37799619256728484 0.09534921453589976 0.307979128590274
0.37489672404586233 0.09385232050700654 0.3748967240458623
0.3730409572072418 0.0728427903862075 0.440369853383055
0.37332680014402975 0.07227954058071585 0.509577312147436
0.3747206472940202 0.09296093777827955 0.5749272112514384
0.3779249756591769 0.0926159847326537 0.6417101715919223
0.3825198148490539 0.080869130411582 0.7201098561299715
0.4465461671707773 0.07126305557465763 0.2293234890913505
0.4427067419982668 0.09316370039311399 0.3043091381409704
0.44036985338305507 0.07284279038620711 0.37304095720724184
0.44056134538146957 0.08165238006172822 0.4405613453814695
0.44074553706454783 0.08277288822503179 0.5093288523559205
0.44030841359767986 0.07095487057105805 0.5768848066848867
0.442816270509827 0.0899806664751211 0.645206769859837
0.44628292832153504 0.07216534627039353 0.7204374241481729
0.5034960755251835 0.07079327369973618 0.22962765579481498
0.5071986794698244 0.09332767723258749 0.304327049476601
0.5095773121474361 0.07227954058071548 0.373326800144029
0.5093288523559205 0.08277288822503205 0.44074553706454767
0.5092436108367646 0.08354499623441425 0.5092436108367645
0.5097767095854071 0.07049221048557155 0.5766827038706541
0.5069688628544041 0.08978018336446429 0.6451456639978284
0.5037289806424837 0.07186923197762309 0.7201558311182833
0.5670157980354246 0.07828851586779267 0.229818146286066
0.5720216130607609 0.09436317743995255 0.3079824855157557
0.5749272112514385 0.09296093777828063 0.37472064729402027
0.5768848066848866 0.07095487057105776 0.44030841359767986
0.5766827038706542 0.07049221048557137 0.5097767095854072
0.5752067159980555 0.09223110079773739 0.5752067159980556
0.5725744688999438 0.09080915667253994 0.6412844592654392
0.5672616227577552 0.08008123270105727 0.7201915463962684
0.6382153593552462 0.08391798493717868 0.23370113268373624
0.6376224863097154 0.08782415747005216 0.3122938737345512
0.6417101715919222 0.09261598473265303 0.3779249756591768
0.645206769859837 0.08998066647512099 0.4428162705098271
0.6451456639978286 0.0897801833644647 0.5069688628544041
0.6412844592654392 0.09080915667254011 0.5725744688999437
0.6383339988296856 0.08826264164219381 0.6383339988296856
0.6383495912767753 0.08626627661430233 0.7165147015681222
0.7194883621745303 0.09695672208603336 0.2304579242309539
0.7173379787782115 0.08815888806509965 0.31161670941274483
0.7201098561299704 0.08086913041158278 0.3825198148490539
0.7204374241481729 0.07216534627039344 0.446282928321535
0.720155831118282 0.0718692319776218 0.5037289806424838
0.7201915463962684 0.08008123270105767 0.5672616227577553
0.7165147015681222 0.08626627661430218 0.6383495912767752
0.7195270434066602 0.09782409878571312 0.7195270434066603
0.22720478322296198 0.10107965794444372 0.227204783222962
0.22380121079473575 0.09770911773286343 0.31100202443351105
0.2204661510210306 0.08823407745887206 0.38286468745823427
0.21479882818589546 0.08386686182766319 0.44710734419178916
0.21508327535539723 0.08340794347916898 0.5029473194664776
0.22051123926919086 0.08741872408891627 0.5670085947045572
0.22347449269537134 0.09807764110134323 0.6389225073219535
0.2272275898112648 0.10231927471561246 0.7227069317618499
0.3110020244335109 0.09770911773286367 0.22380121079473572
0.3099550613809938 0.1025534993849511 0.3099550613809939
0.304803247572981 0.1081964797211 0.37758726791939445
0.3016754954129809 0.10483242827535585 0.44229060493597383
0.3017203584172688 0.10471221362977681 0.5075937010271785
0.30472250982982135 0.10778351457720396 0.5724184276797282
0.3095040663680378 0.10176126039654698 0.640448186501059
0.3107540867045089 0.09804335434600013 0.7265657279436688
0.38286468745823415 0.08823407745887203 0.22046615102103023
0.37758726791939445 0.10819647972109994 0.3048032475729809
0.3752340015825958 0.11677985575958573 0.3752340015825957
0.37542869793541095 0.11710783096763612 0.443339933754854
0.37539412896572383 0.11747061820651677 0.5065655327321681
0.375263765672807 0.11650206890120895 0.5745232961933286
0.3773276435492014 0.10580971486336775 0.6448966229099697
0.38252108959754066 0.0901651709105274 0.7296747090858923
0.4471073441917892 0.08386686182766326 0.2147988281858964
0.4422906049359738 0.10483242827535591 0.3016754954129811
0.44333993375485403 0.11710783096763665 0.375428697935411
0.4408081827885922 0.08044709743086884 0.44080818278859213
0.44103290493309855 0.08270225625033492 0.5090222795713156
0.4434472621038458 0.11676673619389903 0.5748587685380306
0.4423788783283084 0.10204701354663386 0.6479880918592879
0.44687077658296315 0.08378626939731951 0.7355189858567653
0.5029473194664776 0.08340794347916893 0.21508327535539645
0.5075937010271785 0.10471221362977678 0.3017203584172685
0.506565532732168 0.11747061820651729 0.37539412896572344
0.5090222795713157 0.08270225625033503 0.44103290493309844
0.5089015836767522 0.08389748897598255 0.5089015836767521
0.506544088537567 0.11698522454122277 0.5748108328467517
0.5072836202513031 0.10194918463030074 0.6479329044063588
0.5031510711258418 0.08339681239174367 0.7352832235709166
0.5670085947045572 0.08741872408891652 0.22051123926919108
0.5724184276797282 0.10778351457720377 0.3047225098298214
0.5745232961933285 0.11650206890120908 0.3752637656728072
0.5748587685380306 0.11676673619389862 0.44344726210384583
0.5748108328467518 0.11698522454122261 0.506544088537567
0.5746507373625052 0.11637228998821042 0.5746507373625053
0.5732263968284667 0.10508391811446471 0.644819745979035
0.5672752979078065 0.08927889806432118 0.7296479227432826
0.6389225073219535 0.09807764110134295 0.22347449269537137
0.6404481865010592 0.10176126039654738 0.30950406636803773
0.6448966229099696 0.10580971486336782 0.37732764354920134
0.6479880918592879 0.10204701354663386 0.4423788783283086
0.647932904406359 0.10194918463030077 0.5072836202513031
0.6448197459790349 0.10508391811446578 0.5732263968284667
0.6410947170066931 0.10036322352983423 0.641094717006693
0.6391910130795745 0.09865411145725135 0.7269089378360043
0.7227069317618497 0.1023192747156124 0.22722758981126492
0.7265657279436692 0.09804335434599991 0.31075408670450877
0.7296747090858912 0.09016517091052857 0.38252108959754083
0.7355189858567656 0.08378626939731923 0.4468707765829631
0.7352832235709159 0.08339681239174247 0.5031510711258419
0.7296479227432823 0.08927889806432088 0.5672752979078066
0.7269089378360046 0.09865411145725127 0.6391910130795745
0.7227633874986107 0.10335635322827233 0.7227633874986107
0.2259662626054748 0.10270196384603793 0.22596626260547487
0.2212057663782294 0.09247126393556372 0.31071532464376206
0.21727342460330604 0.08266837011855317 0.3826660175379392
0.2098488609336595 0.07833131399935785 0.44705517504574194
0.21003519154680103 0.07788295982476685 0.5030011735163383
0.2173376018956512 0.08185323061235172 0.5672047911729717
0.22091457878416035 0.09325496305070893 0.6392209343668761
0.22603211118342484 0.10424780716072837 0.7239271567398387
0.31071532464376195 0.09247126393556412 0.2212057663782294
0.30468565712139906 0.14159013346735103 0.3046856571213991
0.30233550869991777 0.12107816290141137 0.3780619644950924
0.3000626162226432 0.11692893135943767 0.4424215178446494
0.3001209461340171 0.11645656599211239 0.5074974566491195
0.30221257929143763 0.1210425826773489 0.5719729694758756
0.30406137945850614 0.14141796305125098 0.6455790463491459
0.31041601926131857 0.09282836490593649 0.7292315380994634
0.3826660175379391 0.08266837011855313 0.21727342460330573
0.37806196449509244 0.12107816290141173 0.3023355086999176
0.37679644498568926 0.1322618225515295 0.3767964449856892
0.3750425986099753 0.10897857140616625 0.4430017005591344
0.37489736262340345 0.10946803445860673 0.506960096663467
0.3768808001101853 0.13240333101348473 0.5731253673836094
0.3778191743546229 0.12099458599139919 0.6478770659807566
0.38229784538537775 0.08491702449972027 0.7329082539462612
0.4470551750457421 0.07833131399935835 0.20984886093366223
0.4424215178446494 0.11692893135943738 0.3000626162226435
0.44300170055913446 0.10897857140616657 0.37504259860997535
0.4409761021235279 0.07938835104343288 0.44097610212352784
0.44123085002762835 0.08124439573222877 0.5088160922223537
0.44311401307432174 0.10878207760465435 0.5750582612388531
0.44254157540906297 0.11801110778100991 0.6502295841536977
0.4468192005147594 0.07882823959454185 0.7402220111407122
0.5030011735163384 0.07788295982476709 0.21003519154679987
0.5074974566491195 0.11645656599211195 0.30012094613401685
0.5069600966634669 0.10946803445860723 0.37489736262340334
0.5088160922223537 0.0812443957322287 0.44123085002762813
0.5086848115546364 0.08151546400743524 0.5086848115546364
0.5068807933410829 0.1090679709397916 0.5750106647646089
0.5072703720198565 0.11849857395733988 0.6501799731194344
0.5032062716183319 0.07841820424880407 0.7400380511976694
0.5672047911729717 0.08185323061235181 0.21733760189565132
0.5719729694758757 0.12104258267734985 0.30221257929143763
0.5731253673836094 0.1324033310134844 0.37688080011018543
0.5750582612388531 0.10878207760465398 0.4431140130743218
0.575010664764609 0.1090679709397919 0.506880793341083
0.5731645805668177 0.1333457615459839 0.573164580566818
0.572716384591794 0.12157612504906214 0.6481561321908061
0.5675093645426688 0.084096120268244 0.7327472451797175
0.6392209343668761 0.09325496305070864 0.22091457878416026
0.6455790463491459 0.1414179630512507 0.30406137945850553
0.6478770659807569 0.12099458599140085 0.377819174354623
0.6502295841536978 0.1180111077810095 0.442541575409063
0.6501799731194348 0.11849857395733965 0.5072703720198565
0.6481561321908059 0.1215761250490616 0.572716384591794
0.6463422017348683 0.14028597261776002 0.6463422017348682
0.639551541024666 0.09389400724457374 0.7295674169366692
0.7239271567398385 0.10424780716072832 0.22603211118342487
0.7292315380994636 0.09282836490593625 0.31041601926131845
0.7329082539462599 0.0849170244997212 0.382297845385378
0.7402220111407122 0.078828239594542 0.4468192005147593
0.740038051197668 0.0784182042488035 0.5032062716183319
0.7327472451797172 0.08409612026824395 0.5675093645426688
0.7295674169366697 0.09389400724457325 0.639551541024666
0.7239935737158315 0.10562012429436485 0.7239935737158314
0.2261739239740317 0.10872318930637845 0.22617392397403188
0.2189293814539821 0.09335822883479564 0.3105816757532109
0.2155840235556911 0.08428949190830913 0.3828312611454108
0.2047345889232998 0.09903043960163031 0.4472161869742308
0.2048764057992739 0.10050569359949911 0.5028477921653289
0.21567039899412563 0.08321936965898387 0.5670743418334329
0.2185578129329834 0.09469929761613402 0.6392909459569657
0.22611494194552406 0.1100567047288938 0.7239076824319828
0.3105816757532108 0.09335822883479593 0.2189293814539821
0.30413139963225744 0.1427199420841669 0.30413139963225744
0.3017812976625867 0.12349921356732552 0.3783770189923868
0.3001023543060059 0.11603545515865382 0.442651767636706
0.30015315784115637 0.11579774890192895 0.5072775567036036
0.3016307594271391 0.12329631922030429 0.5716990242835753
0.3035326208163597 0.1423751874326709 0.6460514887861244
0.3100714551759308 0.09325374941105917 0.7320421525078824
0.3828312611454107 0.08428949190830932 0.21558402355569095
0.37837701899238674 0.12349921356732552 0.3017812976625867
0.3769067755837819 0.1267723537405047 0.37690677558378183
0.37624363781735154 0.11462640146749616 0.4437667427177517
0.3760483218858485 0.11435342197371993 0.5062438784091181
0.3769558072962313 0.1268278509629325 0.572981290199988
0.37800568550116537 0.12434612719529942 0.6486145508409812
0.3823622616427073 0.08667167202376148 0.7350600045319787
0.4472161869742308 0.09903043960163034 0.20473458892330032
0.4426517676367059 0.11603545515865364 0.3001023543060061
0.4437667427177517 0.1146264014674962 0.37624363781735154
0.44115028956978086 0.08059651430733583 0.4411502895697808
0.44135137495714144 0.08247528632515652 0.5086625578639653
0.4437439195552133 0.11280814876777748 0.5742263548040988
0.4426145268236579 0.11785097365990348 0.650513138317967
0.4469947164008453 0.09962423182018738 0.7469606782565137
0.5028477921653289 0.10050569359949876 0.20487640579927352
0.5072775567036036 0.1157977489019291 0.300153157841156
0.5062438784091181 0.11435342197371978 0.37604832188584836
0.5086625578639654 0.0824752863251555 0.4413513749571412
0.5085574569650277 0.08429102748392685 0.5085574569650276
0.5062981848578186 0.11232176884997902 0.5742531698391052
0.5072218892021195 0.11847212420597589 0.6504807561009349
0.5030627639129385 0.10058722535844607 0.7471248005432746
0.5670743418334329 0.08321936965898429 0.21567039899412577
0.5716990242835753 0.12329631922030458 0.3016307594271392
0.572981290199988 0.12682785096293234 0.3769558072962314
0.5742263548040988 0.1128081487677776 0.4437439195552134
0.5742531698391052 0.11232176884997952 0.5062981848578186
0.5730633928640461 0.12777898626981044 0.5730633928640462
0.5725084749749115 0.12484662109456686 0.649164060411577
0.5674981390922127 0.08558698156777701 0.7349319889857912
0.6392909459569657 0.09469929761613367 0.2185578129329833
0.6460514887861244 0.14237518743267083 0.30353262081635946
0.6486145508409813 0.12434612719530054 0.3780056855011653
0.6505131383179671 0.11785097365990338 0.442614526823658
0.6504807561009354 0.11847212420597658 0.5072218892021194
0.6491640604115768 0.12484662109456617 0.5725084749749114
0.6469420319606729 0.1415863883012133 0.6469420319606728
0.6398559462013084 0.09525543328353014 0.7324441683935097
0.7239076824319828 0.1100567047288941 0.22611494194552412
0.7320421525078822 0.09325374941105928 0.31007145517593077
0.7350600045319774 0.08667167202376364 0.38236226164270753
0.7469606782565161 0.099624231820185 0.4469947164008451
0.747124800543273 0.1005872253584488 0.5030627639129385
0.7349319889857907 0.08558698156777678 0.5674981390922127
0.7324441683935099 0.09525543328352962 0.6398559462013084
0.7244613231110428 0.11045686951758524 0.7244613231110427
0.22837088328721108 0.1104257803163544 0.2283708832872113
0.22320107818804508 0.1264168551199482 0.3144663466364066
0.22074250760128325 0.11539877356224112 0.38570528755442146
0.2084846770856321 0.0925908008861776 0.4472058824434776
0.20868216691293773 0.09421088312168514 0.5028364461334848
0.22064758190867592 0.11540462763555007 0.5644028101677818
0.22263335422988023 0.12488339080833509 0.6355917423499929
0.22811503914667133 0.11133587341316238 0.7218671689683767
0.3144663466364062 0.12641685511994805 0.22320107818804505
0.3041880004230064 0.1379745804157209 0.3041880004230065
0.3039984058507601 0.15415527658375291 0.38102147624203636
0.30386520584886473 0.14296343028930902 0.4447343440660682
0.3039326493011517 0.14320470850396325 0.5053264137069946
0.30365723799629224 0.15274479883800543 0.5693444562312829
0.3036314253090212 0.137650592356935 0.6459255983194897
0.31383609767911314 0.12987467857856894 0.7278960799030783
0.38570528755442135 0.11539877356224101 0.22074250760128317
0.3810214762420364 0.15415527658375286 0.30399840585076
0.377691452563203 0.12682214008763038 0.37769145256320297
0.37714680588676347 0.1146798062375779 0.44411668791897957
0.3770161745027385 0.1146094053751047 0.5058882484486266
0.3776800153034211 0.12656073682936442 0.5723296860304038
0.3804529189673083 0.15076666420838192 0.6474561033674713
0.38488623143642847 0.11472300635860867 0.731939512590327
0.44720588244347764 0.09259080088617744 0.20848467708563234
0.44473434406606827 0.14296343028930955 0.30386520584886484
0.4441166879189795 0.11467980623757773 0.3771468058867634
0.44611096888224616 0.13844919293267072 0.44611096888224616
0.44610468087545485 0.13845969269807462 0.5042516284229884
0.4440971758205174 0.1137661065131405 0.5735198650938031
0.44418537694781357 0.13916352726070394 0.6488953298184696
0.44685502008324807 0.09228816739395304 0.7437755666482155
0.5028364461334848 0.0942108831216853 0.2086821669129374
0.5053264137069946 0.14320470850396322 0.3039326493011514
0.5058882484486266 0.11460940537510486 0.37701617450273844
0.5042516284229884 0.13845969269807484 0.44610468087545485
0.5044272727426033 0.13892862411974097 0.5044272727426033
0.5059564154056495 0.11373425105158352 0.5735426925412981
0.5059793727340882 0.13852526230614448 0.648996090278625
0.5031399601083059 0.09414981559044369 0.7438129868773949
0.5644028101677817 0.11540462763554979 0.22064758190867598
0.5693444562312829 0.152744798838005 0.3036572379962925
0.5723296860304038 0.1265607368293637 0.37768001530342116
0.5735198650938031 0.11376610651314123 0.44409717582051755
0.5735426925412981 0.1137342510515834 0.5059564154056495
0.5726463417490669 0.12722114644920654 0.572646341749067
0.5703727733200085 0.1482345689442859 0.6490653918117862
0.5653280498583874 0.11433998641911083 0.7326002497519157
0.6355917423499929 0.12488339080833526 0.22263335422988006
0.6459255983194897 0.13765059235693497 0.303631425309021
0.647456103367472 0.15076666420838103 0.3804529189673081
0.6488953298184698 0.13916352726070372 0.44418537694781374
0.6489960902786254 0.1385252623061457 0.5059793727340881
0.6490653918117858 0.14823456894428602 0.5703727733200084
0.6468001183110446 0.13678859450422431 0.6468001183110444
0.6365361113548179 0.12783956859902343 0.7289079464123953
0.7218671689683765 0.11133587341316241 0.22811503914667136
0.7278960799030779 0.1298746785785694 0.31383609767911325
0.7319395125903327 0.11472300635860405 0.3848862314364277
0.7437755666482164 0.09228816739395222 0.4468550200832479
0.7438129868773936 0.09414981559044742 0.5031399601083059
0.7326002497519142 0.11433998641911129 0.5653280498583875
0.7289079464123954 0.12783956859902368 0.636536111354818
0.7228563977624098 0.11236079060577048 0.7228563977624098
0.23374907152756907 0.10949971689992802 0.23374907152757024
0.22877757606573584 0.12298493038341504 0.31639546418443654
0.22656542805027077 0.11201882423150926 0.3864316034019486
0.2333614148106425 0.12391817207821895 0.4464061710147145
0.23318473544403578 0.12403251295064283 0.5036030635055113
0.22653120048082598 0.11209084946143051 0.5637227055669985
0.22760563909547918 0.11867026896471307 0.6342974823204969
0.23333673638046126 0.10930986558094498 0.7164837255501996
0.31639546418443615 0.12298493038341472 0.2287775760657358
0.3048437216053556 0.13750975818372588 0.3048437216053556
0.3053319547764826 0.14854606140036147 0.38160077253250335
0.3068257688143235 0.14190981988429313 0.44536350583462603
0.30683459871401453 0.14204041871956502 0.5047554704837216
0.30491096285998737 0.14685960129540343 0.5688283795108197
0.30412727019310937 0.13596608913961228 0.645379769554881
0.31618697667746454 0.12821863420930135 0.7216027739062902
0.3864316034019485 0.11201882423150925 0.22656542805027063
0.38160077253250335 0.14854606140036156 0.3053319547764826
0.38334104733394486 0.15241117744349822 0.383341047333945
0.38377864384763544 0.14248486775708288 0.4468814757794495
0.38390714516453944 0.1431668648540319 0.5033318046764103
0.3826816109614017 0.14900290193165985 0.5680609617774368
0.3804470310627413 0.14108907655354205 0.6472681467474356
0.3857522437488887 0.11197119229627382 0.7260165396949351
0.4464061710147145 0.12391817207821892 0.23336141481064232
0.44536350583462603 0.14190981988429305 0.3068257688143235
0.4468814757794494 0.14248486775708344 0.38377864384763555
0.44613695561842714 0.12463369083966072 0.4461369556184271
0.44597329536296315 0.12414529033357277 0.5043139945513214
0.44665109179200885 0.14089247160139334 0.5692813753124033
0.4441373465325286 0.1288212190674992 0.6488713364341
0.4464313374302111 0.12338833029165697 0.718384522040334
0.5036030635055115 0.12403251295064305 0.23318473544403584
0.5047554704837216 0.14204041871956527 0.3068345987140145
0.5033318046764104 0.14316686485403182 0.38390714516453944
0.5043139945513214 0.12414529033357286 0.4459732953629631
0.5047074742055861 0.12436483747631233 0.504707474205586
0.5037082359963341 0.14085476563647237 0.5694213524098467
0.5061059192961687 0.12666472161525033 0.6492484732625703
0.5035912914508217 0.1239947313242235 0.7184496650653507
0.5637227055669985 0.11209084946143048 0.22653120048082606
0.5688283795108197 0.14685960129540343 0.3049109628599876
0.5680609617774369 0.14900290193166008 0.3826816109614019
0.5692813753124035 0.14089247160139284 0.4466510917920089
0.5694213524098467 0.14085476563647228 0.5037082359963341
0.5698865711166361 0.14485054279638243 0.5698865711166361
0.5706363344920559 0.1375003510664191 0.6493673651580164
0.5644924627333731 0.1115176189262972 0.7267342254589805
0.6342974823204968 0.11867026896471329 0.22760563909547893
0.645379769554881 0.13596608913961217 0.30412727019310914
0.6472681467474362 0.14108907655354128 0.3804470310627412
0.6488713364341003 0.12882121906749816 0.4441373465325287
0.6492484732625711 0.12666472161525094 0.5061059192961685
0.6493673651580163 0.13750035106641934 0.5706363344920556
0.6465985061290425 0.13432128844000182 0.6465985061290422
0.6355118895028838 0.12153058678456845 0.72430782955567
0.7164837255501993 0.10930986558094499 0.2333367363804614
0.7216027739062902 0.12821863420930188 0.3161869766774647
0.7260165396949365 0.11197119229627293 0.38575224374888867
0.7183845220403321 0.12338833029165816 0.4464313374302108
0.7184496650653578 0.12399473132421922 0.5035912914508214
0.72673422545898 0.11151761892629738 0.5644924627333733
0.7243078295556701 0.12153058678456852 0.635511889502884
0.7177040518133532 0.10852684088252754 0.7177040518133532
